    -1    0.0000000000E+00
     0    0.1728211659E+00
     1    0.1047864275E+01
     2    0.1127326383E+01
     3    0.8227848772E+00
     4    0.1294657283E+01
     5    0.6800936841E+00
     6    0.6986531454E+00
     7    0.9940261507E+00
     8    0.1136528957E+01
     9    0.1153828527E+01
    10    0.9335169419E+00
    11    0.1314380483E+01
    12    0.6538422821E+00
    13    0.4655084040E+00
    14    0.8790194373E+00
    15    0.1528126138E+01
    16    0.7487507438E+00
    17    0.9058090802E+00
    18    0.9148151898E+00
    19    0.8897342370E+00
    20    0.7592667735E+00
    21    0.1274502960E+01
    22    0.1143241282E+01
    23    0.8882720695E+00
    24    0.7549274944E+00
    25    0.1019895111E+01
    26    0.1002401310E+01
    27    0.6646120177E+00
    28    0.7652165899E+00
    29    0.1754407137E+01
    30    0.6841866222E+00
    31    0.7225505934E+00
    32    0.1057570600E+01
    33    0.1121518165E+01
    34    0.7653283955E+00
    35    0.8226572172E+00
    36    0.9888016255E+00
    37    0.8648566171E+00
    38    0.1224522033E+01
    39    0.7728750921E+00
    40    0.1150800999E+01
    41    0.4132804546E+00
    42    0.9015975171E+00
    43    0.1109757432E+01
    44    0.1169202530E+01
    45    0.7773226901E+00
    46    0.5829170802E+00
    47    0.1271183886E+01
    48    0.7568602360E+00
    49    0.6057264718E+00
    50    0.1224639868E+01
    51    0.7271191847E+00
    52    0.7076656343E+00
    53    0.1031902170E+01
    54    0.9872965202E+00
    55    0.6275622790E+00
    56    0.8584347651E+00
    57    0.1019759389E+01
    58    0.9804131972E+00
    59    0.7408408408E+00
    60    0.7047978411E+00
    61    0.1249670480E+01
    62    0.9328084631E+00
    63    0.6149405031E+00
    64    0.9161759647E+00
    65    0.9840909012E+00
    66    0.6758661363E+00
    67    0.1501902179E+01
    68    0.9376857504E+00
    69    0.1030140723E+01
    70    0.9183458522E+00
    71    0.7126381398E+00
    72    0.1231867308E+01
    73    0.1349370585E+01
    74    0.1028206245E+01
    75    0.1005519827E+01
    76    0.1289083849E+01
    77    0.1039160739E+01
    78    0.1027741533E+01
    79    0.8657936595E+00
    80    0.1456204298E+01
    81    0.5741182089E+00
    82    0.8479720167E+00
    83    0.1200026750E+01
    84    0.6538203376E+00
    85    0.7884113473E+00
    86    0.9143592725E+00
    87    0.8437825721E+00
    88    0.4552166772E+00
    89    0.8360271776E+00
    90    0.8217514859E+00
    91    0.7158060216E+00
    92    0.4390628224E+00
    93    0.8708965998E+00
    94    0.6160568709E+00
    95    0.5165056195E+00
    96    0.5716853596E+00
    97    0.1051962393E+01
    98    0.4406736309E+00
    99    0.5667745457E+00
   100    0.6333253798E+00
   101    0.9769852234E+00
   102    0.6263745917E+00
   103    0.3489209574E+00
   104    0.1267355336E+01
   105    0.7974542184E+00
   106    0.4892240001E+00
   107    0.1049238490E+01
   108    0.1022389129E+01
   109    0.6007977409E+00
   110    0.1080691874E+01
   111    0.1035324497E+01
   112    0.9374506400E+00
   113    0.1115320203E+01
   114    0.1035719265E+01
   115    0.1036613243E+01
   116    0.1125047204E+01
   117    0.7655871071E+00
   118    0.1217789242E+01
   119    0.1181958095E+01
   120    0.5000203597E+00
   121    0.1301429867E+01
   122    0.1138312617E+01
   123    0.5760289703E+00
   124    0.9641392821E+00
   125    0.1100028219E+01
   126    0.7955702808E+00
   127    0.7115791258E+00
   128    0.8942478618E+00
   129    0.9484537218E+00
   130    0.7353224745E+00
   131    0.8025486668E+00
   132    0.7976456893E+00
   133    0.8468335663E+00
   134    0.8587399375E+00
   135    0.7666743471E+00
   136    0.7475495043E+00
   137    0.9349383731E+00
   138    0.8597747562E+00
   139    0.8231019231E+00
   140    0.7668563375E+00
   141    0.1054063072E+01
   142    0.9185203113E+00
   143    0.7926985089E+00
   144    0.9687199952E+00
   145    0.1103513677E+01
   146    0.9241851246E+00
   147    0.9445152144E+00
   148    0.1134475947E+01
   149    0.1047564409E+01
   150    0.1012553003E+01
   151    0.1008374630E+01
   152    0.1017753977E+01
   153    0.9528891192E+00
   154    0.8247753162E+00
   155    0.8123393070E+00
   156    0.8056125644E+00
   157    0.7931638499E+00
   158    0.7085835050E+00
   159    0.6059142265E+00
   160    0.7175525959E+00
   161    0.7207609967E+00
   162    0.6052319424E+00
   163    0.6038312068E+00
   164    0.5996353528E+00
   165    0.7049103707E+00
   166    0.6201372883E+00
   167    0.6132845718E+00
   168    0.5738790988E+00
   169    0.7185602669E+00
   170    0.6933539464E+00
   171    0.4046537028E+00
   172    0.6433763316E+00
   173    0.9202944264E+00
   174    0.7766294547E+00
   175    0.7676590712E+00
   176    0.6134711293E+00
   177    0.9306577319E+00
   178    0.9991135241E+00
   179    0.9805112467E+00
   180    0.1444339727E+01
   181    0.1155188187E+01
   182    0.1409625256E+01
   183    0.1499429022E+01
   184    0.1501780617E+01
   185    0.1071267420E+01
   186    0.1011779898E+01
   187    0.1177733827E+01
   188    0.1141790903E+01
   189    0.1094576329E+01
   190    0.1182926124E+01
   191    0.1009863218E+01
   192    0.9655292257E+00
   193    0.8819103581E+00
   194    0.8705395159E+00
   195    0.1077581664E+01
   196    0.1062795598E+01
   197    0.9031625421E+00
   198    0.8359216544E+00
   199    0.8062787238E+00
   200    0.9255290462E+00
   201    0.1187602507E+01
   202    0.1051592443E+01
   203    0.9289525092E+00
   204    0.9921143424E+00
   205    0.1152875768E+01
   206    0.1141000311E+01
   207    0.1084530090E+01
   208    0.1094914692E+01
   209    0.1010230774E+01
   210    0.8993907069E+00
   211    0.1012860462E+01
   212    0.1110633431E+01
   213    0.1117382886E+01
   214    0.1091387476E+01
   215    0.9611044463E+00
   216    0.8993210024E+00
   217    0.8797186075E+00
   218    0.8956283166E+00
   219    0.8597891885E+00
   220    0.9009180448E+00
   221    0.1018002857E+01
   222    0.1106666142E+01
   223    0.9041957950E+00
   224    0.7900515725E+00
   225    0.8888269018E+00
   226    0.1093347910E+01
   227    0.1049974530E+01
   228    0.8684505202E+00
   229    0.8287884294E+00
   230    0.9278126320E+00
   231    0.8273491544E+00
   232    0.6956783905E+00
   233    0.8039765407E+00
   234    0.8261296456E+00
   235    0.8879451001E+00
   236    0.9878017350E+00
   237    0.9653146667E+00
   238    0.1038175029E+01
   239    0.9670792230E+00
   240    0.8034872888E+00
   241    0.9903865906E+00
   242    0.1207220322E+01
   243    0.9526127413E+00
   244    0.8235146453E+00
   245    0.9259288981E+00
   246    0.1197744198E+01
   247    0.1090085393E+01
   248    0.9166803029E+00
   249    0.9275186362E+00
   250    0.1047930364E+01
   251    0.1065243674E+01
   252    0.1008017091E+01
   253    0.9927184681E+00
   254    0.1009832606E+01
   255    0.1008767882E+01
   256    0.1009643566E+01
   257    0.1026829394E+01
   258    0.1009864839E+01
   259    0.9776278924E+00
   260    0.9992592234E+00
   261    0.1043503621E+01
   262    0.9801084329E+00
   263    0.9655502740E+00
   264    0.1060777014E+01
   265    0.1085051993E+01
   266    0.1017662114E+01
   267    0.1013806042E+01
   268    0.1027197519E+01
   269    0.1016152270E+01
   270    0.1014133322E+01
   271    0.1018358894E+01
   272    0.1009433495E+01
   273    0.1006806623E+01
   274    0.1015105843E+01
   275    0.1015899994E+01
   276    0.1006956702E+01
   277    0.1005959013E+01
   278    0.1011461981E+01
   279    0.1010917586E+01
   280    0.1003098326E+01
   281    0.1009690766E+01
   282    0.1021852071E+01
   283    0.1009087103E+01
   284    0.1003016701E+01
   285    0.1004376251E+01
   286    0.1006578228E+01
   287    0.1007348082E+01
   288    0.1006977286E+01
   289    0.1006142511E+01
   290    0.1004756345E+01
   291    0.1004096102E+01
   292    0.1004568675E+01
   293    0.1004856697E+01
   294    0.1004051341E+01
   295    0.1003567472E+01
   296    0.1003587350E+01
   297    0.1003293495E+01
   298    0.1002650790E+01
   299    0.1002907664E+01
   300    0.1002825991E+01
   301    0.1002327286E+01
   302    0.1001958559E+01
   303    0.1001935442E+01
   304    0.1001794800E+01
   305    0.1001568442E+01
   306    0.1001459918E+01
   307    0.1001307774E+01
   308    0.1001151673E+01
   309    0.1001045336E+01
   310    0.1001031749E+01
   311    0.1000971148E+01
   312    0.1000834413E+01
   313    0.1000668697E+01
   314    0.1000626671E+01
   315    0.1000589505E+01
   316    0.1000530171E+01
   317    0.1000485997E+01
   318    0.1000400269E+01
   319    0.1000342905E+01
   320    0.1000340625E+01
   321    0.1000315704E+01
   322    0.1000268126E+01
   323    0.1000231559E+01
   324    0.1000202420E+01
   325    0.1000200845E+01
   326    0.1000177463E+01
   327    0.1000138448E+01
   328    0.1000125801E+01
   329    0.1000113237E+01
   330    0.1000091438E+01
   331    0.1000082195E+01
   332    0.1000083154E+01
   333    0.1000065226E+01
   334    0.1000054691E+01
   335    0.1000052788E+01
   336    0.1000044554E+01
   337    0.1000037905E+01
   338    0.1000032608E+01
   339    0.1000028178E+01
   340    0.1000024638E+01
   341    0.1000021670E+01
   342    0.1000019537E+01
   343    0.1000016469E+01
   344    0.1000014658E+01
   345    0.1000011819E+01
   346    0.1000009162E+01
   347    0.1000008497E+01
   348    0.1000007655E+01
   349    0.1000006035E+01
   350    0.1000005700E+01
   351    0.1000005254E+01
   352    0.1000004292E+01
   353    0.1000003344E+01
   354    0.1000002728E+01
   355    0.1000002499E+01
   356    0.1000002110E+01
   357    0.1000001839E+01
   358    0.1000001549E+01
   359    0.1000001319E+01
   360    0.1000001027E+01
   361    0.1000000849E+01
   362    0.1000000759E+01
   363    0.1000000647E+01
   364    0.1000000554E+01
   365    0.1000000436E+01
   366    0.1000000374E+01
   367    0.1000000336E+01
   368    0.1000000284E+01
   369    0.1000000224E+01
   370    0.1000000182E+01
   371    0.1000000144E+01
   372    0.1000000119E+01
   373    0.1000000105E+01
   374    0.1000000091E+01
   375    0.1000000075E+01
   376    0.1000000058E+01
   377    0.1000000045E+01
   378    0.1000000039E+01
   379    0.1000000034E+01
   380    0.1000000029E+01
   381    0.1000000023E+01
   382    0.1000000018E+01
   383    0.1000000015E+01
   384    0.1000000012E+01
   385    0.1000000010E+01
   386    0.1000000008E+01
   387    0.1000000007E+01
   388    0.1000000005E+01
   389    0.1000000004E+01
   390    0.1000000004E+01
   391    0.1000000003E+01
   392    0.1000000002E+01
   393    0.1000000002E+01
   394    0.1000000002E+01
   395    0.1000000001E+01
   396    0.1000000001E+01
   397    0.1000000001E+01
   398    0.1000000001E+01
   399    0.1000000001E+01
   400    0.1000000000E+01
   401    0.1000000000E+01
   402    0.1000000000E+01
   403    0.1000000000E+01
   404    0.1000000000E+01
   405    0.1000000000E+01
   406    0.1000000000E+01
   407    0.1000000000E+01
   408    0.1000000000E+01
   409    0.1000000000E+01
   410    0.1000000000E+01
   411    0.1000000000E+01
   412    0.1000000000E+01
   413    0.1000000000E+01
   414    0.1000000000E+01
   415    0.1000000000E+01
   416    0.1000000000E+01
   417    0.1000000000E+01
   418    0.1000000000E+01
   419    0.1000000000E+01
   420    0.1000000000E+01
   421    0.1000000000E+01
   422    0.1000000000E+01
   423    0.1000000000E+01
   424    0.1000000000E+01
   425    0.1000000000E+01
   426    0.1000000000E+01
   427    0.1000000000E+01
   428    0.1000000000E+01
   429    0.1000000000E+01
   430    0.1000000000E+01
   431    0.1000000000E+01
   432    0.1000000000E+01
   433    0.1000000000E+01
   434    0.1000000000E+01
   435    0.1000000000E+01
   436    0.1000000000E+01
   437    0.1000000000E+01
   438    0.1000000000E+01
   439    0.1000000000E+01
   440    0.1000000000E+01
   441    0.1000000000E+01
   442    0.1000000000E+01
   443    0.1000000000E+01
   444    0.1000000000E+01
   445    0.1000000000E+01
   446    0.1000000000E+01
   447    0.1000000000E+01
   448    0.1000000000E+01
   449    0.1000000000E+01
   450    0.1000000000E+01
   451    0.1000000000E+01
   452    0.1000000000E+01
   453    0.1000000000E+01
   454    0.1000000000E+01
   455    0.1000000000E+01
   456    0.1000000000E+01
   457    0.1000000000E+01
   458    0.1000000000E+01
   459    0.1000000000E+01
   460    0.1000000000E+01
   461    0.1000000000E+01
   462    0.1000000000E+01
   463    0.1000000000E+01
   464    0.1000000000E+01
   465    0.1000000000E+01
   466    0.1000000000E+01
   467    0.1000000000E+01
   468    0.1000000000E+01
   469    0.1000000000E+01
   470    0.1000000000E+01
   471    0.1000000000E+01
   472    0.1000000000E+01
   473    0.1000000000E+01
   474    0.1000000000E+01
   475    0.1000000000E+01
   476    0.1000000000E+01
   477    0.1000000000E+01
   478    0.1000000000E+01
   479    0.1000000000E+01
   480    0.1000000000E+01
   481    0.1000000000E+01
   482    0.1000000000E+01
   483    0.1000000000E+01
   484    0.1000000000E+01
   485    0.1000000000E+01
   486    0.1000000000E+01
   487    0.1000000000E+01
   488    0.1000000000E+01
   489    0.1000000000E+01
   490    0.1000000000E+01
   491    0.1000000000E+01
   492    0.1000000000E+01
   493    0.1000000000E+01
   494    0.1000000000E+01
   495    0.1000000000E+01
   496    0.1000000000E+01
   497    0.1000000000E+01
   498    0.1000000000E+01
   499    0.1000000000E+01
   500    0.8359375000E+00
   501    0.1640625000E+00
   502    0.0000000000E+00
