    -1    0.0000000000E+00
     0    0.1051982015E+00
     1    0.6541223433E+00
     2    0.7002936183E+00
     3    0.1308300106E+01
     4    0.9391945464E+00
     5    0.1174739269E+01
     6    0.1063817545E+01
     7    0.5751148875E+00
     8    0.1051696040E+01
     9    0.5907367502E+00
    10    0.1020913548E+01
    11    0.1059363904E+01
    12    0.8342123255E+00
    13    0.7347886612E+00
    14    0.7517626333E+00
    15    0.6459688319E+00
    16    0.9866181088E+00
    17    0.6911978602E+00
    18    0.1322806839E+01
    19    0.8224795565E+00
    20    0.7782180658E+00
    21    0.7044608112E+00
    22    0.1512092346E+01
    23    0.7375892990E+00
    24    0.1349488268E+01
    25    0.1125833455E+01
    26    0.9238930756E+00
    27    0.7830073820E+00
    28    0.1221963042E+01
    29    0.6108569131E+00
    30    0.5403503687E+00
    31    0.7660601195E+00
    32    0.1677786530E+01
    33    0.1507191278E+01
    34    0.1146018025E+01
    35    0.1070235861E+01
    36    0.1118463390E+01
    37    0.9150363462E+00
    38    0.9838001108E+00
    39    0.1054373370E+01
    40    0.7639634382E+00
    41    0.1362020357E+01
    42    0.1297048427E+01
    43    0.9476368908E+00
    44    0.1243380249E+01
    45    0.1063383459E+01
    46    0.9701755950E+00
    47    0.9109437783E+00
    48    0.7131008212E+00
    49    0.9955404275E+00
    50    0.8928727117E+00
    51    0.9420015018E+00
    52    0.9697010371E+00
    53    0.5808593736E+00
    54    0.6094523102E+00
    55    0.1015411242E+01
    56    0.7083637576E+00
    57    0.7618013705E+00
    58    0.5693562684E+00
    59    0.6470335133E+00
    60    0.6892386264E+00
    61    0.1012592776E+01
    62    0.5980500678E+00
    63    0.7629749939E+00
    64    0.1040863594E+01
    65    0.6127703123E+00
    66    0.6425374303E+00
    67    0.1126619633E+01
    68    0.5013212284E+00
    69    0.7560726708E+00
    70    0.6050925377E+00
    71    0.9336357740E+00
    72    0.9963884949E+00
    73    0.7104255805E+00
    74    0.7374813394E+00
    75    0.1156282061E+01
    76    0.1072306520E+01
    77    0.1031231350E+01
    78    0.1038711819E+01
    79    0.1206175596E+01
    80    0.1084465340E+01
    81    0.1138742417E+01
    82    0.1013382575E+01
    83    0.1148118144E+01
    84    0.9380183950E+00
    85    0.1312346847E+01
    86    0.6512896351E+00
    87    0.9872045663E+00
    88    0.9959049001E+00
    89    0.1029087818E+01
    90    0.9792297529E+00
    91    0.6744279185E+00
    92    0.6494126468E+00
    93    0.1240348213E+01
    94    0.7443742672E+00
    95    0.7524517828E+00
    96    0.6567879446E+00
    97    0.1167037494E+01
    98    0.6229085156E+00
    99    0.6871519683E+00
   100    0.8716732514E+00
   101    0.9691207424E+00
   102    0.5390305038E+00
   103    0.9308155610E+00
   104    0.9078189580E+00
   105    0.6336353207E+00
   106    0.1034192959E+01
   107    0.9082927719E+00
   108    0.7830221405E+00
   109    0.9314000472E+00
   110    0.1039207628E+01
   111    0.8368466935E+00
   112    0.9775643066E+00
   113    0.1094595624E+01
   114    0.8003184659E+00
   115    0.9782661664E+00
   116    0.1075123117E+01
   117    0.8456642876E+00
   118    0.8161782720E+00
   119    0.1072906697E+01
   120    0.8172704956E+00
   121    0.1030170567E+01
   122    0.7566598217E+00
   123    0.9766091032E+00
   124    0.1020229518E+01
   125    0.6710140452E+00
   126    0.8574286393E+00
   127    0.9484329734E+00
   128    0.8481788546E+00
   129    0.6182574349E+00
   130    0.8574207976E+00
   131    0.9886981525E+00
   132    0.7647420493E+00
   133    0.6037406585E+00
   134    0.7697004730E+00
   135    0.9795277591E+00
   136    0.7559302863E+00
   137    0.6549254359E+00
   138    0.8757666794E+00
   139    0.1218266769E+01
   140    0.7126169987E+00
   141    0.6660224588E+00
   142    0.1322659054E+01
   143    0.9358727694E+00
   144    0.6847252470E+00
   145    0.1116780999E+01
   146    0.1036283400E+01
   147    0.1033133450E+01
   148    0.9552810079E+00
   149    0.1217308649E+01
   150    0.1062682512E+01
   151    0.1038881642E+01
   152    0.1127619972E+01
   153    0.9479687718E+00
   154    0.9786191517E+00
   155    0.9039995801E+00
   156    0.8276854495E+00
   157    0.7993292985E+00
   158    0.7950234524E+00
   159    0.7874954507E+00
   160    0.7064857231E+00
   161    0.6856934810E+00
   162    0.6985407962E+00
   163    0.6679914890E+00
   164    0.6658752146E+00
   165    0.6824197622E+00
   166    0.6299069003E+00
   167    0.6256492715E+00
   168    0.5673258066E+00
   169    0.7615397583E+00
   170    0.5577462071E+00
   171    0.7767773781E+00
   172    0.5240052917E+00
   173    0.8981807242E+00
   174    0.6734326268E+00
   175    0.7737420751E+00
   176    0.7761265374E+00
   177    0.1162500307E+01
   178    0.8091433923E+00
   179    0.1448815129E+01
   180    0.1062965378E+01
   181    0.1244435496E+01
   182    0.1308917172E+01
   183    0.1333767398E+01
   184    0.1127954662E+01
   185    0.7980359716E+00
   186    0.1095921414E+01
   187    0.1156217453E+01
   188    0.8917926861E+00
   189    0.1180840327E+01
   190    0.1055583201E+01
   191    0.9705281949E+00
   192    0.9055439473E+00
   193    0.9632483556E+00
   194    0.1057110336E+01
   195    0.1074137658E+01
   196    0.1142064335E+01
   197    0.8292774583E+00
   198    0.9165299272E+00
   199    0.1012189936E+01
   200    0.1036762171E+01
   201    0.1445691823E+01
   202    0.9992587970E+00
   203    0.1036264769E+01
   204    0.1321141468E+01
   205    0.1288805769E+01
   206    0.1335719632E+01
   207    0.9083310181E+00
   208    0.1087204017E+01
   209    0.1002390939E+01
   210    0.7876663662E+00
   211    0.1056231487E+01
   212    0.1171797655E+01
   213    0.9292921834E+00
   214    0.9923564968E+00
   215    0.8368478513E+00
   216    0.7946518915E+00
   217    0.8543344433E+00
   218    0.8407281327E+00
   219    0.7808767360E+00
   220    0.7866293882E+00
   221    0.9609701563E+00
   222    0.9867768179E+00
   223    0.8065747140E+00
   224    0.7629202082E+00
   225    0.8844689960E+00
   226    0.1050530937E+01
   227    0.9705914159E+00
   228    0.8877189442E+00
   229    0.8760374441E+00
   230    0.8850001516E+00
   231    0.7995957551E+00
   232    0.7639693538E+00
   233    0.8246018171E+00
   234    0.9351409209E+00
   235    0.1009287302E+01
   236    0.1135293113E+01
   237    0.1103286046E+01
   238    0.1010693361E+01
   239    0.8391565611E+00
   240    0.8795106528E+00
   241    0.1234684422E+01
   242    0.1025831914E+01
   243    0.8354110290E+00
   244    0.8507333535E+00
   245    0.1134715619E+01
   246    0.1167758193E+01
   247    0.9515880184E+00
   248    0.8923532881E+00
   249    0.1001156457E+01
   250    0.1090501873E+01
   251    0.1034122187E+01
   252    0.9863308906E+00
   253    0.1000128293E+01
   254    0.1012338912E+01
   255    0.1003127469E+01
   256    0.1018534261E+01
   257    0.1026703072E+01
   258    0.9839345688E+00
   259    0.9713849678E+00
   260    0.1020627979E+01
   261    0.1020253772E+01
   262    0.9574437963E+00
   263    0.1000442486E+01
   264    0.1091759316E+01
   265    0.1061747118E+01
   266    0.1012812651E+01
   267    0.1024871152E+01
   268    0.1022983854E+01
   269    0.1012731486E+01
   270    0.1017418579E+01
   271    0.1014775250E+01
   272    0.1005531206E+01
   273    0.1010287858E+01
   274    0.1018084976E+01
   275    0.1011278286E+01
   276    0.1004467050E+01
   277    0.1008371729E+01
   278    0.1013229724E+01
   279    0.1006216698E+01
   280    0.1003097632E+01
   281    0.1019576544E+01
   282    0.1016534010E+01
   283    0.1004076031E+01
   284    0.1003232618E+01
   285    0.1005622315E+01
   286    0.1007193898E+01
   287    0.1007284256E+01
   288    0.1006604379E+01
   289    0.1005371556E+01
   290    0.1004115236E+01
   291    0.1004348968E+01
   292    0.1004798356E+01
   293    0.1004484817E+01
   294    0.1003704630E+01
   295    0.1003534554E+01
   296    0.1003523171E+01
   297    0.1002838071E+01
   298    0.1002774298E+01
   299    0.1002900367E+01
   300    0.1002613282E+01
   301    0.1002049024E+01
   302    0.1001921367E+01
   303    0.1001886303E+01
   304    0.1001667264E+01
   305    0.1001486211E+01
   306    0.1001383644E+01
   307    0.1001221967E+01
   308    0.1001069889E+01
   309    0.1001033866E+01
   310    0.1001015782E+01
   311    0.1000897367E+01
   312    0.1000740108E+01
   313    0.1000623031E+01
   314    0.1000618248E+01
   315    0.1000549997E+01
   316    0.1000508291E+01
   317    0.1000442139E+01
   318    0.1000358790E+01
   319    0.1000335850E+01
   320    0.1000335184E+01
   321    0.1000288563E+01
   322    0.1000245588E+01
   323    0.1000212828E+01
   324    0.1000200399E+01
   325    0.1000193167E+01
   326    0.1000153313E+01
   327    0.1000128923E+01
   328    0.1000120728E+01
   329    0.1000100416E+01
   330    0.1000083293E+01
   331    0.1000084669E+01
   332    0.1000074307E+01
   333    0.1000056640E+01
   334    0.1000054734E+01
   335    0.1000048045E+01
   336    0.1000040590E+01
   337    0.1000035083E+01
   338    0.1000029712E+01
   339    0.1000026162E+01
   340    0.1000022852E+01
   341    0.1000020640E+01
   342    0.1000017585E+01
   343    0.1000015628E+01
   344    0.1000013119E+01
   345    0.1000010112E+01
   346    0.1000008602E+01
   347    0.1000008176E+01
   348    0.1000006713E+01
   349    0.1000005649E+01
   350    0.1000005621E+01
   351    0.1000004710E+01
   352    0.1000003766E+01
   353    0.1000002909E+01
   354    0.1000002605E+01
   355    0.1000002282E+01
   356    0.1000001951E+01
   357    0.1000001674E+01
   358    0.1000001422E+01
   359    0.1000001156E+01
   360    0.1000000904E+01
   361    0.1000000798E+01
   362    0.1000000693E+01
   363    0.1000000600E+01
   364    0.1000000483E+01
   365    0.1000000395E+01
   366    0.1000000352E+01
   367    0.1000000310E+01
   368    0.1000000250E+01
   369    0.1000000198E+01
   370    0.1000000160E+01
   371    0.1000000128E+01
   372    0.1000000111E+01
   373    0.1000000097E+01
   374    0.1000000084E+01
   375    0.1000000066E+01
   376    0.1000000049E+01
   377    0.1000000041E+01
   378    0.1000000036E+01
   379    0.1000000032E+01
   380    0.1000000026E+01
   381    0.1000000020E+01
   382    0.1000000016E+01
   383    0.1000000013E+01
   384    0.1000000011E+01
   385    0.1000000009E+01
   386    0.1000000008E+01
   387    0.1000000006E+01
   388    0.1000000005E+01
   389    0.1000000004E+01
   390    0.1000000003E+01
   391    0.1000000003E+01
   392    0.1000000002E+01
   393    0.1000000002E+01
   394    0.1000000001E+01
   395    0.1000000001E+01
   396    0.1000000001E+01
   397    0.1000000001E+01
   398    0.1000000001E+01
   399    0.1000000000E+01
   400    0.1000000000E+01
   401    0.1000000000E+01
   402    0.1000000000E+01
   403    0.1000000000E+01
   404    0.1000000000E+01
   405    0.1000000000E+01
   406    0.1000000000E+01
   407    0.1000000000E+01
   408    0.1000000000E+01
   409    0.1000000000E+01
   410    0.1000000000E+01
   411    0.1000000000E+01
   412    0.1000000000E+01
   413    0.1000000000E+01
   414    0.1000000000E+01
   415    0.1000000000E+01
   416    0.1000000000E+01
   417    0.1000000000E+01
   418    0.1000000000E+01
   419    0.1000000000E+01
   420    0.1000000000E+01
   421    0.1000000000E+01
   422    0.1000000000E+01
   423    0.1000000000E+01
   424    0.1000000000E+01
   425    0.1000000000E+01
   426    0.1000000000E+01
   427    0.1000000000E+01
   428    0.1000000000E+01
   429    0.1000000000E+01
   430    0.1000000000E+01
   431    0.1000000000E+01
   432    0.1000000000E+01
   433    0.1000000000E+01
   434    0.1000000000E+01
   435    0.1000000000E+01
   436    0.1000000000E+01
   437    0.1000000000E+01
   438    0.1000000000E+01
   439    0.1000000000E+01
   440    0.1000000000E+01
   441    0.1000000000E+01
   442    0.1000000000E+01
   443    0.1000000000E+01
   444    0.1000000000E+01
   445    0.1000000000E+01
   446    0.1000000000E+01
   447    0.1000000000E+01
   448    0.1000000000E+01
   449    0.1000000000E+01
   450    0.1000000000E+01
   451    0.1000000000E+01
   452    0.1000000000E+01
   453    0.1000000000E+01
   454    0.1000000000E+01
   455    0.1000000000E+01
   456    0.1000000000E+01
   457    0.1000000000E+01
   458    0.1000000000E+01
   459    0.1000000000E+01
   460    0.1000000000E+01
   461    0.1000000000E+01
   462    0.1000000000E+01
   463    0.1000000000E+01
   464    0.1000000000E+01
   465    0.1000000000E+01
   466    0.1000000000E+01
   467    0.1000000000E+01
   468    0.1000000000E+01
   469    0.1000000000E+01
   470    0.1000000000E+01
   471    0.1000000000E+01
   472    0.1000000000E+01
   473    0.1000000000E+01
   474    0.1000000000E+01
   475    0.1000000000E+01
   476    0.1000000000E+01
   477    0.1000000000E+01
   478    0.1000000000E+01
   479    0.1000000000E+01
   480    0.1000000000E+01
   481    0.1000000000E+01
   482    0.1000000000E+01
   483    0.1000000000E+01
   484    0.1000000000E+01
   485    0.1000000000E+01
   486    0.1000000000E+01
   487    0.1000000000E+01
   488    0.1000000000E+01
   489    0.1000000000E+01
   490    0.1000000000E+01
   491    0.1000000000E+01
   492    0.1000000000E+01
   493    0.1000000000E+01
   494    0.1000000000E+01
   495    0.1000000000E+01
   496    0.1000000000E+01
   497    0.1000000000E+01
   498    0.1000000000E+01
   499    0.1000000000E+01
   500    0.8359375000E+00
   501    0.1640625000E+00
   502    0.0000000000E+00
