    -1    0.0000000000E+00
     0    0.2927680748E+00
     1    0.8180109426E+00
     2    0.9788110427E+00
     3    0.5880247257E+00
     4    0.1137568291E+01
     5    0.6770251959E+00
     6    0.9202908193E+00
     7    0.9818209108E+00
     8    0.7659141773E+00
     9    0.5755678016E+00
    10    0.1558868059E+01
    11    0.7895325650E+00
    12    0.7945397778E+00
    13    0.1121193333E+01
    14    0.1244121830E+01
    15    0.8177976787E+00
    16    0.1110941547E+01
    17    0.1194099901E+01
    18    0.1292269405E+01
    19    0.1214948214E+01
    20    0.9104937176E+00
    21    0.1346281797E+01
    22    0.1291234375E+01
    23    0.1041634453E+01
    24    0.1293900244E+01
    25    0.1253732894E+01
    26    0.1084238251E+01
    27    0.1220709870E+01
    28    0.1030688665E+01
    29    0.1115324690E+01
    30    0.1054890592E+01
    31    0.1162667014E+01
    32    0.7932024655E+00
    33    0.1024767677E+01
    34    0.1020591812E+01
    35    0.9181426120E+00
    36    0.8376133896E+00
    37    0.8919134825E+00
    38    0.9691188006E+00
    39    0.7989216542E+00
    40    0.8108679304E+00
    41    0.1000070431E+01
    42    0.6199312545E+00
    43    0.9141635667E+00
    44    0.9129572818E+00
    45    0.7092322994E+00
    46    0.9085449079E+00
    47    0.7089261365E+00
    48    0.8374671404E+00
    49    0.9982574793E+00
    50    0.8980182256E+00
    51    0.5315689064E+00
    52    0.1144399958E+01
    53    0.8908898224E+00
    54    0.7673941207E+00
    55    0.9178034216E+00
    56    0.1025355120E+01
    57    0.1298077075E+01
    58    0.6626192761E+00
    59    0.1062544608E+01
    60    0.1371792527E+01
    61    0.7216892006E+00
    62    0.1277203417E+01
    63    0.1291945988E+01
    64    0.8731585563E+00
    65    0.1434266210E+01
    66    0.1141503150E+01
    67    0.1116973400E+01
    68    0.1325602160E+01
    69    0.1147560272E+01
    70    0.1147837734E+01
    71    0.1394217671E+01
    72    0.7866555699E+00
    73    0.1421810563E+01
    74    0.1066069048E+01
    75    0.7951863251E+00
    76    0.1349719283E+01
    77    0.9549434416E+00
    78    0.7280039116E+00
    79    0.1180972541E+01
    80    0.1045950539E+01
    81    0.6186962761E+00
    82    0.9775516352E+00
    83    0.1030706832E+01
    84    0.8288560623E+00
    85    0.7719691248E+00
    86    0.7261867477E+00
    87    0.1098735679E+01
    88    0.8929223575E+00
    89    0.4821324286E+00
    90    0.9586725468E+00
    91    0.1051047031E+01
    92    0.6553152252E+00
    93    0.6747737739E+00
    94    0.1108070732E+01
    95    0.8115207924E+00
    96    0.6658042118E+00
    97    0.1047076974E+01
    98    0.9967736632E+00
    99    0.6463219473E+00
   100    0.1040504132E+01
   101    0.1130706836E+01
   102    0.7729438440E+00
   103    0.9985031791E+00
   104    0.1214232487E+01
   105    0.9320840273E+00
   106    0.1015626102E+01
   107    0.1338137237E+01
   108    0.9579071434E+00
   109    0.1155929782E+01
   110    0.1383360081E+01
   111    0.9156538810E+00
   112    0.1439029730E+01
   113    0.1095562126E+01
   114    0.1137912516E+01
   115    0.1380159112E+01
   116    0.9312459244E+00
   117    0.1346368567E+01
   118    0.1054173358E+01
   119    0.9901788637E+00
   120    0.1282611444E+01
   121    0.9247126209E+00
   122    0.9322462712E+00
   123    0.1169693543E+01
   124    0.9028478267E+00
   125    0.8632778578E+00
   126    0.9835515129E+00
   127    0.9507008539E+00
   128    0.8837827902E+00
   129    0.7080933339E+00
   130    0.1024880029E+01
   131    0.9290098925E+00
   132    0.6339020186E+00
   133    0.8485059925E+00
   134    0.1031971265E+01
   135    0.7614588801E+00
   136    0.6647043740E+00
   137    0.9285656805E+00
   138    0.1017136040E+01
   139    0.6668571035E+00
   140    0.7440221565E+00
   141    0.1124583054E+01
   142    0.8136050073E+00
   143    0.7862528035E+00
   144    0.9320801507E+00
   145    0.1081565504E+01
   146    0.8807524148E+00
   147    0.8480776431E+00
   148    0.1215221565E+01
   149    0.9980131228E+00
   150    0.9018551966E+00
   151    0.1287368022E+01
   152    0.1053248404E+01
   153    0.1036363666E+01
   154    0.1348567178E+01
   155    0.1048718698E+01
   156    0.1198949179E+01
   157    0.1283069777E+01
   158    0.1066490922E+01
   159    0.1315509150E+01
   160    0.1164769259E+01
   161    0.1089880528E+01
   162    0.1227277764E+01
   163    0.1080403215E+01
   164    0.1076562886E+01
   165    0.1113057075E+01
   166    0.1018819307E+01
   167    0.9922229241E+00
   168    0.1037453805E+01
   169    0.9792416374E+00
   170    0.8956510701E+00
   171    0.9675769335E+00
   172    0.9402470246E+00
   173    0.8643940280E+00
   174    0.8809818477E+00
   175    0.9397744705E+00
   176    0.8453109647E+00
   177    0.8154517798E+00
   178    0.9378279206E+00
   179    0.8584757348E+00
   180    0.8487091396E+00
   181    0.9012354716E+00
   182    0.9116810267E+00
   183    0.8759190835E+00
   184    0.8683874771E+00
   185    0.1004988432E+01
   186    0.9361540521E+00
   187    0.9278682346E+00
   188    0.1051347016E+01
   189    0.9913517650E+00
   190    0.1005821658E+01
   191    0.1069897471E+01
   192    0.9893894220E+00
   193    0.1060612556E+01
   194    0.1104412364E+01
   195    0.9612954131E+00
   196    0.1067956039E+01
   197    0.1106135007E+01
   198    0.1024779066E+01
   199    0.1120860871E+01
   200    0.1052766322E+01
   201    0.9371240385E+00
   202    0.1019228597E+01
   203    0.1105486899E+01
   204    0.1045628494E+01
   205    0.1023578151E+01
   206    0.1047402712E+01
   207    0.1081363411E+01
   208    0.1025937991E+01
   209    0.9702901654E+00
   210    0.1027107333E+01
   211    0.1041685905E+01
   212    0.9855545078E+00
   213    0.1001235347E+01
   214    0.1047004701E+01
   215    0.1024652348E+01
   216    0.9836251561E+00
   217    0.1008908833E+01
   218    0.1025355011E+01
   219    0.9863765520E+00
   220    0.1032200920E+01
   221    0.1156413323E+01
   222    0.9143908670E+00
   223    0.8562798365E+00
   224    0.9622737819E+00
   225    0.9008375126E+00
   226    0.8353482244E+00
   227    0.8415663909E+00
   228    0.8698550153E+00
   229    0.8977665695E+00
   230    0.8655099197E+00
   231    0.9180254182E+00
   232    0.7848381564E+00
   233    0.7634232879E+00
   234    0.8689587695E+00
   235    0.1005969553E+01
   236    0.1108888766E+01
   237    0.1050347656E+01
   238    0.9381059864E+00
   239    0.9552132563E+00
   240    0.9022813089E+00
   241    0.8408510749E+00
   242    0.1065375182E+01
   243    0.1139786127E+01
   244    0.9667425850E+00
   245    0.9377278598E+00
   246    0.9960817079E+00
   247    0.9892573951E+00
   248    0.9655267579E+00
   249    0.9811326797E+00
   250    0.1008195659E+01
   251    0.9910432812E+00
   252    0.9464088370E+00
   253    0.9811755339E+00
   254    0.1064986462E+01
   255    0.1015963820E+01
   256    0.9395709823E+00
   257    0.1006522865E+01
   258    0.1085203612E+01
   259    0.1004852385E+01
   260    0.9796677542E+00
   261    0.1010822078E+01
   262    0.1024104288E+01
   263    0.1017181521E+01
   264    0.1011302810E+01
   265    0.1014119786E+01
   266    0.1015410623E+01
   267    0.1016628779E+01
   268    0.1019487989E+01
   269    0.1014874242E+01
   270    0.1012608194E+01
   271    0.1022960660E+01
   272    0.1026449120E+01
   273    0.9974496637E+00
   274    0.1008337143E+01
   275    0.1057410463E+01
   276    0.1025072758E+01
   277    0.9992819540E+00
   278    0.1012615781E+01
   279    0.1020299253E+01
   280    0.1015543979E+01
   281    0.1015022330E+01
   282    0.1016870091E+01
   283    0.1011935937E+01
   284    0.1010805966E+01
   285    0.1014591408E+01
   286    0.1013099050E+01
   287    0.1009524683E+01
   288    0.1009580838E+01
   289    0.1010856292E+01
   290    0.1009886655E+01
   291    0.1006990791E+01
   292    0.1008880541E+01
   293    0.1015549569E+01
   294    0.1010730677E+01
   295    0.1005653115E+01
   296    0.1005560648E+01
   297    0.1006351717E+01
   298    0.1007199851E+01
   299    0.1006911805E+01
   300    0.1006279736E+01
   301    0.1005418298E+01
   302    0.1004519578E+01
   303    0.1004623532E+01
   304    0.1004765279E+01
   305    0.1004339059E+01
   306    0.1003743774E+01
   307    0.1003584139E+01
   308    0.1003479659E+01
   309    0.1002886946E+01
   310    0.1002817679E+01
   311    0.1002828501E+01
   312    0.1002509086E+01
   313    0.1002056078E+01
   314    0.1001983756E+01
   315    0.1001877743E+01
   316    0.1001637922E+01
   317    0.1001505839E+01
   318    0.1001382953E+01
   319    0.1001213207E+01
   320    0.1001098151E+01
   321    0.1001042149E+01
   322    0.1000975571E+01
   323    0.1000872498E+01
   324    0.1000737872E+01
   325    0.1000641909E+01
   326    0.1000614593E+01
   327    0.1000546614E+01
   328    0.1000501266E+01
   329    0.1000435550E+01
   330    0.1000365320E+01
   331    0.1000343387E+01
   332    0.1000325641E+01
   333    0.1000280312E+01
   334    0.1000243917E+01
   335    0.1000213096E+01
   336    0.1000198236E+01
   337    0.1000183383E+01
   338    0.1000150066E+01
   339    0.1000130089E+01
   340    0.1000118090E+01
   341    0.1000099778E+01
   342    0.1000085295E+01
   343    0.1000082712E+01
   344    0.1000071370E+01
   345    0.1000057662E+01
   346    0.1000053706E+01
   347    0.1000046819E+01
   348    0.1000040139E+01
   349    0.1000034464E+01
   350    0.1000029617E+01
   351    0.1000026033E+01
   352    0.1000022540E+01
   353    0.1000020191E+01
   354    0.1000017206E+01
   355    0.1000015120E+01
   356    0.1000012745E+01
   357    0.1000010200E+01
   358    0.1000008805E+01
   359    0.1000008046E+01
   360    0.1000006629E+01
   361    0.1000005733E+01
   362    0.1000005367E+01
   363    0.1000004491E+01
   364    0.1000003649E+01
   365    0.1000002932E+01
   366    0.1000002609E+01
   367    0.1000002230E+01
   368    0.1000001910E+01
   369    0.1000001634E+01
   370    0.1000001382E+01
   371    0.1000001131E+01
   372    0.1000000914E+01
   373    0.1000000797E+01
   374    0.1000000682E+01
   375    0.1000000584E+01
   376    0.1000000475E+01
   377    0.1000000393E+01
   378    0.1000000344E+01
   379    0.1000000299E+01
   380    0.1000000241E+01
   381    0.1000000193E+01
   382    0.1000000160E+01
   383    0.1000000128E+01
   384    0.1000000110E+01
   385    0.1000000096E+01
   386    0.1000000080E+01
   387    0.1000000064E+01
   388    0.1000000050E+01
   389    0.1000000041E+01
   390    0.1000000035E+01
   391    0.1000000031E+01
   392    0.1000000025E+01
   393    0.1000000020E+01
   394    0.1000000016E+01
   395    0.1000000013E+01
   396    0.1000000011E+01
   397    0.1000000009E+01
   398    0.1000000007E+01
   399    0.1000000006E+01
   400    0.1000000005E+01
   401    0.1000000004E+01
   402    0.1000000003E+01
   403    0.1000000003E+01
   404    0.1000000002E+01
   405    0.1000000002E+01
   406    0.1000000001E+01
   407    0.1000000001E+01
   408    0.1000000001E+01
   409    0.1000000001E+01
   410    0.1000000001E+01
   411    0.1000000000E+01
   412    0.1000000000E+01
   413    0.1000000000E+01
   414    0.1000000000E+01
   415    0.1000000000E+01
   416    0.1000000000E+01
   417    0.1000000000E+01
   418    0.1000000000E+01
   419    0.1000000000E+01
   420    0.1000000000E+01
   421    0.1000000000E+01
   422    0.1000000000E+01
   423    0.1000000000E+01
   424    0.1000000000E+01
   425    0.1000000000E+01
   426    0.1000000000E+01
   427    0.1000000000E+01
   428    0.1000000000E+01
   429    0.1000000000E+01
   430    0.1000000000E+01
   431    0.1000000000E+01
   432    0.1000000000E+01
   433    0.1000000000E+01
   434    0.1000000000E+01
   435    0.1000000000E+01
   436    0.1000000000E+01
   437    0.1000000000E+01
   438    0.1000000000E+01
   439    0.1000000000E+01
   440    0.1000000000E+01
   441    0.1000000000E+01
   442    0.1000000000E+01
   443    0.1000000000E+01
   444    0.1000000000E+01
   445    0.1000000000E+01
   446    0.1000000000E+01
   447    0.1000000000E+01
   448    0.1000000000E+01
   449    0.1000000000E+01
   450    0.1000000000E+01
   451    0.1000000000E+01
   452    0.1000000000E+01
   453    0.1000000000E+01
   454    0.1000000000E+01
   455    0.1000000000E+01
   456    0.1000000000E+01
   457    0.1000000000E+01
   458    0.1000000000E+01
   459    0.1000000000E+01
   460    0.1000000000E+01
   461    0.1000000000E+01
   462    0.1000000000E+01
   463    0.1000000000E+01
   464    0.1000000000E+01
   465    0.1000000000E+01
   466    0.1000000000E+01
   467    0.1000000000E+01
   468    0.1000000000E+01
   469    0.1000000000E+01
   470    0.1000000000E+01
   471    0.1000000000E+01
   472    0.1000000000E+01
   473    0.1000000000E+01
   474    0.1000000000E+01
   475    0.1000000000E+01
   476    0.1000000000E+01
   477    0.1000000000E+01
   478    0.1000000000E+01
   479    0.1000000000E+01
   480    0.1000000000E+01
   481    0.1000000000E+01
   482    0.1000000000E+01
   483    0.1000000000E+01
   484    0.1000000000E+01
   485    0.1000000000E+01
   486    0.1000000000E+01
   487    0.1000000000E+01
   488    0.1000000000E+01
   489    0.1000000000E+01
   490    0.1000000000E+01
   491    0.1000000000E+01
   492    0.1000000000E+01
   493    0.1000000000E+01
   494    0.1000000000E+01
   495    0.1000000000E+01
   496    0.1000000000E+01
   497    0.1000000000E+01
   498    0.1000000000E+01
   499    0.1000000000E+01
   500    0.8359375000E+00
   501    0.1640625000E+00
   502    0.0000000000E+00
