    -1    0.0000000000E+00
     0    0.7052373889E-01
     1    0.4918494207E+00
     2    0.5452264491E+00
     3    0.7976126660E+00
     4    0.7248844279E+00
     5    0.1136146468E+01
     6    0.1095703982E+01
     7    0.9816235300E+00
     8    0.6452541913E+00
     9    0.1011696884E+01
    10    0.8745597495E+00
    11    0.8790422311E+00
    12    0.1151451567E+01
    13    0.9259276369E+00
    14    0.7701316132E+00
    15    0.1259892211E+01
    16    0.1691473948E+01
    17    0.1964343582E+01
    18    0.9032152709E+00
    19    0.1201382415E+01
    20    0.1069278643E+01
    21    0.1606174897E+01
    22    0.1565151312E+01
    23    0.8404754552E+00
    24    0.1307357254E+01
    25    0.1658372048E+01
    26    0.1259778766E+01
    27    0.1064510665E+01
    28    0.9483343046E+00
    29    0.7718583068E+00
    30    0.6495053397E+00
    31    0.1034789926E+01
    32    0.6986543144E+00
    33    0.9243740257E+00
    34    0.1045039732E+01
    35    0.6019887426E+00
    36    0.9154433068E+00
    37    0.7059463292E+00
    38    0.7623834866E+00
    39    0.5884376845E+00
    40    0.8105620469E+00
    41    0.6907423090E+00
    42    0.6064438843E+00
    43    0.8309513583E+00
    44    0.5117691498E+00
    45    0.1209358806E+01
    46    0.7051526861E+00
    47    0.6083007033E+00
    48    0.3776506026E+00
    49    0.4451840196E+00
    50    0.1285424079E+01
    51    0.1004103873E+01
    52    0.7711256066E+00
    53    0.5308366562E+00
    54    0.9599565280E+00
    55    0.1311517616E+01
    56    0.1002535724E+01
    57    0.7960220585E+00
    58    0.8657011488E+00
    59    0.1376507415E+01
    60    0.1756695740E+01
    61    0.1457562040E+01
    62    0.1107263565E+01
    63    0.1590945454E+01
    64    0.1274723050E+01
    65    0.1286114573E+01
    66    0.1569113829E+01
    67    0.1242205404E+01
    68    0.1316584941E+01
    69    0.1139343769E+01
    70    0.1282108411E+01
    71    0.8236855387E+00
    72    0.1109489390E+01
    73    0.9512232960E+00
    74    0.8961773804E+00
    75    0.9861027366E+00
    76    0.7534146834E+00
    77    0.1039428115E+01
    78    0.9624430131E+00
    79    0.8457852676E+00
    80    0.5468597373E+00
    81    0.6843898560E+00
    82    0.5731615324E+00
    83    0.9904153336E+00
    84    0.7424846401E+00
    85    0.6987547656E+00
    86    0.9033882495E+00
    87    0.5072475127E+00
    88    0.5671524153E+00
    89    0.9885232678E+00
    90    0.7196087702E+00
    91    0.3270496776E+00
    92    0.9730837687E+00
    93    0.7953381606E+00
    94    0.5925732150E+00
    95    0.7940415419E+00
    96    0.8410708759E+00
    97    0.8112474253E+00
    98    0.8201997589E+00
    99    0.1090658413E+01
   100    0.9768256437E+00
   101    0.9096008092E+00
   102    0.1051597653E+01
   103    0.1413335326E+01
   104    0.1082761934E+01
   105    0.9738927480E+00
   106    0.1436699305E+01
   107    0.1355599550E+01
   108    0.1453128863E+01
   109    0.1312644046E+01
   110    0.1413918126E+01
   111    0.1363869388E+01
   112    0.1634782554E+01
   113    0.1280042046E+01
   114    0.9852232071E+00
   115    0.1298403103E+01
   116    0.1402548871E+01
   117    0.9038526692E+00
   118    0.8340746830E+00
   119    0.1210714516E+01
   120    0.9479682779E+00
   121    0.7230106090E+00
   122    0.1053906546E+01
   123    0.7818466387E+00
   124    0.7545841085E+00
   125    0.8168999917E+00
   126    0.8793738105E+00
   127    0.5538747488E+00
   128    0.8209705891E+00
   129    0.7364586401E+00
   130    0.7512477816E+00
   131    0.5463329663E+00
   132    0.7112473121E+00
   133    0.8743076259E+00
   134    0.6741658053E+00
   135    0.5217385619E+00
   136    0.8177608757E+00
   137    0.9108707097E+00
   138    0.4288950822E+00
   139    0.8192524122E+00
   140    0.7321424984E+00
   141    0.8879173250E+00
   142    0.6846011285E+00
   143    0.7407768826E+00
   144    0.1149548247E+01
   145    0.9883053071E+00
   146    0.9205928695E+00
   147    0.8280022375E+00
   148    0.1155761133E+01
   149    0.1236015899E+01
   150    0.9857574878E+00
   151    0.1412059607E+01
   152    0.1223111102E+01
   153    0.1389440918E+01
   154    0.1345298846E+01
   155    0.1349477999E+01
   156    0.1465801683E+01
   157    0.1414739693E+01
   158    0.1406205144E+01
   159    0.1318792539E+01
   160    0.1372164385E+01
   161    0.1235210444E+01
   162    0.1055300966E+01
   163    0.1249798421E+01
   164    0.9381233339E+00
   165    0.8831200384E+00
   166    0.1114147452E+01
   167    0.8816958792E+00
   168    0.7338010472E+00
   169    0.8433212239E+00
   170    0.9675864253E+00
   171    0.6738401287E+00
   172    0.6839215451E+00
   173    0.8159367117E+00
   174    0.7875090941E+00
   175    0.6565828658E+00
   176    0.7392200444E+00
   177    0.6853694979E+00
   178    0.8135348723E+00
   179    0.6217412304E+00
   180    0.7936021186E+00
   181    0.7010355755E+00
   182    0.8233300483E+00
   183    0.6933226439E+00
   184    0.7986249420E+00
   185    0.8975703793E+00
   186    0.8290308024E+00
   187    0.7967903886E+00
   188    0.1008320742E+01
   189    0.9452683554E+00
   190    0.8497521569E+00
   191    0.1047160880E+01
   192    0.1125414317E+01
   193    0.9186645740E+00
   194    0.1147677101E+01
   195    0.1180409627E+01
   196    0.1116189913E+01
   197    0.1312833116E+01
   198    0.1215894752E+01
   199    0.1151691317E+01
   200    0.1116904775E+01
   201    0.1276234934E+01
   202    0.1331050454E+01
   203    0.1180063234E+01
   204    0.1233533303E+01
   205    0.1256481075E+01
   206    0.1224149422E+01
   207    0.1096729616E+01
   208    0.1069319283E+01
   209    0.1130914994E+01
   210    0.1071523176E+01
   211    0.9753391990E+00
   212    0.9979071740E+00
   213    0.1056203810E+01
   214    0.9195863584E+00
   215    0.8724680150E+00
   216    0.9260008497E+00
   217    0.8904635865E+00
   218    0.8631173200E+00
   219    0.9226599710E+00
   220    0.9458577491E+00
   221    0.8060169603E+00
   222    0.8057873007E+00
   223    0.1013507501E+01
   224    0.7759163310E+00
   225    0.7420873577E+00
   226    0.7764610700E+00
   227    0.8303772386E+00
   228    0.8832212121E+00
   229    0.8115813550E+00
   230    0.8219845328E+00
   231    0.7326151904E+00
   232    0.7377601635E+00
   233    0.9073980857E+00
   234    0.1141897533E+01
   235    0.1152497341E+01
   236    0.9605403944E+00
   237    0.9135135820E+00
   238    0.9317785319E+00
   239    0.8615931643E+00
   240    0.9537052042E+00
   241    0.1241188351E+01
   242    0.1020568601E+01
   243    0.8981896779E+00
   244    0.9672546347E+00
   245    0.1009793210E+01
   246    0.9635463584E+00
   247    0.9596902255E+00
   248    0.1002207822E+01
   249    0.1004391640E+01
   250    0.9521210879E+00
   251    0.9478888548E+00
   252    0.1041759752E+01
   253    0.1055615318E+01
   254    0.9562969131E+00
   255    0.9502617101E+00
   256    0.1079319123E+01
   257    0.1050236925E+01
   258    0.9772262472E+00
   259    0.9907955582E+00
   260    0.1024005297E+01
   261    0.1023446696E+01
   262    0.1011395278E+01
   263    0.1012068542E+01
   264    0.1015521576E+01
   265    0.1014742425E+01
   266    0.1018967165E+01
   267    0.1018271986E+01
   268    0.1010890579E+01
   269    0.1015918918E+01
   270    0.1030466091E+01
   271    0.1012917315E+01
   272    0.9884732152E+00
   273    0.1040972983E+01
   274    0.1052457663E+01
   275    0.1004161542E+01
   276    0.1003514084E+01
   277    0.1019379799E+01
   278    0.1018250001E+01
   279    0.1014312119E+01
   280    0.1016862143E+01
   281    0.1014425626E+01
   282    0.1009948828E+01
   283    0.1013078468E+01
   284    0.1014439379E+01
   285    0.1011059333E+01
   286    0.1008795543E+01
   287    0.1010217032E+01
   288    0.1010799053E+01
   289    0.1008190768E+01
   290    0.1006597825E+01
   291    0.1013429983E+01
   292    0.1014757171E+01
   293    0.1006753854E+01
   294    0.1005133297E+01
   295    0.1005862560E+01
   296    0.1006964876E+01
   297    0.1007093473E+01
   298    0.1006628638E+01
   299    0.1005849684E+01
   300    0.1004759047E+01
   301    0.1004489411E+01
   302    0.1004720554E+01
   303    0.1004652534E+01
   304    0.1003914508E+01
   305    0.1003622628E+01
   306    0.1003576023E+01
   307    0.1003146569E+01
   308    0.1002751622E+01
   309    0.1002888600E+01
   310    0.1002686822E+01
   311    0.1002212136E+01
   312    0.1001998663E+01
   313    0.1001937112E+01
   314    0.1001740164E+01
   315    0.1001553190E+01
   316    0.1001443936E+01
   317    0.1001278992E+01
   318    0.1001144028E+01
   319    0.1001057249E+01
   320    0.1001010494E+01
   321    0.1000925897E+01
   322    0.1000799996E+01
   323    0.1000664789E+01
   324    0.1000631914E+01
   325    0.1000574065E+01
   326    0.1000521838E+01
   327    0.1000468250E+01
   328    0.1000390010E+01
   329    0.1000347683E+01
   330    0.1000337707E+01
   331    0.1000300748E+01
   332    0.1000258976E+01
   333    0.1000225741E+01
   334    0.1000201387E+01
   335    0.1000193899E+01
   336    0.1000165428E+01
   337    0.1000135561E+01
   338    0.1000124118E+01
   339    0.1000108499E+01
   340    0.1000089645E+01
   341    0.1000083347E+01
   342    0.1000078484E+01
   343    0.1000062115E+01
   344    0.1000055086E+01
   345    0.1000050384E+01
   346    0.1000042854E+01
   347    0.1000036826E+01
   348    0.1000031546E+01
   349    0.1000027554E+01
   350    0.1000023991E+01
   351    0.1000021152E+01
   352    0.1000018574E+01
   353    0.1000015967E+01
   354    0.1000013877E+01
   355    0.1000011257E+01
   356    0.1000009177E+01
   357    0.1000008443E+01
   358    0.1000007295E+01
   359    0.1000005945E+01
   360    0.1000005617E+01
   361    0.1000004893E+01
   362    0.1000004027E+01
   363    0.1000003196E+01
   364    0.1000002721E+01
   365    0.1000002409E+01
   366    0.1000002034E+01
   367    0.1000001762E+01
   368    0.1000001480E+01
   369    0.1000001252E+01
   370    0.1000000991E+01
   371    0.1000000839E+01
   372    0.1000000735E+01
   373    0.1000000625E+01
   374    0.1000000524E+01
   375    0.1000000422E+01
   376    0.1000000364E+01
   377    0.1000000321E+01
   378    0.1000000266E+01
   379    0.1000000212E+01
   380    0.1000000175E+01
   381    0.1000000139E+01
   382    0.1000000117E+01
   383    0.1000000102E+01
   384    0.1000000087E+01
   385    0.1000000071E+01
   386    0.1000000056E+01
   387    0.1000000044E+01
   388    0.1000000038E+01
   389    0.1000000033E+01
   390    0.1000000028E+01
   391    0.1000000022E+01
   392    0.1000000017E+01
   393    0.1000000014E+01
   394    0.1000000012E+01
   395    0.1000000009E+01
   396    0.1000000008E+01
   397    0.1000000006E+01
   398    0.1000000005E+01
   399    0.1000000004E+01
   400    0.1000000003E+01
   401    0.1000000003E+01
   402    0.1000000002E+01
   403    0.1000000002E+01
   404    0.1000000001E+01
   405    0.1000000001E+01
   406    0.1000000001E+01
   407    0.1000000001E+01
   408    0.1000000001E+01
   409    0.1000000001E+01
   410    0.1000000000E+01
   411    0.1000000000E+01
   412    0.1000000000E+01
   413    0.1000000000E+01
   414    0.1000000000E+01
   415    0.1000000000E+01
   416    0.1000000000E+01
   417    0.1000000000E+01
   418    0.1000000000E+01
   419    0.1000000000E+01
   420    0.1000000000E+01
   421    0.1000000000E+01
   422    0.1000000000E+01
   423    0.1000000000E+01
   424    0.1000000000E+01
   425    0.1000000000E+01
   426    0.1000000000E+01
   427    0.1000000000E+01
   428    0.1000000000E+01
   429    0.1000000000E+01
   430    0.1000000000E+01
   431    0.1000000000E+01
   432    0.1000000000E+01
   433    0.1000000000E+01
   434    0.1000000000E+01
   435    0.1000000000E+01
   436    0.1000000000E+01
   437    0.1000000000E+01
   438    0.1000000000E+01
   439    0.1000000000E+01
   440    0.1000000000E+01
   441    0.1000000000E+01
   442    0.1000000000E+01
   443    0.1000000000E+01
   444    0.1000000000E+01
   445    0.1000000000E+01
   446    0.1000000000E+01
   447    0.1000000000E+01
   448    0.1000000000E+01
   449    0.1000000000E+01
   450    0.1000000000E+01
   451    0.1000000000E+01
   452    0.1000000000E+01
   453    0.1000000000E+01
   454    0.1000000000E+01
   455    0.1000000000E+01
   456    0.1000000000E+01
   457    0.1000000000E+01
   458    0.1000000000E+01
   459    0.1000000000E+01
   460    0.1000000000E+01
   461    0.1000000000E+01
   462    0.1000000000E+01
   463    0.1000000000E+01
   464    0.1000000000E+01
   465    0.1000000000E+01
   466    0.1000000000E+01
   467    0.1000000000E+01
   468    0.1000000000E+01
   469    0.1000000000E+01
   470    0.1000000000E+01
   471    0.1000000000E+01
   472    0.1000000000E+01
   473    0.1000000000E+01
   474    0.1000000000E+01
   475    0.1000000000E+01
   476    0.1000000000E+01
   477    0.1000000000E+01
   478    0.1000000000E+01
   479    0.1000000000E+01
   480    0.1000000000E+01
   481    0.1000000000E+01
   482    0.1000000000E+01
   483    0.1000000000E+01
   484    0.1000000000E+01
   485    0.1000000000E+01
   486    0.1000000000E+01
   487    0.1000000000E+01
   488    0.1000000000E+01
   489    0.1000000000E+01
   490    0.1000000000E+01
   491    0.1000000000E+01
   492    0.1000000000E+01
   493    0.1000000000E+01
   494    0.1000000000E+01
   495    0.1000000000E+01
   496    0.1000000000E+01
   497    0.1000000000E+01
   498    0.1000000000E+01
   499    0.1000000000E+01
   500    0.8359375000E+00
   501    0.1640625000E+00
   502    0.0000000000E+00
