    -1    0.0000000000E+00
     0    0.1301731152E+00
     1    0.6472927213E+00
     2    0.1009834606E+01
     3    0.8863690759E+00
     4    0.7242906127E+00
     5    0.9331100185E+00
     6    0.9808552160E+00
     7    0.7946208543E+00
     8    0.8737698017E+00
     9    0.1058231490E+01
    10    0.8857154751E+00
    11    0.8692868477E+00
    12    0.1115825853E+01
    13    0.9249764896E+00
    14    0.9958116597E+00
    15    0.1121773789E+01
    16    0.9903433310E+00
    17    0.1125572683E+01
    18    0.1078599800E+01
    19    0.1123889755E+01
    20    0.1197994977E+01
    21    0.1051354988E+01
    22    0.1233127148E+01
    23    0.1114336425E+01
    24    0.1170183336E+01
    25    0.1197288085E+01
    26    0.1081861527E+01
    27    0.1160960691E+01
    28    0.1104827640E+01
    29    0.1092798788E+01
    30    0.1076936651E+01
    31    0.1052085008E+01
    32    0.1007571043E+01
    33    0.1020745682E+01
    34    0.1005227956E+01
    35    0.9291821366E+00
    36    0.9498883861E+00
    37    0.9550714722E+00
    38    0.8948535991E+00
    39    0.8826423889E+00
    40    0.9055500215E+00
    41    0.9059483427E+00
    42    0.8441140170E+00
    43    0.8227119521E+00
    44    0.9178956468E+00
    45    0.8534270201E+00
    46    0.8164213040E+00
    47    0.8713538169E+00
    48    0.9236229569E+00
    49    0.8024435314E+00
    50    0.8432694010E+00
    51    0.9841764669E+00
    52    0.8363211462E+00
    53    0.8786667429E+00
    54    0.9877518171E+00
    55    0.9082728564E+00
    56    0.9184223894E+00
    57    0.1049354983E+01
    58    0.9615383357E+00
    59    0.9804016688E+00
    60    0.1134159994E+01
    61    0.9914015746E+00
    62    0.1069217752E+01
    63    0.1188601457E+01
    64    0.1048695395E+01
    65    0.1181704545E+01
    66    0.1142089964E+01
    67    0.1130640833E+01
    68    0.1209336909E+01
    69    0.1139829119E+01
    70    0.1158195178E+01
    71    0.1155411461E+01
    72    0.1118200720E+01
    73    0.1118631474E+01
    74    0.1101944512E+01
    75    0.1071170650E+01
    76    0.1050617167E+01
    77    0.1030034008E+01
    78    0.1008416065E+01
    79    0.9797580470E+00
    80    0.9624299578E+00
    81    0.9533458807E+00
    82    0.9256047296E+00
    83    0.9019923480E+00
    84    0.9054965749E+00
    85    0.9052476126E+00
    86    0.8476033319E+00
    87    0.8658766708E+00
    88    0.8990567929E+00
    89    0.8199856367E+00
    90    0.8638480933E+00
    91    0.8703139279E+00
    92    0.8410649755E+00
    93    0.8529259236E+00
    94    0.8694639627E+00
    95    0.8879151532E+00
    96    0.8762946239E+00
    97    0.8707620536E+00
    98    0.9284730109E+00
    99    0.9118168228E+00
   100    0.9218995908E+00
   101    0.9774582315E+00
   102    0.9683300723E+00
   103    0.9818600924E+00
   104    0.1034288103E+01
   105    0.1037690548E+01
   106    0.1052879757E+01
   107    0.1098041764E+01
   108    0.1090650378E+01
   109    0.1137157726E+01
   110    0.1142721355E+01
   111    0.1142775114E+01
   112    0.1179927245E+01
   113    0.1158509798E+01
   114    0.1165216625E+01
   115    0.1159373958E+01
   116    0.1148509833E+01
   117    0.1151615078E+01
   118    0.1102198887E+01
   119    0.1100824312E+01
   120    0.1085066107E+01
   121    0.1034525759E+01
   122    0.1044110588E+01
   123    0.1014419207E+01
   124    0.9630888074E+00
   125    0.9804740907E+00
   126    0.9509458457E+00
   127    0.9100474312E+00
   128    0.9284589780E+00
   129    0.8921945208E+00
   130    0.8764264736E+00
   131    0.8818320154E+00
   132    0.8644472672E+00
   133    0.8663282355E+00
   134    0.8527651123E+00
   135    0.8475508876E+00
   136    0.8573077710E+00
   137    0.8410066952E+00
   138    0.8802406383E+00
   139    0.8558810518E+00
   140    0.8551592800E+00
   141    0.8937470343E+00
   142    0.8809549652E+00
   143    0.9080831007E+00
   144    0.9171274531E+00
   145    0.9388766709E+00
   146    0.9561346224E+00
   147    0.9637068031E+00
   148    0.1001302756E+01
   149    0.1021622262E+01
   150    0.1042414236E+01
   151    0.1063576748E+01
   152    0.1098170864E+01
   153    0.1107244757E+01
   154    0.1127440444E+01
   155    0.1162699588E+01
   156    0.1155828575E+01
   157    0.1170507789E+01
   158    0.1179115719E+01
   159    0.1175922274E+01
   160    0.1173508463E+01
   161    0.1154358049E+01
   162    0.1136179580E+01
   163    0.1131040938E+01
   164    0.1109000123E+01
   165    0.1076046002E+01
   166    0.1057905612E+01
   167    0.1040090148E+01
   168    0.1006823552E+01
   169    0.9849866015E+00
   170    0.9676275518E+00
   171    0.9500550851E+00
   172    0.9235539398E+00
   173    0.9068586797E+00
   174    0.9042039334E+00
   175    0.8887675987E+00
   176    0.8759973734E+00
   177    0.8650276026E+00
   178    0.8752670044E+00
   179    0.8542758871E+00
   180    0.8595150648E+00
   181    0.8664817501E+00
   182    0.8756105790E+00
   183    0.8667561429E+00
   184    0.8657768732E+00
   185    0.8993362175E+00
   186    0.9091736576E+00
   187    0.9148767282E+00
   188    0.9376820315E+00
   189    0.9579541913E+00
   190    0.9655898852E+00
   191    0.1000354413E+01
   192    0.1036230272E+01
   193    0.1046090569E+01
   194    0.1073172427E+01
   195    0.1108513084E+01
   196    0.1115277569E+01
   197    0.1126340843E+01
   198    0.1148394384E+01
   199    0.1160478343E+01
   200    0.1168665867E+01
   201    0.1151986866E+01
   202    0.1141277676E+01
   203    0.1139419670E+01
   204    0.1125390955E+01
   205    0.1135868271E+01
   206    0.1116899812E+01
   207    0.1022437249E+01
   208    0.1011165943E+01
   209    0.1034470896E+01
   210    0.1008049797E+01
   211    0.9720096963E+00
   212    0.9717165453E+00
   213    0.9681092105E+00
   214    0.9297399356E+00
   215    0.9097757002E+00
   216    0.9213580936E+00
   217    0.9065837820E+00
   218    0.8945469520E+00
   219    0.8873614215E+00
   220    0.8858963891E+00
   221    0.8625581169E+00
   222    0.8884839084E+00
   223    0.8865687191E+00
   224    0.8643947757E+00
   225    0.8888816482E+00
   226    0.9219265401E+00
   227    0.9302201717E+00
   228    0.8855370354E+00
   229    0.8917346162E+00
   230    0.9035470739E+00
   231    0.9100585626E+00
   232    0.9681581560E+00
   233    0.1127999960E+01
   234    0.9627509569E+00
   235    0.8398405784E+00
   236    0.9207076113E+00
   237    0.1011561192E+01
   238    0.1146776586E+01
   239    0.1114273043E+01
   240    0.8405528205E+00
   241    0.8677067119E+00
   242    0.9830426233E+00
   243    0.1010451130E+01
   244    0.9947551482E+00
   245    0.1033824541E+01
   246    0.9250277937E+00
   247    0.8812077402E+00
   248    0.9915825673E+00
   249    0.1022775657E+01
   250    0.9762271748E+00
   251    0.9833408347E+00
   252    0.1000824333E+01
   253    0.9895108228E+00
   254    0.9876161809E+00
   255    0.9984390874E+00
   256    0.1002658864E+01
   257    0.9971974701E+00
   258    0.9864755688E+00
   259    0.1003508186E+01
   260    0.1022005899E+01
   261    0.1012895735E+01
   262    0.9902521647E+00
   263    0.1009482498E+01
   264    0.1039059016E+01
   265    0.1010738581E+01
   266    0.9965083492E+00
   267    0.1008559417E+01
   268    0.1016848498E+01
   269    0.1015497584E+01
   270    0.1013286281E+01
   271    0.1014730624E+01
   272    0.1015002077E+01
   273    0.1016804444E+01
   274    0.1017817899E+01
   275    0.1016303493E+01
   276    0.1017180426E+01
   277    0.1019786817E+01
   278    0.1019028849E+01
   279    0.1010645185E+01
   280    0.1011310706E+01
   281    0.1035071387E+01
   282    0.1024651944E+01
   283    0.1008530793E+01
   284    0.1012872465E+01
   285    0.1017766849E+01
   286    0.1016191034E+01
   287    0.1015295924E+01
   288    0.1015948482E+01
   289    0.1013911521E+01
   290    0.1012097726E+01
   291    0.1013789573E+01
   292    0.1013455093E+01
   293    0.1011086615E+01
   294    0.1010228640E+01
   295    0.1011284599E+01
   296    0.1010369433E+01
   297    0.1008653936E+01
   298    0.1008647288E+01
   299    0.1011566478E+01
   300    0.1011596581E+01
   301    0.1007676458E+01
   302    0.1006584005E+01
   303    0.1006501584E+01
   304    0.1007011100E+01
   305    0.1006976160E+01
   306    0.1006465247E+01
   307    0.1005791830E+01
   308    0.1004983671E+01
   309    0.1004715654E+01
   310    0.1004726091E+01
   311    0.1004549127E+01
   312    0.1003950629E+01
   313    0.1003666498E+01
   314    0.1003540170E+01
   315    0.1003148357E+01
   316    0.1002834102E+01
   317    0.1002822849E+01
   318    0.1002613408E+01
   319    0.1002232030E+01
   320    0.1002014819E+01
   321    0.1001931448E+01
   322    0.1001743960E+01
   323    0.1001549333E+01
   324    0.1001438453E+01
   325    0.1001291854E+01
   326    0.1001146475E+01
   327    0.1001064811E+01
   328    0.1001000622E+01
   329    0.1000898676E+01
   330    0.1000793445E+01
   331    0.1000680145E+01
   332    0.1000629567E+01
   333    0.1000571909E+01
   334    0.1000519402E+01
   335    0.1000460937E+01
   336    0.1000393531E+01
   337    0.1000353558E+01
   338    0.1000333584E+01
   339    0.1000294462E+01
   340    0.1000257208E+01
   341    0.1000225303E+01
   342    0.1000200997E+01
   343    0.1000188576E+01
   344    0.1000161211E+01
   345    0.1000136013E+01
   346    0.1000123455E+01
   347    0.1000107076E+01
   348    0.1000090751E+01
   349    0.1000083264E+01
   350    0.1000076021E+01
   351    0.1000062111E+01
   352    0.1000055048E+01
   353    0.1000049451E+01
   354    0.1000042344E+01
   355    0.1000036506E+01
   356    0.1000031462E+01
   357    0.1000027397E+01
   358    0.1000023831E+01
   359    0.1000020942E+01
   360    0.1000018193E+01
   361    0.1000015730E+01
   362    0.1000013553E+01
   363    0.1000011223E+01
   364    0.1000009345E+01
   365    0.1000008387E+01
   366    0.1000007227E+01
   367    0.1000005992E+01
   368    0.1000005492E+01
   369    0.1000004732E+01
   370    0.1000003934E+01
   371    0.1000003187E+01
   372    0.1000002732E+01
   373    0.1000002381E+01
   374    0.1000002011E+01
   375    0.1000001727E+01
   376    0.1000001458E+01
   377    0.1000001229E+01
   378    0.1000000992E+01
   379    0.1000000841E+01
   380    0.1000000729E+01
   381    0.1000000616E+01
   382    0.1000000514E+01
   383    0.1000000422E+01
   384    0.1000000359E+01
   385    0.1000000312E+01
   386    0.1000000260E+01
   387    0.1000000208E+01
   388    0.1000000173E+01
   389    0.1000000141E+01
   390    0.1000000117E+01
   391    0.1000000100E+01
   392    0.1000000085E+01
   393    0.1000000069E+01
   394    0.1000000055E+01
   395    0.1000000045E+01
   396    0.1000000038E+01
   397    0.1000000032E+01
   398    0.1000000027E+01
   399    0.1000000021E+01
   400    0.1000000017E+01
   401    0.1000000014E+01
   402    0.1000000012E+01
   403    0.1000000009E+01
   404    0.1000000008E+01
   405    0.1000000006E+01
   406    0.1000000005E+01
   407    0.1000000004E+01
   408    0.1000000003E+01
   409    0.1000000003E+01
   410    0.1000000002E+01
   411    0.1000000002E+01
   412    0.1000000001E+01
   413    0.1000000001E+01
   414    0.1000000001E+01
   415    0.1000000001E+01
   416    0.1000000001E+01
   417    0.1000000001E+01
   418    0.1000000000E+01
   419    0.1000000000E+01
   420    0.1000000000E+01
   421    0.1000000000E+01
   422    0.1000000000E+01
   423    0.1000000000E+01
   424    0.1000000000E+01
   425    0.1000000000E+01
   426    0.1000000000E+01
   427    0.1000000000E+01
   428    0.1000000000E+01
   429    0.1000000000E+01
   430    0.1000000000E+01
   431    0.1000000000E+01
   432    0.1000000000E+01
   433    0.1000000000E+01
   434    0.1000000000E+01
   435    0.1000000000E+01
   436    0.1000000000E+01
   437    0.1000000000E+01
   438    0.1000000000E+01
   439    0.1000000000E+01
   440    0.1000000000E+01
   441    0.1000000000E+01
   442    0.1000000000E+01
   443    0.1000000000E+01
   444    0.1000000000E+01
   445    0.1000000000E+01
   446    0.1000000000E+01
   447    0.1000000000E+01
   448    0.1000000000E+01
   449    0.1000000000E+01
   450    0.1000000000E+01
   451    0.1000000000E+01
   452    0.1000000000E+01
   453    0.1000000000E+01
   454    0.1000000000E+01
   455    0.1000000000E+01
   456    0.1000000000E+01
   457    0.1000000000E+01
   458    0.1000000000E+01
   459    0.1000000000E+01
   460    0.1000000000E+01
   461    0.1000000000E+01
   462    0.1000000000E+01
   463    0.1000000000E+01
   464    0.1000000000E+01
   465    0.1000000000E+01
   466    0.1000000000E+01
   467    0.1000000000E+01
   468    0.1000000000E+01
   469    0.1000000000E+01
   470    0.1000000000E+01
   471    0.1000000000E+01
   472    0.1000000000E+01
   473    0.1000000000E+01
   474    0.1000000000E+01
   475    0.1000000000E+01
   476    0.1000000000E+01
   477    0.1000000000E+01
   478    0.1000000000E+01
   479    0.1000000000E+01
   480    0.1000000000E+01
   481    0.1000000000E+01
   482    0.1000000000E+01
   483    0.1000000000E+01
   484    0.1000000000E+01
   485    0.1000000000E+01
   486    0.1000000000E+01
   487    0.1000000000E+01
   488    0.1000000000E+01
   489    0.1000000000E+01
   490    0.1000000000E+01
   491    0.1000000000E+01
   492    0.1000000000E+01
   493    0.1000000000E+01
   494    0.1000000000E+01
   495    0.1000000000E+01
   496    0.1000000000E+01
   497    0.1000000000E+01
   498    0.1000000000E+01
   499    0.1000000000E+01
   500    0.8359375000E+00
   501    0.1640625000E+00
   502    0.0000000000E+00
