    -1    0.2185413236E+00
     0    0.9317086403E+00
     1    0.1010425628E+01
     2    0.1005837799E+01
     3    0.1008644495E+01
     4    0.1000010584E+01
     5    0.9973011425E+00
     6    0.9968078213E+00
     7    0.9899416526E+00
     8    0.9894358034E+00
     9    0.9856890959E+00
    10    0.9815926963E+00
    11    0.9835873361E+00
    12    0.9774674103E+00
    13    0.9757636074E+00
    14    0.9807975333E+00
    15    0.9735054699E+00
    16    0.9730728964E+00
    17    0.9815442016E+00
    18    0.9742759284E+00
    19    0.9739896780E+00
    20    0.9857622834E+00
    21    0.9793675029E+00
    22    0.9787743158E+00
    23    0.9928722719E+00
    24    0.9876547325E+00
    25    0.9872417110E+00
    26    0.1001699147E+01
    27    0.9977228302E+00
    28    0.9982548679E+00
    29    0.1010806538E+01
    30    0.1007896851E+01
    31    0.1009773378E+01
    32    0.1018720450E+01
    33    0.1016465139E+01
    34    0.1019418310E+01
    35    0.1024054074E+01
    36    0.1021861758E+01
    37    0.1025147344E+01
    38    0.1025842692E+01
    39    0.1022919161E+01
    40    0.1025957508E+01
    41    0.1023660627E+01
    42    0.1019201542E+01
    43    0.1022030000E+01
    44    0.1017804450E+01
    45    0.1011197090E+01
    46    0.1014578511E+01
    47    0.1009162652E+01
    48    0.1000430513E+01
    49    0.1005298906E+01
    50    0.9991311919E+00
    51    0.9890450988E+00
    52    0.9959259595E+00
    53    0.9894050223E+00
    54    0.9791988041E+00
    55    0.9878504150E+00
    56    0.9817592461E+00
    57    0.9724844732E+00
    58    0.9821244177E+00
    59    0.9775641585E+00
    60    0.9697160799E+00
    61    0.9796274569E+00
    62    0.9773871463E+00
    63    0.9711536754E+00
    64    0.9809145461E+00
    65    0.9811560923E+00
    66    0.9764631388E+00
    67    0.9860720147E+00
    68    0.9882131505E+00
    69    0.9849424499E+00
    70    0.9944228268E+00
    71    0.9975068172E+00
    72    0.9953828306E+00
    73    0.1004705042E+01
    74    0.1007359074E+01
    75    0.1006005759E+01
    76    0.1015356384E+01
    77    0.1015841188E+01
    78    0.1015511287E+01
    79    0.1023645685E+01
    80    0.1021531831E+01
    81    0.1022215388E+01
    82    0.1027868271E+01
    83    0.1023150179E+01
    84    0.1025081698E+01
    85    0.1026956419E+01
    86    0.1020336948E+01
    87    0.1023638101E+01
    88    0.1021055040E+01
    89    0.1013613316E+01
    90    0.1018145843E+01
    91    0.1011455432E+01
    92    0.1004252143E+01
    93    0.1009561169E+01
    94    0.1000225045E+01
    95    0.9940231454E+00
    96    0.9993022679E+00
    97    0.9896107624E+00
    98    0.9848042205E+00
    99    0.9890159688E+00
   100    0.9814828907E+00
   101    0.9781517247E+00
   102    0.9803145274E+00
   103    0.9770648395E+00
   104    0.9750544656E+00
   105    0.9745433722E+00
   106    0.9768489586E+00
   107    0.9759635702E+00
   108    0.9725936812E+00
   109    0.9807649455E+00
   110    0.9806236929E+00
   111    0.9750696051E+00
   112    0.9881018654E+00
   113    0.9880605357E+00
   114    0.9824088725E+00
   115    0.9974531812E+00
   116    0.9971478214E+00
   117    0.9935231599E+00
   118    0.1007073116E+01
   119    0.1007258504E+01
   120    0.1005641051E+01
   121    0.1015622018E+01
   122    0.1016628500E+01
   123    0.1017154589E+01
   124    0.1020933155E+01
   125    0.1023498936E+01
   126    0.1025980115E+01
   127    0.1021494958E+01
   128    0.1027227033E+01
   129    0.1029851411E+01
   130    0.1017406900E+01
   131    0.1026944929E+01
   132    0.1028062559E+01
   133    0.1009569897E+01
   134    0.1022447280E+01
   135    0.1021131300E+01
   136    0.9997569530E+00
   137    0.1014271855E+01
   138    0.1010593192E+01
   139    0.9900351791E+00
   140    0.1003797077E+01
   141    0.9985156936E+00
   142    0.9821674491E+00
   143    0.9930058276E+00
   144    0.9872621004E+00
   145    0.9769265144E+00
   146    0.9841767571E+00
   147    0.9788451363E+00
   148    0.9743406934E+00
   149    0.9793776717E+00
   150    0.9745981520E+00
   151    0.9742485181E+00
   152    0.9796505849E+00
   153    0.9750469727E+00
   154    0.9767923158E+00
   155    0.9849914210E+00
   156    0.9800800076E+00
   157    0.9820544041E+00
   158    0.9943913047E+00
   159    0.9889064505E+00
   160    0.9905452689E+00
   161    0.1005949658E+01
   162    0.9999507149E+00
   163    0.1000733346E+01
   164    0.1018307705E+01
   165    0.1011626389E+01
   166    0.1011585164E+01
   167    0.1028972989E+01
   168    0.1021070971E+01
   169    0.1021288174E+01
   170    0.1035948762E+01
   171    0.1027474182E+01
   172    0.1028455787E+01
   173    0.1037998647E+01
   174    0.1029255854E+01
   175    0.1031531886E+01
   176    0.1034968141E+01
   177    0.1026474610E+01
   178    0.1029464438E+01
   179    0.1027539581E+01
   180    0.1019995236E+01
   181    0.1024380337E+01
   182    0.1015935376E+01
   183    0.1010490366E+01
   184    0.1016724637E+01
   185    0.1005586691E+01
   186    0.1002342946E+01
   187    0.1007387018E+01
   188    0.9960198836E+00
   189    0.9961737151E+00
   190    0.1000056106E+01
   191    0.9885603921E+00
   192    0.9919810069E+00
   193    0.9963617292E+00
   194    0.9865585613E+00
   195    0.9932055514E+00
   196    0.9959051783E+00
   197    0.9870838996E+00
   198    0.9946483697E+00
   199    0.9982552484E+00
   200    0.9927493644E+00
   201    0.1003672408E+01
   202    0.1007416286E+01
   203    0.1000913774E+01
   204    0.1013381033E+01
   205    0.1015378485E+01
   206    0.1009503503E+01
   207    0.1019974789E+01
   208    0.1020083007E+01
   209    0.1018031523E+01
   210    0.1028531025E+01
   211    0.1025543132E+01
   212    0.1022997810E+01
   213    0.1030096822E+01
   214    0.1023683350E+01
   215    0.1026577894E+01
   216    0.1030645217E+01
   217    0.1017189262E+01
   218    0.1017182369E+01
   219    0.1020455534E+01
   220    0.1010037324E+01
   221    0.1011514677E+01
   222    0.1010728497E+01
   223    0.9993643304E+00
   224    0.1001135040E+01
   225    0.9976932439E+00
   226    0.9875163198E+00
   227    0.9909182732E+00
   228    0.9857336485E+00
   229    0.9726168733E+00
   230    0.9743235440E+00
   231    0.9726591145E+00
   232    0.9629848320E+00
   233    0.9616552496E+00
   234    0.9636992490E+00
   235    0.9660033242E+00
   236    0.9674728157E+00
   237    0.9524798365E+00
   238    0.9464089476E+00
   239    0.9478051082E+00
   240    0.9503089242E+00
   241    0.9623576489E+00
   242    0.9663620451E+00
   243    0.9457626833E+00
   244    0.9393346622E+00
   245    0.9448633367E+00
   246    0.9512493754E+00
   247    0.9660210718E+00
   248    0.9690816279E+00
   249    0.9489802559E+00
   250    0.9471250276E+00
   251    0.9537755113E+00
   252    0.9595322266E+00
   253    0.9661382892E+00
   254    0.9776732230E+00
   255    0.9725003945E+00
   256    0.9604340691E+00
   257    0.9659297664E+00
   258    0.9767743623E+00
   259    0.9754132671E+00
   260    0.9755423103E+00
   261    0.9847788432E+00
   262    0.9847349471E+00
   263    0.9830517119E+00
   264    0.9901316375E+00
   265    0.9920128251E+00
   266    0.9908981728E+00
   267    0.9949147783E+00
   268    0.9970626022E+00
   269    0.9996317098E+00
   270    0.1002116936E+01
   271    0.1002593119E+01
   272    0.1002678023E+01
   273    0.1008339304E+01
   274    0.1009054211E+01
   275    0.1008972461E+01
   276    0.1007763555E+01
   277    0.1009270271E+01
   278    0.1011933650E+01
   279    0.1013112668E+01
   280    0.1012678730E+01
   281    0.1013770562E+01
   282    0.1014947149E+01
   283    0.1014759101E+01
   284    0.1015822951E+01
   285    0.1016834575E+01
   286    0.1016724622E+01
   287    0.1017693114E+01
   288    0.1017743401E+01
   289    0.1015843697E+01
   290    0.1015482170E+01
   291    0.1018492966E+01
   292    0.1018157043E+01
   293    0.1016116937E+01
   294    0.1016153308E+01
   295    0.1016768146E+01
   296    0.1015821852E+01
   297    0.1015559145E+01
   298    0.1015536577E+01
   299    0.1014586000E+01
   300    0.1013658614E+01
   301    0.1013860813E+01
   302    0.1013380986E+01
   303    0.1012365856E+01
   304    0.1011787250E+01
   305    0.1011577450E+01
   306    0.1011030101E+01
   307    0.1010386986E+01
   308    0.1009837819E+01
   309    0.1009643253E+01
   310    0.1009619634E+01
   311    0.1008915206E+01
   312    0.1008028132E+01
   313    0.1007429447E+01
   314    0.1007116790E+01
   315    0.1006923170E+01
   316    0.1006533247E+01
   317    0.1006026400E+01
   318    0.1005498289E+01
   319    0.1005066910E+01
   320    0.1004830326E+01
   321    0.1004571262E+01
   322    0.1004186330E+01
   323    0.1003839407E+01
   324    0.1003585454E+01
   325    0.1003326899E+01
   326    0.1002992794E+01
   327    0.1002824389E+01
   328    0.1002619987E+01
   329    0.1002370166E+01
   330    0.1002129364E+01
   331    0.1001972732E+01
   332    0.1001811708E+01
   333    0.1001633489E+01
   334    0.1001486153E+01
   335    0.1001354593E+01
   336    0.1001220562E+01
   337    0.1001103289E+01
   338    0.1001015276E+01
   339    0.1000921135E+01
   340    0.1000821747E+01
   341    0.1000731054E+01
   342    0.1000658314E+01
   343    0.1000594029E+01
   344    0.1000534282E+01
   345    0.1000480609E+01
   346    0.1000422730E+01
   347    0.1000374152E+01
   348    0.1000340589E+01
   349    0.1000304786E+01
   350    0.1000267961E+01
   351    0.1000237272E+01
   352    0.1000210059E+01
   353    0.1000188727E+01
   354    0.1000167140E+01
   355    0.1000144706E+01
   356    0.1000127856E+01
   357    0.1000112812E+01
   358    0.1000097862E+01
   359    0.1000086139E+01
   360    0.1000077323E+01
   361    0.1000066602E+01
   362    0.1000057674E+01
   363    0.1000051111E+01
   364    0.1000044314E+01
   365    0.1000038471E+01
   366    0.1000033337E+01
   367    0.1000028879E+01
   368    0.1000025092E+01
   369    0.1000021812E+01
   370    0.1000018948E+01
   371    0.1000016277E+01
   372    0.1000014154E+01
   373    0.1000012016E+01
   374    0.1000010177E+01
   375    0.1000008847E+01
   376    0.1000007625E+01
   377    0.1000006461E+01
   378    0.1000005620E+01
   379    0.1000004848E+01
   380    0.1000004108E+01
   381    0.1000003454E+01
   382    0.1000002913E+01
   383    0.1000002505E+01
   384    0.1000002125E+01
   385    0.1000001807E+01
   386    0.1000001528E+01
   387    0.1000001295E+01
   388    0.1000001079E+01
   389    0.1000000905E+01
   390    0.1000000769E+01
   391    0.1000000649E+01
   392    0.1000000547E+01
   393    0.1000000453E+01
   394    0.1000000381E+01
   395    0.1000000323E+01
   396    0.1000000271E+01
   397    0.1000000223E+01
   398    0.1000000185E+01
   399    0.1000000153E+01
   400    0.1000000127E+01
   401    0.1000000106E+01
   402    0.1000000089E+01
   403    0.1000000074E+01
   404    0.1000000060E+01
   405    0.1000000049E+01
   406    0.1000000041E+01
   407    0.1000000034E+01
   408    0.1000000028E+01
   409    0.1000000023E+01
   410    0.1000000019E+01
   411    0.1000000015E+01
   412    0.1000000013E+01
   413    0.1000000010E+01
   414    0.1000000008E+01
   415    0.1000000007E+01
   416    0.1000000006E+01
   417    0.1000000004E+01
   418    0.1000000004E+01
   419    0.1000000003E+01
   420    0.1000000002E+01
   421    0.1000000002E+01
   422    0.1000000002E+01
   423    0.1000000001E+01
   424    0.1000000001E+01
   425    0.1000000001E+01
   426    0.1000000001E+01
   427    0.1000000001E+01
   428    0.1000000000E+01
   429    0.1000000000E+01
   430    0.1000000000E+01
   431    0.1000000000E+01
   432    0.1000000000E+01
   433    0.1000000000E+01
   434    0.1000000000E+01
   435    0.1000000000E+01
   436    0.1000000000E+01
   437    0.1000000000E+01
   438    0.1000000000E+01
   439    0.1000000000E+01
   440    0.1000000000E+01
   441    0.1000000000E+01
   442    0.1000000000E+01
   443    0.1000000000E+01
   444    0.1000000000E+01
   445    0.1000000000E+01
   446    0.1000000000E+01
   447    0.1000000000E+01
   448    0.1000000000E+01
   449    0.1000000000E+01
   450    0.1000000000E+01
   451    0.1000000000E+01
   452    0.1000000000E+01
   453    0.1000000000E+01
   454    0.1000000000E+01
   455    0.1000000000E+01
   456    0.1000000000E+01
   457    0.1000000000E+01
   458    0.1000000000E+01
   459    0.1000000000E+01
   460    0.1000000000E+01
   461    0.1000000000E+01
   462    0.1000000000E+01
   463    0.1000000000E+01
   464    0.1000000000E+01
   465    0.1000000000E+01
   466    0.1000000000E+01
   467    0.1000000000E+01
   468    0.1000000000E+01
   469    0.1000000000E+01
   470    0.1000000000E+01
   471    0.1000000000E+01
   472    0.1000000000E+01
   473    0.1000000000E+01
   474    0.1000000000E+01
   475    0.1000000000E+01
   476    0.1000000000E+01
   477    0.1000000000E+01
   478    0.1000000000E+01
   479    0.1000000000E+01
   480    0.1000000000E+01
   481    0.1000000000E+01
   482    0.1000000000E+01
   483    0.1000000000E+01
   484    0.1000000000E+01
   485    0.1000000000E+01
   486    0.1000000000E+01
   487    0.1000000000E+01
   488    0.1000000000E+01
   489    0.1000000000E+01
   490    0.1000000000E+01
   491    0.1000000000E+01
   492    0.1000000000E+01
   493    0.1000000000E+01
   494    0.1000000000E+01
   495    0.1000000000E+01
   496    0.1000000000E+01
   497    0.1000000000E+01
   498    0.1000000000E+01
   499    0.1000000000E+01
   500    0.8359375000E+00
   501    0.1640625000E+00
   502    0.0000000000E+00
