    -1    0.0000000000E+00
     0    0.6918047095E-01
     1    0.7606730292E+00
     2    0.1001560575E+01
     3    0.9957071957E+00
     4    0.9915534048E+00
     5    0.9810064142E+00
     6    0.9755163776E+00
     7    0.9785296398E+00
     8    0.9641030542E+00
     9    0.9596919864E+00
    10    0.9683627012E+00
    11    0.9549170427E+00
    12    0.9510242000E+00
    13    0.9601163885E+00
    14    0.9535866991E+00
    15    0.9536717426E+00
    16    0.9531057140E+00
    17    0.9651135726E+00
    18    0.9609307363E+00
    19    0.9539452772E+00
    20    0.9810296219E+00
    21    0.9747226393E+00
    22    0.9630185758E+00
    23    0.9995955348E+00
    24    0.9927934115E+00
    25    0.9799555197E+00
    26    0.1018475121E+01
    27    0.1012251754E+01
    28    0.1001119111E+01
    29    0.1035885341E+01
    30    0.1028763130E+01
    31    0.1023554035E+01
    32    0.1047426936E+01
    33    0.1039878551E+01
    34    0.1041577737E+01
    35    0.1051356612E+01
    36    0.1043145305E+01
    37    0.1051734545E+01
    38    0.1046549032E+01
    39    0.1038344308E+01
    40    0.1049698824E+01
    41    0.1034175548E+01
    42    0.1026185255E+01
    43    0.1035683223E+01
    44    0.1017652597E+01
    45    0.1009681097E+01
    46    0.1015685428E+01
    47    0.9985723667E+00
    48    0.9910563905E+00
    49    0.9957492479E+00
    50    0.9792106222E+00
    51    0.9733077531E+00
    52    0.9800669382E+00
    53    0.9622178725E+00
    54    0.9589416990E+00
    55    0.9700577354E+00
    56    0.9501069877E+00
    57    0.9511357959E+00
    58    0.9649081925E+00
    59    0.9470164822E+00
    60    0.9523292177E+00
    61    0.9659934772E+00
    62    0.9498037859E+00
    63    0.9606054280E+00
    64    0.9743030868E+00
    65    0.9586962961E+00
    66    0.9747507544E+00
    67    0.9890335416E+00
    68    0.9730552287E+00
    69    0.9932731406E+00
    70    0.1007738504E+01
    71    0.9913033656E+00
    72    0.1013770998E+01
    73    0.1026718981E+01
    74    0.1010809190E+01
    75    0.1032933851E+01
    76    0.1041704667E+01
    77    0.1028130539E+01
    78    0.1047129316E+01
    79    0.1049138112E+01
    80    0.1039860793E+01
    81    0.1053447259E+01
    82    0.1046841456E+01
    83    0.1044049468E+01
    84    0.1050317648E+01
    85    0.1036710448E+01
    86    0.1037020328E+01
    87    0.1038778264E+01
    88    0.1017833030E+01
    89    0.1023316458E+01
    90    0.1021256471E+01
    91    0.9969785442E+00
    92    0.1005364656E+01
    93    0.1001008907E+01
    94    0.9773379785E+00
    95    0.9869741784E+00
    96    0.9817255023E+00
    97    0.9613273632E+00
    98    0.9714261250E+00
    99    0.9672342373E+00
   100    0.9486403577E+00
   101    0.9621264038E+00
   102    0.9578617956E+00
   103    0.9470102199E+00
   104    0.9574946934E+00
   105    0.9562478359E+00
   106    0.9523130449E+00
   107    0.9599213898E+00
   108    0.9617309663E+00
   109    0.9629980205E+00
   110    0.9701247200E+00
   111    0.9739534162E+00
   112    0.9779071172E+00
   113    0.9868120699E+00
   114    0.9914814397E+00
   115    0.9955997809E+00
   116    0.1007388501E+01
   117    0.1011467500E+01
   118    0.1013788657E+01
   119    0.1028349817E+01
   120    0.1029839580E+01
   121    0.1029379619E+01
   122    0.1045916176E+01
   123    0.1042388320E+01
   124    0.1039174401E+01
   125    0.1056745490E+01
   126    0.1046135819E+01
   127    0.1040995007E+01
   128    0.1058817314E+01
   129    0.1040058823E+01
   130    0.1035370663E+01
   131    0.1049279580E+01
   132    0.1024699183E+01
   133    0.1023873201E+01
   134    0.1030696944E+01
   135    0.1005976452E+01
   136    0.1007362188E+01
   137    0.1008145404E+01
   138    0.9872603542E+00
   139    0.9887048120E+00
   140    0.9867400661E+00
   141    0.9705860625E+00
   142    0.9728528339E+00
   143    0.9681253037E+00
   144    0.9590143527E+00
   145    0.9616068016E+00
   146    0.9571422909E+00
   147    0.9517027607E+00
   148    0.9579762519E+00
   149    0.9541618399E+00
   150    0.9514842718E+00
   151    0.9609156090E+00
   152    0.9600433528E+00
   153    0.9574404278E+00
   154    0.9700075528E+00
   155    0.9735244974E+00
   156    0.9697558329E+00
   157    0.9852657875E+00
   158    0.9925012407E+00
   159    0.9870900834E+00
   160    0.1004956823E+01
   161    0.1013846164E+01
   162    0.1007550058E+01
   163    0.1026876428E+01
   164    0.1033574096E+01
   165    0.1026703505E+01
   166    0.1046274262E+01
   167    0.1048157404E+01
   168    0.1041494304E+01
   169    0.1060144190E+01
   170    0.1055196160E+01
   171    0.1048451762E+01
   172    0.1064949943E+01
   173    0.1051249814E+01
   174    0.1048280624E+01
   175    0.1057249095E+01
   176    0.1039616227E+01
   177    0.1039107621E+01
   178    0.1038826489E+01
   179    0.1022858093E+01
   180    0.1021770457E+01
   181    0.1017067380E+01
   182    0.1006321776E+01
   183    0.1005076394E+01
   184    0.9957772609E+00
   185    0.9885902490E+00
   186    0.9913519226E+00
   187    0.9789061208E+00
   188    0.9742021544E+00
   189    0.9812138218E+00
   190    0.9684386679E+00
   191    0.9678881763E+00
   192    0.9804351242E+00
   193    0.9672875178E+00
   194    0.9658933220E+00
   195    0.9823122178E+00
   196    0.9697452947E+00
   197    0.9720436357E+00
   198    0.9957143674E+00
   199    0.9874754403E+00
   200    0.9871119143E+00
   201    0.1010814259E+01
   202    0.1003872252E+01
   203    0.1003877465E+01
   204    0.1025215854E+01
   205    0.1016440312E+01
   206    0.1021593906E+01
   207    0.1041099402E+01
   208    0.1031562530E+01
   209    0.1034019789E+01
   210    0.1044342339E+01
   211    0.1034210386E+01
   212    0.1041474754E+01
   213    0.1050626380E+01
   214    0.1039175011E+01
   215    0.1031940954E+01
   216    0.1025552023E+01
   217    0.1026803170E+01
   218    0.1029198928E+01
   219    0.1013654826E+01
   220    0.1013959185E+01
   221    0.1016255044E+01
   222    0.9941192067E+00
   223    0.9959520885E+00
   224    0.1002707780E+01
   225    0.9786499804E+00
   226    0.9755304158E+00
   227    0.9820647632E+00
   228    0.9624809918E+00
   229    0.9600860551E+00
   230    0.9669707856E+00
   231    0.9449424970E+00
   232    0.9526895718E+00
   233    0.9791301783E+00
   234    0.9598790299E+00
   235    0.9356406309E+00
   236    0.9347440539E+00
   237    0.9353755536E+00
   238    0.9430457274E+00
   239    0.9835233557E+00
   240    0.9719935377E+00
   241    0.9164279278E+00
   242    0.9197501971E+00
   243    0.9405940872E+00
   244    0.9609515734E+00
   245    0.9982970076E+00
   246    0.9590790275E+00
   247    0.9177338721E+00
   248    0.9376366580E+00
   249    0.9557800596E+00
   250    0.9650243923E+00
   251    0.9882274500E+00
   252    0.9865817430E+00
   253    0.9513662513E+00
   254    0.9496295668E+00
   255    0.9723005110E+00
   256    0.9774235886E+00
   257    0.9764476256E+00
   258    0.9834864469E+00
   259    0.9831415342E+00
   260    0.9851358507E+00
   261    0.9912309582E+00
   262    0.9911148180E+00
   263    0.9947315779E+00
   264    0.9964978128E+00
   265    0.9921987210E+00
   266    0.9999959763E+00
   267    0.1006617677E+01
   268    0.1002350212E+01
   269    0.1002403662E+01
   270    0.1008133778E+01
   271    0.1012721222E+01
   272    0.1011871235E+01
   273    0.1007624669E+01
   274    0.1006597709E+01
   275    0.1012386807E+01
   276    0.1014330036E+01
   277    0.1012272428E+01
   278    0.1014037420E+01
   279    0.1015362913E+01
   280    0.1013971910E+01
   281    0.1016732765E+01
   282    0.1017287496E+01
   283    0.1015924820E+01
   284    0.1018754350E+01
   285    0.1018679623E+01
   286    0.1015122435E+01
   287    0.1014164959E+01
   288    0.1018655039E+01
   289    0.1021870575E+01
   290    0.1016803632E+01
   291    0.1014678929E+01
   292    0.1016422867E+01
   293    0.1016453404E+01
   294    0.1015711917E+01
   295    0.1015501702E+01
   296    0.1015135998E+01
   297    0.1013658348E+01
   298    0.1013389520E+01
   299    0.1013789278E+01
   300    0.1012628773E+01
   301    0.1011477932E+01
   302    0.1011326028E+01
   303    0.1011286109E+01
   304    0.1010282637E+01
   305    0.1009498947E+01
   306    0.1009669023E+01
   307    0.1010122982E+01
   308    0.1009515365E+01
   309    0.1008040047E+01
   310    0.1007253432E+01
   311    0.1007021850E+01
   312    0.1007059957E+01
   313    0.1006675247E+01
   314    0.1006219460E+01
   315    0.1005636096E+01
   316    0.1005038936E+01
   317    0.1004843779E+01
   318    0.1004685568E+01
   319    0.1004330590E+01
   320    0.1003879088E+01
   321    0.1003657029E+01
   322    0.1003434718E+01
   323    0.1003042074E+01
   324    0.1002861528E+01
   325    0.1002725633E+01
   326    0.1002456911E+01
   327    0.1002168365E+01
   328    0.1002021799E+01
   329    0.1001862263E+01
   330    0.1001677500E+01
   331    0.1001531607E+01
   332    0.1001389934E+01
   333    0.1001250320E+01
   334    0.1001136143E+01
   335    0.1001039845E+01
   336    0.1000953231E+01
   337    0.1000861463E+01
   338    0.1000754998E+01
   339    0.1000667796E+01
   340    0.1000618163E+01
   341    0.1000551509E+01
   342    0.1000496373E+01
   343    0.1000441198E+01
   344    0.1000384358E+01
   345    0.1000347920E+01
   346    0.1000318796E+01
   347    0.1000279996E+01
   348    0.1000245779E+01
   349    0.1000216917E+01
   350    0.1000195950E+01
   351    0.1000176383E+01
   352    0.1000150930E+01
   353    0.1000132140E+01
   354    0.1000118139E+01
   355    0.1000101745E+01
   356    0.1000088394E+01
   357    0.1000081000E+01
   358    0.1000070287E+01
   359    0.1000059527E+01
   360    0.1000053462E+01
   361    0.1000046458E+01
   362    0.1000040183E+01
   363    0.1000034854E+01
   364    0.1000030092E+01
   365    0.1000026225E+01
   366    0.1000022722E+01
   367    0.1000019917E+01
   368    0.1000017140E+01
   369    0.1000014828E+01
   370    0.1000012703E+01
   371    0.1000010658E+01
   372    0.1000009104E+01
   373    0.1000008036E+01
   374    0.1000006795E+01
   375    0.1000005811E+01
   376    0.1000005158E+01
   377    0.1000004374E+01
   378    0.1000003644E+01
   379    0.1000003041E+01
   380    0.1000002634E+01
   381    0.1000002233E+01
   382    0.1000001904E+01
   383    0.1000001620E+01
   384    0.1000001367E+01
   385    0.1000001144E+01
   386    0.1000000946E+01
   387    0.1000000808E+01
   388    0.1000000685E+01
   389    0.1000000579E+01
   390    0.1000000480E+01
   391    0.1000000400E+01
   392    0.1000000340E+01
   393    0.1000000289E+01
   394    0.1000000239E+01
   395    0.1000000195E+01
   396    0.1000000162E+01
   397    0.1000000133E+01
   398    0.1000000112E+01
   399    0.1000000094E+01
   400    0.1000000079E+01
   401    0.1000000064E+01
   402    0.1000000052E+01
   403    0.1000000043E+01
   404    0.1000000036E+01
   405    0.1000000030E+01
   406    0.1000000025E+01
   407    0.1000000020E+01
   408    0.1000000016E+01
   409    0.1000000013E+01
   410    0.1000000011E+01
   411    0.1000000009E+01
   412    0.1000000007E+01
   413    0.1000000006E+01
   414    0.1000000005E+01
   415    0.1000000004E+01
   416    0.1000000003E+01
   417    0.1000000003E+01
   418    0.1000000002E+01
   419    0.1000000002E+01
   420    0.1000000001E+01
   421    0.1000000001E+01
   422    0.1000000001E+01
   423    0.1000000001E+01
   424    0.1000000001E+01
   425    0.1000000000E+01
   426    0.1000000000E+01
   427    0.1000000000E+01
   428    0.1000000000E+01
   429    0.1000000000E+01
   430    0.1000000000E+01
   431    0.1000000000E+01
   432    0.1000000000E+01
   433    0.1000000000E+01
   434    0.1000000000E+01
   435    0.1000000000E+01
   436    0.1000000000E+01
   437    0.1000000000E+01
   438    0.1000000000E+01
   439    0.1000000000E+01
   440    0.1000000000E+01
   441    0.1000000000E+01
   442    0.1000000000E+01
   443    0.1000000000E+01
   444    0.1000000000E+01
   445    0.1000000000E+01
   446    0.1000000000E+01
   447    0.1000000000E+01
   448    0.1000000000E+01
   449    0.1000000000E+01
   450    0.1000000000E+01
   451    0.1000000000E+01
   452    0.1000000000E+01
   453    0.1000000000E+01
   454    0.1000000000E+01
   455    0.1000000000E+01
   456    0.1000000000E+01
   457    0.1000000000E+01
   458    0.1000000000E+01
   459    0.1000000000E+01
   460    0.1000000000E+01
   461    0.1000000000E+01
   462    0.1000000000E+01
   463    0.1000000000E+01
   464    0.1000000000E+01
   465    0.1000000000E+01
   466    0.1000000000E+01
   467    0.1000000000E+01
   468    0.1000000000E+01
   469    0.1000000000E+01
   470    0.1000000000E+01
   471    0.1000000000E+01
   472    0.1000000000E+01
   473    0.1000000000E+01
   474    0.1000000000E+01
   475    0.1000000000E+01
   476    0.1000000000E+01
   477    0.1000000000E+01
   478    0.1000000000E+01
   479    0.1000000000E+01
   480    0.1000000000E+01
   481    0.1000000000E+01
   482    0.1000000000E+01
   483    0.1000000000E+01
   484    0.1000000000E+01
   485    0.1000000000E+01
   486    0.1000000000E+01
   487    0.1000000000E+01
   488    0.1000000000E+01
   489    0.1000000000E+01
   490    0.1000000000E+01
   491    0.1000000000E+01
   492    0.1000000000E+01
   493    0.1000000000E+01
   494    0.1000000000E+01
   495    0.1000000000E+01
   496    0.1000000000E+01
   497    0.1000000000E+01
   498    0.1000000000E+01
   499    0.1000000000E+01
   500    0.8359375000E+00
   501    0.1640625000E+00
   502    0.0000000000E+00
