    -1    0.0000000000E+00
     0    0.2483493030E+00
     1    0.5700781691E+00
     2    0.9662672483E+00
     3    0.1080024012E+01
     4    0.7834055669E+00
     5    0.1159708378E+01
     6    0.1221790963E+01
     7    0.1194599335E+01
     8    0.9122496606E+00
     9    0.7925852277E+00
    10    0.8329911032E+00
    11    0.1078274310E+01
    12    0.8917731994E+00
    13    0.1018421384E+01
    14    0.1250050947E+01
    15    0.7058723973E+00
    16    0.1126223081E+01
    17    0.1190335227E+01
    18    0.6652826577E+00
    19    0.8748228163E+00
    20    0.1288524266E+01
    21    0.6203687251E+00
    22    0.8002988291E+00
    23    0.1014066923E+01
    24    0.1118841718E+01
    25    0.8458679299E+00
    26    0.4520128763E+00
    27    0.1377312975E+01
    28    0.1078080655E+01
    29    0.3562181077E+00
    30    0.1045451554E+01
    31    0.1031309458E+01
    32    0.8274507372E+00
    33    0.8241910172E+00
    34    0.8703416621E+00
    35    0.1461420178E+01
    36    0.1022619014E+01
    37    0.6651280891E+00
    38    0.1038540202E+01
    39    0.1304280049E+01
    40    0.8326730293E+00
    41    0.9130333669E+00
    42    0.8254175866E+00
    43    0.1184165826E+01
    44    0.8534516408E+00
    45    0.1139712298E+01
    46    0.1113005695E+01
    47    0.8096623272E+00
    48    0.1279713617E+01
    49    0.1256200300E+01
    50    0.7737936579E+00
    51    0.8440278864E+00
    52    0.1019737145E+01
    53    0.7820378263E+00
    54    0.1041122696E+01
    55    0.7963615980E+00
    56    0.7637032936E+00
    57    0.6654027513E+00
    58    0.1160777324E+01
    59    0.7425078190E+00
    60    0.9150507417E+00
    61    0.7906235076E+00
    62    0.7174314011E+00
    63    0.9028229058E+00
    64    0.9568911097E+00
    65    0.9536683633E+00
    66    0.5865629911E+00
    67    0.5809775446E+00
    68    0.9216392421E+00
    69    0.9858120104E+00
    70    0.8355088425E+00
    71    0.8351969342E+00
    72    0.1047310438E+01
    73    0.9485828014E+00
    74    0.1178705545E+01
    75    0.8429333687E+00
    76    0.7459188139E+00
    77    0.1268247122E+01
    78    0.9233062731E+00
    79    0.1129970856E+01
    80    0.8151821043E+00
    81    0.8408281390E+00
    82    0.1318530808E+01
    83    0.1143652366E+01
    84    0.6613220011E+00
    85    0.9649814871E+00
    86    0.8958105899E+00
    87    0.1106694748E+01
    88    0.6046873000E+00
    89    0.7617757893E+00
    90    0.8787764107E+00
    91    0.6200698116E+00
    92    0.8177882722E+00
    93    0.1120155500E+01
    94    0.7952075285E+00
    95    0.8351825887E+00
    96    0.7079395264E+00
    97    0.6779390232E+00
    98    0.5811602285E+00
    99    0.1057468560E+01
   100    0.6445208124E+00
   101    0.8165463695E+00
   102    0.1027029228E+01
   103    0.8915308520E+00
   104    0.7635654532E+00
   105    0.8154451921E+00
   106    0.8763842152E+00
   107    0.9699122937E+00
   108    0.1047457986E+01
   109    0.7728434267E+00
   110    0.1113207151E+01
   111    0.9678968638E+00
   112    0.7575397421E+00
   113    0.1514537016E+01
   114    0.5573796078E+00
   115    0.1117388691E+01
   116    0.1020303835E+01
   117    0.1044925829E+01
   118    0.9522080736E+00
   119    0.1119914975E+01
   120    0.6375291667E+00
   121    0.1058863073E+01
   122    0.6490471026E+00
   123    0.8410918480E+00
   124    0.1107458277E+01
   125    0.7248994785E+00
   126    0.8153083764E+00
   127    0.6193052658E+00
   128    0.1087773116E+01
   129    0.7175045754E+00
   130    0.8762049869E+00
   131    0.8560633922E+00
   132    0.7946588560E+00
   133    0.9393637581E+00
   134    0.9969781457E+00
   135    0.7253331961E+00
   136    0.8203066089E+00
   137    0.9055222093E+00
   138    0.9308100085E+00
   139    0.1020057740E+01
   140    0.6356907099E+00
   141    0.1049949837E+01
   142    0.9572799804E+00
   143    0.8446177799E+00
   144    0.8442715711E+00
   145    0.1156864249E+01
   146    0.9030667200E+00
   147    0.9158670982E+00
   148    0.1125873625E+01
   149    0.1064314590E+01
   150    0.1223108398E+01
   151    0.1011557312E+01
   152    0.9936405710E+00
   153    0.1052594801E+01
   154    0.8427581630E+00
   155    0.8285395820E+00
   156    0.7818842240E+00
   157    0.8183793588E+00
   158    0.6630553905E+00
   159    0.7811004838E+00
   160    0.5456281937E+00
   161    0.9416757204E+00
   162    0.6859400802E+00
   163    0.6758107673E+00
   164    0.6329956682E+00
   165    0.8499634387E+00
   166    0.6117813171E+00
   167    0.5099226072E+00
   168    0.7926251310E+00
   169    0.7783245756E+00
   170    0.6946425809E+00
   171    0.6359912581E+00
   172    0.7379379542E+00
   173    0.8053738334E+00
   174    0.6827171688E+00
   175    0.9943510285E+00
   176    0.1127770974E+01
   177    0.1095389094E+01
   178    0.1189045949E+01
   179    0.1071993461E+01
   180    0.1240837283E+01
   181    0.1144552351E+01
   182    0.1140495694E+01
   183    0.9345053061E+00
   184    0.9317443858E+00
   185    0.9860617963E+00
   186    0.1035422102E+01
   187    0.1012789914E+01
   188    0.9034289492E+00
   189    0.1155726416E+01
   190    0.1041512622E+01
   191    0.1004455228E+01
   192    0.1077017518E+01
   193    0.1016566176E+01
   194    0.1287457248E+01
   195    0.1101312305E+01
   196    0.8504551208E+00
   197    0.9545942042E+00
   198    0.1169754750E+01
   199    0.1250137263E+01
   200    0.1484392899E+01
   201    0.1100915496E+01
   202    0.1229368393E+01
   203    0.1454272149E+01
   204    0.1308678772E+01
   205    0.9959763022E+00
   206    0.9386273368E+00
   207    0.9202071413E+00
   208    0.8520753099E+00
   209    0.9142947853E+00
   210    0.9990727723E+00
   211    0.9450005560E+00
   212    0.8484844360E+00
   213    0.7929742011E+00
   214    0.7886750239E+00
   215    0.8398886231E+00
   216    0.7188486242E+00
   217    0.7592271273E+00
   218    0.7571525894E+00
   219    0.7423951255E+00
   220    0.8360624312E+00
   221    0.9041084374E+00
   222    0.7510400895E+00
   223    0.7545309409E+00
   224    0.8277228452E+00
   225    0.8990452973E+00
   226    0.8603250410E+00
   227    0.9570873366E+00
   228    0.8910261908E+00
   229    0.8388277490E+00
   230    0.7974505687E+00
   231    0.7712347296E+00
   232    0.8806130960E+00
   233    0.1104954262E+01
   234    0.1290435663E+01
   235    0.1288511939E+01
   236    0.1062391019E+01
   237    0.8862898813E+00
   238    0.8311493512E+00
   239    0.1177536269E+01
   240    0.1123971137E+01
   241    0.8754455193E+00
   242    0.8187812034E+00
   243    0.1021538241E+01
   244    0.1200820201E+01
   245    0.1012666718E+01
   246    0.8843510158E+00
   247    0.9403710966E+00
   248    0.1087698119E+01
   249    0.1077204692E+01
   250    0.9932152388E+00
   251    0.9837015684E+00
   252    0.1012278424E+01
   253    0.1004876540E+01
   254    0.1004050555E+01
   255    0.1032241986E+01
   256    0.1005507087E+01
   257    0.9608651485E+00
   258    0.9809147598E+00
   259    0.1030154717E+01
   260    0.9874533959E+00
   261    0.9635959222E+00
   262    0.1043794700E+01
   263    0.1097848647E+01
   264    0.1039813917E+01
   265    0.1019412715E+01
   266    0.1028834165E+01
   267    0.1015953884E+01
   268    0.1013566677E+01
   269    0.1018911355E+01
   270    0.1008473953E+01
   271    0.1005354004E+01
   272    0.1015956189E+01
   273    0.1016678518E+01
   274    0.1005880919E+01
   275    0.1004955480E+01
   276    0.1012103574E+01
   277    0.1011036925E+01
   278    0.1001617166E+01
   279    0.1010618532E+01
   280    0.1023045949E+01
   281    0.1008287973E+01
   282    0.1002519819E+01
   283    0.1004457820E+01
   284    0.1006609928E+01
   285    0.1007437189E+01
   286    0.1007043208E+01
   287    0.1005935989E+01
   288    0.1004525769E+01
   289    0.1004107727E+01
   290    0.1004569010E+01
   291    0.1004814530E+01
   292    0.1003991978E+01
   293    0.1003536399E+01
   294    0.1003544584E+01
   295    0.1003220396E+01
   296    0.1002654387E+01
   297    0.1002879447E+01
   298    0.1002829147E+01
   299    0.1002272084E+01
   300    0.1001907520E+01
   301    0.1001926960E+01
   302    0.1001787921E+01
   303    0.1001523954E+01
   304    0.1001445693E+01
   305    0.1001296954E+01
   306    0.1001118510E+01
   307    0.1001035603E+01
   308    0.1001038718E+01
   309    0.1000954472E+01
   310    0.1000819558E+01
   311    0.1000647788E+01
   312    0.1000623414E+01
   313    0.1000583481E+01
   314    0.1000522616E+01
   315    0.1000478235E+01
   316    0.1000390710E+01
   317    0.1000335442E+01
   318    0.1000341032E+01
   319    0.1000312486E+01
   320    0.1000261863E+01
   321    0.1000226577E+01
   322    0.1000201273E+01
   323    0.1000201405E+01
   324    0.1000172424E+01
   325    0.1000135146E+01
   326    0.1000125356E+01
   327    0.1000110239E+01
   328    0.1000088572E+01
   329    0.1000083038E+01
   330    0.1000081880E+01
   331    0.1000062460E+01
   332    0.1000055098E+01
   333    0.1000051666E+01
   334    0.1000043548E+01
   335    0.1000037577E+01
   336    0.1000031706E+01
   337    0.1000027606E+01
   338    0.1000024400E+01
   339    0.1000021350E+01
   340    0.1000019093E+01
   341    0.1000016400E+01
   342    0.1000014350E+01
   343    0.1000011390E+01
   344    0.1000008937E+01
   345    0.1000008430E+01
   346    0.1000007469E+01
   347    0.1000005865E+01
   348    0.1000005725E+01
   349    0.1000005163E+01
   350    0.1000004199E+01
   351    0.1000003227E+01
   352    0.1000002676E+01
   353    0.1000002464E+01
   354    0.1000002072E+01
   355    0.1000001802E+01
   356    0.1000001524E+01
   357    0.1000001289E+01
   358    0.1000000988E+01
   359    0.1000000834E+01
   360    0.1000000747E+01
   361    0.1000000635E+01
   362    0.1000000539E+01
   363    0.1000000425E+01
   364    0.1000000368E+01
   365    0.1000000331E+01
   366    0.1000000278E+01
   367    0.1000000218E+01
   368    0.1000000176E+01
   369    0.1000000140E+01
   370    0.1000000117E+01
   371    0.1000000102E+01
   372    0.1000000091E+01
   373    0.1000000073E+01
   374    0.1000000056E+01
   375    0.1000000044E+01
   376    0.1000000038E+01
   377    0.1000000033E+01
   378    0.1000000029E+01
   379    0.1000000023E+01
   380    0.1000000017E+01
   381    0.1000000014E+01
   382    0.1000000012E+01
   383    0.1000000009E+01
   384    0.1000000008E+01
   385    0.1000000007E+01
   386    0.1000000005E+01
   387    0.1000000004E+01
   388    0.1000000004E+01
   389    0.1000000003E+01
   390    0.1000000002E+01
   391    0.1000000002E+01
   392    0.1000000002E+01
   393    0.1000000001E+01
   394    0.1000000001E+01
   395    0.1000000001E+01
   396    0.1000000001E+01
   397    0.1000000001E+01
   398    0.1000000000E+01
   399    0.1000000000E+01
   400    0.1000000000E+01
   401    0.1000000000E+01
   402    0.1000000000E+01
   403    0.1000000000E+01
   404    0.1000000000E+01
   405    0.1000000000E+01
   406    0.1000000000E+01
   407    0.1000000000E+01
   408    0.1000000000E+01
   409    0.1000000000E+01
   410    0.1000000000E+01
   411    0.1000000000E+01
   412    0.1000000000E+01
   413    0.1000000000E+01
   414    0.1000000000E+01
   415    0.1000000000E+01
   416    0.1000000000E+01
   417    0.1000000000E+01
   418    0.1000000000E+01
   419    0.1000000000E+01
   420    0.1000000000E+01
   421    0.1000000000E+01
   422    0.1000000000E+01
   423    0.1000000000E+01
   424    0.1000000000E+01
   425    0.1000000000E+01
   426    0.1000000000E+01
   427    0.1000000000E+01
   428    0.1000000000E+01
   429    0.1000000000E+01
   430    0.1000000000E+01
   431    0.1000000000E+01
   432    0.1000000000E+01
   433    0.1000000000E+01
   434    0.1000000000E+01
   435    0.1000000000E+01
   436    0.1000000000E+01
   437    0.1000000000E+01
   438    0.1000000000E+01
   439    0.1000000000E+01
   440    0.1000000000E+01
   441    0.1000000000E+01
   442    0.1000000000E+01
   443    0.1000000000E+01
   444    0.1000000000E+01
   445    0.1000000000E+01
   446    0.1000000000E+01
   447    0.1000000000E+01
   448    0.1000000000E+01
   449    0.1000000000E+01
   450    0.1000000000E+01
   451    0.1000000000E+01
   452    0.1000000000E+01
   453    0.1000000000E+01
   454    0.1000000000E+01
   455    0.1000000000E+01
   456    0.1000000000E+01
   457    0.1000000000E+01
   458    0.1000000000E+01
   459    0.1000000000E+01
   460    0.1000000000E+01
   461    0.1000000000E+01
   462    0.1000000000E+01
   463    0.1000000000E+01
   464    0.1000000000E+01
   465    0.1000000000E+01
   466    0.1000000000E+01
   467    0.1000000000E+01
   468    0.1000000000E+01
   469    0.1000000000E+01
   470    0.1000000000E+01
   471    0.1000000000E+01
   472    0.1000000000E+01
   473    0.1000000000E+01
   474    0.1000000000E+01
   475    0.1000000000E+01
   476    0.1000000000E+01
   477    0.1000000000E+01
   478    0.1000000000E+01
   479    0.1000000000E+01
   480    0.1000000000E+01
   481    0.1000000000E+01
   482    0.1000000000E+01
   483    0.1000000000E+01
   484    0.1000000000E+01
   485    0.1000000000E+01
   486    0.1000000000E+01
   487    0.1000000000E+01
   488    0.1000000000E+01
   489    0.1000000000E+01
   490    0.1000000000E+01
   491    0.1000000000E+01
   492    0.1000000000E+01
   493    0.1000000000E+01
   494    0.1000000000E+01
   495    0.1000000000E+01
   496    0.1000000000E+01
   497    0.1000000000E+01
   498    0.1000000000E+01
   499    0.1000000000E+01
   500    0.8359375000E+00
   501    0.1640625000E+00
   502    0.0000000000E+00
