    -1    0.2885571217E+00
     0    0.8671476935E+00
     1    0.8927860917E+00
     2    0.6517250797E+00
     3    0.5281284706E+00
     4    0.4464374663E+00
     5    0.7800472625E+00
     6    0.6867682112E+00
     7    0.2894344099E+00
     8    0.6482049252E+00
     9    0.3920381668E+00
    10    0.1164054181E+01
    11    0.8619541772E+00
    12    0.2502398589E+00
    13    0.5533359585E+00
    14    0.5672498618E+00
    15    0.7785221494E+00
    16    0.6508641541E+00
    17    0.9125472150E+00
    18    0.9846916101E+00
    19    0.5546691238E+00
    20    0.4718767094E+00
    21    0.1088011502E+01
    22    0.1065129547E+01
    23    0.9292319504E+00
    24    0.1027881478E+01
    25    0.1539384213E+01
    26    0.1268627453E+01
    27    0.8183906970E+00
    28    0.1482464338E+01
    29    0.1196984009E+01
    30    0.1362220346E+01
    31    0.6837967941E+00
    32    0.1439639591E+01
    33    0.1684238617E+01
    34    0.1658304332E+01
    35    0.1453471983E+01
    36    0.1152338304E+01
    37    0.8401881713E+00
    38    0.1315360162E+01
    39    0.9286305241E+00
    40    0.8341214801E+00
    41    0.1013369949E+01
    42    0.9973839755E+00
    43    0.7194736904E+00
    44    0.9124189764E+00
    45    0.6087207173E+00
    46    0.6081505335E+00
    47    0.8696218047E+00
    48    0.6316294336E+00
    49    0.7088467942E+00
    50    0.7997992765E+00
    51    0.5553655812E+00
    52    0.1039582933E+01
    53    0.8638077261E+00
    54    0.3473648130E+00
    55    0.6395843216E+00
    56    0.8855762964E+00
    57    0.9352289235E+00
    58    0.1030247519E+01
    59    0.7487256431E+00
    60    0.6963864021E+00
    61    0.1141810735E+01
    62    0.1215408277E+01
    63    0.8050319159E+00
    64    0.8278610711E+00
    65    0.6814431544E+00
    66    0.7731264808E+00
    67    0.1145757883E+01
    68    0.8688526582E+00
    69    0.7920749497E+00
    70    0.9600495038E+00
    71    0.8485132503E+00
    72    0.1026840391E+01
    73    0.1484982178E+01
    74    0.7255974113E+00
    75    0.1028548336E+01
    76    0.7949712638E+00
    77    0.1053694163E+01
    78    0.9083532165E+00
    79    0.9012341398E+00
    80    0.9615410531E+00
    81    0.1015087697E+01
    82    0.1006729611E+01
    83    0.8100062535E+00
    84    0.9080114833E+00
    85    0.7605038301E+00
    86    0.1372391635E+01
    87    0.1152739717E+01
    88    0.1073313284E+01
    89    0.7552482240E+00
    90    0.1153259097E+01
    91    0.6662880635E+00
    92    0.9956644357E+00
    93    0.6782520570E+00
    94    0.1079142378E+01
    95    0.9928530923E+00
    96    0.3469138430E+00
    97    0.6341773642E+00
    98    0.1563746192E+01
    99    0.1385012417E+01
   100    0.9878274182E+00
   101    0.6827404080E+00
   102    0.1082849727E+01
   103    0.1092363194E+01
   104    0.1186943083E+01
   105    0.1090597014E+01
   106    0.1035193896E+01
   107    0.7574333785E+00
   108    0.4140766498E+00
   109    0.8407596696E+00
   110    0.5592204667E+00
   111    0.7938835666E+00
   112    0.7425907232E+00
   113    0.5860092652E+00
   114    0.6788932779E+00
   115    0.3863355846E+00
   116    0.7171322258E+00
   117    0.7612095047E+00
   118    0.6228473725E+00
   119    0.4201798800E+00
   120    0.4054727187E+00
   121    0.7805054946E+00
   122    0.6601333747E+00
   123    0.4347201356E+00
   124    0.5229936569E+00
   125    0.6889643886E+00
   126    0.1276575293E+01
   127    0.7603178261E+00
   128    0.3299290329E+00
   129    0.8252166077E+00
   130    0.6373508725E+00
   131    0.9705965129E+00
   132    0.1681514298E+01
   133    0.1137382531E+01
   134    0.1119548719E+01
   135    0.9140058568E+00
   136    0.1215970766E+01
   137    0.1279124573E+01
   138    0.8540623992E+00
   139    0.1671299157E+01
   140    0.1581150033E+01
   141    0.1414195553E+01
   142    0.1576285821E+01
   143    0.1498980992E+01
   144    0.1495470704E+01
   145    0.1301833138E+01
   146    0.1452749491E+01
   147    0.9728254607E+00
   148    0.1274807314E+01
   149    0.9484226739E+00
   150    0.8859724870E+00
   151    0.8277981777E+00
   152    0.7257159789E+00
   153    0.8560610257E+00
   154    0.6397702991E+00
   155    0.4412914534E+00
   156    0.7279421424E+00
   157    0.4818824258E+00
   158    0.5745482204E+00
   159    0.4873430221E+00
   160    0.4643727018E+00
   161    0.7183940963E+00
   162    0.3419594390E+00
   163    0.3958804686E+00
   164    0.6105166333E+00
   165    0.2171685521E+00
   166    0.3598026501E+00
   167    0.4620558361E+00
   168    0.5559327169E+00
   169    0.4664378934E+00
   170    0.3723065106E+00
   171    0.3582150708E+00
   172    0.6090458620E+00
   173    0.7878317699E+00
   174    0.5258385335E+00
   175    0.4225303791E+00
   176    0.5777598859E+00
   177    0.5216431560E+00
   178    0.5467065113E+00
   179    0.4908583672E+00
   180    0.4832036940E+00
   181    0.6037840617E+00
   182    0.6347099622E+00
   183    0.9588284150E+00
   184    0.4085741013E+00
   185    0.9418571795E+00
   186    0.1197899691E+01
   187    0.8171667202E+00
   188    0.1657256839E+01
   189    0.1479951044E+01
   190    0.1779612962E+01
   191    0.1794861235E+01
   192    0.1637610611E+01
   193    0.1532328002E+01
   194    0.1987096922E+01
   195    0.1996357536E+01
   196    0.1455029457E+01
   197    0.9585304271E+00
   198    0.1023809839E+01
   199    0.1167371158E+01
   200    0.9728694631E+00
   201    0.8698841367E+00
   202    0.7640024468E+00
   203    0.7056440010E+00
   204    0.7762022990E+00
   205    0.7392748997E+00
   206    0.6112527674E+00
   207    0.6377526333E+00
   208    0.6730278694E+00
   209    0.6094024464E+00
   210    0.5924598814E+00
   211    0.5752111136E+00
   212    0.6072426385E+00
   213    0.6539512284E+00
   214    0.5423039714E+00
   215    0.6397210654E+00
   216    0.7859979146E+00
   217    0.6931450323E+00
   218    0.6292742489E+00
   219    0.7097811051E+00
   220    0.6837972470E+00
   221    0.6622335324E+00
   222    0.6558992610E+00
   223    0.8146455810E+00
   224    0.8653418072E+00
   225    0.1025398197E+01
   226    0.8913470270E+00
   227    0.7252417626E+00
   228    0.9865377675E+00
   229    0.1562009925E+01
   230    0.1483396477E+01
   231    0.9188646614E+00
   232    0.8292943151E+00
   233    0.1067167180E+01
   234    0.1122849779E+01
   235    0.1174352330E+01
   236    0.1194137986E+01
   237    0.8588806681E+00
   238    0.8302748846E+00
   239    0.9916833725E+00
   240    0.1003725228E+01
   241    0.8846546684E+00
   242    0.9479963966E+00
   243    0.1038464321E+01
   244    0.9297768778E+00
   245    0.8736667964E+00
   246    0.1051020910E+01
   247    0.1113045821E+01
   248    0.9502719783E+00
   249    0.8953420196E+00
   250    0.1035281728E+01
   251    0.1127382274E+01
   252    0.9972248783E+00
   253    0.9431196293E+00
   254    0.1007672778E+01
   255    0.1045307183E+01
   256    0.1016804520E+01
   257    0.1003301068E+01
   258    0.1013722187E+01
   259    0.1011440123E+01
   260    0.1012871364E+01
   261    0.1024166084E+01
   262    0.1013339792E+01
   263    0.9984100843E+00
   264    0.1017728134E+01
   265    0.1042653670E+01
   266    0.9869816294E+00
   267    0.9799453766E+00
   268    0.1072071517E+01
   269    0.1055126651E+01
   270    0.9967562557E+00
   271    0.1009569961E+01
   272    0.1023677345E+01
   273    0.1016730701E+01
   274    0.1014583153E+01
   275    0.1017407899E+01
   276    0.1011359776E+01
   277    0.1008814935E+01
   278    0.1014186324E+01
   279    0.1014597067E+01
   280    0.1008848379E+01
   281    0.1007568445E+01
   282    0.1010601583E+01
   283    0.1010802697E+01
   284    0.1005387463E+01
   285    0.1008068600E+01
   286    0.1019275982E+01
   287    0.1010850425E+01
   288    0.1004109396E+01
   289    0.1004767913E+01
   290    0.1006230743E+01
   291    0.1007195262E+01
   292    0.1007086211E+01
   293    0.1006284367E+01
   294    0.1005166666E+01
   295    0.1004285637E+01
   296    0.1004557742E+01
   297    0.1004800563E+01
   298    0.1004260266E+01
   299    0.1003694969E+01
   300    0.1003562326E+01
   301    0.1003422996E+01
   302    0.1002805601E+01
   303    0.1002834912E+01
   304    0.1002831583E+01
   305    0.1002489709E+01
   306    0.1002018451E+01
   307    0.1001941478E+01
   308    0.1001859381E+01
   309    0.1001626962E+01
   310    0.1001476951E+01
   311    0.1001358905E+01
   312    0.1001200703E+01
   313    0.1001067222E+01
   314    0.1001036292E+01
   315    0.1000986925E+01
   316    0.1000864833E+01
   317    0.1000714865E+01
   318    0.1000630236E+01
   319    0.1000609680E+01
   320    0.1000540481E+01
   321    0.1000497139E+01
   322    0.1000427218E+01
   323    0.1000355087E+01
   324    0.1000339188E+01
   325    0.1000326139E+01
   326    0.1000278121E+01
   327    0.1000239554E+01
   328    0.1000208972E+01
   329    0.1000199930E+01
   330    0.1000184171E+01
   331    0.1000146102E+01
   332    0.1000128606E+01
   333    0.1000117524E+01
   334    0.1000096545E+01
   335    0.1000083629E+01
   336    0.1000083796E+01
   337    0.1000069755E+01
   338    0.1000056255E+01
   339    0.1000053931E+01
   340    0.1000046077E+01
   341    0.1000039552E+01
   342    0.1000034076E+01
   343    0.1000029005E+01
   344    0.1000025649E+01
   345    0.1000022291E+01
   346    0.1000020081E+01
   347    0.1000017017E+01
   348    0.1000015106E+01
   349    0.1000012526E+01
   350    0.1000009813E+01
   351    0.1000008642E+01
   352    0.1000007955E+01
   353    0.1000006447E+01
   354    0.1000005683E+01
   355    0.1000005397E+01
   356    0.1000004475E+01
   357    0.1000003578E+01
   358    0.1000002844E+01
   359    0.1000002575E+01
   360    0.1000002201E+01
   361    0.1000001893E+01
   362    0.1000001612E+01
   363    0.1000001374E+01
   364    0.1000001100E+01
   365    0.1000000887E+01
   366    0.1000000785E+01
   367    0.1000000672E+01
   368    0.1000000578E+01
   369    0.1000000462E+01
   370    0.1000000387E+01
   371    0.1000000342E+01
   372    0.1000000296E+01
   373    0.1000000238E+01
   374    0.1000000190E+01
   375    0.1000000154E+01
   376    0.1000000126E+01
   377    0.1000000108E+01
   378    0.1000000094E+01
   379    0.1000000080E+01
   380    0.1000000062E+01
   381    0.1000000048E+01
   382    0.1000000041E+01
   383    0.1000000035E+01
   384    0.1000000030E+01
   385    0.1000000025E+01
   386    0.1000000019E+01
   387    0.1000000015E+01
   388    0.1000000013E+01
   389    0.1000000010E+01
   390    0.1000000009E+01
   391    0.1000000007E+01
   392    0.1000000006E+01
   393    0.1000000005E+01
   394    0.1000000004E+01
   395    0.1000000003E+01
   396    0.1000000002E+01
   397    0.1000000002E+01
   398    0.1000000002E+01
   399    0.1000000001E+01
   400    0.1000000001E+01
   401    0.1000000001E+01
   402    0.1000000001E+01
   403    0.1000000001E+01
   404    0.1000000000E+01
   405    0.1000000000E+01
   406    0.1000000000E+01
   407    0.1000000000E+01
   408    0.1000000000E+01
   409    0.1000000000E+01
   410    0.1000000000E+01
   411    0.1000000000E+01
   412    0.1000000000E+01
   413    0.1000000000E+01
   414    0.1000000000E+01
   415    0.1000000000E+01
   416    0.1000000000E+01
   417    0.1000000000E+01
   418    0.1000000000E+01
   419    0.1000000000E+01
   420    0.1000000000E+01
   421    0.1000000000E+01
   422    0.1000000000E+01
   423    0.1000000000E+01
   424    0.1000000000E+01
   425    0.1000000000E+01
   426    0.1000000000E+01
   427    0.1000000000E+01
   428    0.1000000000E+01
   429    0.1000000000E+01
   430    0.1000000000E+01
   431    0.1000000000E+01
   432    0.1000000000E+01
   433    0.1000000000E+01
   434    0.1000000000E+01
   435    0.1000000000E+01
   436    0.1000000000E+01
   437    0.1000000000E+01
   438    0.1000000000E+01
   439    0.1000000000E+01
   440    0.1000000000E+01
   441    0.1000000000E+01
   442    0.1000000000E+01
   443    0.1000000000E+01
   444    0.1000000000E+01
   445    0.1000000000E+01
   446    0.1000000000E+01
   447    0.1000000000E+01
   448    0.1000000000E+01
   449    0.1000000000E+01
   450    0.1000000000E+01
   451    0.1000000000E+01
   452    0.1000000000E+01
   453    0.1000000000E+01
   454    0.1000000000E+01
   455    0.1000000000E+01
   456    0.1000000000E+01
   457    0.1000000000E+01
   458    0.1000000000E+01
   459    0.1000000000E+01
   460    0.1000000000E+01
   461    0.1000000000E+01
   462    0.1000000000E+01
   463    0.1000000000E+01
   464    0.1000000000E+01
   465    0.1000000000E+01
   466    0.1000000000E+01
   467    0.1000000000E+01
   468    0.1000000000E+01
   469    0.1000000000E+01
   470    0.1000000000E+01
   471    0.1000000000E+01
   472    0.1000000000E+01
   473    0.1000000000E+01
   474    0.1000000000E+01
   475    0.1000000000E+01
   476    0.1000000000E+01
   477    0.1000000000E+01
   478    0.1000000000E+01
   479    0.1000000000E+01
   480    0.1000000000E+01
   481    0.1000000000E+01
   482    0.1000000000E+01
   483    0.1000000000E+01
   484    0.1000000000E+01
   485    0.1000000000E+01
   486    0.1000000000E+01
   487    0.1000000000E+01
   488    0.1000000000E+01
   489    0.1000000000E+01
   490    0.1000000000E+01
   491    0.1000000000E+01
   492    0.1000000000E+01
   493    0.1000000000E+01
   494    0.1000000000E+01
   495    0.1000000000E+01
   496    0.1000000000E+01
   497    0.1000000000E+01
   498    0.1000000000E+01
   499    0.1000000000E+01
   500    0.8359375000E+00
   501    0.1640625000E+00
   502    0.0000000000E+00
