    -1    0.0000000000E+00
     0    0.3064235498E+00
     1    0.8536639582E+00
     2    0.1065390042E+01
     3    0.1043373026E+01
     4    0.8579270903E+00
     5    0.6296471756E+00
     6    0.1123081288E+01
     7    0.1244646427E+01
     8    0.9588503943E+00
     9    0.6683390826E+00
    10    0.7707469144E+00
    11    0.1076164106E+01
    12    0.1063014092E+01
    13    0.1359906377E+01
    14    0.6914705477E+00
    15    0.9842858264E+00
    16    0.1213493691E+01
    17    0.6389777525E+00
    18    0.6619651683E+00
    19    0.1537717090E+01
    20    0.1257752681E+01
    21    0.7915800630E+00
    22    0.1109968488E+01
    23    0.9850880531E+00
    24    0.7647456274E+00
    25    0.8098809068E+00
    26    0.1164389467E+01
    27    0.1575406291E+01
    28    0.8377187217E+00
    29    0.6206200336E+00
    30    0.6474661988E+00
    31    0.1083353524E+01
    32    0.1169479520E+01
    33    0.1016932545E+01
    34    0.8594127725E+00
    35    0.1026098641E+01
    36    0.1145727106E+01
    37    0.6718640544E+00
    38    0.6411574376E+00
    39    0.1049138209E+01
    40    0.1015402327E+01
    41    0.8402861384E+00
    42    0.1161174103E+01
    43    0.9212053485E+00
    44    0.7312828880E+00
    45    0.1185985001E+01
    46    0.1003167912E+01
    47    0.1006658991E+01
    48    0.5283979604E+00
    49    0.1081135216E+01
    50    0.1147980604E+01
    51    0.1213823677E+01
    52    0.3314775447E+00
    53    0.1033516951E+01
    54    0.1442309412E+01
    55    0.8517702164E+00
    56    0.6924617734E+00
    57    0.9611184801E+00
    58    0.7391384800E+00
    59    0.7369308673E+00
    60    0.1316730032E+01
    61    0.8860945615E+00
    62    0.8234752278E+00
    63    0.6770139924E+00
    64    0.8682881653E+00
    65    0.1021945091E+01
    66    0.6321180436E+00
    67    0.7101228979E+00
    68    0.9600872935E+00
    69    0.7331598083E+00
    70    0.9987868144E+00
    71    0.9137726639E+00
    72    0.1140474949E+01
    73    0.1378941684E+01
    74    0.4404473454E+00
    75    0.7553037843E+00
    76    0.1256834002E+01
    77    0.1111586406E+01
    78    0.1072864146E+01
    79    0.1073887404E+01
    80    0.9937019684E+00
    81    0.1028514984E+01
    82    0.1013623543E+01
    83    0.6978064505E+00
    84    0.1202934579E+01
    85    0.1095408581E+01
    86    0.7059950520E+00
    87    0.6975005553E+00
    88    0.1055058842E+01
    89    0.9362696840E+00
    90    0.4657956240E+00
    91    0.7338253610E+00
    92    0.9276460610E+00
    93    0.8342898807E+00
    94    0.6130726239E+00
    95    0.1015011055E+01
    96    0.6899639175E+00
    97    0.7539118411E+00
    98    0.9308429855E+00
    99    0.1032712428E+01
   100    0.6587063824E+00
   101    0.6495720328E+00
   102    0.1077756123E+01
   103    0.6324572706E+00
   104    0.5968247661E+00
   105    0.8797270770E+00
   106    0.8983247709E+00
   107    0.9611994483E+00
   108    0.8314384753E+00
   109    0.9452138066E+00
   110    0.1171261158E+01
   111    0.7673821312E+00
   112    0.9389207930E+00
   113    0.1029561149E+01
   114    0.1249331947E+01
   115    0.1012041250E+01
   116    0.8658202642E+00
   117    0.1210674494E+01
   118    0.9276178432E+00
   119    0.7590048302E+00
   120    0.1033388373E+01
   121    0.1038946538E+01
   122    0.8277041974E+00
   123    0.8274356504E+00
   124    0.1074808702E+01
   125    0.9672957432E+00
   126    0.6208344706E+00
   127    0.8571546044E+00
   128    0.8723669909E+00
   129    0.7889483832E+00
   130    0.7597692324E+00
   131    0.6946622686E+00
   132    0.1120584949E+01
   133    0.1053270256E+01
   134    0.5170928498E+00
   135    0.6009082986E+00
   136    0.5954483015E+00
   137    0.1081788379E+01
   138    0.1052682804E+01
   139    0.6049833964E+00
   140    0.1018235164E+01
   141    0.9512018777E+00
   142    0.9607984272E+00
   143    0.9561205853E+00
   144    0.7555203711E+00
   145    0.6879512415E+00
   146    0.1315267063E+01
   147    0.1223882993E+01
   148    0.8329664252E+00
   149    0.1296641277E+01
   150    0.9796222490E+00
   151    0.1187265903E+01
   152    0.1290513005E+01
   153    0.7765805482E+00
   154    0.9447927365E+00
   155    0.9264496335E+00
   156    0.8883780431E+00
   157    0.9274990245E+00
   158    0.8125971839E+00
   159    0.7982291650E+00
   160    0.7016068037E+00
   161    0.7248299737E+00
   162    0.7206794177E+00
   163    0.8153502170E+00
   164    0.3632264213E+00
   165    0.5753039817E+00
   166    0.7667598808E+00
   167    0.8588654114E+00
   168    0.6175742556E+00
   169    0.4592962627E+00
   170    0.6278104777E+00
   171    0.6857305633E+00
   172    0.9582682733E+00
   173    0.7033118449E+00
   174    0.6851638129E+00
   175    0.8614273743E+00
   176    0.1214860668E+01
   177    0.1181451424E+01
   178    0.9239022292E+00
   179    0.1011340540E+01
   180    0.1203089578E+01
   181    0.1069074430E+01
   182    0.8149200106E+00
   183    0.9599949566E+00
   184    0.1099387419E+01
   185    0.7986573120E+00
   186    0.1087088092E+01
   187    0.9607639438E+00
   188    0.8869055470E+00
   189    0.1310453857E+01
   190    0.1087660844E+01
   191    0.1275984786E+01
   192    0.9485577901E+00
   193    0.1244372393E+01
   194    0.1340588937E+01
   195    0.1003694496E+01
   196    0.8231440991E+00
   197    0.1205648132E+01
   198    0.1195690483E+01
   199    0.1535509988E+01
   200    0.1395490236E+01
   201    0.1168467560E+01
   202    0.1413283237E+01
   203    0.1357374903E+01
   204    0.1253979776E+01
   205    0.7931415673E+00
   206    0.8591512176E+00
   207    0.9253528509E+00
   208    0.8371623031E+00
   209    0.8542007892E+00
   210    0.9234505104E+00
   211    0.8515270782E+00
   212    0.8463136881E+00
   213    0.7131150895E+00
   214    0.7174949814E+00
   215    0.7207257496E+00
   216    0.7613381310E+00
   217    0.6902100036E+00
   218    0.6771790394E+00
   219    0.6622979593E+00
   220    0.8167523632E+00
   221    0.8141736800E+00
   222    0.6952127547E+00
   223    0.6230629374E+00
   224    0.8205225365E+00
   225    0.8639568808E+00
   226    0.8217050124E+00
   227    0.9106718873E+00
   228    0.9421402318E+00
   229    0.8195782950E+00
   230    0.7627128421E+00
   231    0.7884562220E+00
   232    0.9947704574E+00
   233    0.1291327107E+01
   234    0.1507487624E+01
   235    0.1242262318E+01
   236    0.9871975184E+00
   237    0.8512617724E+00
   238    0.9106081812E+00
   239    0.1258415706E+01
   240    0.1035495779E+01
   241    0.8347713166E+00
   242    0.8558329239E+00
   243    0.1110670722E+01
   244    0.1147626095E+01
   245    0.9501201008E+00
   246    0.8809624699E+00
   247    0.9859734198E+00
   248    0.1115632536E+01
   249    0.1052351474E+01
   250    0.9786658786E+00
   251    0.9902680434E+00
   252    0.1014083801E+01
   253    0.1000076096E+01
   254    0.1010085662E+01
   255    0.1033721617E+01
   256    0.9899560857E+00
   257    0.9550277898E+00
   258    0.9878229614E+00
   259    0.1027803020E+01
   260    0.9764252755E+00
   261    0.9727578611E+00
   262    0.1064820978E+01
   263    0.1093150267E+01
   264    0.1031476874E+01
   265    0.1026078825E+01
   266    0.1027027288E+01
   267    0.1012018110E+01
   268    0.1016651032E+01
   269    0.1017461349E+01
   270    0.1004960702E+01
   271    0.1007657388E+01
   272    0.1018396218E+01
   273    0.1013742031E+01
   274    0.1004294822E+01
   275    0.1006345263E+01
   276    0.1013411321E+01
   277    0.1008366600E+01
   278    0.1001100685E+01
   279    0.1016296042E+01
   280    0.1020487833E+01
   281    0.1005507580E+01
   282    0.1002556147E+01
   283    0.1004978553E+01
   284    0.1007183379E+01
   285    0.1007375726E+01
   286    0.1006715510E+01
   287    0.1005676216E+01
   288    0.1004165608E+01
   289    0.1004159421E+01
   290    0.1004762986E+01
   291    0.1004662576E+01
   292    0.1003747688E+01
   293    0.1003516278E+01
   294    0.1003590880E+01
   295    0.1002928516E+01
   296    0.1002695832E+01
   297    0.1002949390E+01
   298    0.1002691987E+01
   299    0.1002098906E+01
   300    0.1001926648E+01
   301    0.1001900934E+01
   302    0.1001698665E+01
   303    0.1001504790E+01
   304    0.1001407719E+01
   305    0.1001238788E+01
   306    0.1001088398E+01
   307    0.1001030907E+01
   308    0.1001024881E+01
   309    0.1000925789E+01
   310    0.1000765311E+01
   311    0.1000625077E+01
   312    0.1000624391E+01
   313    0.1000556855E+01
   314    0.1000517000E+01
   315    0.1000456464E+01
   316    0.1000364689E+01
   317    0.1000335767E+01
   318    0.1000339755E+01
   319    0.1000295703E+01
   320    0.1000251826E+01
   321    0.1000218007E+01
   322    0.1000199289E+01
   323    0.1000197709E+01
   324    0.1000160822E+01
   325    0.1000130150E+01
   326    0.1000122109E+01
   327    0.1000104536E+01
   328    0.1000084512E+01
   329    0.1000083635E+01
   330    0.1000078130E+01
   331    0.1000058169E+01
   332    0.1000054429E+01
   333    0.1000049905E+01
   334    0.1000041596E+01
   335    0.1000035700E+01
   336    0.1000030565E+01
   337    0.1000026647E+01
   338    0.1000023265E+01
   339    0.1000021016E+01
   340    0.1000018129E+01
   341    0.1000015879E+01
   342    0.1000013636E+01
   343    0.1000010521E+01
   344    0.1000008622E+01
   345    0.1000008310E+01
   346    0.1000006984E+01
   347    0.1000005664E+01
   348    0.1000005709E+01
   349    0.1000004889E+01
   350    0.1000003922E+01
   351    0.1000003003E+01
   352    0.1000002630E+01
   353    0.1000002345E+01
   354    0.1000001993E+01
   355    0.1000001728E+01
   356    0.1000001454E+01
   357    0.1000001206E+01
   358    0.1000000930E+01
   359    0.1000000808E+01
   360    0.1000000713E+01
   361    0.1000000614E+01
   362    0.1000000504E+01
   363    0.1000000403E+01
   364    0.1000000358E+01
   365    0.1000000320E+01
   366    0.1000000260E+01
   367    0.1000000205E+01
   368    0.1000000167E+01
   369    0.1000000130E+01
   370    0.1000000113E+01
   371    0.1000000100E+01
   372    0.1000000086E+01
   373    0.1000000068E+01
   374    0.1000000052E+01
   375    0.1000000042E+01
   376    0.1000000037E+01
   377    0.1000000032E+01
   378    0.1000000027E+01
   379    0.1000000021E+01
   380    0.1000000016E+01
   381    0.1000000014E+01
   382    0.1000000011E+01
   383    0.1000000009E+01
   384    0.1000000008E+01
   385    0.1000000006E+01
   386    0.1000000005E+01
   387    0.1000000004E+01
   388    0.1000000003E+01
   389    0.1000000003E+01
   390    0.1000000002E+01
   391    0.1000000002E+01
   392    0.1000000001E+01
   393    0.1000000001E+01
   394    0.1000000001E+01
   395    0.1000000001E+01
   396    0.1000000001E+01
   397    0.1000000000E+01
   398    0.1000000000E+01
   399    0.1000000000E+01
   400    0.1000000000E+01
   401    0.1000000000E+01
   402    0.1000000000E+01
   403    0.1000000000E+01
   404    0.1000000000E+01
   405    0.1000000000E+01
   406    0.1000000000E+01
   407    0.1000000000E+01
   408    0.1000000000E+01
   409    0.1000000000E+01
   410    0.1000000000E+01
   411    0.1000000000E+01
   412    0.1000000000E+01
   413    0.1000000000E+01
   414    0.1000000000E+01
   415    0.1000000000E+01
   416    0.1000000000E+01
   417    0.1000000000E+01
   418    0.1000000000E+01
   419    0.1000000000E+01
   420    0.1000000000E+01
   421    0.1000000000E+01
   422    0.1000000000E+01
   423    0.1000000000E+01
   424    0.1000000000E+01
   425    0.1000000000E+01
   426    0.1000000000E+01
   427    0.1000000000E+01
   428    0.1000000000E+01
   429    0.1000000000E+01
   430    0.1000000000E+01
   431    0.1000000000E+01
   432    0.1000000000E+01
   433    0.1000000000E+01
   434    0.1000000000E+01
   435    0.1000000000E+01
   436    0.1000000000E+01
   437    0.1000000000E+01
   438    0.1000000000E+01
   439    0.1000000000E+01
   440    0.1000000000E+01
   441    0.1000000000E+01
   442    0.1000000000E+01
   443    0.1000000000E+01
   444    0.1000000000E+01
   445    0.1000000000E+01
   446    0.1000000000E+01
   447    0.1000000000E+01
   448    0.1000000000E+01
   449    0.1000000000E+01
   450    0.1000000000E+01
   451    0.1000000000E+01
   452    0.1000000000E+01
   453    0.1000000000E+01
   454    0.1000000000E+01
   455    0.1000000000E+01
   456    0.1000000000E+01
   457    0.1000000000E+01
   458    0.1000000000E+01
   459    0.1000000000E+01
   460    0.1000000000E+01
   461    0.1000000000E+01
   462    0.1000000000E+01
   463    0.1000000000E+01
   464    0.1000000000E+01
   465    0.1000000000E+01
   466    0.1000000000E+01
   467    0.1000000000E+01
   468    0.1000000000E+01
   469    0.1000000000E+01
   470    0.1000000000E+01
   471    0.1000000000E+01
   472    0.1000000000E+01
   473    0.1000000000E+01
   474    0.1000000000E+01
   475    0.1000000000E+01
   476    0.1000000000E+01
   477    0.1000000000E+01
   478    0.1000000000E+01
   479    0.1000000000E+01
   480    0.1000000000E+01
   481    0.1000000000E+01
   482    0.1000000000E+01
   483    0.1000000000E+01
   484    0.1000000000E+01
   485    0.1000000000E+01
   486    0.1000000000E+01
   487    0.1000000000E+01
   488    0.1000000000E+01
   489    0.1000000000E+01
   490    0.1000000000E+01
   491    0.1000000000E+01
   492    0.1000000000E+01
   493    0.1000000000E+01
   494    0.1000000000E+01
   495    0.1000000000E+01
   496    0.1000000000E+01
   497    0.1000000000E+01
   498    0.1000000000E+01
   499    0.1000000000E+01
   500    0.8359375000E+00
   501    0.1640625000E+00
   502    0.0000000000E+00
