    -1    0.0000000000E+00
     0    0.1866400509E+00
     1    0.8616118686E+00
     2    0.1001555864E+01
     3    0.1000853941E+01
     4    0.9999991228E+00
     5    0.9986121953E+00
     6    0.9978842306E+00
     7    0.9971834696E+00
     8    0.9959176537E+00
     9    0.9952942522E+00
    10    0.9948474645E+00
    11    0.9939347028E+00
    12    0.9935212449E+00
    13    0.9933776580E+00
    14    0.9929938538E+00
    15    0.9928525703E+00
    16    0.9930226487E+00
    17    0.9932427096E+00
    18    0.9934055185E+00
    19    0.9938356411E+00
    20    0.9946495783E+00
    21    0.9950753912E+00
    22    0.9957098826E+00
    23    0.9969711392E+00
    24    0.9975967798E+00
    25    0.9983291528E+00
    26    0.9998306811E+00
    27    0.1000558360E+01
    28    0.1001226082E+01
    29    0.1002774500E+01
    30    0.1003432280E+01
    31    0.1003906836E+01
    32    0.1005297387E+01
    33    0.1005698424E+01
    34    0.1005919815E+01
    35    0.1006921426E+01
    36    0.1006975324E+01
    37    0.1006891284E+01
    38    0.1007346973E+01
    39    0.1007043871E+01
    40    0.1006634003E+01
    41    0.1006484527E+01
    42    0.1005915166E+01
    43    0.1005160651E+01
    44    0.1004526089E+01
    45    0.1003754686E+01
    46    0.1002754107E+01
    47    0.1001836424E+01
    48    0.1000910307E+01
    49    0.9998817176E+00
    50    0.9988715815E+00
    51    0.9978704778E+00
    52    0.9970819915E+00
    53    0.9960939682E+00
    54    0.9952130769E+00
    55    0.9947765556E+00
    56    0.9940220468E+00
    57    0.9933501901E+00
    58    0.9933733627E+00
    59    0.9929818753E+00
    60    0.9925972489E+00
    61    0.9931032331E+00
    62    0.9931410732E+00
    63    0.9930827311E+00
    64    0.9940053439E+00
    65    0.9944810285E+00
    66    0.9947256098E+00
    67    0.9959382981E+00
    68    0.9967840947E+00
    69    0.9972548998E+00
    70    0.9985906161E+00
    71    0.9996703975E+00
    72    0.1000245423E+01
    73    0.1001513506E+01
    74    0.1002665471E+01
    75    0.1003159041E+01
    76    0.1004241684E+01
    77    0.1005204603E+01
    78    0.1005526048E+01
    79    0.1006253554E+01
    80    0.1006865009E+01
    81    0.1006913314E+01
    82    0.1007183145E+01
    83    0.1007336415E+01
    84    0.1007088689E+01
    85    0.1006841769E+01
    86    0.1006542861E+01
    87    0.1006002598E+01
    88    0.1005312955E+01
    89    0.1004602464E+01
    90    0.1003857767E+01
    91    0.1002886134E+01
    92    0.1001839588E+01
    93    0.1001055545E+01
    94    0.9999838085E+00
    95    0.9987437050E+00
    96    0.9980949884E+00
    97    0.9971026080E+00
    98    0.9958657549E+00
    99    0.9954683845E+00
   100    0.9947407980E+00
   101    0.9936985523E+00
   102    0.9936156112E+00
   103    0.9932840696E+00
   104    0.9926053468E+00
   105    0.9928509819E+00
   106    0.9929550843E+00
   107    0.9927869737E+00
   108    0.9932733389E+00
   109    0.9938385283E+00
   110    0.9941903168E+00
   111    0.9948338280E+00
   112    0.9957862040E+00
   113    0.9965835443E+00
   114    0.9972917197E+00
   115    0.9984714297E+00
   116    0.9995732128E+00
   117    0.1000239181E+01
   118    0.1001443297E+01
   119    0.1002651363E+01
   120    0.1003185772E+01
   121    0.1004178275E+01
   122    0.1005277569E+01
   123    0.1005635265E+01
   124    0.1006174052E+01
   125    0.1007005307E+01
   126    0.1007134433E+01
   127    0.1007074303E+01
   128    0.1007529539E+01
   129    0.1007412337E+01
   130    0.1006708001E+01
   131    0.1006759350E+01
   132    0.1006425111E+01
   133    0.1005139590E+01
   134    0.1004837423E+01
   135    0.1004353991E+01
   136    0.1002665344E+01
   137    0.1002100088E+01
   138    0.1001597058E+01
   139    0.9997103706E+00
   140    0.9990717786E+00
   141    0.9986111536E+00
   142    0.9968465082E+00
   143    0.9962501213E+00
   144    0.9959588883E+00
   145    0.9945551344E+00
   146    0.9941373297E+00
   147    0.9941111077E+00
   148    0.9932266492E+00
   149    0.9931325453E+00
   150    0.9933751795E+00
   151    0.9931188888E+00
   152    0.9934324977E+00
   153    0.9938980189E+00
   154    0.9942974759E+00
   155    0.9950321894E+00
   156    0.9956490054E+00
   157    0.9966093636E+00
   158    0.9977162119E+00
   159    0.9984086323E+00
   160    0.9997471044E+00
   161    0.1001103265E+01
   162    0.1001786241E+01
   163    0.1003245463E+01
   164    0.1004721128E+01
   165    0.1005302989E+01
   166    0.1006607189E+01
   167    0.1008043120E+01
   168    0.1008376989E+01
   169    0.1009368688E+01
   170    0.1010627761E+01
   171    0.1010609661E+01
   172    0.1011179573E+01
   173    0.1012084641E+01
   174    0.1011721293E+01
   175    0.1011812747E+01
   176    0.1012368590E+01
   177    0.1011754238E+01
   178    0.1011370673E+01
   179    0.1011577384E+01
   180    0.1010803885E+01
   181    0.1010092593E+01
   182    0.1010035399E+01
   183    0.1009285640E+01
   184    0.1008424113E+01
   185    0.1008309197E+01
   186    0.1007719042E+01
   187    0.1006873827E+01
   188    0.1006707189E+01
   189    0.1006480928E+01
   190    0.1006051425E+01
   191    0.1006014390E+01
   192    0.1006099933E+01
   193    0.1006130221E+01
   194    0.1006342212E+01
   195    0.1006838435E+01
   196    0.1007360665E+01
   197    0.1007689310E+01
   198    0.1008649727E+01
   199    0.1009772392E+01
   200    0.1010207707E+01
   201    0.1011490233E+01
   202    0.1012788486E+01
   203    0.1013090754E+01
   204    0.1014476121E+01
   205    0.1016004724E+01
   206    0.1016331376E+01
   207    0.1017644733E+01
   208    0.1018826392E+01
   209    0.1018846315E+01
   210    0.1019896619E+01
   211    0.1020469832E+01
   212    0.1019875240E+01
   213    0.1020127622E+01
   214    0.1020101116E+01
   215    0.1019183598E+01
   216    0.1018828877E+01
   217    0.1017871974E+01
   218    0.1016247623E+01
   219    0.1014957514E+01
   220    0.1013189011E+01
   221    0.1011257946E+01
   222    0.1009141050E+01
   223    0.1006547634E+01
   224    0.1004093190E+01
   225    0.1001713552E+01
   226    0.9987324115E+00
   227    0.9960594893E+00
   228    0.9934276740E+00
   229    0.9904028572E+00
   230    0.9876656224E+00
   231    0.9845751788E+00
   232    0.9815439814E+00
   233    0.9793841366E+00
   234    0.9765410969E+00
   235    0.9735728479E+00
   236    0.9717574183E+00
   237    0.9695090840E+00
   238    0.9670810019E+00
   239    0.9656785386E+00
   240    0.9635921112E+00
   241    0.9619556339E+00
   242    0.9612405824E+00
   243    0.9600981569E+00
   244    0.9588220724E+00
   245    0.9583866198E+00
   246    0.9579442962E+00
   247    0.9572398868E+00
   248    0.9574526689E+00
   249    0.9577542158E+00
   250    0.9577388287E+00
   251    0.9580158027E+00
   252    0.9588794812E+00
   253    0.9595892274E+00
   254    0.9606928902E+00
   255    0.9619644724E+00
   256    0.9628850723E+00
   257    0.9640180720E+00
   258    0.9660213752E+00
   259    0.9675157797E+00
   260    0.9688892044E+00
   261    0.9708791854E+00
   262    0.9727462618E+00
   263    0.9746498959E+00
   264    0.9764827800E+00
   265    0.9782712369E+00
   266    0.9805076026E+00
   267    0.9827651264E+00
   268    0.9845447632E+00
   269    0.9865017879E+00
   270    0.9888832164E+00
   271    0.9906778129E+00
   272    0.9922653826E+00
   273    0.9944754604E+00
   274    0.9965567333E+00
   275    0.9982959408E+00
   276    0.1000172703E+01
   277    0.1001654629E+01
   278    0.1003152755E+01
   279    0.1005054385E+01
   280    0.1006400381E+01
   281    0.1007623145E+01
   282    0.1008691714E+01
   283    0.1009945949E+01
   284    0.1011116571E+01
   285    0.1012088100E+01
   286    0.1012864688E+01
   287    0.1013741687E+01
   288    0.1014386627E+01
   289    0.1014968285E+01
   290    0.1015554388E+01
   291    0.1015964034E+01
   292    0.1016328025E+01
   293    0.1016657851E+01
   294    0.1016723487E+01
   295    0.1016708333E+01
   296    0.1016779797E+01
   297    0.1016756922E+01
   298    0.1016598574E+01
   299    0.1016495281E+01
   300    0.1016301374E+01
   301    0.1016012178E+01
   302    0.1015641823E+01
   303    0.1015315055E+01
   304    0.1014932532E+01
   305    0.1014444230E+01
   306    0.1013988130E+01
   307    0.1013588429E+01
   308    0.1013069342E+01
   309    0.1012525981E+01
   310    0.1012033764E+01
   311    0.1011548557E+01
   312    0.1011014103E+01
   313    0.1010498963E+01
   314    0.1009995665E+01
   315    0.1009497363E+01
   316    0.1009031243E+01
   317    0.1008522189E+01
   318    0.1008011484E+01
   319    0.1007532225E+01
   320    0.1007102389E+01
   321    0.1006675939E+01
   322    0.1006251895E+01
   323    0.1005832383E+01
   324    0.1005428468E+01
   325    0.1005059313E+01
   326    0.1004715806E+01
   327    0.1004381902E+01
   328    0.1004049416E+01
   329    0.1003748473E+01
   330    0.1003466823E+01
   331    0.1003190036E+01
   332    0.1002936430E+01
   333    0.1002706344E+01
   334    0.1002481147E+01
   335    0.1002268202E+01
   336    0.1002075197E+01
   337    0.1001896330E+01
   338    0.1001728450E+01
   339    0.1001573345E+01
   340    0.1001429730E+01
   341    0.1001297054E+01
   342    0.1001175695E+01
   343    0.1001063997E+01
   344    0.1000962238E+01
   345    0.1000868653E+01
   346    0.1000781195E+01
   347    0.1000701504E+01
   348    0.1000631309E+01
   349    0.1000565976E+01
   350    0.1000506994E+01
   351    0.1000453442E+01
   352    0.1000404116E+01
   353    0.1000360488E+01
   354    0.1000321711E+01
   355    0.1000285809E+01
   356    0.1000253625E+01
   357    0.1000224769E+01
   358    0.1000199114E+01
   359    0.1000176402E+01
   360    0.1000155449E+01
   361    0.1000136896E+01
   362    0.1000120714E+01
   363    0.1000105979E+01
   364    0.1000092958E+01
   365    0.1000081710E+01
   366    0.1000071561E+01
   367    0.1000062432E+01
   368    0.1000054581E+01
   369    0.1000047607E+01
   370    0.1000041435E+01
   371    0.1000036028E+01
   372    0.1000031273E+01
   373    0.1000027130E+01
   374    0.1000023498E+01
   375    0.1000020337E+01
   376    0.1000017570E+01
   377    0.1000015154E+01
   378    0.1000013054E+01
   379    0.1000011217E+01
   380    0.1000009626E+01
   381    0.1000008274E+01
   382    0.1000007089E+01
   383    0.1000006060E+01
   384    0.1000005193E+01
   385    0.1000004432E+01
   386    0.1000003773E+01
   387    0.1000003207E+01
   388    0.1000002729E+01
   389    0.1000002317E+01
   390    0.1000001965E+01
   391    0.1000001665E+01
   392    0.1000001407E+01
   393    0.1000001189E+01
   394    0.1000001001E+01
   395    0.1000000843E+01
   396    0.1000000710E+01
   397    0.1000000597E+01
   398    0.1000000501E+01
   399    0.1000000419E+01
   400    0.1000000351E+01
   401    0.1000000294E+01
   402    0.1000000245E+01
   403    0.1000000204E+01
   404    0.1000000170E+01
   405    0.1000000141E+01
   406    0.1000000117E+01
   407    0.1000000097E+01
   408    0.1000000081E+01
   409    0.1000000067E+01
   410    0.1000000055E+01
   411    0.1000000045E+01
   412    0.1000000037E+01
   413    0.1000000031E+01
   414    0.1000000025E+01
   415    0.1000000021E+01
   416    0.1000000017E+01
   417    0.1000000014E+01
   418    0.1000000011E+01
   419    0.1000000009E+01
   420    0.1000000008E+01
   421    0.1000000006E+01
   422    0.1000000005E+01
   423    0.1000000004E+01
   424    0.1000000003E+01
   425    0.1000000003E+01
   426    0.1000000002E+01
   427    0.1000000002E+01
   428    0.1000000001E+01
   429    0.1000000001E+01
   430    0.1000000001E+01
   431    0.1000000001E+01
   432    0.1000000001E+01
   433    0.1000000000E+01
   434    0.1000000000E+01
   435    0.1000000000E+01
   436    0.1000000000E+01
   437    0.1000000000E+01
   438    0.1000000000E+01
   439    0.1000000000E+01
   440    0.1000000000E+01
   441    0.1000000000E+01
   442    0.1000000000E+01
   443    0.1000000000E+01
   444    0.1000000000E+01
   445    0.1000000000E+01
   446    0.1000000000E+01
   447    0.1000000000E+01
   448    0.1000000000E+01
   449    0.1000000000E+01
   450    0.1000000000E+01
   451    0.1000000000E+01
   452    0.1000000000E+01
   453    0.1000000000E+01
   454    0.1000000000E+01
   455    0.1000000000E+01
   456    0.1000000000E+01
   457    0.1000000000E+01
   458    0.1000000000E+01
   459    0.1000000000E+01
   460    0.1000000000E+01
   461    0.1000000000E+01
   462    0.1000000000E+01
   463    0.1000000000E+01
   464    0.1000000000E+01
   465    0.1000000000E+01
   466    0.1000000000E+01
   467    0.1000000000E+01
   468    0.1000000000E+01
   469    0.1000000000E+01
   470    0.1000000000E+01
   471    0.1000000000E+01
   472    0.1000000000E+01
   473    0.1000000000E+01
   474    0.1000000000E+01
   475    0.1000000000E+01
   476    0.1000000000E+01
   477    0.1000000000E+01
   478    0.1000000000E+01
   479    0.1000000000E+01
   480    0.1000000000E+01
   481    0.1000000000E+01
   482    0.1000000000E+01
   483    0.1000000000E+01
   484    0.1000000000E+01
   485    0.1000000000E+01
   486    0.1000000000E+01
   487    0.1000000000E+01
   488    0.1000000000E+01
   489    0.1000000000E+01
   490    0.1000000000E+01
   491    0.1000000000E+01
   492    0.1000000000E+01
   493    0.1000000000E+01
   494    0.1000000000E+01
   495    0.1000000000E+01
   496    0.1000000000E+01
   497    0.1000000000E+01
   498    0.1000000000E+01
   499    0.1000000000E+01
   500    0.8359375000E+00
   501    0.1640625000E+00
   502    0.0000000000E+00
