    -1    0.0000000000E+00
     0    0.1640625000E+00
     1    0.8359375000E+00
     2    0.1000000000E+01
     3    0.1000000000E+01
     4    0.1000000000E+01
     5    0.1000000000E+01
     6    0.1000000000E+01
     7    0.1000000000E+01
     8    0.1000000000E+01
     9    0.1000000000E+01
    10    0.1000000000E+01
    11    0.1000000000E+01
    12    0.1000000000E+01
    13    0.1000000000E+01
    14    0.1000000000E+01
    15    0.1000000000E+01
    16    0.1000000000E+01
    17    0.1000000000E+01
    18    0.1000000000E+01
    19    0.1000000000E+01
    20    0.1000000000E+01
    21    0.1000000000E+01
    22    0.1000000000E+01
    23    0.1000000000E+01
    24    0.1000000000E+01
    25    0.1000000000E+01
    26    0.1000000000E+01
    27    0.1000000000E+01
    28    0.1000000000E+01
    29    0.1000000000E+01
    30    0.1000000000E+01
    31    0.1000000000E+01
    32    0.1000000000E+01
    33    0.1000000000E+01
    34    0.1000000000E+01
    35    0.1000000000E+01
    36    0.1000000000E+01
    37    0.1000000000E+01
    38    0.1000000000E+01
    39    0.1000000000E+01
    40    0.1000000000E+01
    41    0.1000000000E+01
    42    0.1000000000E+01
    43    0.1000000000E+01
    44    0.1000000000E+01
    45    0.1000000000E+01
    46    0.1000000000E+01
    47    0.1000000000E+01
    48    0.1000000000E+01
    49    0.1000000000E+01
    50    0.1000000000E+01
    51    0.1000000000E+01
    52    0.1000000000E+01
    53    0.1000000000E+01
    54    0.1000000000E+01
    55    0.1000000000E+01
    56    0.1000000000E+01
    57    0.1000000000E+01
    58    0.1000000000E+01
    59    0.1000000000E+01
    60    0.1000000000E+01
    61    0.1000000000E+01
    62    0.1000000000E+01
    63    0.1000000000E+01
    64    0.1000000000E+01
    65    0.1000000000E+01
    66    0.1000000000E+01
    67    0.1000000000E+01
    68    0.1000000000E+01
    69    0.1000000000E+01
    70    0.1000000000E+01
    71    0.1000000000E+01
    72    0.1000000000E+01
    73    0.1000000000E+01
    74    0.1000000000E+01
    75    0.1000000000E+01
    76    0.1000000000E+01
    77    0.1000000000E+01
    78    0.1000000000E+01
    79    0.1000000000E+01
    80    0.1000000000E+01
    81    0.1000000000E+01
    82    0.1000000000E+01
    83    0.1000000000E+01
    84    0.1000000000E+01
    85    0.1000000000E+01
    86    0.1000000000E+01
    87    0.1000000000E+01
    88    0.1000000000E+01
    89    0.1000000000E+01
    90    0.1000000000E+01
    91    0.1000000000E+01
    92    0.1000000000E+01
    93    0.1000000000E+01
    94    0.1000000000E+01
    95    0.1000000000E+01
    96    0.1000000000E+01
    97    0.1000000000E+01
    98    0.1000000000E+01
    99    0.1000000000E+01
   100    0.1000000000E+01
   101    0.1000000000E+01
   102    0.1000000000E+01
   103    0.1000000000E+01
   104    0.1000000000E+01
   105    0.1000000000E+01
   106    0.1000000000E+01
   107    0.1000000000E+01
   108    0.1000000000E+01
   109    0.1000000000E+01
   110    0.1000000000E+01
   111    0.1000000000E+01
   112    0.1000000000E+01
   113    0.1000000000E+01
   114    0.1000000000E+01
   115    0.1000000000E+01
   116    0.1000000000E+01
   117    0.1000000000E+01
   118    0.1000000000E+01
   119    0.1000000000E+01
   120    0.1000000000E+01
   121    0.1000000000E+01
   122    0.1000000000E+01
   123    0.1000000000E+01
   124    0.1000000000E+01
   125    0.1000000000E+01
   126    0.1000000000E+01
   127    0.1000000000E+01
   128    0.1000000000E+01
   129    0.1000000000E+01
   130    0.1000000000E+01
   131    0.1000000000E+01
   132    0.1000000000E+01
   133    0.1000000000E+01
   134    0.1000000000E+01
   135    0.1000000000E+01
   136    0.1000000000E+01
   137    0.1000000000E+01
   138    0.1000000000E+01
   139    0.1000000000E+01
   140    0.1000000000E+01
   141    0.1000000000E+01
   142    0.1000000000E+01
   143    0.1000000000E+01
   144    0.1000000000E+01
   145    0.1000000000E+01
   146    0.1000000000E+01
   147    0.1000000000E+01
   148    0.1000000000E+01
   149    0.1000000000E+01
   150    0.1000000000E+01
   151    0.1000000000E+01
   152    0.1000000000E+01
   153    0.1000000000E+01
   154    0.1000000000E+01
   155    0.1000000000E+01
   156    0.1000000000E+01
   157    0.1000000000E+01
   158    0.1000000000E+01
   159    0.1000000000E+01
   160    0.1000000000E+01
   161    0.1000000000E+01
   162    0.1000000000E+01
   163    0.1000000000E+01
   164    0.1000000000E+01
   165    0.1000000000E+01
   166    0.1000000000E+01
   167    0.1000000000E+01
   168    0.1000000000E+01
   169    0.1000000000E+01
   170    0.1000000000E+01
   171    0.1000000000E+01
   172    0.1000000000E+01
   173    0.1000000000E+01
   174    0.1000000000E+01
   175    0.1000000000E+01
   176    0.1000000000E+01
   177    0.1000000000E+01
   178    0.1000000000E+01
   179    0.1000000000E+01
   180    0.1000000000E+01
   181    0.1000000000E+01
   182    0.1000000000E+01
   183    0.1000000000E+01
   184    0.1000000000E+01
   185    0.1000000000E+01
   186    0.1000000000E+01
   187    0.1000000000E+01
   188    0.1000000000E+01
   189    0.1000000000E+01
   190    0.1000000000E+01
   191    0.1000000000E+01
   192    0.1000000000E+01
   193    0.1000000000E+01
   194    0.1000000000E+01
   195    0.1000000000E+01
   196    0.1000000000E+01
   197    0.1000000000E+01
   198    0.1000000000E+01
   199    0.1000000000E+01
   200    0.1000000000E+01
   201    0.1000000000E+01
   202    0.1000000000E+01
   203    0.1000000000E+01
   204    0.1000000000E+01
   205    0.1000000000E+01
   206    0.1000000000E+01
   207    0.1000000000E+01
   208    0.1000000000E+01
   209    0.1000000000E+01
   210    0.1000000000E+01
   211    0.1000000000E+01
   212    0.1000000000E+01
   213    0.1000000000E+01
   214    0.1000000000E+01
   215    0.1000000000E+01
   216    0.1000000000E+01
   217    0.1000000000E+01
   218    0.1000000000E+01
   219    0.1000000000E+01
   220    0.1000000000E+01
   221    0.1000000000E+01
   222    0.1000000000E+01
   223    0.1000000000E+01
   224    0.1000000000E+01
   225    0.1000000000E+01
   226    0.1000000000E+01
   227    0.1000000000E+01
   228    0.1000000000E+01
   229    0.1000000000E+01
   230    0.1000000000E+01
   231    0.1000000000E+01
   232    0.1000000000E+01
   233    0.1000000000E+01
   234    0.1000000000E+01
   235    0.1000000000E+01
   236    0.1000000000E+01
   237    0.1000000000E+01
   238    0.1000000000E+01
   239    0.1000000000E+01
   240    0.1000000000E+01
   241    0.1000000000E+01
   242    0.1000000000E+01
   243    0.1000000000E+01
   244    0.1000000000E+01
   245    0.1000000000E+01
   246    0.1000000000E+01
   247    0.1000000000E+01
   248    0.1000000000E+01
   249    0.1000000000E+01
   250    0.1000000000E+01
   251    0.1000000000E+01
   252    0.1000000000E+01
   253    0.1000000000E+01
   254    0.1000000000E+01
   255    0.1000000000E+01
   256    0.1000000000E+01
   257    0.1000000000E+01
   258    0.1000000000E+01
   259    0.1000000000E+01
   260    0.1000000000E+01
   261    0.1000000000E+01
   262    0.1000000000E+01
   263    0.1000000000E+01
   264    0.1000000000E+01
   265    0.1000000000E+01
   266    0.1000000000E+01
   267    0.1000000000E+01
   268    0.1000000000E+01
   269    0.1000000000E+01
   270    0.1000000000E+01
   271    0.1000000000E+01
   272    0.1000000000E+01
   273    0.1000000000E+01
   274    0.1000000000E+01
   275    0.1000000000E+01
   276    0.1000000000E+01
   277    0.1000000000E+01
   278    0.1000000000E+01
   279    0.1000000000E+01
   280    0.1000000000E+01
   281    0.1000000000E+01
   282    0.1000000000E+01
   283    0.1000000000E+01
   284    0.1000000000E+01
   285    0.1000000000E+01
   286    0.1000000000E+01
   287    0.1000000000E+01
   288    0.1000000000E+01
   289    0.1000000000E+01
   290    0.1000000000E+01
   291    0.1000000000E+01
   292    0.1000000000E+01
   293    0.1000000000E+01
   294    0.1000000000E+01
   295    0.1000000000E+01
   296    0.1000000000E+01
   297    0.1000000000E+01
   298    0.1000000000E+01
   299    0.1000000000E+01
   300    0.1000000000E+01
   301    0.1000000000E+01
   302    0.1000000000E+01
   303    0.1000000000E+01
   304    0.1000000000E+01
   305    0.1000000000E+01
   306    0.1000000000E+01
   307    0.1000000000E+01
   308    0.1000000000E+01
   309    0.1000000000E+01
   310    0.1000000000E+01
   311    0.1000000000E+01
   312    0.1000000000E+01
   313    0.1000000000E+01
   314    0.1000000000E+01
   315    0.1000000000E+01
   316    0.1000000000E+01
   317    0.1000000000E+01
   318    0.1000000000E+01
   319    0.1000000000E+01
   320    0.1000000000E+01
   321    0.1000000000E+01
   322    0.1000000000E+01
   323    0.1000000000E+01
   324    0.1000000000E+01
   325    0.1000000000E+01
   326    0.1000000000E+01
   327    0.1000000000E+01
   328    0.1000000000E+01
   329    0.1000000000E+01
   330    0.1000000000E+01
   331    0.1000000000E+01
   332    0.1000000000E+01
   333    0.1000000000E+01
   334    0.1000000000E+01
   335    0.1000000000E+01
   336    0.1000000000E+01
   337    0.1000000000E+01
   338    0.1000000000E+01
   339    0.1000000000E+01
   340    0.1000000000E+01
   341    0.1000000000E+01
   342    0.1000000000E+01
   343    0.1000000000E+01
   344    0.1000000000E+01
   345    0.1000000000E+01
   346    0.1000000000E+01
   347    0.1000000000E+01
   348    0.1000000000E+01
   349    0.1000000000E+01
   350    0.1000000000E+01
   351    0.1000000000E+01
   352    0.1000000000E+01
   353    0.1000000000E+01
   354    0.1000000000E+01
   355    0.1000000000E+01
   356    0.1000000000E+01
   357    0.1000000000E+01
   358    0.1000000000E+01
   359    0.1000000000E+01
   360    0.1000000000E+01
   361    0.1000000000E+01
   362    0.1000000000E+01
   363    0.1000000000E+01
   364    0.1000000000E+01
   365    0.1000000000E+01
   366    0.1000000000E+01
   367    0.1000000000E+01
   368    0.1000000000E+01
   369    0.1000000000E+01
   370    0.1000000000E+01
   371    0.1000000000E+01
   372    0.1000000000E+01
   373    0.1000000000E+01
   374    0.1000000000E+01
   375    0.1000000000E+01
   376    0.1000000000E+01
   377    0.1000000000E+01
   378    0.1000000000E+01
   379    0.1000000000E+01
   380    0.1000000000E+01
   381    0.1000000000E+01
   382    0.1000000000E+01
   383    0.1000000000E+01
   384    0.1000000000E+01
   385    0.1000000000E+01
   386    0.1000000000E+01
   387    0.1000000000E+01
   388    0.1000000000E+01
   389    0.1000000000E+01
   390    0.1000000000E+01
   391    0.1000000000E+01
   392    0.1000000000E+01
   393    0.1000000000E+01
   394    0.1000000000E+01
   395    0.1000000000E+01
   396    0.1000000000E+01
   397    0.1000000000E+01
   398    0.1000000000E+01
   399    0.1000000000E+01
   400    0.1000000000E+01
   401    0.1000000000E+01
   402    0.1000000000E+01
   403    0.1000000000E+01
   404    0.1000000000E+01
   405    0.1000000000E+01
   406    0.1000000000E+01
   407    0.1000000000E+01
   408    0.1000000000E+01
   409    0.1000000000E+01
   410    0.1000000000E+01
   411    0.1000000000E+01
   412    0.1000000000E+01
   413    0.1000000000E+01
   414    0.1000000000E+01
   415    0.1000000000E+01
   416    0.1000000000E+01
   417    0.1000000000E+01
   418    0.1000000000E+01
   419    0.1000000000E+01
   420    0.1000000000E+01
   421    0.1000000000E+01
   422    0.1000000000E+01
   423    0.1000000000E+01
   424    0.1000000000E+01
   425    0.1000000000E+01
   426    0.1000000000E+01
   427    0.1000000000E+01
   428    0.1000000000E+01
   429    0.1000000000E+01
   430    0.1000000000E+01
   431    0.1000000000E+01
   432    0.1000000000E+01
   433    0.1000000000E+01
   434    0.1000000000E+01
   435    0.1000000000E+01
   436    0.1000000000E+01
   437    0.1000000000E+01
   438    0.1000000000E+01
   439    0.1000000000E+01
   440    0.1000000000E+01
   441    0.1000000000E+01
   442    0.1000000000E+01
   443    0.1000000000E+01
   444    0.1000000000E+01
   445    0.1000000000E+01
   446    0.1000000000E+01
   447    0.1000000000E+01
   448    0.1000000000E+01
   449    0.1000000000E+01
   450    0.1000000000E+01
   451    0.1000000000E+01
   452    0.1000000000E+01
   453    0.1000000000E+01
   454    0.1000000000E+01
   455    0.1000000000E+01
   456    0.1000000000E+01
   457    0.1000000000E+01
   458    0.1000000000E+01
   459    0.1000000000E+01
   460    0.1000000000E+01
   461    0.1000000000E+01
   462    0.1000000000E+01
   463    0.1000000000E+01
   464    0.1000000000E+01
   465    0.1000000000E+01
   466    0.1000000000E+01
   467    0.1000000000E+01
   468    0.1000000000E+01
   469    0.1000000000E+01
   470    0.1000000000E+01
   471    0.1000000000E+01
   472    0.1000000000E+01
   473    0.1000000000E+01
   474    0.1000000000E+01
   475    0.1000000000E+01
   476    0.1000000000E+01
   477    0.1000000000E+01
   478    0.1000000000E+01
   479    0.1000000000E+01
   480    0.1000000000E+01
   481    0.1000000000E+01
   482    0.1000000000E+01
   483    0.1000000000E+01
   484    0.1000000000E+01
   485    0.1000000000E+01
   486    0.1000000000E+01
   487    0.1000000000E+01
   488    0.1000000000E+01
   489    0.1000000000E+01
   490    0.1000000000E+01
   491    0.1000000000E+01
   492    0.1000000000E+01
   493    0.1000000000E+01
   494    0.1000000000E+01
   495    0.1000000000E+01
   496    0.1000000000E+01
   497    0.1000000000E+01
   498    0.1000000000E+01
   499    0.1000000000E+01
   500    0.8359375000E+00
   501    0.1640625000E+00
   502    0.0000000000E+00
