    -1    0.0000000000E+00
     0    0.9297447198E-03
     1    0.1987413113E+00
     2    0.5932646946E+00
     3    0.6036697124E+00
     4    0.9325028091E+00
     5    0.9302617111E+00
     6    0.8690603497E+00
     7    0.1115686280E+01
     8    0.9496402075E+00
     9    0.8074747013E+00
    10    0.2775724481E+00
    11    0.1010744968E+01
    12    0.8878950708E+00
    13    0.9569333264E+00
    14    0.1263300364E+01
    15    0.8164368627E+00
    16    0.7967000246E+00
    17    0.1336534655E+01
    18    0.1262917317E+01
    19    0.1128980187E+01
    20    0.9270112931E+00
    21    0.1027282394E+01
    22    0.5144006156E+00
    23    0.1055825597E+01
    24    0.9778661849E+00
    25    0.7369798189E+00
    26    0.7990590659E+00
    27    0.7948423355E+00
    28    0.8772625520E+00
    29    0.1036484526E+01
    30    0.1004254261E+01
    31    0.5733721292E+00
    32    0.6979045822E+00
    33    0.1187628611E+01
    34    0.8834534311E+00
    35    0.1117925499E+01
    36    0.1596180167E+01
    37    0.8531923609E+00
    38    0.4470553218E+00
    39    0.9150389195E+00
    40    0.1076022056E+01
    41    0.9298101114E+00
    42    0.7246834210E+00
    43    0.5931250974E+00
    44    0.6094896309E+00
    45    0.5595866241E+00
    46    0.5777863051E+00
    47    0.3665291892E+00
    48    0.5434268258E+00
    49    0.5017816366E+00
    50    0.4130305367E+00
    51    0.3664971194E+00
    52    0.4110139712E+00
    53    0.5624251782E+00
    54    0.3293242676E+00
    55    0.4624466689E+00
    56    0.4314123714E+00
    57    0.4955496602E+00
    58    0.6502764285E+00
    59    0.3828240081E+00
    60    0.2513689434E+00
    61    0.5311208595E+00
    62    0.4380641498E+00
    63    0.5554286992E+00
    64    0.7040886066E+00
    65    0.3189761492E+00
    66    0.2433967496E+00
    67    0.7042135509E+00
    68    0.6914306162E+00
    69    0.3983891978E+00
    70    0.1805866075E+00
    71    0.2458744722E+00
    72    0.1976971529E+00
    73    0.4890032755E+00
    74    0.7370759066E+00
    75    0.4756652394E+00
    76    0.5100400028E+00
    77    0.1088320002E+01
    78    0.1076632091E+01
    79    0.4550097566E+00
    80    0.6558357192E+00
    81    0.3486890459E+00
    82    0.6257118426E+00
    83    0.1072392976E+01
    84    0.1127806258E+01
    85    0.1333493175E+01
    86    0.7551155204E+00
    87    0.1089477415E+01
    88    0.1357827483E+01
    89    0.1995819717E+01
    90    0.1220667476E+01
    91    0.1628517016E+01
    92    0.2260220521E+01
    93    0.1518597120E+01
    94    0.1411316429E+01
    95    0.1711843446E+01
    96    0.6482915534E+00
    97    0.8612363159E+00
    98    0.8820553470E+00
    99    0.5438097717E+00
   100    0.8118270386E+00
   101    0.6444675138E+00
   102    0.5985535096E+00
   103    0.6344534594E+00
   104    0.5199222230E+00
   105    0.3519125202E+00
   106    0.4515135745E+00
   107    0.3083142871E+00
   108    0.5184183940E+00
   109    0.3392233708E+00
   110    0.3069958324E+00
   111    0.2104205490E+00
   112    0.3535658957E+00
   113    0.4644533243E+00
   114    0.3228932921E+00
   115    0.2196431852E+00
   116    0.3054908286E+00
   117    0.2192948129E+00
   118    0.2796438351E+00
   119    0.3749445919E+00
   120    0.3608581680E+00
   121    0.1720082104E+00
   122    0.1271527553E+00
   123    0.2434260500E+00
   124    0.3785068488E+00
   125    0.2562430912E+00
   126    0.3068326541E+00
   127    0.1461902366E+00
   128    0.1848848463E+00
   129    0.2499332504E+00
   130    0.2591019685E+00
   131    0.2853497871E+00
   132    0.2742499224E+00
   133    0.2127333113E+00
   134    0.1896601984E+00
   135    0.1596571615E+00
   136    0.1778354484E+00
   137    0.2264892921E+00
   138    0.3136258587E+00
   139    0.2385612911E+00
   140    0.2247530939E+00
   141    0.1852019077E+00
   142    0.1344666831E+00
   143    0.1924068202E+00
   144    0.3426681228E+00
   145    0.2548890579E+00
   146    0.1964254666E+00
   147    0.1544007923E+00
   148    0.1604911477E+00
   149    0.2542309996E+00
   150    0.3249676906E+00
   151    0.2625385314E+00
   152    0.2588935994E+00
   153    0.1574987022E+00
   154    0.1994176370E+00
   155    0.2145562490E+00
   156    0.9763731297E-01
   157    0.2984780716E+00
   158    0.3440121991E+00
   159    0.4789033662E+00
   160    0.9777678425E-01
   161    0.1585618226E+00
   162    0.3169239533E+00
   163    0.3185882014E+00
   164    0.3288149747E+00
   165    0.2588264392E+00
   166    0.3149034931E+00
   167    0.2130972797E+00
   168    0.7359354021E+00
   169    0.6306862992E+00
   170    0.1985956487E+00
   171    0.3795237835E+00
   172    0.8585229716E+00
   173    0.7994194061E+00
   174    0.5518899612E+00
   175    0.8857230545E+00
   176    0.1822990118E+01
   177    0.1791401996E+01
   178    0.2096250407E+01
   179    0.2408833559E+01
   180    0.3051280163E+01
   181    0.2376512318E+01
   182    0.1674562266E+01
   183    0.1525475338E+01
   184    0.1498389375E+01
   185    0.1298157503E+01
   186    0.8602175693E+00
   187    0.7806244960E+00
   188    0.7012224074E+00
   189    0.6509046172E+00
   190    0.6049741612E+00
   191    0.6290321800E+00
   192    0.5512289557E+00
   193    0.5229281271E+00
   194    0.5620157213E+00
   195    0.4876118301E+00
   196    0.4612797320E+00
   197    0.5165387961E+00
   198    0.3953287818E+00
   199    0.4725496112E+00
   200    0.4565800703E+00
   201    0.3670360756E+00
   202    0.4812609203E+00
   203    0.3408266985E+00
   204    0.4779553188E+00
   205    0.4216729653E+00
   206    0.3721940954E+00
   207    0.5323390224E+00
   208    0.3562923082E+00
   209    0.5064960384E+00
   210    0.4332017626E+00
   211    0.3876931744E+00
   212    0.5367300995E+00
   213    0.3893170621E+00
   214    0.5007462827E+00
   215    0.4664499524E+00
   216    0.4458814845E+00
   217    0.5696992504E+00
   218    0.5442315774E+00
   219    0.6291552473E+00
   220    0.6743848124E+00
   221    0.7537591764E+00
   222    0.1159734151E+01
   223    0.1917717155E+01
   224    0.1931055172E+01
   225    0.1377731651E+01
   226    0.1120900880E+01
   227    0.1331372806E+01
   228    0.1760210601E+01
   229    0.1331489721E+01
   230    0.9492979728E+00
   231    0.9253121289E+00
   232    0.9251522965E+00
   233    0.9966253240E+00
   234    0.1031385241E+01
   235    0.8847186036E+00
   236    0.8246821289E+00
   237    0.9531507604E+00
   238    0.1059590082E+01
   239    0.1002322835E+01
   240    0.9037179381E+00
   241    0.9726933867E+00
   242    0.1241484194E+01
   243    0.1137482643E+01
   244    0.9292607406E+00
   245    0.9341432745E+00
   246    0.1024659688E+01
   247    0.1012420538E+01
   248    0.9624986253E+00
   249    0.1022881865E+01
   250    0.1035440590E+01
   251    0.9385001347E+00
   252    0.9122234494E+00
   253    0.9536387227E+00
   254    0.1016548358E+01
   255    0.9964276005E+00
   256    0.9921294735E+00
   257    0.1047921726E+01
   258    0.1096368677E+01
   259    0.1095821398E+01
   260    0.1052082176E+01
   261    0.1011836112E+01
   262    0.1008855624E+01
   263    0.1023444022E+01
   264    0.1007783197E+01
   265    0.9984317488E+00
   266    0.1015626254E+01
   267    0.1022494777E+01
   268    0.1005448864E+01
   269    0.9999156397E+00
   270    0.1011451574E+01
   271    0.1014493953E+01
   272    0.9982363378E+00
   273    0.1005970825E+01
   274    0.1027602544E+01
   275    0.1012038315E+01
   276    0.1001656536E+01
   277    0.1003597224E+01
   278    0.1006755600E+01
   279    0.1007736752E+01
   280    0.1007057700E+01
   281    0.1005941521E+01
   282    0.1004270275E+01
   283    0.1003833544E+01
   284    0.1004541100E+01
   285    0.1004920745E+01
   286    0.1003904088E+01
   287    0.1003432138E+01
   288    0.1003600172E+01
   289    0.1003123021E+01
   290    0.1002560217E+01
   291    0.1002953279E+01
   292    0.1002848285E+01
   293    0.1002181832E+01
   294    0.1001892239E+01
   295    0.1001910632E+01
   296    0.1001748710E+01
   297    0.1001510217E+01
   298    0.1001434220E+01
   299    0.1001266262E+01
   300    0.1001097238E+01
   301    0.1001019708E+01
   302    0.1001040513E+01
   303    0.1000963328E+01
   304    0.1000799523E+01
   305    0.1000624158E+01
   306    0.1000625206E+01
   307    0.1000568874E+01
   308    0.1000522517E+01
   309    0.1000475433E+01
   310    0.1000373298E+01
   311    0.1000331069E+01
   312    0.1000343383E+01
   313    0.1000307859E+01
   314    0.1000259186E+01
   315    0.1000223585E+01
   316    0.1000198683E+01
   317    0.1000203735E+01
   318    0.1000170726E+01
   319    0.1000132147E+01
   320    0.1000123754E+01
   321    0.1000108734E+01
   322    0.1000086245E+01
   323    0.1000082412E+01
   324    0.1000082160E+01
   325    0.1000060653E+01
   326    0.1000054194E+01
   327    0.1000051661E+01
   328    0.1000043159E+01
   329    0.1000036699E+01
   330    0.1000031274E+01
   331    0.1000027291E+01
   332    0.1000023885E+01
   333    0.1000021295E+01
   334    0.1000018933E+01
   335    0.1000016281E+01
   336    0.1000014281E+01
   337    0.1000011021E+01
   338    0.1000008605E+01
   339    0.1000008397E+01
   340    0.1000007316E+01
   341    0.1000005692E+01
   342    0.1000005784E+01
   343    0.1000005166E+01
   344    0.1000004146E+01
   345    0.1000003125E+01
   346    0.1000002633E+01
   347    0.1000002427E+01
   348    0.1000002047E+01
   349    0.1000001795E+01
   350    0.1000001505E+01
   351    0.1000001266E+01
   352    0.1000000959E+01
   353    0.1000000816E+01
   354    0.1000000735E+01
   355    0.1000000629E+01
   356    0.1000000530E+01
   357    0.1000000414E+01
   358    0.1000000366E+01
   359    0.1000000332E+01
   360    0.1000000274E+01
   361    0.1000000214E+01
   362    0.1000000174E+01
   363    0.1000000135E+01
   364    0.1000000114E+01
   365    0.1000000102E+01
   366    0.1000000090E+01
   367    0.1000000072E+01
   368    0.1000000054E+01
   369    0.1000000042E+01
   370    0.1000000037E+01
   371    0.1000000033E+01
   372    0.1000000029E+01
   373    0.1000000022E+01
   374    0.1000000017E+01
   375    0.1000000014E+01
   376    0.1000000012E+01
   377    0.1000000009E+01
   378    0.1000000008E+01
   379    0.1000000007E+01
   380    0.1000000005E+01
   381    0.1000000004E+01
   382    0.1000000004E+01
   383    0.1000000003E+01
   384    0.1000000002E+01
   385    0.1000000002E+01
   386    0.1000000002E+01
   387    0.1000000001E+01
   388    0.1000000001E+01
   389    0.1000000001E+01
   390    0.1000000001E+01
   391    0.1000000001E+01
   392    0.1000000000E+01
   393    0.1000000000E+01
   394    0.1000000000E+01
   395    0.1000000000E+01
   396    0.1000000000E+01
   397    0.1000000000E+01
   398    0.1000000000E+01
   399    0.1000000000E+01
   400    0.1000000000E+01
   401    0.1000000000E+01
   402    0.1000000000E+01
   403    0.1000000000E+01
   404    0.1000000000E+01
   405    0.1000000000E+01
   406    0.1000000000E+01
   407    0.1000000000E+01
   408    0.1000000000E+01
   409    0.1000000000E+01
   410    0.1000000000E+01
   411    0.1000000000E+01
   412    0.1000000000E+01
   413    0.1000000000E+01
   414    0.1000000000E+01
   415    0.1000000000E+01
   416    0.1000000000E+01
   417    0.1000000000E+01
   418    0.1000000000E+01
   419    0.1000000000E+01
   420    0.1000000000E+01
   421    0.1000000000E+01
   422    0.1000000000E+01
   423    0.1000000000E+01
   424    0.1000000000E+01
   425    0.1000000000E+01
   426    0.1000000000E+01
   427    0.1000000000E+01
   428    0.1000000000E+01
   429    0.1000000000E+01
   430    0.1000000000E+01
   431    0.1000000000E+01
   432    0.1000000000E+01
   433    0.1000000000E+01
   434    0.1000000000E+01
   435    0.1000000000E+01
   436    0.1000000000E+01
   437    0.1000000000E+01
   438    0.1000000000E+01
   439    0.1000000000E+01
   440    0.1000000000E+01
   441    0.1000000000E+01
   442    0.1000000000E+01
   443    0.1000000000E+01
   444    0.1000000000E+01
   445    0.1000000000E+01
   446    0.1000000000E+01
   447    0.1000000000E+01
   448    0.1000000000E+01
   449    0.1000000000E+01
   450    0.1000000000E+01
   451    0.1000000000E+01
   452    0.1000000000E+01
   453    0.1000000000E+01
   454    0.1000000000E+01
   455    0.1000000000E+01
   456    0.1000000000E+01
   457    0.1000000000E+01
   458    0.1000000000E+01
   459    0.1000000000E+01
   460    0.1000000000E+01
   461    0.1000000000E+01
   462    0.1000000000E+01
   463    0.1000000000E+01
   464    0.1000000000E+01
   465    0.1000000000E+01
   466    0.1000000000E+01
   467    0.1000000000E+01
   468    0.1000000000E+01
   469    0.1000000000E+01
   470    0.1000000000E+01
   471    0.1000000000E+01
   472    0.1000000000E+01
   473    0.1000000000E+01
   474    0.1000000000E+01
   475    0.1000000000E+01
   476    0.1000000000E+01
   477    0.1000000000E+01
   478    0.1000000000E+01
   479    0.1000000000E+01
   480    0.1000000000E+01
   481    0.1000000000E+01
   482    0.1000000000E+01
   483    0.1000000000E+01
   484    0.1000000000E+01
   485    0.1000000000E+01
   486    0.1000000000E+01
   487    0.1000000000E+01
   488    0.1000000000E+01
   489    0.1000000000E+01
   490    0.1000000000E+01
   491    0.1000000000E+01
   492    0.1000000000E+01
   493    0.1000000000E+01
   494    0.1000000000E+01
   495    0.1000000000E+01
   496    0.1000000000E+01
   497    0.1000000000E+01
   498    0.1000000000E+01
   499    0.1000000000E+01
   500    0.8359375000E+00
   501    0.1640625000E+00
   502    0.0000000000E+00
