    -1    0.2109606784E+00
     0    0.8670067582E+00
     1    0.8547503722E+00
     2    0.8286826607E+00
     3    0.9852159509E+00
     4    0.8019449633E+00
     5    0.9284161884E+00
     6    0.9027125512E+00
     7    0.9154069303E+00
     8    0.9360682686E+00
     9    0.8927510071E+00
    10    0.9766804025E+00
    11    0.9741554524E+00
    12    0.9591145114E+00
    13    0.1012300441E+01
    14    0.1039900596E+01
    15    0.9774645215E+00
    16    0.1077709443E+01
    17    0.1097376099E+01
    18    0.1022402986E+01
    19    0.1157255026E+01
    20    0.1067874643E+01
    21    0.1129789021E+01
    22    0.1164638090E+01
    23    0.1066027923E+01
    24    0.1182829386E+01
    25    0.1100773503E+01
    26    0.1108350952E+01
    27    0.1143108038E+01
    28    0.1072599676E+01
    29    0.1061299219E+01
    30    0.1094076184E+01
    31    0.1049315851E+01
    32    0.1005281808E+01
    33    0.1026939092E+01
    34    0.1002214803E+01
    35    0.9521479830E+00
    36    0.9711726898E+00
    37    0.9654343288E+00
    38    0.9126004449E+00
    39    0.9045159789E+00
    40    0.9350135755E+00
    41    0.9179097954E+00
    42    0.8497255449E+00
    43    0.9007429097E+00
    44    0.9123001847E+00
    45    0.8547226468E+00
    46    0.8828438149E+00
    47    0.8967623357E+00
    48    0.8908196831E+00
    49    0.8676257572E+00
    50    0.8991768337E+00
    51    0.9142953587E+00
    52    0.9198343933E+00
    53    0.9049846225E+00
    54    0.9449514264E+00
    55    0.9624037545E+00
    56    0.9439657401E+00
    57    0.9979745354E+00
    58    0.9964911123E+00
    59    0.1007860574E+01
    60    0.1057772586E+01
    61    0.1022098689E+01
    62    0.1089664533E+01
    63    0.1086177702E+01
    64    0.1086280872E+01
    65    0.1135891162E+01
    66    0.1087452448E+01
    67    0.1146065087E+01
    68    0.1145170921E+01
    69    0.1087719247E+01
    70    0.1178146504E+01
    71    0.1084348849E+01
    72    0.1096196712E+01
    73    0.1142303866E+01
    74    0.1030285526E+01
    75    0.1083529408E+01
    76    0.1061539813E+01
    77    0.9983802279E+00
    78    0.1026189008E+01
    79    0.9967394146E+00
    80    0.9588316664E+00
    81    0.9752992955E+00
    82    0.9444837598E+00
    83    0.9236682066E+00
    84    0.9314930547E+00
    85    0.8928821875E+00
    86    0.9202193797E+00
    87    0.8749444272E+00
    88    0.8860351138E+00
    89    0.9187574215E+00
    90    0.8467255408E+00
    91    0.8787526019E+00
    92    0.9051301475E+00
    93    0.8762939243E+00
    94    0.8916470499E+00
    95    0.8971870195E+00
    96    0.9022305506E+00
    97    0.9189771387E+00
    98    0.9054041432E+00
    99    0.9530124286E+00
   100    0.9611295446E+00
   101    0.9421077008E+00
   102    0.9931856830E+00
   103    0.1013747891E+01
   104    0.9956776756E+00
   105    0.1039419350E+01
   106    0.1066218655E+01
   107    0.1052231678E+01
   108    0.1102298556E+01
   109    0.1085054541E+01
   110    0.1115815141E+01
   111    0.1137601839E+01
   112    0.1109906669E+01
   113    0.1142798042E+01
   114    0.1123488202E+01
   115    0.1117180340E+01
   116    0.1141754744E+01
   117    0.1094602675E+01
   118    0.1089803443E+01
   119    0.1092180075E+01
   120    0.1057285250E+01
   121    0.1044122782E+01
   122    0.1027463774E+01
   123    0.1015612202E+01
   124    0.9913673821E+00
   125    0.9664363183E+00
   126    0.9754004393E+00
   127    0.9381281871E+00
   128    0.9163987112E+00
   129    0.9354940796E+00
   130    0.9056314541E+00
   131    0.8973680954E+00
   132    0.8992521248E+00
   133    0.8843796867E+00
   134    0.8819307870E+00
   135    0.8777864217E+00
   136    0.8822372903E+00
   137    0.8947063541E+00
   138    0.8801345440E+00
   139    0.8796131220E+00
   140    0.9018048069E+00
   141    0.9042578821E+00
   142    0.9164440059E+00
   143    0.9238886438E+00
   144    0.9404490915E+00
   145    0.9585882920E+00
   146    0.9569574693E+00
   147    0.9863832480E+00
   148    0.1008367783E+01
   149    0.1018341893E+01
   150    0.1035383240E+01
   151    0.1062261866E+01
   152    0.1078991340E+01
   153    0.1087896214E+01
   154    0.1108656631E+01
   155    0.1124030444E+01
   156    0.1120419861E+01
   157    0.1144564244E+01
   158    0.1135219968E+01
   159    0.1132071725E+01
   160    0.1142222582E+01
   161    0.1118572255E+01
   162    0.1114154637E+01
   163    0.1101694283E+01
   164    0.1077390607E+01
   165    0.1068682968E+01
   166    0.1055410539E+01
   167    0.1026873609E+01
   168    0.1012393751E+01
   169    0.9972916397E+00
   170    0.9736433969E+00
   171    0.9549567038E+00
   172    0.9469686894E+00
   173    0.9275449988E+00
   174    0.9229881215E+00
   175    0.9166030925E+00
   176    0.8992812181E+00
   177    0.9003259113E+00
   178    0.8884879447E+00
   179    0.8895756972E+00
   180    0.8965099569E+00
   181    0.8924450345E+00
   182    0.8926650940E+00
   183    0.9075313226E+00
   184    0.9002439374E+00
   185    0.9178518669E+00
   186    0.9374357015E+00
   187    0.9459907835E+00
   188    0.9560284357E+00
   189    0.9736343026E+00
   190    0.9917677869E+00
   191    0.1007911908E+01
   192    0.1043889125E+01
   193    0.1056211855E+01
   194    0.1066066690E+01
   195    0.1095664924E+01
   196    0.1106740011E+01
   197    0.1111487989E+01
   198    0.1122569053E+01
   199    0.1142558842E+01
   200    0.1138935905E+01
   201    0.1120996621E+01
   202    0.1116294040E+01
   203    0.1102446721E+01
   204    0.1095190763E+01
   205    0.1110480961E+01
   206    0.1088432738E+01
   207    0.1026201954E+01
   208    0.1003134639E+01
   209    0.1006537818E+01
   210    0.9985247457E+00
   211    0.9763705235E+00
   212    0.9645483750E+00
   213    0.9583870177E+00
   214    0.9342460663E+00
   215    0.9218922076E+00
   216    0.9194924606E+00
   217    0.9143468462E+00
   218    0.9052248595E+00
   219    0.9038056624E+00
   220    0.8820929584E+00
   221    0.8785433687E+00
   222    0.9054347524E+00
   223    0.9017842193E+00
   224    0.8809123204E+00
   225    0.9006627987E+00
   226    0.9447453292E+00
   227    0.9445753285E+00
   228    0.9111113136E+00
   229    0.9134135742E+00
   230    0.9263240395E+00
   231    0.9280355240E+00
   232    0.9659105161E+00
   233    0.1100234851E+01
   234    0.1017660267E+01
   235    0.8490647685E+00
   236    0.9066392318E+00
   237    0.9909736025E+00
   238    0.1100767279E+01
   239    0.1129288968E+01
   240    0.8754706250E+00
   241    0.8630065078E+00
   242    0.9621568830E+00
   243    0.9988282811E+00
   244    0.9903531374E+00
   245    0.1033865531E+01
   246    0.9471677181E+00
   247    0.8809377222E+00
   248    0.9700931162E+00
   249    0.1016773957E+01
   250    0.9819968715E+00
   251    0.9833579338E+00
   252    0.9952318162E+00
   253    0.9910381109E+00
   254    0.9905502141E+00
   255    0.9942735252E+00
   256    0.1000068670E+01
   257    0.1001096833E+01
   258    0.9879955521E+00
   259    0.9967999503E+00
   260    0.1019141429E+01
   261    0.1015426730E+01
   262    0.9954043024E+00
   263    0.1001319088E+01
   264    0.1033801379E+01
   265    0.1019967050E+01
   266    0.9971798465E+00
   267    0.1004801372E+01
   268    0.1016098564E+01
   269    0.1016193276E+01
   270    0.1012882911E+01
   271    0.1014321898E+01
   272    0.1015844324E+01
   273    0.1015323702E+01
   274    0.1017455659E+01
   275    0.1017856880E+01
   276    0.1015999475E+01
   277    0.1018875841E+01
   278    0.1020312140E+01
   279    0.1013332994E+01
   280    0.1008224470E+01
   281    0.1029366067E+01
   282    0.1030064998E+01
   283    0.1010696508E+01
   284    0.1011235624E+01
   285    0.1017460505E+01
   286    0.1016429730E+01
   287    0.1015373867E+01
   288    0.1016080225E+01
   289    0.1014448512E+01
   290    0.1012325167E+01
   291    0.1013605872E+01
   292    0.1013577642E+01
   293    0.1011699061E+01
   294    0.1010564067E+01
   295    0.1010933392E+01
   296    0.1010711534E+01
   297    0.1009361119E+01
   298    0.1008330146E+01
   299    0.1010525797E+01
   300    0.1012137396E+01
   301    0.1008653546E+01
   302    0.1006745532E+01
   303    0.1006510511E+01
   304    0.1006920679E+01
   305    0.1007026308E+01
   306    0.1006609170E+01
   307    0.1006026580E+01
   308    0.1005206372E+01
   309    0.1004713242E+01
   310    0.1004753905E+01
   311    0.1004659117E+01
   312    0.1004082892E+01
   313    0.1003737762E+01
   314    0.1003580650E+01
   315    0.1003294461E+01
   316    0.1002862022E+01
   317    0.1002851310E+01
   318    0.1002685964E+01
   319    0.1002331193E+01
   320    0.1002062548E+01
   321    0.1001963992E+01
   322    0.1001792860E+01
   323    0.1001603176E+01
   324    0.1001474393E+01
   325    0.1001326836E+01
   326    0.1001190179E+01
   327    0.1001084684E+01
   328    0.1001014782E+01
   329    0.1000932776E+01
   330    0.1000826391E+01
   331    0.1000702225E+01
   332    0.1000644128E+01
   333    0.1000593197E+01
   334    0.1000528556E+01
   335    0.1000479535E+01
   336    0.1000414326E+01
   337    0.1000359980E+01
   338    0.1000339139E+01
   339    0.1000308397E+01
   340    0.1000266046E+01
   341    0.1000233334E+01
   342    0.1000206973E+01
   343    0.1000192522E+01
   344    0.1000169498E+01
   345    0.1000141675E+01
   346    0.1000126804E+01
   347    0.1000112318E+01
   348    0.1000094621E+01
   349    0.1000084576E+01
   350    0.1000079192E+01
   351    0.1000065423E+01
   352    0.1000056578E+01
   353    0.1000051435E+01
   354    0.1000043978E+01
   355    0.1000038174E+01
   356    0.1000032825E+01
   357    0.1000028420E+01
   358    0.1000024833E+01
   359    0.1000021629E+01
   360    0.1000019058E+01
   361    0.1000016258E+01
   362    0.1000014228E+01
   363    0.1000011876E+01
   364    0.1000009741E+01
   365    0.1000008680E+01
   366    0.1000007585E+01
   367    0.1000006259E+01
   368    0.1000005638E+01
   369    0.1000004957E+01
   370    0.1000004143E+01
   371    0.1000003386E+01
   372    0.1000002832E+01
   373    0.1000002489E+01
   374    0.1000002102E+01
   375    0.1000001807E+01
   376    0.1000001526E+01
   377    0.1000001295E+01
   378    0.1000001051E+01
   379    0.1000000879E+01
   380    0.1000000761E+01
   381    0.1000000643E+01
   382    0.1000000546E+01
   383    0.1000000443E+01
   384    0.1000000375E+01
   385    0.1000000326E+01
   386    0.1000000274E+01
   387    0.1000000222E+01
   388    0.1000000182E+01
   389    0.1000000148E+01
   390    0.1000000123E+01
   391    0.1000000105E+01
   392    0.1000000089E+01
   393    0.1000000074E+01
   394    0.1000000059E+01
   395    0.1000000047E+01
   396    0.1000000040E+01
   397    0.1000000034E+01
   398    0.1000000028E+01
   399    0.1000000023E+01
   400    0.1000000018E+01
   401    0.1000000015E+01
   402    0.1000000012E+01
   403    0.1000000010E+01
   404    0.1000000008E+01
   405    0.1000000007E+01
   406    0.1000000005E+01
   407    0.1000000004E+01
   408    0.1000000004E+01
   409    0.1000000003E+01
   410    0.1000000002E+01
   411    0.1000000002E+01
   412    0.1000000002E+01
   413    0.1000000001E+01
   414    0.1000000001E+01
   415    0.1000000001E+01
   416    0.1000000001E+01
   417    0.1000000001E+01
   418    0.1000000000E+01
   419    0.1000000000E+01
   420    0.1000000000E+01
   421    0.1000000000E+01
   422    0.1000000000E+01
   423    0.1000000000E+01
   424    0.1000000000E+01
   425    0.1000000000E+01
   426    0.1000000000E+01
   427    0.1000000000E+01
   428    0.1000000000E+01
   429    0.1000000000E+01
   430    0.1000000000E+01
   431    0.1000000000E+01
   432    0.1000000000E+01
   433    0.1000000000E+01
   434    0.1000000000E+01
   435    0.1000000000E+01
   436    0.1000000000E+01
   437    0.1000000000E+01
   438    0.1000000000E+01
   439    0.1000000000E+01
   440    0.1000000000E+01
   441    0.1000000000E+01
   442    0.1000000000E+01
   443    0.1000000000E+01
   444    0.1000000000E+01
   445    0.1000000000E+01
   446    0.1000000000E+01
   447    0.1000000000E+01
   448    0.1000000000E+01
   449    0.1000000000E+01
   450    0.1000000000E+01
   451    0.1000000000E+01
   452    0.1000000000E+01
   453    0.1000000000E+01
   454    0.1000000000E+01
   455    0.1000000000E+01
   456    0.1000000000E+01
   457    0.1000000000E+01
   458    0.1000000000E+01
   459    0.1000000000E+01
   460    0.1000000000E+01
   461    0.1000000000E+01
   462    0.1000000000E+01
   463    0.1000000000E+01
   464    0.1000000000E+01
   465    0.1000000000E+01
   466    0.1000000000E+01
   467    0.1000000000E+01
   468    0.1000000000E+01
   469    0.1000000000E+01
   470    0.1000000000E+01
   471    0.1000000000E+01
   472    0.1000000000E+01
   473    0.1000000000E+01
   474    0.1000000000E+01
   475    0.1000000000E+01
   476    0.1000000000E+01
   477    0.1000000000E+01
   478    0.1000000000E+01
   479    0.1000000000E+01
   480    0.1000000000E+01
   481    0.1000000000E+01
   482    0.1000000000E+01
   483    0.1000000000E+01
   484    0.1000000000E+01
   485    0.1000000000E+01
   486    0.1000000000E+01
   487    0.1000000000E+01
   488    0.1000000000E+01
   489    0.1000000000E+01
   490    0.1000000000E+01
   491    0.1000000000E+01
   492    0.1000000000E+01
   493    0.1000000000E+01
   494    0.1000000000E+01
   495    0.1000000000E+01
   496    0.1000000000E+01
   497    0.1000000000E+01
   498    0.1000000000E+01
   499    0.1000000000E+01
   500    0.8359375000E+00
   501    0.1640625000E+00
   502    0.0000000000E+00
