    -1    0.0000000000E+00
     0    0.2050563351E-01
     1    0.3245180910E+00
     2    0.1216410633E+01
     3    0.8981230098E+00
     4    0.6497914595E+00
     5    0.6867295933E+00
     6    0.7189163756E+00
     7    0.8407730764E+00
     8    0.1223186917E+01
     9    0.8477851534E+00
    10    0.1237757831E+01
    11    0.1118047774E+01
    12    0.4732988135E+00
    13    0.9462805642E+00
    14    0.7667186011E+00
    15    0.8404010315E+00
    16    0.1615447653E+01
    17    0.1283773646E+01
    18    0.1085071620E+01
    19    0.1399591697E+01
    20    0.1158313581E+01
    21    0.1153005552E+01
    22    0.1422910907E+01
    23    0.1046943059E+01
    24    0.1152495957E+01
    25    0.1186657749E+01
    26    0.1289206775E+01
    27    0.1318392417E+01
    28    0.9215671270E+00
    29    0.9666136964E+00
    30    0.1302737857E+01
    31    0.9580141773E+00
    32    0.1104899096E+01
    33    0.8891625836E+00
    34    0.8099979733E+00
    35    0.9864671544E+00
    36    0.1031811659E+01
    37    0.4741473247E+00
    38    0.6564606909E+00
    39    0.1027751784E+01
    40    0.9856769528E+00
    41    0.6068960213E+00
    42    0.9589193092E+00
    43    0.8252045922E+00
    44    0.9526484346E+00
    45    0.7500294010E+00
    46    0.7081398066E+00
    47    0.6635099825E+00
    48    0.8651736360E+00
    49    0.9113034585E+00
    50    0.6707023655E+00
    51    0.9255132701E+00
    52    0.9846802618E+00
    53    0.7477618948E+00
    54    0.9195961098E+00
    55    0.1087388422E+01
    56    0.7187113858E+00
    57    0.1137507810E+01
    58    0.1154972254E+01
    59    0.5810696519E+00
    60    0.1260907237E+01
    61    0.1192777625E+01
    62    0.1076036563E+01
    63    0.1291439995E+01
    64    0.9923181022E+00
    65    0.1573534699E+01
    66    0.8965301035E+00
    67    0.1522311347E+01
    68    0.1109789524E+01
    69    0.1244711552E+01
    70    0.1218480292E+01
    71    0.1189737213E+01
    72    0.1038811111E+01
    73    0.1214302266E+01
    74    0.1174490166E+01
    75    0.7712571014E+00
    76    0.1267420898E+01
    77    0.1057957605E+01
    78    0.7301252845E+00
    79    0.9682592400E+00
    80    0.1115155442E+01
    81    0.6867049279E+00
    82    0.8169555507E+00
    83    0.1116927179E+01
    84    0.5862796209E+00
    85    0.7456994385E+00
    86    0.1044780683E+01
    87    0.8427843161E+00
    88    0.5829902528E+00
    89    0.8268272886E+00
    90    0.8125612837E+00
    91    0.8419084638E+00
    92    0.7935067003E+00
    93    0.7974478042E+00
    94    0.7768603874E+00
    95    0.8704426003E+00
    96    0.8511297696E+00
    97    0.8222320284E+00
    98    0.9552809442E+00
    99    0.7371640360E+00
   100    0.1052711188E+01
   101    0.9864610019E+00
   102    0.8255879561E+00
   103    0.1042284620E+01
   104    0.1240711442E+01
   105    0.8352905460E+00
   106    0.1152598517E+01
   107    0.1310857374E+01
   108    0.9816354423E+00
   109    0.1240065957E+01
   110    0.1283791596E+01
   111    0.1246080633E+01
   112    0.1123850413E+01
   113    0.1405495897E+01
   114    0.1185683209E+01
   115    0.1123316325E+01
   116    0.1330008561E+01
   117    0.1042990103E+01
   118    0.1188324287E+01
   119    0.1026529258E+01
   120    0.1085026133E+01
   121    0.1045811252E+01
   122    0.9380952960E+00
   123    0.9826579623E+00
   124    0.9127148222E+00
   125    0.9491919010E+00
   126    0.8211022828E+00
   127    0.8814672544E+00
   128    0.8422432402E+00
   129    0.8597998452E+00
   130    0.8043386279E+00
   131    0.7773464546E+00
   132    0.7823713597E+00
   133    0.9192813451E+00
   134    0.7101918963E+00
   135    0.7674655766E+00
   136    0.7577683152E+00
   137    0.9830971800E+00
   138    0.6890657918E+00
   139    0.7756540952E+00
   140    0.8183138405E+00
   141    0.9979426942E+00
   142    0.7551508847E+00
   143    0.8181354912E+00
   144    0.9167741315E+00
   145    0.1050350237E+01
   146    0.8535725144E+00
   147    0.9306947377E+00
   148    0.1057944350E+01
   149    0.1163272798E+01
   150    0.9189416814E+00
   151    0.1127010801E+01
   152    0.1309759907E+01
   153    0.1049838817E+01
   154    0.1195810657E+01
   155    0.1348916245E+01
   156    0.1165091981E+01
   157    0.1230482352E+01
   158    0.1300214293E+01
   159    0.1240726661E+01
   160    0.1138627195E+01
   161    0.1219455596E+01
   162    0.1207998292E+01
   163    0.1056619851E+01
   164    0.1055006749E+01
   165    0.1151260304E+01
   166    0.9656955605E+00
   167    0.9594290482E+00
   168    0.9584667791E+00
   169    0.9655177075E+00
   170    0.9011295852E+00
   171    0.8005198838E+00
   172    0.9067108509E+00
   173    0.8788527996E+00
   174    0.8307032685E+00
   175    0.7567216695E+00
   176    0.8500471036E+00
   177    0.8376836311E+00
   178    0.8222929827E+00
   179    0.7267804861E+00
   180    0.8354285349E+00
   181    0.8469423788E+00
   182    0.8399975830E+00
   183    0.7860655017E+00
   184    0.8417249418E+00
   185    0.8971531670E+00
   186    0.9110696302E+00
   187    0.8568268403E+00
   188    0.9196436313E+00
   189    0.9884664284E+00
   190    0.1011373202E+01
   191    0.1018590142E+01
   192    0.1026450849E+01
   193    0.1131192306E+01
   194    0.1144120634E+01
   195    0.1117419248E+01
   196    0.1165524168E+01
   197    0.1218419335E+01
   198    0.1189539358E+01
   199    0.1160718129E+01
   200    0.1212486085E+01
   201    0.1172824451E+01
   202    0.1117449725E+01
   203    0.1224445188E+01
   204    0.1130121278E+01
   205    0.1012885960E+01
   206    0.1036623308E+01
   207    0.1060379742E+01
   208    0.1035198049E+01
   209    0.9319556189E+00
   210    0.1009818889E+01
   211    0.9733942173E+00
   212    0.9319877737E+00
   213    0.9015593780E+00
   214    0.9431272883E+00
   215    0.8907158129E+00
   216    0.8707420963E+00
   217    0.8834474207E+00
   218    0.8986613261E+00
   219    0.8500675142E+00
   220    0.8564265858E+00
   221    0.8813465136E+00
   222    0.8720476072E+00
   223    0.8504786993E+00
   224    0.8946540607E+00
   225    0.9427226774E+00
   226    0.9055105682E+00
   227    0.8704154237E+00
   228    0.8732664698E+00
   229    0.9129417032E+00
   230    0.9634349393E+00
   231    0.1135892035E+01
   232    0.1019138223E+01
   233    0.7958398191E+00
   234    0.8427681508E+00
   235    0.9461483923E+00
   236    0.1066147655E+01
   237    0.1148487896E+01
   238    0.8792666802E+00
   239    0.8115237407E+00
   240    0.9372148720E+00
   241    0.1046589381E+01
   242    0.1007188081E+01
   243    0.1048505513E+01
   244    0.9600099597E+00
   245    0.8610176152E+00
   246    0.9578660757E+00
   247    0.1046615761E+01
   248    0.9983796809E+00
   249    0.9741976286E+00
   250    0.9956499373E+00
   251    0.9972957130E+00
   252    0.9859358778E+00
   253    0.9919884924E+00
   254    0.1005310105E+01
   255    0.1005447672E+01
   256    0.9825104614E+00
   257    0.9920289699E+00
   258    0.1025983836E+01
   259    0.1025207629E+01
   260    0.9888825508E+00
   261    0.9942771826E+00
   262    0.1046194916E+01
   263    0.1022226196E+01
   264    0.9921956285E+00
   265    0.1003791348E+01
   266    0.1017741501E+01
   267    0.1017322021E+01
   268    0.1012423904E+01
   269    0.1014786898E+01
   270    0.1015622760E+01
   271    0.1015177608E+01
   272    0.1018743488E+01
   273    0.1017170450E+01
   274    0.1014999033E+01
   275    0.1019860316E+01
   276    0.1021338053E+01
   277    0.1011665710E+01
   278    0.1006409590E+01
   279    0.1034951407E+01
   280    0.1031509193E+01
   281    0.1008382388E+01
   282    0.1010049887E+01
   283    0.1017659065E+01
   284    0.1016937578E+01
   285    0.1015150879E+01
   286    0.1015944313E+01
   287    0.1014475036E+01
   288    0.1011867230E+01
   289    0.1013318461E+01
   290    0.1013786288E+01
   291    0.1011505275E+01
   292    0.1009900889E+01
   293    0.1010882041E+01
   294    0.1010758802E+01
   295    0.1008751670E+01
   296    0.1007977328E+01
   297    0.1011472914E+01
   298    0.1012669752E+01
   299    0.1007940559E+01
   300    0.1006343839E+01
   301    0.1006352869E+01
   302    0.1006904138E+01
   303    0.1007045738E+01
   304    0.1006594443E+01
   305    0.1005909100E+01
   306    0.1005039989E+01
   307    0.1004660583E+01
   308    0.1004738123E+01
   309    0.1004620364E+01
   310    0.1004013202E+01
   311    0.1003699600E+01
   312    0.1003550828E+01
   313    0.1003232386E+01
   314    0.1002829153E+01
   315    0.1002846847E+01
   316    0.1002661318E+01
   317    0.1002295407E+01
   318    0.1002024239E+01
   319    0.1001941475E+01
   320    0.1001781031E+01
   321    0.1001572222E+01
   322    0.1001451729E+01
   323    0.1001314324E+01
   324    0.1001165183E+01
   325    0.1001068064E+01
   326    0.1001015188E+01
   327    0.1000921889E+01
   328    0.1000808469E+01
   329    0.1000690374E+01
   330    0.1000637686E+01
   331    0.1000580156E+01
   332    0.1000525884E+01
   333    0.1000473403E+01
   334    0.1000401884E+01
   335    0.1000354175E+01
   336    0.1000339089E+01
   337    0.1000302343E+01
   338    0.1000261383E+01
   339    0.1000230391E+01
   340    0.1000203566E+01
   341    0.1000191608E+01
   342    0.1000166947E+01
   343    0.1000138345E+01
   344    0.1000125547E+01
   345    0.1000109903E+01
   346    0.1000092362E+01
   347    0.1000084037E+01
   348    0.1000078015E+01
   349    0.1000063968E+01
   350    0.1000055791E+01
   351    0.1000050516E+01
   352    0.1000043417E+01
   353    0.1000037410E+01
   354    0.1000032106E+01
   355    0.1000027969E+01
   356    0.1000024368E+01
   357    0.1000021327E+01
   358    0.1000018712E+01
   359    0.1000016059E+01
   360    0.1000013980E+01
   361    0.1000011539E+01
   362    0.1000009523E+01
   363    0.1000008526E+01
   364    0.1000007421E+01
   365    0.1000006122E+01
   366    0.1000005588E+01
   367    0.1000004881E+01
   368    0.1000004069E+01
   369    0.1000003290E+01
   370    0.1000002770E+01
   371    0.1000002445E+01
   372    0.1000002063E+01
   373    0.1000001772E+01
   374    0.1000001499E+01
   375    0.1000001268E+01
   376    0.1000001021E+01
   377    0.1000000858E+01
   378    0.1000000745E+01
   379    0.1000000634E+01
   380    0.1000000531E+01
   381    0.1000000432E+01
   382    0.1000000369E+01
   383    0.1000000320E+01
   384    0.1000000270E+01
   385    0.1000000216E+01
   386    0.1000000177E+01
   387    0.1000000145E+01
   388    0.1000000120E+01
   389    0.1000000102E+01
   390    0.1000000088E+01
   391    0.1000000072E+01
   392    0.1000000057E+01
   393    0.1000000046E+01
   394    0.1000000039E+01
   395    0.1000000033E+01
   396    0.1000000028E+01
   397    0.1000000022E+01
   398    0.1000000018E+01
   399    0.1000000015E+01
   400    0.1000000012E+01
   401    0.1000000010E+01
   402    0.1000000008E+01
   403    0.1000000007E+01
   404    0.1000000005E+01
   405    0.1000000004E+01
   406    0.1000000004E+01
   407    0.1000000003E+01
   408    0.1000000002E+01
   409    0.1000000002E+01
   410    0.1000000002E+01
   411    0.1000000001E+01
   412    0.1000000001E+01
   413    0.1000000001E+01
   414    0.1000000001E+01
   415    0.1000000001E+01
   416    0.1000000000E+01
   417    0.1000000000E+01
   418    0.1000000000E+01
   419    0.1000000000E+01
   420    0.1000000000E+01
   421    0.1000000000E+01
   422    0.1000000000E+01
   423    0.1000000000E+01
   424    0.1000000000E+01
   425    0.1000000000E+01
   426    0.1000000000E+01
   427    0.1000000000E+01
   428    0.1000000000E+01
   429    0.1000000000E+01
   430    0.1000000000E+01
   431    0.1000000000E+01
   432    0.1000000000E+01
   433    0.1000000000E+01
   434    0.1000000000E+01
   435    0.1000000000E+01
   436    0.1000000000E+01
   437    0.1000000000E+01
   438    0.1000000000E+01
   439    0.1000000000E+01
   440    0.1000000000E+01
   441    0.1000000000E+01
   442    0.1000000000E+01
   443    0.1000000000E+01
   444    0.1000000000E+01
   445    0.1000000000E+01
   446    0.1000000000E+01
   447    0.1000000000E+01
   448    0.1000000000E+01
   449    0.1000000000E+01
   450    0.1000000000E+01
   451    0.1000000000E+01
   452    0.1000000000E+01
   453    0.1000000000E+01
   454    0.1000000000E+01
   455    0.1000000000E+01
   456    0.1000000000E+01
   457    0.1000000000E+01
   458    0.1000000000E+01
   459    0.1000000000E+01
   460    0.1000000000E+01
   461    0.1000000000E+01
   462    0.1000000000E+01
   463    0.1000000000E+01
   464    0.1000000000E+01
   465    0.1000000000E+01
   466    0.1000000000E+01
   467    0.1000000000E+01
   468    0.1000000000E+01
   469    0.1000000000E+01
   470    0.1000000000E+01
   471    0.1000000000E+01
   472    0.1000000000E+01
   473    0.1000000000E+01
   474    0.1000000000E+01
   475    0.1000000000E+01
   476    0.1000000000E+01
   477    0.1000000000E+01
   478    0.1000000000E+01
   479    0.1000000000E+01
   480    0.1000000000E+01
   481    0.1000000000E+01
   482    0.1000000000E+01
   483    0.1000000000E+01
   484    0.1000000000E+01
   485    0.1000000000E+01
   486    0.1000000000E+01
   487    0.1000000000E+01
   488    0.1000000000E+01
   489    0.1000000000E+01
   490    0.1000000000E+01
   491    0.1000000000E+01
   492    0.1000000000E+01
   493    0.1000000000E+01
   494    0.1000000000E+01
   495    0.1000000000E+01
   496    0.1000000000E+01
   497    0.1000000000E+01
   498    0.1000000000E+01
   499    0.1000000000E+01
   500    0.8359375000E+00
   501    0.1640625000E+00
   502    0.0000000000E+00
