    -1    0.0000000000E+00
     0    0.2372532367E+00
     1    0.3921686787E+00
     2    0.6103860538E+00
     3    0.9271787080E+00
     4    0.1043002365E+01
     5    0.1053736716E+01
     6    0.7113859846E+00
     7    0.1323859670E+01
     8    0.1088532309E+01
     9    0.1010208805E+01
    10    0.8579511914E+00
    11    0.5254983492E+00
    12    0.1049172814E+01
    13    0.1135209255E+01
    14    0.1097274180E+01
    15    0.8151346091E+00
    16    0.6983372353E+00
    17    0.1000593392E+01
    18    0.1320347140E+01
    19    0.1109197555E+01
    20    0.9709418757E+00
    21    0.7431245159E+00
    22    0.1005322880E+01
    23    0.9207187378E+00
    24    0.5300361073E+00
    25    0.8117732483E+00
    26    0.9586090345E+00
    27    0.1229188958E+01
    28    0.1290525759E+01
    29    0.6988508680E+00
    30    0.1297635493E+01
    31    0.1238822623E+01
    32    0.1285200068E+01
    33    0.6863496861E+00
    34    0.9622271283E+00
    35    0.7663654650E+00
    36    0.7618121699E+00
    37    0.9969907286E+00
    38    0.1276320704E+01
    39    0.6947545422E+00
    40    0.7851800332E+00
    41    0.8191701104E+00
    42    0.6575154888E+00
    43    0.8754459602E+00
    44    0.7207094781E+00
    45    0.8873225335E+00
    46    0.6689735011E+00
    47    0.9462677084E+00
    48    0.1314242865E+01
    49    0.6861109908E+00
    50    0.7288936803E+00
    51    0.1636132226E+01
    52    0.1710480704E+01
    53    0.8485083280E+00
    54    0.3220874264E+00
    55    0.6317121028E+00
    56    0.8853895978E+00
    57    0.6894685241E+00
    58    0.7933163809E+00
    59    0.1771196139E+01
    60    0.1177339809E+01
    61    0.9977779277E+00
    62    0.9516879287E+00
    63    0.5089719853E+00
    64    0.3762152141E+00
    65    0.7790462997E+00
    66    0.9805608256E+00
    67    0.1064824779E+01
    68    0.1610697479E+01
    69    0.1906848313E+01
    70    0.3807843283E+00
    71    0.4802100428E+00
    72    0.1227743915E+01
    73    0.5228954761E+00
    74    0.1644863003E+00
    75    0.6472527405E+00
    76    0.1137595940E+01
    77    0.1004354134E+01
    78    0.6386776254E+00
    79    0.8936524391E+00
    80    0.8390072098E+00
    81    0.5331984909E+00
    82    0.3237291697E+00
    83    0.9774410072E+00
    84    0.1157739128E+01
    85    0.1329444633E+01
    86    0.8361714404E+00
    87    0.4201564989E+00
    88    0.1056200675E+01
    89    0.1171304203E+01
    90    0.7000261053E+00
    91    0.8273739586E+00
    92    0.6032277973E+00
    93    0.4196180300E+00
    94    0.4500056628E+00
    95    0.8677583251E+00
    96    0.1122606420E+01
    97    0.5226329517E+00
    98    0.1333855669E+01
    99    0.1083476555E+01
   100    0.9289805706E+00
   101    0.7705853439E+00
   102    0.7257349337E+00
   103    0.1154054744E+01
   104    0.1157648657E+01
   105    0.9850918392E+00
   106    0.1412520976E+01
   107    0.1044112180E+01
   108    0.1302797525E+01
   109    0.1388092976E+01
   110    0.1597270056E+01
   111    0.1360904231E+01
   112    0.1065815966E+01
   113    0.6632540249E+00
   114    0.6553242801E+00
   115    0.4801372880E+00
   116    0.6009633280E+00
   117    0.6535189610E+00
   118    0.4624213177E+00
   119    0.8113973537E+00
   120    0.2695754391E+00
   121    0.1138038581E+00
   122    0.4466305781E+00
   123    0.6012730324E+00
   124    0.3923451995E+00
   125    0.6058609443E+00
   126    0.3537882854E+00
   127    0.4103481418E+00
   128    0.2474387740E+00
   129    0.2368010418E+00
   130    0.7774377468E+00
   131    0.6156329563E+00
   132    0.4671593845E+00
   133    0.4848976378E+00
   134    0.3455964287E+00
   135    0.4428298290E+00
   136    0.6886309163E+00
   137    0.3207869110E+00
   138    0.1689955216E+00
   139    0.4550123737E+00
   140    0.1113894187E+01
   141    0.8547961147E+00
   142    0.9190192793E+00
   143    0.7047036369E+00
   144    0.6520706827E+00
   145    0.1039078777E+01
   146    0.1195210184E+01
   147    0.9774203217E+00
   148    0.1527841195E+01
   149    0.2144484631E+01
   150    0.2020457077E+01
   151    0.1917045525E+01
   152    0.1844402060E+01
   153    0.1069721443E+01
   154    0.1344968091E+01
   155    0.1374241486E+01
   156    0.8248677778E+00
   157    0.1136932910E+01
   158    0.7084030384E+00
   159    0.7301731834E+00
   160    0.6065195136E+00
   161    0.4773149900E+00
   162    0.5952794939E+00
   163    0.4969425287E+00
   164    0.6695145522E+00
   165    0.5855671189E+00
   166    0.2230578005E+00
   167    0.2987103512E+00
   168    0.4259264091E+00
   169    0.3758680426E+00
   170    0.5053999646E+00
   171    0.8932205010E+00
   172    0.3848979446E+00
   173    0.3335460531E+00
   174    0.4759693540E+00
   175    0.5824610652E+00
   176    0.6588533024E+00
   177    0.5564848129E+00
   178    0.3061088622E+00
   179    0.4719072932E+00
   180    0.6579535984E+00
   181    0.8028548122E+00
   182    0.8385706697E+00
   183    0.4514856489E+00
   184    0.7325940471E+00
   185    0.7494001848E+00
   186    0.4753017556E+00
   187    0.8126963579E+00
   188    0.1001461092E+01
   189    0.9193769862E+00
   190    0.1258970199E+01
   191    0.1733766869E+01
   192    0.1724095775E+01
   193    0.1190905944E+01
   194    0.1120138938E+01
   195    0.1317779481E+01
   196    0.2186511316E+01
   197    0.1859648030E+01
   198    0.1131702793E+01
   199    0.1075415168E+01
   200    0.1266584775E+01
   201    0.1028106603E+01
   202    0.8564157386E+00
   203    0.1100784268E+01
   204    0.6402211008E+00
   205    0.6284630690E+00
   206    0.8982725581E+00
   207    0.7231537544E+00
   208    0.7176839791E+00
   209    0.4798504248E+00
   210    0.6930909152E+00
   211    0.7066859116E+00
   212    0.6431750311E+00
   213    0.5348114443E+00
   214    0.5099760067E+00
   215    0.6897235225E+00
   216    0.6448993478E+00
   217    0.7099291132E+00
   218    0.6223160281E+00
   219    0.6701952667E+00
   220    0.6730670236E+00
   221    0.6909694386E+00
   222    0.5453318713E+00
   223    0.6628571339E+00
   224    0.7231946970E+00
   225    0.8242498312E+00
   226    0.8568358986E+00
   227    0.8389070685E+00
   228    0.7052719160E+00
   229    0.8442087355E+00
   230    0.1517961522E+01
   231    0.1642347461E+01
   232    0.9972222602E+00
   233    0.8377531887E+00
   234    0.1008510399E+01
   235    0.1110958641E+01
   236    0.1159189623E+01
   237    0.1252588360E+01
   238    0.9187352020E+00
   239    0.8073637287E+00
   240    0.9541468266E+00
   241    0.1035808265E+01
   242    0.9068928672E+00
   243    0.9187328466E+00
   244    0.1033442820E+01
   245    0.9737960236E+00
   246    0.8815168527E+00
   247    0.9759225264E+00
   248    0.1126531101E+01
   249    0.1004331472E+01
   250    0.8977275751E+00
   251    0.9748734878E+00
   252    0.1134026158E+01
   253    0.1031929822E+01
   254    0.9468361678E+00
   255    0.9917399531E+00
   256    0.1037851133E+01
   257    0.1024715582E+01
   258    0.1008032657E+01
   259    0.1008654689E+01
   260    0.1012878342E+01
   261    0.1014182630E+01
   262    0.1019838979E+01
   263    0.1017888194E+01
   264    0.1003338092E+01
   265    0.1009643947E+01
   266    0.1040252309E+01
   267    0.1006972330E+01
   268    0.9706021222E+00
   269    0.1048502280E+01
   270    0.1072202972E+01
   271    0.1002088710E+01
   272    0.1003243292E+01
   273    0.1022170341E+01
   274    0.1019110307E+01
   275    0.1014115069E+01
   276    0.1016767025E+01
   277    0.1013957088E+01
   278    0.1008644096E+01
   279    0.1012299755E+01
   280    0.1015625162E+01
   281    0.1010518463E+01
   282    0.1006935033E+01
   283    0.1010141882E+01
   284    0.1011438623E+01
   285    0.1006592164E+01
   286    0.1006073662E+01
   287    0.1017216523E+01
   288    0.1014066394E+01
   289    0.1005066649E+01
   290    0.1004470366E+01
   291    0.1005733362E+01
   292    0.1007176968E+01
   293    0.1007166130E+01
   294    0.1006464746E+01
   295    0.1005576560E+01
   296    0.1004433011E+01
   297    0.1004432586E+01
   298    0.1004750323E+01
   299    0.1004545867E+01
   300    0.1003768369E+01
   301    0.1003545366E+01
   302    0.1003563875E+01
   303    0.1002954324E+01
   304    0.1002742598E+01
   305    0.1002898097E+01
   306    0.1002628734E+01
   307    0.1002087977E+01
   308    0.1001956552E+01
   309    0.1001916539E+01
   310    0.1001678867E+01
   311    0.1001505126E+01
   312    0.1001412959E+01
   313    0.1001237318E+01
   314    0.1001094256E+01
   315    0.1001048800E+01
   316    0.1001002890E+01
   317    0.1000901057E+01
   318    0.1000762665E+01
   319    0.1000637271E+01
   320    0.1000624279E+01
   321    0.1000555289E+01
   322    0.1000511242E+01
   323    0.1000452188E+01
   324    0.1000368126E+01
   325    0.1000340095E+01
   326    0.1000336510E+01
   327    0.1000289757E+01
   328    0.1000248731E+01
   329    0.1000218367E+01
   330    0.1000199540E+01
   331    0.1000191012E+01
   332    0.1000157161E+01
   333    0.1000131406E+01
   334    0.1000120865E+01
   335    0.1000103076E+01
   336    0.1000085999E+01
   337    0.1000083378E+01
   338    0.1000075261E+01
   339    0.1000058880E+01
   340    0.1000054292E+01
   341    0.1000048566E+01
   342    0.1000041452E+01
   343    0.1000035369E+01
   344    0.1000030259E+01
   345    0.1000026675E+01
   346    0.1000023091E+01
   347    0.1000020709E+01
   348    0.1000017843E+01
   349    0.1000015621E+01
   350    0.1000013291E+01
   351    0.1000010525E+01
   352    0.1000008805E+01
   353    0.1000008242E+01
   354    0.1000006896E+01
   355    0.1000005738E+01
   356    0.1000005575E+01
   357    0.1000004722E+01
   358    0.1000003833E+01
   359    0.1000003000E+01
   360    0.1000002645E+01
   361    0.1000002314E+01
   362    0.1000001964E+01
   363    0.1000001696E+01
   364    0.1000001433E+01
   365    0.1000001183E+01
   366    0.1000000933E+01
   367    0.1000000811E+01
   368    0.1000000704E+01
   369    0.1000000604E+01
   370    0.1000000496E+01
   371    0.1000000403E+01
   372    0.1000000353E+01
   373    0.1000000312E+01
   374    0.1000000254E+01
   375    0.1000000200E+01
   376    0.1000000166E+01
   377    0.1000000132E+01
   378    0.1000000112E+01
   379    0.1000000099E+01
   380    0.1000000084E+01
   381    0.1000000067E+01
   382    0.1000000052E+01
   383    0.1000000042E+01
   384    0.1000000036E+01
   385    0.1000000032E+01
   386    0.1000000026E+01
   387    0.1000000021E+01
   388    0.1000000016E+01
   389    0.1000000014E+01
   390    0.1000000011E+01
   391    0.1000000009E+01
   392    0.1000000008E+01
   393    0.1000000006E+01
   394    0.1000000005E+01
   395    0.1000000004E+01
   396    0.1000000003E+01
   397    0.1000000003E+01
   398    0.1000000002E+01
   399    0.1000000002E+01
   400    0.1000000001E+01
   401    0.1000000001E+01
   402    0.1000000001E+01
   403    0.1000000001E+01
   404    0.1000000001E+01
   405    0.1000000000E+01
   406    0.1000000000E+01
   407    0.1000000000E+01
   408    0.1000000000E+01
   409    0.1000000000E+01
   410    0.1000000000E+01
   411    0.1000000000E+01
   412    0.1000000000E+01
   413    0.1000000000E+01
   414    0.1000000000E+01
   415    0.1000000000E+01
   416    0.1000000000E+01
   417    0.1000000000E+01
   418    0.1000000000E+01
   419    0.1000000000E+01
   420    0.1000000000E+01
   421    0.1000000000E+01
   422    0.1000000000E+01
   423    0.1000000000E+01
   424    0.1000000000E+01
   425    0.1000000000E+01
   426    0.1000000000E+01
   427    0.1000000000E+01
   428    0.1000000000E+01
   429    0.1000000000E+01
   430    0.1000000000E+01
   431    0.1000000000E+01
   432    0.1000000000E+01
   433    0.1000000000E+01
   434    0.1000000000E+01
   435    0.1000000000E+01
   436    0.1000000000E+01
   437    0.1000000000E+01
   438    0.1000000000E+01
   439    0.1000000000E+01
   440    0.1000000000E+01
   441    0.1000000000E+01
   442    0.1000000000E+01
   443    0.1000000000E+01
   444    0.1000000000E+01
   445    0.1000000000E+01
   446    0.1000000000E+01
   447    0.1000000000E+01
   448    0.1000000000E+01
   449    0.1000000000E+01
   450    0.1000000000E+01
   451    0.1000000000E+01
   452    0.1000000000E+01
   453    0.1000000000E+01
   454    0.1000000000E+01
   455    0.1000000000E+01
   456    0.1000000000E+01
   457    0.1000000000E+01
   458    0.1000000000E+01
   459    0.1000000000E+01
   460    0.1000000000E+01
   461    0.1000000000E+01
   462    0.1000000000E+01
   463    0.1000000000E+01
   464    0.1000000000E+01
   465    0.1000000000E+01
   466    0.1000000000E+01
   467    0.1000000000E+01
   468    0.1000000000E+01
   469    0.1000000000E+01
   470    0.1000000000E+01
   471    0.1000000000E+01
   472    0.1000000000E+01
   473    0.1000000000E+01
   474    0.1000000000E+01
   475    0.1000000000E+01
   476    0.1000000000E+01
   477    0.1000000000E+01
   478    0.1000000000E+01
   479    0.1000000000E+01
   480    0.1000000000E+01
   481    0.1000000000E+01
   482    0.1000000000E+01
   483    0.1000000000E+01
   484    0.1000000000E+01
   485    0.1000000000E+01
   486    0.1000000000E+01
   487    0.1000000000E+01
   488    0.1000000000E+01
   489    0.1000000000E+01
   490    0.1000000000E+01
   491    0.1000000000E+01
   492    0.1000000000E+01
   493    0.1000000000E+01
   494    0.1000000000E+01
   495    0.1000000000E+01
   496    0.1000000000E+01
   497    0.1000000000E+01
   498    0.1000000000E+01
   499    0.1000000000E+01
   500    0.8359375000E+00
   501    0.1640625000E+00
   502    0.0000000000E+00
