    -1    0.0000000000E+00
     0    0.1083575271E+00
     1    0.5879270760E+00
     2    0.6834600988E+00
     3    0.8451482604E+00
     4    0.8613395221E+00
     5    0.6293505268E+00
     6    0.9004851672E+00
     7    0.7749321567E+00
     8    0.7201853005E+00
     9    0.8311236469E+00
    10    0.1059451000E+01
    11    0.8335954875E+00
    12    0.7171896916E+00
    13    0.1264472209E+01
    14    0.9556190058E+00
    15    0.8592413143E+00
    16    0.1276830230E+01
    17    0.1040002410E+01
    18    0.1284831729E+01
    19    0.1182768208E+01
    20    0.1195898869E+01
    21    0.1458976613E+01
    22    0.1209304512E+01
    23    0.1408210280E+01
    24    0.1323692680E+01
    25    0.1226680842E+01
    26    0.1465518215E+01
    27    0.1087271666E+01
    28    0.1328598489E+01
    29    0.9850547845E+00
    30    0.1251679325E+01
    31    0.1001814648E+01
    32    0.9305230884E+00
    33    0.1176929664E+01
    34    0.8271963540E+00
    35    0.9153852495E+00
    36    0.8162266243E+00
    37    0.9099774455E+00
    38    0.8416563181E+00
    39    0.6975343840E+00
    40    0.8566096819E+00
    41    0.8526135354E+00
    42    0.6987618528E+00
    43    0.6840739251E+00
    44    0.8031189390E+00
    45    0.7814417073E+00
    46    0.6758604939E+00
    47    0.8421740025E+00
    48    0.6920794078E+00
    49    0.6901288124E+00
    50    0.7925155742E+00
    51    0.9204312008E+00
    52    0.7154307147E+00
    53    0.6930873069E+00
    54    0.9001977099E+00
    55    0.9486894790E+00
    56    0.8253290266E+00
    57    0.8513083604E+00
    58    0.1010889896E+01
    59    0.1010552264E+01
    60    0.1013361275E+01
    61    0.1047381990E+01
    62    0.1170753609E+01
    63    0.1135744065E+01
    64    0.1237129082E+01
    65    0.1281345207E+01
    66    0.1264377922E+01
    67    0.1362299638E+01
    68    0.1302892854E+01
    69    0.1378362660E+01
    70    0.1303670751E+01
    71    0.1314799477E+01
    72    0.1265381203E+01
    73    0.1206849447E+01
    74    0.1207462113E+01
    75    0.1098655622E+01
    76    0.1104951951E+01
    77    0.1013156392E+01
    78    0.1003079464E+01
    79    0.9552810989E+00
    80    0.9104365671E+00
    81    0.8889916754E+00
    82    0.8466761362E+00
    83    0.8607883569E+00
    84    0.7617272848E+00
    85    0.8251257021E+00
    86    0.7734718767E+00
    87    0.7775391200E+00
    88    0.7200062481E+00
    89    0.7774691027E+00
    90    0.7479959922E+00
    91    0.7460533715E+00
    92    0.6948269889E+00
    93    0.7990955743E+00
    94    0.7519105987E+00
    95    0.7499531894E+00
    96    0.7095688593E+00
    97    0.8749537386E+00
    98    0.7788689004E+00
    99    0.7992856045E+00
   100    0.8066765901E+00
   101    0.9541273357E+00
   102    0.8533550441E+00
   103    0.8830368239E+00
   104    0.1047774984E+01
   105    0.9784527518E+00
   106    0.1009991570E+01
   107    0.1155015018E+01
   108    0.1127486489E+01
   109    0.1169705734E+01
   110    0.1275304695E+01
   111    0.1243569951E+01
   112    0.1333345522E+01
   113    0.1324480133E+01
   114    0.1346432947E+01
   115    0.1332653405E+01
   116    0.1329682630E+01
   117    0.1285132254E+01
   118    0.1243673367E+01
   119    0.1218669450E+01
   120    0.1136378899E+01
   121    0.1153007945E+01
   122    0.1044193837E+01
   123    0.9917161564E+00
   124    0.1024461771E+01
   125    0.9255194426E+00
   126    0.8792455446E+00
   127    0.9223894190E+00
   128    0.8158845612E+00
   129    0.8276954589E+00
   130    0.8053401209E+00
   131    0.7998197669E+00
   132    0.7678820663E+00
   133    0.7830363950E+00
   134    0.7348727610E+00
   135    0.7197574202E+00
   136    0.7880087597E+00
   137    0.7653731173E+00
   138    0.7223634314E+00
   139    0.6896594943E+00
   140    0.8159119923E+00
   141    0.8036946931E+00
   142    0.7429823297E+00
   143    0.7325320195E+00
   144    0.8440986424E+00
   145    0.9083650505E+00
   146    0.7589816773E+00
   147    0.8784729002E+00
   148    0.9895465120E+00
   149    0.9096770546E+00
   150    0.9264566663E+00
   151    0.1120160540E+01
   152    0.1034699961E+01
   153    0.1076219437E+01
   154    0.1259967286E+01
   155    0.1133706181E+01
   156    0.1302844161E+01
   157    0.1289140616E+01
   158    0.1306436749E+01
   159    0.1362207877E+01
   160    0.1326286548E+01
   161    0.1344147420E+01
   162    0.1304781502E+01
   163    0.1288611754E+01
   164    0.1200741127E+01
   165    0.1198651230E+01
   166    0.1130350834E+01
   167    0.1085062624E+01
   168    0.1049860818E+01
   169    0.9942170750E+00
   170    0.9778901464E+00
   171    0.9341060509E+00
   172    0.8763215004E+00
   173    0.8887677732E+00
   174    0.8657357395E+00
   175    0.7945486568E+00
   176    0.8213924324E+00
   177    0.8181608331E+00
   178    0.7744390687E+00
   179    0.7532593979E+00
   180    0.7979353207E+00
   181    0.7920224942E+00
   182    0.7572008427E+00
   183    0.7677872613E+00
   184    0.8133599444E+00
   185    0.7893829270E+00
   186    0.7984870959E+00
   187    0.8282779243E+00
   188    0.8704932413E+00
   189    0.8532285514E+00
   190    0.8848348944E+00
   191    0.9454593460E+00
   192    0.9308688815E+00
   193    0.9590277025E+00
   194    0.1009255067E+01
   195    0.1000833486E+01
   196    0.1075633132E+01
   197    0.1057797553E+01
   198    0.1058530861E+01
   199    0.1212727943E+01
   200    0.1088079753E+01
   201    0.1255018188E+01
   202    0.1179035968E+01
   203    0.1086612113E+01
   204    0.1218281148E+01
   205    0.1203639757E+01
   206    0.1258208556E+01
   207    0.1164013704E+01
   208    0.1192640263E+01
   209    0.1219739803E+01
   210    0.1143153824E+01
   211    0.1088294303E+01
   212    0.1082988326E+01
   213    0.1086024163E+01
   214    0.1022403980E+01
   215    0.9939869757E+00
   216    0.1004919540E+01
   217    0.9710758753E+00
   218    0.9367732655E+00
   219    0.9312609002E+00
   220    0.9056143458E+00
   221    0.8918489936E+00
   222    0.9369794648E+00
   223    0.9800075165E+00
   224    0.8562054979E+00
   225    0.8277788514E+00
   226    0.9215402167E+00
   227    0.7904249945E+00
   228    0.8148503393E+00
   229    0.8794120108E+00
   230    0.8528080078E+00
   231    0.7591178263E+00
   232    0.7636828574E+00
   233    0.9824470817E+00
   234    0.8425397224E+00
   235    0.8512122096E+00
   236    0.8517366891E+00
   237    0.8624654618E+00
   238    0.1013121852E+01
   239    0.1061178223E+01
   240    0.9919842870E+00
   241    0.1019611651E+01
   242    0.9192610754E+00
   243    0.8497403300E+00
   244    0.9881569077E+00
   245    0.1099152057E+01
   246    0.9915392281E+00
   247    0.9575321031E+00
   248    0.1001623275E+01
   249    0.9917514611E+00
   250    0.9729807929E+00
   251    0.9917558896E+00
   252    0.1009317075E+01
   253    0.9968670247E+00
   254    0.9653223356E+00
   255    0.9890310887E+00
   256    0.1044309119E+01
   257    0.1025350536E+01
   258    0.9641215403E+00
   259    0.1001738815E+01
   260    0.1068614601E+01
   261    0.1009893123E+01
   262    0.9843967118E+00
   263    0.1009008113E+01
   264    0.1022941313E+01
   265    0.1015708102E+01
   266    0.1011525755E+01
   267    0.1016095698E+01
   268    0.1014955944E+01
   269    0.1015603827E+01
   270    0.1020377910E+01
   271    0.1015266373E+01
   272    0.1013671218E+01
   273    0.1022917542E+01
   274    0.1022813866E+01
   275    0.1002605282E+01
   276    0.1010816027E+01
   277    0.1048908657E+01
   278    0.1023636360E+01
   279    0.1003400029E+01
   280    0.1012308379E+01
   281    0.1018595101E+01
   282    0.1016608307E+01
   283    0.1014963036E+01
   284    0.1015938185E+01
   285    0.1013359106E+01
   286    0.1011189139E+01
   287    0.1013814066E+01
   288    0.1013605925E+01
   289    0.1010086445E+01
   290    0.1009593763E+01
   291    0.1011109287E+01
   292    0.1010054106E+01
   293    0.1007561709E+01
   294    0.1008559280E+01
   295    0.1014146806E+01
   296    0.1011345808E+01
   297    0.1006252860E+01
   298    0.1005920711E+01
   299    0.1006354519E+01
   300    0.1007086461E+01
   301    0.1006971667E+01
   302    0.1006350055E+01
   303    0.1005543864E+01
   304    0.1004668822E+01
   305    0.1004645992E+01
   306    0.1004750754E+01
   307    0.1004408175E+01
   308    0.1003813169E+01
   309    0.1003619807E+01
   310    0.1003485263E+01
   311    0.1002979553E+01
   312    0.1002828260E+01
   313    0.1002812141E+01
   314    0.1002547030E+01
   315    0.1002133548E+01
   316    0.1001974792E+01
   317    0.1001894258E+01
   318    0.1001688760E+01
   319    0.1001508320E+01
   320    0.1001399873E+01
   321    0.1001248993E+01
   322    0.1001106945E+01
   323    0.1001046905E+01
   324    0.1000988505E+01
   325    0.1000879881E+01
   326    0.1000757032E+01
   327    0.1000653597E+01
   328    0.1000620551E+01
   329    0.1000553368E+01
   330    0.1000507309E+01
   331    0.1000445848E+01
   332    0.1000374056E+01
   333    0.1000344529E+01
   334    0.1000330001E+01
   335    0.1000285016E+01
   336    0.1000247516E+01
   337    0.1000217689E+01
   338    0.1000198543E+01
   339    0.1000185394E+01
   340    0.1000153976E+01
   341    0.1000131667E+01
   342    0.1000120321E+01
   343    0.1000101965E+01
   344    0.1000086917E+01
   345    0.1000082997E+01
   346    0.1000072937E+01
   347    0.1000059067E+01
   348    0.1000054218E+01
   349    0.1000047578E+01
   350    0.1000040917E+01
   351    0.1000035190E+01
   352    0.1000030158E+01
   353    0.1000026493E+01
   354    0.1000022952E+01
   355    0.1000020437E+01
   356    0.1000017527E+01
   357    0.1000015320E+01
   358    0.1000013029E+01
   359    0.1000010552E+01
   360    0.1000008955E+01
   361    0.1000008154E+01
   362    0.1000006846E+01
   363    0.1000005791E+01
   364    0.1000005413E+01
   365    0.1000004572E+01
   366    0.1000003752E+01
   367    0.1000003013E+01
   368    0.1000002643E+01
   369    0.1000002283E+01
   370    0.1000001943E+01
   371    0.1000001661E+01
   372    0.1000001409E+01
   373    0.1000001165E+01
   374    0.1000000938E+01
   375    0.1000000810E+01
   376    0.1000000697E+01
   377    0.1000000596E+01
   378    0.1000000487E+01
   379    0.1000000403E+01
   380    0.1000000349E+01
   381    0.1000000302E+01
   382    0.1000000249E+01
   383    0.1000000198E+01
   384    0.1000000163E+01
   385    0.1000000133E+01
   386    0.1000000112E+01
   387    0.1000000096E+01
   388    0.1000000082E+01
   389    0.1000000066E+01
   390    0.1000000051E+01
   391    0.1000000043E+01
   392    0.1000000036E+01
   393    0.1000000031E+01
   394    0.1000000026E+01
   395    0.1000000020E+01
   396    0.1000000016E+01
   397    0.1000000014E+01
   398    0.1000000011E+01
   399    0.1000000009E+01
   400    0.1000000008E+01
   401    0.1000000006E+01
   402    0.1000000005E+01
   403    0.1000000004E+01
   404    0.1000000003E+01
   405    0.1000000003E+01
   406    0.1000000002E+01
   407    0.1000000002E+01
   408    0.1000000001E+01
   409    0.1000000001E+01
   410    0.1000000001E+01
   411    0.1000000001E+01
   412    0.1000000001E+01
   413    0.1000000000E+01
   414    0.1000000000E+01
   415    0.1000000000E+01
   416    0.1000000000E+01
   417    0.1000000000E+01
   418    0.1000000000E+01
   419    0.1000000000E+01
   420    0.1000000000E+01
   421    0.1000000000E+01
   422    0.1000000000E+01
   423    0.1000000000E+01
   424    0.1000000000E+01
   425    0.1000000000E+01
   426    0.1000000000E+01
   427    0.1000000000E+01
   428    0.1000000000E+01
   429    0.1000000000E+01
   430    0.1000000000E+01
   431    0.1000000000E+01
   432    0.1000000000E+01
   433    0.1000000000E+01
   434    0.1000000000E+01
   435    0.1000000000E+01
   436    0.1000000000E+01
   437    0.1000000000E+01
   438    0.1000000000E+01
   439    0.1000000000E+01
   440    0.1000000000E+01
   441    0.1000000000E+01
   442    0.1000000000E+01
   443    0.1000000000E+01
   444    0.1000000000E+01
   445    0.1000000000E+01
   446    0.1000000000E+01
   447    0.1000000000E+01
   448    0.1000000000E+01
   449    0.1000000000E+01
   450    0.1000000000E+01
   451    0.1000000000E+01
   452    0.1000000000E+01
   453    0.1000000000E+01
   454    0.1000000000E+01
   455    0.1000000000E+01
   456    0.1000000000E+01
   457    0.1000000000E+01
   458    0.1000000000E+01
   459    0.1000000000E+01
   460    0.1000000000E+01
   461    0.1000000000E+01
   462    0.1000000000E+01
   463    0.1000000000E+01
   464    0.1000000000E+01
   465    0.1000000000E+01
   466    0.1000000000E+01
   467    0.1000000000E+01
   468    0.1000000000E+01
   469    0.1000000000E+01
   470    0.1000000000E+01
   471    0.1000000000E+01
   472    0.1000000000E+01
   473    0.1000000000E+01
   474    0.1000000000E+01
   475    0.1000000000E+01
   476    0.1000000000E+01
   477    0.1000000000E+01
   478    0.1000000000E+01
   479    0.1000000000E+01
   480    0.1000000000E+01
   481    0.1000000000E+01
   482    0.1000000000E+01
   483    0.1000000000E+01
   484    0.1000000000E+01
   485    0.1000000000E+01
   486    0.1000000000E+01
   487    0.1000000000E+01
   488    0.1000000000E+01
   489    0.1000000000E+01
   490    0.1000000000E+01
   491    0.1000000000E+01
   492    0.1000000000E+01
   493    0.1000000000E+01
   494    0.1000000000E+01
   495    0.1000000000E+01
   496    0.1000000000E+01
   497    0.1000000000E+01
   498    0.1000000000E+01
   499    0.1000000000E+01
   500    0.8359375000E+00
   501    0.1640625000E+00
   502    0.0000000000E+00
