    -1    0.0000000000E+00
     0    0.1494634525E+00
     1    0.8861636683E+00
     2    0.7000808159E+00
     3    0.5447400841E+00
     4    0.1033132200E+01
     5    0.7492493559E+00
     6    0.8486292897E+00
     7    0.1221931150E+01
     8    0.9457285732E+00
     9    0.8777514552E+00
    10    0.9037370037E+00
    11    0.5901293796E+00
    12    0.8637097864E+00
    13    0.1002241953E+01
    14    0.6878033908E+00
    15    0.1059841257E+01
    16    0.1057304753E+01
    17    0.1006077745E+01
    18    0.1124699889E+01
    19    0.1211705394E+01
    20    0.1186511189E+01
    21    0.9013470977E+00
    22    0.7980435197E+00
    23    0.1005887089E+01
    24    0.8133942822E+00
    25    0.9797283784E+00
    26    0.6207406901E+00
    27    0.1049419623E+01
    28    0.5352576697E+00
    29    0.5146326317E+00
    30    0.9347727708E+00
    31    0.1039752482E+01
    32    0.9901519237E+00
    33    0.8022009339E+00
    34    0.1085641012E+01
    35    0.1221348192E+01
    36    0.9072160582E+00
    37    0.1462854114E+01
    38    0.6988816570E+00
    39    0.6454665043E+00
    40    0.9180843676E+00
    41    0.9189293488E+00
    42    0.7541960060E+00
    43    0.6524820298E+00
    44    0.1427647239E+01
    45    0.1330908158E+01
    46    0.1043591408E+01
    47    0.7898569273E+00
    48    0.9198944488E+00
    49    0.7117848890E+00
    50    0.7687346011E+00
    51    0.1099221916E+01
    52    0.1094570755E+01
    53    0.1123849185E+01
    54    0.6264241323E+00
    55    0.9761996060E+00
    56    0.1449337833E+01
    57    0.1185783394E+01
    58    0.1023340666E+01
    59    0.1099526950E+01
    60    0.1198748636E+01
    61    0.8192643639E+00
    62    0.8408215911E+00
    63    0.7686883990E+00
    64    0.1086380596E+01
    65    0.1095768661E+01
    66    0.1045660914E+01
    67    0.8386979123E+00
    68    0.5928585462E+00
    69    0.3963568498E+00
    70    0.4847169417E+00
    71    0.9303488779E+00
    72    0.1133630300E+01
    73    0.9830823113E+00
    74    0.1276649955E+01
    75    0.9170456782E+00
    76    0.6571754863E+00
    77    0.6007911808E+00
    78    0.7880906478E+00
    79    0.7824757720E+00
    80    0.1025076128E+01
    81    0.5880697839E+00
    82    0.9234146544E+00
    83    0.1009686394E+01
    84    0.6766224623E+00
    85    0.9154317313E+00
    86    0.8002607725E+00
    87    0.6725822241E+00
    88    0.3320815889E+00
    89    0.9244611898E+00
    90    0.8795428976E+00
    91    0.9374541531E+00
    92    0.1182089836E+01
    93    0.9356572452E+00
    94    0.9694857010E+00
    95    0.1092922181E+01
    96    0.8681313388E+00
    97    0.1644828165E+01
    98    0.1209178894E+01
    99    0.1482861137E+01
   100    0.1356200114E+01
   101    0.1570145385E+01
   102    0.1255048815E+01
   103    0.1871218348E+01
   104    0.1037813106E+01
   105    0.4932052100E+00
   106    0.7214659959E+00
   107    0.1206076579E+01
   108    0.8452447131E+00
   109    0.5555497660E+00
   110    0.8442947818E+00
   111    0.7174588212E+00
   112    0.8733122479E+00
   113    0.6164322290E+00
   114    0.4725844541E+00
   115    0.6404241372E+00
   116    0.6237686121E+00
   117    0.3666431253E+00
   118    0.4795745568E+00
   119    0.9206068601E+00
   120    0.6935480896E+00
   121    0.6050805562E+00
   122    0.3823854875E+00
   123    0.8083757576E+00
   124    0.7002192937E+00
   125    0.6967285344E+00
   126    0.9031557843E+00
   127    0.5522460348E+00
   128    0.5807544046E+00
   129    0.4494863009E+00
   130    0.6519041199E+00
   131    0.5394045463E+00
   132    0.3747345134E+00
   133    0.7711197996E+00
   134    0.7008008595E+00
   135    0.2129283706E+00
   136    0.2800260230E+00
   137    0.3230537632E+00
   138    0.9057090345E+00
   139    0.5062620323E+00
   140    0.1185568687E+01
   141    0.1973324451E+01
   142    0.1127777362E+01
   143    0.7904258303E+00
   144    0.9857580215E+00
   145    0.1310380940E+01
   146    0.1445754633E+01
   147    0.1195710742E+01
   148    0.1336320047E+01
   149    0.1930228125E+01
   150    0.1513335845E+01
   151    0.1212320395E+01
   152    0.1587888479E+01
   153    0.1122136334E+01
   154    0.9689784414E+00
   155    0.8465433027E+00
   156    0.8312024688E+00
   157    0.1048003735E+01
   158    0.5284927132E+00
   159    0.5483582236E+00
   160    0.7860487596E+00
   161    0.6654528144E+00
   162    0.8134584116E+00
   163    0.7472244312E+00
   164    0.7646498701E+00
   165    0.4234164359E+00
   166    0.7728371851E+00
   167    0.6346450376E+00
   168    0.3531521028E+00
   169    0.5516275104E+00
   170    0.4310122151E+00
   171    0.5789063456E+00
   172    0.7557519717E+00
   173    0.4186769937E+00
   174    0.5367260913E+00
   175    0.6982079210E+00
   176    0.2625429918E+00
   177    0.1913012031E+00
   178    0.5194468555E+00
   179    0.2724427902E+00
   180    0.2298450517E+00
   181    0.3404163762E+00
   182    0.6715372038E+00
   183    0.7906094392E+00
   184    0.4961043150E+00
   185    0.7428438864E+00
   186    0.3166880890E+00
   187    0.6928381712E+00
   188    0.1433607063E+01
   189    0.6959467353E+00
   190    0.1101631814E+01
   191    0.1277850908E+01
   192    0.1154880506E+01
   193    0.1892719833E+01
   194    0.2269815633E+01
   195    0.1695375187E+01
   196    0.1644889787E+01
   197    0.1748482158E+01
   198    0.1272215585E+01
   199    0.9865864678E+00
   200    0.1019253064E+01
   201    0.1305946062E+01
   202    0.7428630685E+00
   203    0.7885438897E+00
   204    0.9240005522E+00
   205    0.7012350332E+00
   206    0.7427670473E+00
   207    0.7481134810E+00
   208    0.6589792809E+00
   209    0.5612609079E+00
   210    0.8870848127E+00
   211    0.5890980154E+00
   212    0.5709254481E+00
   213    0.5799803499E+00
   214    0.8102004744E+00
   215    0.5661654458E+00
   216    0.5792256671E+00
   217    0.7544700010E+00
   218    0.7286589639E+00
   219    0.5924333504E+00
   220    0.7543052274E+00
   221    0.6820209025E+00
   222    0.6100711849E+00
   223    0.6512518655E+00
   224    0.7624506130E+00
   225    0.8320385318E+00
   226    0.8945463213E+00
   227    0.8555395090E+00
   228    0.7553428916E+00
   229    0.7672369900E+00
   230    0.1308223854E+01
   231    0.1723960341E+01
   232    0.1161643094E+01
   233    0.8469888640E+00
   234    0.9467696098E+00
   235    0.1096424784E+01
   236    0.1123957811E+01
   237    0.1305929494E+01
   238    0.9971681800E+00
   239    0.7992400817E+00
   240    0.9168826143E+00
   241    0.1047485483E+01
   242    0.9384567038E+00
   243    0.9081630066E+00
   244    0.1008033902E+01
   245    0.1007272621E+01
   246    0.9076812882E+00
   247    0.9262018046E+00
   248    0.1096150144E+01
   249    0.1054214101E+01
   250    0.9207120182E+00
   251    0.9354757767E+00
   252    0.1101764731E+01
   253    0.1071527269E+01
   254    0.9634868627E+00
   255    0.9712120807E+00
   256    0.1029441068E+01
   257    0.1033585358E+01
   258    0.1008554699E+01
   259    0.1007198895E+01
   260    0.1015701505E+01
   261    0.1011813683E+01
   262    0.1017635325E+01
   263    0.1022057422E+01
   264    0.1006191471E+01
   265    0.1005730150E+01
   266    0.1034581335E+01
   267    0.1022638635E+01
   268    0.9714510885E+00
   269    0.1023972797E+01
   270    0.1080756715E+01
   271    0.1013482173E+01
   272    0.9980120601E+00
   273    0.1019025152E+01
   274    0.1020968940E+01
   275    0.1014119950E+01
   276    0.1016490071E+01
   277    0.1015592002E+01
   278    0.1008860426E+01
   279    0.1011489460E+01
   280    0.1015447890E+01
   281    0.1011786952E+01
   282    0.1007634672E+01
   283    0.1009293904E+01
   284    0.1011269259E+01
   285    0.1008420012E+01
   286    0.1005172034E+01
   287    0.1013724129E+01
   288    0.1017037682E+01
   289    0.1006521694E+01
   290    0.1004252074E+01
   291    0.1005507459E+01
   292    0.1006880807E+01
   293    0.1007169169E+01
   294    0.1006755786E+01
   295    0.1005876750E+01
   296    0.1004658352E+01
   297    0.1004364589E+01
   298    0.1004707405E+01
   299    0.1004699637E+01
   300    0.1003906847E+01
   301    0.1003616215E+01
   302    0.1003574688E+01
   303    0.1003144177E+01
   304    0.1002732295E+01
   305    0.1002900936E+01
   306    0.1002714878E+01
   307    0.1002232233E+01
   308    0.1001978858E+01
   309    0.1001924760E+01
   310    0.1001757554E+01
   311    0.1001549291E+01
   312    0.1001438938E+01
   313    0.1001283789E+01
   314    0.1001139791E+01
   315    0.1001047830E+01
   316    0.1001020279E+01
   317    0.1000937441E+01
   318    0.1000803652E+01
   319    0.1000659554E+01
   320    0.1000630324E+01
   321    0.1000575809E+01
   322    0.1000523470E+01
   323    0.1000471206E+01
   324    0.1000389142E+01
   325    0.1000344570E+01
   326    0.1000339191E+01
   327    0.1000303811E+01
   328    0.1000260394E+01
   329    0.1000226110E+01
   330    0.1000200886E+01
   331    0.1000196805E+01
   332    0.1000167914E+01
   333    0.1000134842E+01
   334    0.1000124805E+01
   335    0.1000109264E+01
   336    0.1000088930E+01
   337    0.1000083354E+01
   338    0.1000079843E+01
   339    0.1000062033E+01
   340    0.1000055024E+01
   341    0.1000051032E+01
   342    0.1000042969E+01
   343    0.1000037001E+01
   344    0.1000031708E+01
   345    0.1000027530E+01
   346    0.1000024095E+01
   347    0.1000021262E+01
   348    0.1000018752E+01
   349    0.1000016086E+01
   350    0.1000014040E+01
   351    0.1000011301E+01
   352    0.1000009092E+01
   353    0.1000008440E+01
   354    0.1000007356E+01
   355    0.1000005919E+01
   356    0.1000005658E+01
   357    0.1000004983E+01
   358    0.1000004081E+01
   359    0.1000003204E+01
   360    0.1000002707E+01
   361    0.1000002427E+01
   362    0.1000002048E+01
   363    0.1000001775E+01
   364    0.1000001494E+01
   365    0.1000001264E+01
   366    0.1000000990E+01
   367    0.1000000837E+01
   368    0.1000000739E+01
   369    0.1000000630E+01
   370    0.1000000528E+01
   371    0.1000000422E+01
   372    0.1000000366E+01
   373    0.1000000324E+01
   374    0.1000000270E+01
   375    0.1000000215E+01
   376    0.1000000175E+01
   377    0.1000000139E+01
   378    0.1000000118E+01
   379    0.1000000102E+01
   380    0.1000000088E+01
   381    0.1000000072E+01
   382    0.1000000056E+01
   383    0.1000000044E+01
   384    0.1000000038E+01
   385    0.1000000033E+01
   386    0.1000000028E+01
   387    0.1000000022E+01
   388    0.1000000017E+01
   389    0.1000000014E+01
   390    0.1000000012E+01
   391    0.1000000009E+01
   392    0.1000000008E+01
   393    0.1000000007E+01
   394    0.1000000005E+01
   395    0.1000000004E+01
   396    0.1000000004E+01
   397    0.1000000003E+01
   398    0.1000000002E+01
   399    0.1000000002E+01
   400    0.1000000002E+01
   401    0.1000000001E+01
   402    0.1000000001E+01
   403    0.1000000001E+01
   404    0.1000000001E+01
   405    0.1000000001E+01
   406    0.1000000000E+01
   407    0.1000000000E+01
   408    0.1000000000E+01
   409    0.1000000000E+01
   410    0.1000000000E+01
   411    0.1000000000E+01
   412    0.1000000000E+01
   413    0.1000000000E+01
   414    0.1000000000E+01
   415    0.1000000000E+01
   416    0.1000000000E+01
   417    0.1000000000E+01
   418    0.1000000000E+01
   419    0.1000000000E+01
   420    0.1000000000E+01
   421    0.1000000000E+01
   422    0.1000000000E+01
   423    0.1000000000E+01
   424    0.1000000000E+01
   425    0.1000000000E+01
   426    0.1000000000E+01
   427    0.1000000000E+01
   428    0.1000000000E+01
   429    0.1000000000E+01
   430    0.1000000000E+01
   431    0.1000000000E+01
   432    0.1000000000E+01
   433    0.1000000000E+01
   434    0.1000000000E+01
   435    0.1000000000E+01
   436    0.1000000000E+01
   437    0.1000000000E+01
   438    0.1000000000E+01
   439    0.1000000000E+01
   440    0.1000000000E+01
   441    0.1000000000E+01
   442    0.1000000000E+01
   443    0.1000000000E+01
   444    0.1000000000E+01
   445    0.1000000000E+01
   446    0.1000000000E+01
   447    0.1000000000E+01
   448    0.1000000000E+01
   449    0.1000000000E+01
   450    0.1000000000E+01
   451    0.1000000000E+01
   452    0.1000000000E+01
   453    0.1000000000E+01
   454    0.1000000000E+01
   455    0.1000000000E+01
   456    0.1000000000E+01
   457    0.1000000000E+01
   458    0.1000000000E+01
   459    0.1000000000E+01
   460    0.1000000000E+01
   461    0.1000000000E+01
   462    0.1000000000E+01
   463    0.1000000000E+01
   464    0.1000000000E+01
   465    0.1000000000E+01
   466    0.1000000000E+01
   467    0.1000000000E+01
   468    0.1000000000E+01
   469    0.1000000000E+01
   470    0.1000000000E+01
   471    0.1000000000E+01
   472    0.1000000000E+01
   473    0.1000000000E+01
   474    0.1000000000E+01
   475    0.1000000000E+01
   476    0.1000000000E+01
   477    0.1000000000E+01
   478    0.1000000000E+01
   479    0.1000000000E+01
   480    0.1000000000E+01
   481    0.1000000000E+01
   482    0.1000000000E+01
   483    0.1000000000E+01
   484    0.1000000000E+01
   485    0.1000000000E+01
   486    0.1000000000E+01
   487    0.1000000000E+01
   488    0.1000000000E+01
   489    0.1000000000E+01
   490    0.1000000000E+01
   491    0.1000000000E+01
   492    0.1000000000E+01
   493    0.1000000000E+01
   494    0.1000000000E+01
   495    0.1000000000E+01
   496    0.1000000000E+01
   497    0.1000000000E+01
   498    0.1000000000E+01
   499    0.1000000000E+01
   500    0.8359375000E+00
   501    0.1640625000E+00
   502    0.0000000000E+00
