    -1    0.1200665918E+00
     0    0.7224340924E+00
     1    0.7374821715E+00
     2    0.1119698320E+01
     3    0.8360708728E+00
     4    0.1065798130E+01
     5    0.9075998619E+00
     6    0.7601118653E+00
     7    0.7776781331E+00
     8    0.8418717268E+00
     9    0.1478038921E+01
    10    0.8707677073E+00
    11    0.1104271053E+01
    12    0.6774389112E+00
    13    0.1129552841E+01
    14    0.9381361741E+00
    15    0.9949366979E+00
    16    0.1090473394E+01
    17    0.1195158076E+01
    18    0.8750321068E+00
    19    0.7750101062E+00
    20    0.1207589323E+01
    21    0.1406728358E+01
    22    0.5820227040E+00
    23    0.8648917707E+00
    24    0.1375414919E+01
    25    0.6951404805E+00
    26    0.7201137567E+00
    27    0.1085098293E+01
    28    0.4438569718E+00
    29    0.3381465757E+00
    30    0.1173311222E+01
    31    0.1133073987E+01
    32    0.6098135397E+00
    33    0.6760646366E+00
    34    0.7250304893E+00
    35    0.1103626620E+01
    36    0.4276985953E+00
    37    0.6433973463E+00
    38    0.1380509985E+01
    39    0.8308818687E+00
    40    0.9935569243E+00
    41    0.9252737886E+00
    42    0.6575591882E+00
    43    0.1121962379E+01
    44    0.9328125595E+00
    45    0.9723201183E+00
    46    0.1024553672E+01
    47    0.9209786485E+00
    48    0.1020708617E+01
    49    0.1370666088E+01
    50    0.1233288295E+01
    51    0.1249490836E+01
    52    0.1696452592E+01
    53    0.1960167650E+01
    54    0.9565845430E+00
    55    0.9478905488E+00
    56    0.9608764733E+00
    57    0.7676192706E+00
    58    0.1063180454E+01
    59    0.8461769083E+00
    60    0.8219002722E+00
    61    0.7720266359E+00
    62    0.1381727881E+01
    63    0.5510665923E+00
    64    0.9863913748E+00
    65    0.8262013743E+00
    66    0.8062149563E+00
    67    0.6171120488E+00
    68    0.9167539964E+00
    69    0.8627076897E+00
    70    0.1069130531E+01
    71    0.8559390255E+00
    72    0.1767364520E+00
    73    0.6816884334E+00
    74    0.6550955911E+00
    75    0.7212446905E+00
    76    0.8886448394E+00
    77    0.6346804289E+00
    78    0.7707718007E+00
    79    0.6034180472E+00
    80    0.3024614706E+00
    81    0.5511403001E+00
    82    0.3615373279E+00
    83    0.9718238118E+00
    84    0.6433911948E+00
    85    0.6976842372E+00
    86    0.7792926994E+00
    87    0.5703436299E+00
    88    0.8214078388E+00
    89    0.1272104215E+01
    90    0.7506199942E+00
    91    0.7856244017E+00
    92    0.1503213525E+01
    93    0.1388731126E+01
    94    0.1483318190E+01
    95    0.1108016081E+01
    96    0.8777002729E+00
    97    0.1138457756E+01
    98    0.1918391263E+01
    99    0.1575817865E+01
   100    0.1224513618E+01
   101    0.1360518247E+01
   102    0.1424242827E+01
   103    0.1409323870E+01
   104    0.1196542585E+01
   105    0.7978005069E+00
   106    0.9703432325E+00
   107    0.1291068788E+01
   108    0.5983437578E+00
   109    0.5619297892E+00
   110    0.1243408284E+01
   111    0.9389502998E+00
   112    0.3983343096E+00
   113    0.7669549989E+00
   114    0.5546925103E+00
   115    0.6737119399E+00
   116    0.8241487442E+00
   117    0.6162622922E+00
   118    0.5909938768E+00
   119    0.5256016378E+00
   120    0.7460118212E+00
   121    0.4946723903E+00
   122    0.4988414278E+00
   123    0.6386312089E+00
   124    0.6610303981E+00
   125    0.4515556621E+00
   126    0.5904195193E+00
   127    0.4349739004E+00
   128    0.6984067772E+00
   129    0.4935744658E+00
   130    0.2772829056E+00
   131    0.6174052739E+00
   132    0.6394382071E+00
   133    0.3733741211E+00
   134    0.5900204383E+00
   135    0.4404111699E+00
   136    0.3176253469E+00
   137    0.6193319014E+00
   138    0.1087073185E+01
   139    0.5803690560E+00
   140    0.4839042445E+00
   141    0.9260646011E+00
   142    0.1098713350E+01
   143    0.1351481186E+01
   144    0.1359671486E+01
   145    0.9200197911E+00
   146    0.9345649872E+00
   147    0.1893368765E+01
   148    0.1866403496E+01
   149    0.2226061443E+01
   150    0.2261897742E+01
   151    0.1602040046E+01
   152    0.1486159727E+01
   153    0.1588826839E+01
   154    0.1169724019E+01
   155    0.1100888126E+01
   156    0.1110163802E+01
   157    0.6331019139E+00
   158    0.1100457447E+01
   159    0.7152395132E+00
   160    0.6464647884E+00
   161    0.6572546476E+00
   162    0.8240532511E+00
   163    0.5463162162E+00
   164    0.4747197822E+00
   165    0.7053769470E+00
   166    0.4909309438E+00
   167    0.4117430337E+00
   168    0.5488191033E+00
   169    0.4949953760E+00
   170    0.2468274887E+00
   171    0.5325951518E+00
   172    0.7663121757E+00
   173    0.4618483471E+00
   174    0.4880362164E+00
   175    0.5739600625E+00
   176    0.2371415572E+00
   177    0.6301851375E+00
   178    0.9361960142E+00
   179    0.7516906796E+00
   180    0.4450953849E+00
   181    0.2930365839E+00
   182    0.1124337118E+01
   183    0.6166641970E+00
   184    0.4250369422E+00
   185    0.7240598521E+00
   186    0.1306878591E+01
   187    0.8795297723E+00
   188    0.8658835435E+00
   189    0.1096525121E+01
   190    0.1271461292E+01
   191    0.1295974761E+01
   192    0.1472262358E+01
   193    0.1800181880E+01
   194    0.1643088075E+01
   195    0.1320569273E+01
   196    0.1448596839E+01
   197    0.1792327870E+01
   198    0.1363978537E+01
   199    0.1286062847E+01
   200    0.1121853957E+01
   201    0.1077896149E+01
   202    0.1213877110E+01
   203    0.9126440830E+00
   204    0.7919232608E+00
   205    0.8811478424E+00
   206    0.9303534908E+00
   207    0.6820668852E+00
   208    0.7985869644E+00
   209    0.7933641465E+00
   210    0.7057858071E+00
   211    0.6198201974E+00
   212    0.8296667413E+00
   213    0.7461449481E+00
   214    0.5560413157E+00
   215    0.6662046363E+00
   216    0.8242703614E+00
   217    0.7660371075E+00
   218    0.5661060789E+00
   219    0.8089220247E+00
   220    0.8456150964E+00
   221    0.5540571617E+00
   222    0.5243099498E+00
   223    0.7447688851E+00
   224    0.7682824195E+00
   225    0.6971975844E+00
   226    0.8104714627E+00
   227    0.8438350292E+00
   228    0.7301026802E+00
   229    0.6479987036E+00
   230    0.1095437347E+01
   231    0.1665964285E+01
   232    0.1290726652E+01
   233    0.8803490879E+00
   234    0.9095452998E+00
   235    0.1073163010E+01
   236    0.1055000898E+01
   237    0.1308598682E+01
   238    0.1113971175E+01
   239    0.8083694634E+00
   240    0.8785499200E+00
   241    0.1040356375E+01
   242    0.9746454401E+00
   243    0.9066231053E+00
   244    0.9791520788E+00
   245    0.1026470725E+01
   246    0.9383059721E+00
   247    0.9066425145E+00
   248    0.1041205105E+01
   249    0.1090686608E+01
   250    0.9590664114E+00
   251    0.9119964629E+00
   252    0.1050048375E+01
   253    0.1105809351E+01
   254    0.9827618033E+00
   255    0.9603331147E+00
   256    0.1020776008E+01
   257    0.1033077662E+01
   258    0.1013747604E+01
   259    0.1009426358E+01
   260    0.1012052414E+01
   261    0.1012947391E+01
   262    0.1017627075E+01
   263    0.1020449729E+01
   264    0.1011425560E+01
   265    0.1005454112E+01
   266    0.1025130968E+01
   267    0.1034129675E+01
   268    0.9807143010E+00
   269    0.1001654992E+01
   270    0.1078709969E+01
   271    0.1029545986E+01
   272    0.9950326056E+00
   273    0.1014302356E+01
   274    0.1021839337E+01
   275    0.1015656470E+01
   276    0.1015407223E+01
   277    0.1016179033E+01
   278    0.1010984822E+01
   279    0.1010159712E+01
   280    0.1014350047E+01
   281    0.1013804670E+01
   282    0.1008289404E+01
   283    0.1008271734E+01
   284    0.1011351685E+01
   285    0.1009723906E+01
   286    0.1005159455E+01
   287    0.1010504685E+01
   288    0.1018262873E+01
   289    0.1008738443E+01
   290    0.1004466414E+01
   291    0.1005190906E+01
   292    0.1006445825E+01
   293    0.1007287690E+01
   294    0.1006919870E+01
   295    0.1006084328E+01
   296    0.1005041706E+01
   297    0.1004347821E+01
   298    0.1004599783E+01
   299    0.1004783019E+01
   300    0.1004149919E+01
   301    0.1003650960E+01
   302    0.1003550932E+01
   303    0.1003373990E+01
   304    0.1002756048E+01
   305    0.1002848272E+01
   306    0.1002806707E+01
   307    0.1002399057E+01
   308    0.1001984300E+01
   309    0.1001948882E+01
   310    0.1001836395E+01
   311    0.1001583914E+01
   312    0.1001466821E+01
   313    0.1001344432E+01
   314    0.1001170978E+01
   315    0.1001060477E+01
   316    0.1001038962E+01
   317    0.1000961489E+01
   318    0.1000844008E+01
   319    0.1000695599E+01
   320    0.1000630783E+01
   321    0.1000599355E+01
   322    0.1000533072E+01
   323    0.1000488271E+01
   324    0.1000415240E+01
   325    0.1000349503E+01
   326    0.1000340427E+01
   327    0.1000319248E+01
   328    0.1000270054E+01
   329    0.1000234549E+01
   330    0.1000206840E+01
   331    0.1000198476E+01
   332    0.1000177399E+01
   333    0.1000142286E+01
   334    0.1000127555E+01
   335    0.1000113964E+01
   336    0.1000094250E+01
   337    0.1000083606E+01
   338    0.1000082174E+01
   339    0.1000066957E+01
   340    0.1000055988E+01
   341    0.1000052639E+01
   342    0.1000044999E+01
   343    0.1000038725E+01
   344    0.1000033075E+01
   345    0.1000028537E+01
   346    0.1000025127E+01
   347    0.1000021857E+01
   348    0.1000019618E+01
   349    0.1000016635E+01
   350    0.1000014719E+01
   351    0.1000012080E+01
   352    0.1000009545E+01
   353    0.1000008599E+01
   354    0.1000007758E+01
   355    0.1000006231E+01
   356    0.1000005687E+01
   357    0.1000005236E+01
   358    0.1000004322E+01
   359    0.1000003438E+01
   360    0.1000002791E+01
   361    0.1000002532E+01
   362    0.1000002141E+01
   363    0.1000001847E+01
   364    0.1000001569E+01
   365    0.1000001335E+01
   366    0.1000001058E+01
   367    0.1000000870E+01
   368    0.1000000771E+01
   369    0.1000000655E+01
   370    0.1000000560E+01
   371    0.1000000449E+01
   372    0.1000000379E+01
   373    0.1000000335E+01
   374    0.1000000288E+01
   375    0.1000000229E+01
   376    0.1000000184E+01
   377    0.1000000150E+01
   378    0.1000000123E+01
   379    0.1000000105E+01
   380    0.1000000093E+01
   381    0.1000000077E+01
   382    0.1000000060E+01
   383    0.1000000047E+01
   384    0.1000000040E+01
   385    0.1000000034E+01
   386    0.1000000030E+01
   387    0.1000000024E+01
   388    0.1000000018E+01
   389    0.1000000015E+01
   390    0.1000000013E+01
   391    0.1000000010E+01
   392    0.1000000008E+01
   393    0.1000000007E+01
   394    0.1000000006E+01
   395    0.1000000004E+01
   396    0.1000000004E+01
   397    0.1000000003E+01
   398    0.1000000002E+01
   399    0.1000000002E+01
   400    0.1000000002E+01
   401    0.1000000001E+01
   402    0.1000000001E+01
   403    0.1000000001E+01
   404    0.1000000001E+01
   405    0.1000000001E+01
   406    0.1000000000E+01
   407    0.1000000000E+01
   408    0.1000000000E+01
   409    0.1000000000E+01
   410    0.1000000000E+01
   411    0.1000000000E+01
   412    0.1000000000E+01
   413    0.1000000000E+01
   414    0.1000000000E+01
   415    0.1000000000E+01
   416    0.1000000000E+01
   417    0.1000000000E+01
   418    0.1000000000E+01
   419    0.1000000000E+01
   420    0.1000000000E+01
   421    0.1000000000E+01
   422    0.1000000000E+01
   423    0.1000000000E+01
   424    0.1000000000E+01
   425    0.1000000000E+01
   426    0.1000000000E+01
   427    0.1000000000E+01
   428    0.1000000000E+01
   429    0.1000000000E+01
   430    0.1000000000E+01
   431    0.1000000000E+01
   432    0.1000000000E+01
   433    0.1000000000E+01
   434    0.1000000000E+01
   435    0.1000000000E+01
   436    0.1000000000E+01
   437    0.1000000000E+01
   438    0.1000000000E+01
   439    0.1000000000E+01
   440    0.1000000000E+01
   441    0.1000000000E+01
   442    0.1000000000E+01
   443    0.1000000000E+01
   444    0.1000000000E+01
   445    0.1000000000E+01
   446    0.1000000000E+01
   447    0.1000000000E+01
   448    0.1000000000E+01
   449    0.1000000000E+01
   450    0.1000000000E+01
   451    0.1000000000E+01
   452    0.1000000000E+01
   453    0.1000000000E+01
   454    0.1000000000E+01
   455    0.1000000000E+01
   456    0.1000000000E+01
   457    0.1000000000E+01
   458    0.1000000000E+01
   459    0.1000000000E+01
   460    0.1000000000E+01
   461    0.1000000000E+01
   462    0.1000000000E+01
   463    0.1000000000E+01
   464    0.1000000000E+01
   465    0.1000000000E+01
   466    0.1000000000E+01
   467    0.1000000000E+01
   468    0.1000000000E+01
   469    0.1000000000E+01
   470    0.1000000000E+01
   471    0.1000000000E+01
   472    0.1000000000E+01
   473    0.1000000000E+01
   474    0.1000000000E+01
   475    0.1000000000E+01
   476    0.1000000000E+01
   477    0.1000000000E+01
   478    0.1000000000E+01
   479    0.1000000000E+01
   480    0.1000000000E+01
   481    0.1000000000E+01
   482    0.1000000000E+01
   483    0.1000000000E+01
   484    0.1000000000E+01
   485    0.1000000000E+01
   486    0.1000000000E+01
   487    0.1000000000E+01
   488    0.1000000000E+01
   489    0.1000000000E+01
   490    0.1000000000E+01
   491    0.1000000000E+01
   492    0.1000000000E+01
   493    0.1000000000E+01
   494    0.1000000000E+01
   495    0.1000000000E+01
   496    0.1000000000E+01
   497    0.1000000000E+01
   498    0.1000000000E+01
   499    0.1000000000E+01
   500    0.8359375000E+00
   501    0.1640625000E+00
   502    0.0000000000E+00
