    -1    0.0000000000E+00
     0    0.1890468231E+00
     1    0.7266801279E+00
     2    0.7490925122E+00
     3    0.1078360343E+01
     4    0.7954042166E+00
     5    0.8668170667E+00
     6    0.7503122619E+00
     7    0.8112122500E+00
     8    0.1041030936E+01
     9    0.6235785182E+00
    10    0.9314076136E+00
    11    0.1207830285E+01
    12    0.9018380031E+00
    13    0.1018348733E+01
    14    0.8459301721E+00
    15    0.1412363287E+01
    16    0.1137196312E+01
    17    0.1055438161E+01
    18    0.1142582569E+01
    19    0.1350577858E+01
    20    0.1146588493E+01
    21    0.1374017052E+01
    22    0.1334718834E+01
    23    0.1281956618E+01
    24    0.1185714136E+01
    25    0.9948647177E+00
    26    0.1342759040E+01
    27    0.1165422225E+01
    28    0.1100803316E+01
    29    0.1268008512E+01
    30    0.8415904538E+00
    31    0.1157793743E+01
    32    0.8238370354E+00
    33    0.1196075204E+01
    34    0.5845651943E+00
    35    0.9249607212E+00
    36    0.1138170705E+01
    37    0.5348321794E+00
    38    0.8710690419E+00
    39    0.1019750603E+01
    40    0.6668049459E+00
    41    0.6565227086E+00
    42    0.8541491910E+00
    43    0.8430578133E+00
    44    0.9467925538E+00
    45    0.6415066669E+00
    46    0.7395427409E+00
    47    0.8710966665E+00
    48    0.7824197738E+00
    49    0.7196256931E+00
    50    0.8444027112E+00
    51    0.9321805849E+00
    52    0.9171220116E+00
    53    0.7544397603E+00
    54    0.1019081957E+01
    55    0.9443233415E+00
    56    0.7588901805E+00
    57    0.1154894505E+01
    58    0.7871980679E+00
    59    0.1284372610E+01
    60    0.1159281207E+01
    61    0.1116348040E+01
    62    0.8953266808E+00
    63    0.1280818955E+01
    64    0.1192708392E+01
    65    0.1272987609E+01
    66    0.1353748646E+01
    67    0.1348804565E+01
    68    0.1067767632E+01
    69    0.1440589420E+01
    70    0.1126866069E+01
    71    0.1150969891E+01
    72    0.1136530943E+01
    73    0.1114747563E+01
    74    0.1266157654E+01
    75    0.9213395257E+00
    76    0.9433560268E+00
    77    0.1286452267E+01
    78    0.7719952466E+00
    79    0.8754923206E+00
    80    0.9481430620E+00
    81    0.9308009300E+00
    82    0.8184673920E+00
    83    0.8715017952E+00
    84    0.7533160297E+00
    85    0.9748981807E+00
    86    0.5960199491E+00
    87    0.8772026237E+00
    88    0.7798487679E+00
    89    0.8808015504E+00
    90    0.7094309966E+00
    91    0.6680950484E+00
    92    0.8891983745E+00
    93    0.9503619948E+00
    94    0.7886243186E+00
    95    0.6504294372E+00
    96    0.8433907404E+00
    97    0.9983921623E+00
    98    0.7830437994E+00
    99    0.9709361999E+00
   100    0.8114119838E+00
   101    0.9360956465E+00
   102    0.1170944552E+01
   103    0.7898604632E+00
   104    0.1081146134E+01
   105    0.1177438469E+01
   106    0.9402103991E+00
   107    0.1262174992E+01
   108    0.1200120162E+01
   109    0.1146033641E+01
   110    0.1206046317E+01
   111    0.1342312326E+01
   112    0.1135963942E+01
   113    0.1314005539E+01
   114    0.1316355059E+01
   115    0.1088976334E+01
   116    0.1366285513E+01
   117    0.1095462654E+01
   118    0.1131079274E+01
   119    0.1234335319E+01
   120    0.9531039211E+00
   121    0.1075864925E+01
   122    0.1086097329E+01
   123    0.8751702361E+00
   124    0.9768525235E+00
   125    0.9662178776E+00
   126    0.7996434790E+00
   127    0.9502288352E+00
   128    0.8137819802E+00
   129    0.8469141511E+00
   130    0.8176621012E+00
   131    0.8303358492E+00
   132    0.7849228925E+00
   133    0.8113939224E+00
   134    0.7575522027E+00
   135    0.8426223075E+00
   136    0.7503600787E+00
   137    0.8131626756E+00
   138    0.8027008623E+00
   139    0.8165684453E+00
   140    0.7913062981E+00
   141    0.8443508685E+00
   142    0.8745725023E+00
   143    0.8297369260E+00
   144    0.9125740257E+00
   145    0.9167515405E+00
   146    0.9022188318E+00
   147    0.1007696453E+01
   148    0.1000291372E+01
   149    0.9913541847E+00
   150    0.1132421024E+01
   151    0.1067378591E+01
   152    0.1155209890E+01
   153    0.1199636526E+01
   154    0.1169640725E+01
   155    0.1272333939E+01
   156    0.1224481335E+01
   157    0.1280495959E+01
   158    0.1245716357E+01
   159    0.1268206495E+01
   160    0.1238627973E+01
   161    0.1218086014E+01
   162    0.1168390029E+01
   163    0.1140104560E+01
   164    0.1135087431E+01
   165    0.1042606073E+01
   166    0.1049527361E+01
   167    0.1019503751E+01
   168    0.9449321108E+00
   169    0.9660950278E+00
   170    0.9388446889E+00
   171    0.8849401959E+00
   172    0.8470099786E+00
   173    0.9257718994E+00
   174    0.8190563117E+00
   175    0.7772987475E+00
   176    0.9139878164E+00
   177    0.7962326585E+00
   178    0.7992457882E+00
   179    0.8050783600E+00
   180    0.8884229359E+00
   181    0.7941517881E+00
   182    0.7925352145E+00
   183    0.9254892894E+00
   184    0.8270048833E+00
   185    0.8598723917E+00
   186    0.9360827424E+00
   187    0.9449647218E+00
   188    0.9119235190E+00
   189    0.9913532347E+00
   190    0.1037192702E+01
   191    0.9902370835E+00
   192    0.1042915616E+01
   193    0.1071378540E+01
   194    0.1078708493E+01
   195    0.1103521476E+01
   196    0.1062440100E+01
   197    0.1132378542E+01
   198    0.1125122319E+01
   199    0.1139764319E+01
   200    0.1173203393E+01
   201    0.1047237015E+01
   202    0.1030092576E+01
   203    0.1128779504E+01
   204    0.1119465261E+01
   205    0.1077416823E+01
   206    0.1074807863E+01
   207    0.1076319315E+01
   208    0.1090862644E+01
   209    0.1011891102E+01
   210    0.9965230677E+00
   211    0.1037970328E+01
   212    0.9952941683E+00
   213    0.9701952852E+00
   214    0.9965334350E+00
   215    0.9907053374E+00
   216    0.9604922347E+00
   217    0.9558461753E+00
   218    0.9552706186E+00
   219    0.9465043298E+00
   220    0.9652249863E+00
   221    0.1053467645E+01
   222    0.1000140907E+01
   223    0.8482096115E+00
   224    0.9134160171E+00
   225    0.9219035049E+00
   226    0.8610586215E+00
   227    0.8819611538E+00
   228    0.9270061205E+00
   229    0.9021370501E+00
   230    0.7876681980E+00
   231    0.9613715322E+00
   232    0.9007173251E+00
   233    0.7768001327E+00
   234    0.8520308567E+00
   235    0.8989127870E+00
   236    0.9850802585E+00
   237    0.1097669426E+01
   238    0.9943831877E+00
   239    0.9787064120E+00
   240    0.9676878212E+00
   241    0.8576009233E+00
   242    0.8954562665E+00
   243    0.1123784688E+01
   244    0.1050228674E+01
   245    0.9502810400E+00
   246    0.9753518437E+00
   247    0.1000468125E+01
   248    0.9758742716E+00
   249    0.9762057263E+00
   250    0.9986978505E+00
   251    0.1007497516E+01
   252    0.9741831076E+00
   253    0.9579767909E+00
   254    0.1022727570E+01
   255    0.1054694863E+01
   256    0.9808635345E+00
   257    0.9573926766E+00
   258    0.1059524946E+01
   259    0.1047883212E+01
   260    0.9839411520E+00
   261    0.9940805942E+00
   262    0.1020749420E+01
   263    0.1020811634E+01
   264    0.1012507326E+01
   265    0.1013401975E+01
   266    0.1015546603E+01
   267    0.1014828313E+01
   268    0.1018875511E+01
   269    0.1018151241E+01
   270    0.1012622995E+01
   271    0.1017661486E+01
   272    0.1026285163E+01
   273    0.1014053221E+01
   274    0.9961729255E+00
   275    0.1035694150E+01
   276    0.1045258727E+01
   277    0.1007634932E+01
   278    0.1004707139E+01
   279    0.1017693591E+01
   280    0.1018606537E+01
   281    0.1014548553E+01
   282    0.1015909781E+01
   283    0.1015382250E+01
   284    0.1010720197E+01
   285    0.1012520315E+01
   286    0.1014685049E+01
   287    0.1011409940E+01
   288    0.1009029250E+01
   289    0.1010607556E+01
   290    0.1010783510E+01
   291    0.1008542146E+01
   292    0.1007067878E+01
   293    0.1012041329E+01
   294    0.1014422065E+01
   295    0.1007626072E+01
   296    0.1005641340E+01
   297    0.1005957667E+01
   298    0.1006821310E+01
   299    0.1007150539E+01
   300    0.1006656746E+01
   301    0.1005927189E+01
   302    0.1004973823E+01
   303    0.1004533982E+01
   304    0.1004705361E+01
   305    0.1004679539E+01
   306    0.1004013578E+01
   307    0.1003665215E+01
   308    0.1003558375E+01
   309    0.1003250338E+01
   310    0.1002787979E+01
   311    0.1002855133E+01
   312    0.1002711591E+01
   313    0.1002301201E+01
   314    0.1001993310E+01
   315    0.1001953022E+01
   316    0.1001788568E+01
   317    0.1001559105E+01
   318    0.1001459840E+01
   319    0.1001315477E+01
   320    0.1001153752E+01
   321    0.1001068069E+01
   322    0.1001021860E+01
   323    0.1000929349E+01
   324    0.1000817007E+01
   325    0.1000684342E+01
   326    0.1000634220E+01
   327    0.1000583768E+01
   328    0.1000526995E+01
   329    0.1000475949E+01
   330    0.1000401430E+01
   331    0.1000351215E+01
   332    0.1000340152E+01
   333    0.1000305606E+01
   334    0.1000262824E+01
   335    0.1000230476E+01
   336    0.1000203504E+01
   337    0.1000194321E+01
   338    0.1000168995E+01
   339    0.1000138474E+01
   340    0.1000125847E+01
   341    0.1000110396E+01
   342    0.1000092188E+01
   343    0.1000083713E+01
   344    0.1000079322E+01
   345    0.1000064132E+01
   346    0.1000055649E+01
   347    0.1000051069E+01
   348    0.1000043642E+01
   349    0.1000037585E+01
   350    0.1000032189E+01
   351    0.1000028008E+01
   352    0.1000024465E+01
   353    0.1000021411E+01
   354    0.1000018916E+01
   355    0.1000016172E+01
   356    0.1000014130E+01
   357    0.1000011612E+01
   358    0.1000009418E+01
   359    0.1000008528E+01
   360    0.1000007493E+01
   361    0.1000006082E+01
   362    0.1000005633E+01
   363    0.1000004976E+01
   364    0.1000004119E+01
   365    0.1000003296E+01
   366    0.1000002764E+01
   367    0.1000002461E+01
   368    0.1000002072E+01
   369    0.1000001788E+01
   370    0.1000001513E+01
   371    0.1000001280E+01
   372    0.1000001021E+01
   373    0.1000000856E+01
   374    0.1000000750E+01
   375    0.1000000636E+01
   376    0.1000000536E+01
   377    0.1000000434E+01
   378    0.1000000369E+01
   379    0.1000000324E+01
   380    0.1000000274E+01
   381    0.1000000218E+01
   382    0.1000000178E+01
   383    0.1000000145E+01
   384    0.1000000120E+01
   385    0.1000000103E+01
   386    0.1000000089E+01
   387    0.1000000073E+01
   388    0.1000000057E+01
   389    0.1000000046E+01
   390    0.1000000039E+01
   391    0.1000000033E+01
   392    0.1000000028E+01
   393    0.1000000023E+01
   394    0.1000000018E+01
   395    0.1000000015E+01
   396    0.1000000012E+01
   397    0.1000000010E+01
   398    0.1000000008E+01
   399    0.1000000007E+01
   400    0.1000000005E+01
   401    0.1000000004E+01
   402    0.1000000004E+01
   403    0.1000000003E+01
   404    0.1000000002E+01
   405    0.1000000002E+01
   406    0.1000000002E+01
   407    0.1000000001E+01
   408    0.1000000001E+01
   409    0.1000000001E+01
   410    0.1000000001E+01
   411    0.1000000001E+01
   412    0.1000000000E+01
   413    0.1000000000E+01
   414    0.1000000000E+01
   415    0.1000000000E+01
   416    0.1000000000E+01
   417    0.1000000000E+01
   418    0.1000000000E+01
   419    0.1000000000E+01
   420    0.1000000000E+01
   421    0.1000000000E+01
   422    0.1000000000E+01
   423    0.1000000000E+01
   424    0.1000000000E+01
   425    0.1000000000E+01
   426    0.1000000000E+01
   427    0.1000000000E+01
   428    0.1000000000E+01
   429    0.1000000000E+01
   430    0.1000000000E+01
   431    0.1000000000E+01
   432    0.1000000000E+01
   433    0.1000000000E+01
   434    0.1000000000E+01
   435    0.1000000000E+01
   436    0.1000000000E+01
   437    0.1000000000E+01
   438    0.1000000000E+01
   439    0.1000000000E+01
   440    0.1000000000E+01
   441    0.1000000000E+01
   442    0.1000000000E+01
   443    0.1000000000E+01
   444    0.1000000000E+01
   445    0.1000000000E+01
   446    0.1000000000E+01
   447    0.1000000000E+01
   448    0.1000000000E+01
   449    0.1000000000E+01
   450    0.1000000000E+01
   451    0.1000000000E+01
   452    0.1000000000E+01
   453    0.1000000000E+01
   454    0.1000000000E+01
   455    0.1000000000E+01
   456    0.1000000000E+01
   457    0.1000000000E+01
   458    0.1000000000E+01
   459    0.1000000000E+01
   460    0.1000000000E+01
   461    0.1000000000E+01
   462    0.1000000000E+01
   463    0.1000000000E+01
   464    0.1000000000E+01
   465    0.1000000000E+01
   466    0.1000000000E+01
   467    0.1000000000E+01
   468    0.1000000000E+01
   469    0.1000000000E+01
   470    0.1000000000E+01
   471    0.1000000000E+01
   472    0.1000000000E+01
   473    0.1000000000E+01
   474    0.1000000000E+01
   475    0.1000000000E+01
   476    0.1000000000E+01
   477    0.1000000000E+01
   478    0.1000000000E+01
   479    0.1000000000E+01
   480    0.1000000000E+01
   481    0.1000000000E+01
   482    0.1000000000E+01
   483    0.1000000000E+01
   484    0.1000000000E+01
   485    0.1000000000E+01
   486    0.1000000000E+01
   487    0.1000000000E+01
   488    0.1000000000E+01
   489    0.1000000000E+01
   490    0.1000000000E+01
   491    0.1000000000E+01
   492    0.1000000000E+01
   493    0.1000000000E+01
   494    0.1000000000E+01
   495    0.1000000000E+01
   496    0.1000000000E+01
   497    0.1000000000E+01
   498    0.1000000000E+01
   499    0.1000000000E+01
   500    0.8359375000E+00
   501    0.1640625000E+00
   502    0.0000000000E+00
