    -1    0.1499561021E+00
     0    0.9157442195E+00
     1    0.1262261786E+01
     2    0.9007766495E+00
     3    0.1246555223E+01
     4    0.8193626811E+00
     5    0.1262449744E+01
     6    0.1195872215E+01
     7    0.1096677914E+01
     8    0.1043219161E+01
     9    0.8787754223E+00
    10    0.7985951795E+00
    11    0.1216523294E+01
    12    0.1060935991E+01
    13    0.8113805536E+00
    14    0.1011881193E+01
    15    0.9816242850E+00
    16    0.1049221706E+01
    17    0.8546887377E+00
    18    0.8202498335E+00
    19    0.1277564602E+01
    20    0.8721742950E+00
    21    0.7325079091E+00
    22    0.6722229902E+00
    23    0.9512101952E+00
    24    0.1000833023E+01
    25    0.7673184042E+00
    26    0.1031475568E+01
    27    0.8088744331E+00
    28    0.9048583025E+00
    29    0.1296462409E+01
    30    0.6590319936E+00
    31    0.9411875015E+00
    32    0.7354884903E+00
    33    0.1183307637E+01
    34    0.7538387225E+00
    35    0.1155606592E+01
    36    0.1233231193E+01
    37    0.5285868205E+00
    38    0.5401199751E+00
    39    0.1385879841E+01
    40    0.1332547759E+01
    41    0.9876800240E+00
    42    0.1442686181E+01
    43    0.7992571955E+00
    44    0.7926445401E+00
    45    0.7817371691E+00
    46    0.1209669479E+01
    47    0.9658747235E+00
    48    0.1225954524E+01
    49    0.1140552860E+01
    50    0.8038036754E+00
    51    0.5591042480E+00
    52    0.9890484648E+00
    53    0.1246567537E+01
    54    0.6099474783E+00
    55    0.6061572127E+00
    56    0.8061328208E+00
    57    0.7687971202E+00
    58    0.7184796314E+00
    59    0.6529272597E+00
    60    0.8965500826E+00
    61    0.1250294728E+01
    62    0.9314789617E+00
    63    0.1045534261E+00
    64    0.5407089270E+00
    65    0.8674017719E+00
    66    0.8243289065E+00
    67    0.8977360044E+00
    68    0.6514422845E+00
    69    0.9247811422E+00
    70    0.6658393349E+00
    71    0.1208851968E+01
    72    0.1276226203E+01
    73    0.5349518975E+00
    74    0.1071000731E+01
    75    0.1490667331E+01
    76    0.8442623280E+00
    77    0.1680967609E+01
    78    0.7456933506E+00
    79    0.8792194582E+00
    80    0.1243963403E+01
    81    0.1222991334E+01
    82    0.1052589658E+01
    83    0.9649173041E+00
    84    0.8645913006E+00
    85    0.1280321721E+01
    86    0.9652618607E+00
    87    0.6887622177E+00
    88    0.8003154137E+00
    89    0.9999697796E+00
    90    0.9997408236E+00
    91    0.9843503756E+00
    92    0.7124598083E+00
    93    0.5638123596E+00
    94    0.7710835244E+00
    95    0.6729775162E+00
    96    0.6456940892E+00
    97    0.7244791076E+00
    98    0.7470190950E+00
    99    0.8211323292E+00
   100    0.1219957861E+01
   101    0.7283426846E+00
   102    0.4694209583E+00
   103    0.9568628844E+00
   104    0.6498533526E+00
   105    0.8340784598E+00
   106    0.7116503768E+00
   107    0.7332018455E+00
   108    0.8659014437E+00
   109    0.7795352940E+00
   110    0.1202054218E+01
   111    0.7510799228E+00
   112    0.1370954842E+01
   113    0.9621904535E+00
   114    0.7358599249E+00
   115    0.3387336035E+00
   116    0.1361723127E+01
   117    0.1594779772E+01
   118    0.8781542094E+00
   119    0.5902776087E+00
   120    0.7346880139E+00
   121    0.7445787594E+00
   122    0.1139820831E+01
   123    0.1316726135E+01
   124    0.8796665206E+00
   125    0.8387006785E+00
   126    0.7213185831E+00
   127    0.5822700845E+00
   128    0.7540514326E+00
   129    0.8014489491E+00
   130    0.8360528494E+00
   131    0.1067019134E+01
   132    0.1049632913E+01
   133    0.9824890211E+00
   134    0.1242157160E+01
   135    0.3835132039E+00
   136    0.9375296036E+00
   137    0.8440466311E+00
   138    0.1471043801E+01
   139    0.1390049998E+01
   140    0.8716351748E+00
   141    0.6591948559E+00
   142    0.1022074038E+01
   143    0.1157383942E+01
   144    0.7509136426E+00
   145    0.6231935130E+00
   146    0.1132806881E+01
   147    0.9895523938E+00
   148    0.1095926389E+01
   149    0.1034826363E+01
   150    0.1077627381E+01
   151    0.1189475798E+01
   152    0.8872369147E+00
   153    0.9231884519E+00
   154    0.8135768707E+00
   155    0.8607113189E+00
   156    0.7608520664E+00
   157    0.6229905623E+00
   158    0.7804621134E+00
   159    0.6683493217E+00
   160    0.6475127550E+00
   161    0.7429051436E+00
   162    0.5730294008E+00
   163    0.5004531726E+00
   164    0.6675280134E+00
   165    0.5401257675E+00
   166    0.6722572663E+00
   167    0.5469884136E+00
   168    0.6731349527E+00
   169    0.5626751748E+00
   170    0.7215783269E+00
   171    0.6880960011E+00
   172    0.7159657949E+00
   173    0.6255814009E+00
   174    0.1006646350E+01
   175    0.1084634083E+01
   176    0.9384636749E+00
   177    0.1015347834E+01
   178    0.9977468942E+00
   179    0.1069924720E+01
   180    0.8965639269E+00
   181    0.9253722365E+00
   182    0.1096078604E+01
   183    0.7678502331E+00
   184    0.9336512090E+00
   185    0.1281938689E+01
   186    0.9563984865E+00
   187    0.1079235138E+01
   188    0.1359295168E+01
   189    0.1358036937E+01
   190    0.1080844615E+01
   191    0.1350763227E+01
   192    0.1258716299E+01
   193    0.1319892880E+01
   194    0.1183610040E+01
   195    0.1102325773E+01
   196    0.9936310502E+00
   197    0.1403265718E+01
   198    0.1601136994E+01
   199    0.1298799302E+01
   200    0.9238275015E+00
   201    0.1415137181E+01
   202    0.1131689099E+01
   203    0.9946835830E+00
   204    0.8066114399E+00
   205    0.6855287483E+00
   206    0.8544462220E+00
   207    0.8165940381E+00
   208    0.7350215439E+00
   209    0.8063018011E+00
   210    0.7873840473E+00
   211    0.7409383688E+00
   212    0.5986138354E+00
   213    0.6542900163E+00
   214    0.7263694712E+00
   215    0.6613542659E+00
   216    0.5847288918E+00
   217    0.6499841123E+00
   218    0.6825442412E+00
   219    0.7062290196E+00
   220    0.7215841441E+00
   221    0.6722739568E+00
   222    0.6874466100E+00
   223    0.7289702976E+00
   224    0.7827639178E+00
   225    0.8035794761E+00
   226    0.9376282047E+00
   227    0.9061903035E+00
   228    0.7839931923E+00
   229    0.7953804131E+00
   230    0.8605966717E+00
   231    0.1119803630E+01
   232    0.1613675426E+01
   233    0.1571874991E+01
   234    0.1126522150E+01
   235    0.9321262934E+00
   236    0.8373963076E+00
   237    0.1064804770E+01
   238    0.1242761730E+01
   239    0.9489665587E+00
   240    0.8174208786E+00
   241    0.9170512485E+00
   242    0.1155125782E+01
   243    0.1078305275E+01
   244    0.9105339145E+00
   245    0.8940649964E+00
   246    0.1039567587E+01
   247    0.1124952913E+01
   248    0.1021719504E+01
   249    0.9704399184E+00
   250    0.1000875899E+01
   251    0.1011688668E+01
   252    0.9957494962E+00
   253    0.1019977403E+01
   254    0.1029450957E+01
   255    0.9724402239E+00
   256    0.9534176523E+00
   257    0.9967448495E+00
   258    0.1019833844E+01
   259    0.9699447352E+00
   260    0.9879069678E+00
   261    0.1079854634E+01
   262    0.1085181550E+01
   263    0.1028962668E+01
   264    0.1029672432E+01
   265    0.1023782088E+01
   266    0.1010982204E+01
   267    0.1018153835E+01
   268    0.1014854847E+01
   269    0.1003510489E+01
   270    0.1009965861E+01
   271    0.1019710235E+01
   272    0.1010875110E+01
   273    0.1003024109E+01
   274    0.1008253235E+01
   275    0.1014148410E+01
   276    0.1005056063E+01
   277    0.1002371834E+01
   278    0.1021556134E+01
   279    0.1016289252E+01
   280    0.1003492433E+01
   281    0.1003114969E+01
   282    0.1005614033E+01
   283    0.1007350336E+01
   284    0.1007402343E+01
   285    0.1006420143E+01
   286    0.1005179981E+01
   287    0.1004042171E+01
   288    0.1004299757E+01
   289    0.1004825725E+01
   290    0.1004441382E+01
   291    0.1003631895E+01
   292    0.1003477448E+01
   293    0.1003529947E+01
   294    0.1002757074E+01
   295    0.1002748543E+01
   296    0.1002938591E+01
   297    0.1002569836E+01
   298    0.1001959392E+01
   299    0.1001928559E+01
   300    0.1001883287E+01
   301    0.1001609182E+01
   302    0.1001481390E+01
   303    0.1001372797E+01
   304    0.1001184400E+01
   305    0.1001055835E+01
   306    0.1001039579E+01
   307    0.1001002209E+01
   308    0.1000889345E+01
   309    0.1000712919E+01
   310    0.1000614997E+01
   311    0.1000617492E+01
   312    0.1000538256E+01
   313    0.1000503534E+01
   314    0.1000433571E+01
   315    0.1000346436E+01
   316    0.1000336311E+01
   317    0.1000334426E+01
   318    0.1000281187E+01
   319    0.1000240895E+01
   320    0.1000209788E+01
   321    0.1000201166E+01
   322    0.1000190095E+01
   323    0.1000148588E+01
   324    0.1000128132E+01
   325    0.1000118392E+01
   326    0.1000097312E+01
   327    0.1000082825E+01
   328    0.1000084474E+01
   329    0.1000071736E+01
   330    0.1000056114E+01
   331    0.1000053965E+01
   332    0.1000047056E+01
   333    0.1000040222E+01
   334    0.1000034052E+01
   335    0.1000029139E+01
   336    0.1000025958E+01
   337    0.1000022293E+01
   338    0.1000020399E+01
   339    0.1000017379E+01
   340    0.1000015365E+01
   341    0.1000012762E+01
   342    0.1000009764E+01
   343    0.1000008496E+01
   344    0.1000008060E+01
   345    0.1000006486E+01
   346    0.1000005629E+01
   347    0.1000005579E+01
   348    0.1000004622E+01
   349    0.1000003644E+01
   350    0.1000002821E+01
   351    0.1000002586E+01
   352    0.1000002231E+01
   353    0.1000001916E+01
   354    0.1000001647E+01
   355    0.1000001398E+01
   356    0.1000001111E+01
   357    0.1000000883E+01
   358    0.1000000788E+01
   359    0.1000000677E+01
   360    0.1000000589E+01
   361    0.1000000469E+01
   362    0.1000000387E+01
   363    0.1000000348E+01
   364    0.1000000306E+01
   365    0.1000000243E+01
   366    0.1000000192E+01
   367    0.1000000157E+01
   368    0.1000000124E+01
   369    0.1000000108E+01
   370    0.1000000097E+01
   371    0.1000000082E+01
   372    0.1000000063E+01
   373    0.1000000048E+01
   374    0.1000000040E+01
   375    0.1000000035E+01
   376    0.1000000031E+01
   377    0.1000000025E+01
   378    0.1000000019E+01
   379    0.1000000015E+01
   380    0.1000000013E+01
   381    0.1000000010E+01
   382    0.1000000009E+01
   383    0.1000000007E+01
   384    0.1000000006E+01
   385    0.1000000005E+01
   386    0.1000000004E+01
   387    0.1000000003E+01
   388    0.1000000003E+01
   389    0.1000000002E+01
   390    0.1000000002E+01
   391    0.1000000001E+01
   392    0.1000000001E+01
   393    0.1000000001E+01
   394    0.1000000001E+01
   395    0.1000000001E+01
   396    0.1000000000E+01
   397    0.1000000000E+01
   398    0.1000000000E+01
   399    0.1000000000E+01
   400    0.1000000000E+01
   401    0.1000000000E+01
   402    0.1000000000E+01
   403    0.1000000000E+01
   404    0.1000000000E+01
   405    0.1000000000E+01
   406    0.1000000000E+01
   407    0.1000000000E+01
   408    0.1000000000E+01
   409    0.1000000000E+01
   410    0.1000000000E+01
   411    0.1000000000E+01
   412    0.1000000000E+01
   413    0.1000000000E+01
   414    0.1000000000E+01
   415    0.1000000000E+01
   416    0.1000000000E+01
   417    0.1000000000E+01
   418    0.1000000000E+01
   419    0.1000000000E+01
   420    0.1000000000E+01
   421    0.1000000000E+01
   422    0.1000000000E+01
   423    0.1000000000E+01
   424    0.1000000000E+01
   425    0.1000000000E+01
   426    0.1000000000E+01
   427    0.1000000000E+01
   428    0.1000000000E+01
   429    0.1000000000E+01
   430    0.1000000000E+01
   431    0.1000000000E+01
   432    0.1000000000E+01
   433    0.1000000000E+01
   434    0.1000000000E+01
   435    0.1000000000E+01
   436    0.1000000000E+01
   437    0.1000000000E+01
   438    0.1000000000E+01
   439    0.1000000000E+01
   440    0.1000000000E+01
   441    0.1000000000E+01
   442    0.1000000000E+01
   443    0.1000000000E+01
   444    0.1000000000E+01
   445    0.1000000000E+01
   446    0.1000000000E+01
   447    0.1000000000E+01
   448    0.1000000000E+01
   449    0.1000000000E+01
   450    0.1000000000E+01
   451    0.1000000000E+01
   452    0.1000000000E+01
   453    0.1000000000E+01
   454    0.1000000000E+01
   455    0.1000000000E+01
   456    0.1000000000E+01
   457    0.1000000000E+01
   458    0.1000000000E+01
   459    0.1000000000E+01
   460    0.1000000000E+01
   461    0.1000000000E+01
   462    0.1000000000E+01
   463    0.1000000000E+01
   464    0.1000000000E+01
   465    0.1000000000E+01
   466    0.1000000000E+01
   467    0.1000000000E+01
   468    0.1000000000E+01
   469    0.1000000000E+01
   470    0.1000000000E+01
   471    0.1000000000E+01
   472    0.1000000000E+01
   473    0.1000000000E+01
   474    0.1000000000E+01
   475    0.1000000000E+01
   476    0.1000000000E+01
   477    0.1000000000E+01
   478    0.1000000000E+01
   479    0.1000000000E+01
   480    0.1000000000E+01
   481    0.1000000000E+01
   482    0.1000000000E+01
   483    0.1000000000E+01
   484    0.1000000000E+01
   485    0.1000000000E+01
   486    0.1000000000E+01
   487    0.1000000000E+01
   488    0.1000000000E+01
   489    0.1000000000E+01
   490    0.1000000000E+01
   491    0.1000000000E+01
   492    0.1000000000E+01
   493    0.1000000000E+01
   494    0.1000000000E+01
   495    0.1000000000E+01
   496    0.1000000000E+01
   497    0.1000000000E+01
   498    0.1000000000E+01
   499    0.1000000000E+01
   500    0.8359375000E+00
   501    0.1640625000E+00
   502    0.0000000000E+00
