    -1    0.0000000000E+00
     0    0.1290738783E+00
     1    0.8085537765E+00
     2    0.9830733538E+00
     3    0.9659326505E+00
     4    0.9856074037E+00
     5    0.9625458068E+00
     6    0.9394799177E+00
     7    0.9738189687E+00
     8    0.9429985370E+00
     9    0.9288063245E+00
    10    0.9639092864E+00
    11    0.9285903550E+00
    12    0.9407736563E+00
    13    0.9469223582E+00
    14    0.9319396053E+00
    15    0.9580068874E+00
    16    0.9394669227E+00
    17    0.9482627357E+00
    18    0.9729995060E+00
    19    0.9538475052E+00
    20    0.9666571147E+00
    21    0.9927275555E+00
    22    0.9782280850E+00
    23    0.9878948043E+00
    24    0.1017085735E+01
    25    0.1007137445E+01
    26    0.1010527341E+01
    27    0.1042550098E+01
    28    0.1034836155E+01
    29    0.1030952596E+01
    30    0.1063981132E+01
    31    0.1055606896E+01
    32    0.1046821947E+01
    33    0.1071701889E+01
    34    0.1066549842E+01
    35    0.1054398093E+01
    36    0.1066338371E+01
    37    0.1062622520E+01
    38    0.1050925175E+01
    39    0.1049216617E+01
    40    0.1045678265E+01
    41    0.1032699387E+01
    42    0.1027330580E+01
    43    0.1021714688E+01
    44    0.1008708824E+01
    45    0.1000185098E+01
    46    0.9968568463E+00
    47    0.9843213803E+00
    48    0.9716668334E+00
    49    0.9758483211E+00
    50    0.9646404823E+00
    51    0.9460031107E+00
    52    0.9612470934E+00
    53    0.9509067487E+00
    54    0.9285753516E+00
    55    0.9535539950E+00
    56    0.9372979151E+00
    57    0.9354158255E+00
    58    0.9444269745E+00
    59    0.9406825248E+00
    60    0.9468832834E+00
    61    0.9466116349E+00
    62    0.9501501362E+00
    63    0.9649668360E+00
    64    0.9600709563E+00
    65    0.9664513350E+00
    66    0.9880398134E+00
    67    0.9823178353E+00
    68    0.9893479737E+00
    69    0.1013503840E+01
    70    0.1009099988E+01
    71    0.1015187971E+01
    72    0.1038869159E+01
    73    0.1033986221E+01
    74    0.1039549626E+01
    75    0.1059179385E+01
    76    0.1052076509E+01
    77    0.1055734746E+01
    78    0.1071161923E+01
    79    0.1059979614E+01
    80    0.1062011896E+01
    81    0.1066630475E+01
    82    0.1057975268E+01
    83    0.1053816349E+01
    84    0.1050352023E+01
    85    0.1045978814E+01
    86    0.1030400741E+01
    87    0.1029357234E+01
    88    0.1022761370E+01
    89    0.1003817777E+01
    90    0.1003342232E+01
    91    0.9974639017E+00
    92    0.9784833073E+00
    93    0.9759202018E+00
    94    0.9742247950E+00
    95    0.9583537393E+00
    96    0.9538159098E+00
    97    0.9543843471E+00
    98    0.9461080504E+00
    99    0.9397126198E+00
   100    0.9442304625E+00
   101    0.9404683298E+00
   102    0.9360557540E+00
   103    0.9424581154E+00
   104    0.9414268861E+00
   105    0.9436131789E+00
   106    0.9471268582E+00
   107    0.9533847395E+00
   108    0.9606493908E+00
   109    0.9590834014E+00
   110    0.9723141028E+00
   111    0.9844344684E+00
   112    0.9791858694E+00
   113    0.9967522261E+00
   114    0.1010887935E+01
   115    0.1005558242E+01
   116    0.1023043774E+01
   117    0.1035237305E+01
   118    0.1033653540E+01
   119    0.1045696493E+01
   120    0.1053258098E+01
   121    0.1057997005E+01
   122    0.1058831839E+01
   123    0.1064448474E+01
   124    0.1066909381E+01
   125    0.1060464993E+01
   126    0.1064455621E+01
   127    0.1063279326E+01
   128    0.1049180551E+01
   129    0.1053042436E+01
   130    0.1047603633E+01
   131    0.1028380200E+01
   132    0.1029960508E+01
   133    0.1022969736E+01
   134    0.1003438173E+01
   135    0.1002984387E+01
   136    0.9971075789E+00
   137    0.9774971257E+00
   138    0.9769992700E+00
   139    0.9742527640E+00
   140    0.9556898584E+00
   141    0.9556192474E+00
   142    0.9554229861E+00
   143    0.9418588944E+00
   144    0.9432835053E+00
   145    0.9435610379E+00
   146    0.9387377330E+00
   147    0.9402182888E+00
   148    0.9397557444E+00
   149    0.9427885052E+00
   150    0.9471399555E+00
   151    0.9451032159E+00
   152    0.9556599942E+00
   153    0.9620194364E+00
   154    0.9627259635E+00
   155    0.9750223801E+00
   156    0.9843729927E+00
   157    0.9872445352E+00
   158    0.9993785381E+00
   159    0.1011756831E+01
   160    0.1015655456E+01
   161    0.1026477935E+01
   162    0.1039507773E+01
   163    0.1042980844E+01
   164    0.1048406538E+01
   165    0.1062739187E+01
   166    0.1063987673E+01
   167    0.1062686021E+01
   168    0.1077303699E+01
   169    0.1070513755E+01
   170    0.1068771286E+01
   171    0.1075780983E+01
   172    0.1066224676E+01
   173    0.1060932483E+01
   174    0.1059440616E+01
   175    0.1048365636E+01
   176    0.1041977089E+01
   177    0.1034189104E+01
   178    0.1021673881E+01
   179    0.1017175714E+01
   180    0.1009121562E+01
   181    0.9973123896E+00
   182    0.9922316144E+00
   183    0.9837819113E+00
   184    0.9767550585E+00
   185    0.9726500748E+00
   186    0.9648229900E+00
   187    0.9612612679E+00
   188    0.9602780547E+00
   189    0.9560824747E+00
   190    0.9570293474E+00
   191    0.9585111874E+00
   192    0.9565909409E+00
   193    0.9584431824E+00
   194    0.9616092433E+00
   195    0.9659582454E+00
   196    0.9713190685E+00
   197    0.9839102626E+00
   198    0.9879660939E+00
   199    0.9907853253E+00
   200    0.1005653984E+01
   201    0.1010281175E+01
   202    0.1012097371E+01
   203    0.1023666933E+01
   204    0.1032000506E+01
   205    0.1037013351E+01
   206    0.1046302733E+01
   207    0.1046219060E+01
   208    0.1044409283E+01
   209    0.1050667648E+01
   210    0.1051286953E+01
   211    0.1060168974E+01
   212    0.1062177870E+01
   213    0.1036344800E+01
   214    0.1030190559E+01
   215    0.1042327900E+01
   216    0.1031215621E+01
   217    0.1022190726E+01
   218    0.1026392129E+01
   219    0.1012486699E+01
   220    0.1001271804E+01
   221    0.1003829721E+01
   222    0.9930204099E+00
   223    0.9838744179E+00
   224    0.9816013039E+00
   225    0.9679590313E+00
   226    0.9613476768E+00
   227    0.9663775025E+00
   228    0.9573892865E+00
   229    0.9392572652E+00
   230    0.9483285221E+00
   231    0.9678514484E+00
   232    0.9612599530E+00
   233    0.9445549957E+00
   234    0.9290599478E+00
   235    0.9179868156E+00
   236    0.9325503226E+00
   237    0.9768133260E+00
   238    0.9936509215E+00
   239    0.9257609268E+00
   240    0.8955946558E+00
   241    0.9267810862E+00
   242    0.9564886640E+00
   243    0.1000718777E+01
   244    0.9889476900E+00
   245    0.9081076087E+00
   246    0.9117548198E+00
   247    0.9562459735E+00
   248    0.9703064775E+00
   249    0.9823435863E+00
   250    0.9983565802E+00
   251    0.9613746360E+00
   252    0.9318707425E+00
   253    0.9625803391E+00
   254    0.9864319334E+00
   255    0.9754491818E+00
   256    0.9797802097E+00
   257    0.9884630034E+00
   258    0.9843048295E+00
   259    0.9891900331E+00
   260    0.9960097503E+00
   261    0.9939311492E+00
   262    0.9943994785E+00
   263    0.9958769927E+00
   264    0.9965773833E+00
   265    0.1005365662E+01
   266    0.1008357997E+01
   267    0.1001955804E+01
   268    0.1002621129E+01
   269    0.1017756323E+01
   270    0.1014916068E+01
   271    0.1005375728E+01
   272    0.1007660874E+01
   273    0.1011088077E+01
   274    0.1013225295E+01
   275    0.1015265584E+01
   276    0.1012589623E+01
   277    0.1014208741E+01
   278    0.1016534938E+01
   279    0.1015281288E+01
   280    0.1016632650E+01
   281    0.1018094277E+01
   282    0.1017248157E+01
   283    0.1018582250E+01
   284    0.1017286453E+01
   285    0.1012155363E+01
   286    0.1017224264E+01
   287    0.1025582717E+01
   288    0.1017494488E+01
   289    0.1013341186E+01
   290    0.1016332480E+01
   291    0.1016616873E+01
   292    0.1015592143E+01
   293    0.1015813872E+01
   294    0.1015281225E+01
   295    0.1013587020E+01
   296    0.1013327557E+01
   297    0.1013852567E+01
   298    0.1012721528E+01
   299    0.1011493661E+01
   300    0.1011183046E+01
   301    0.1011222435E+01
   302    0.1010399010E+01
   303    0.1009363952E+01
   304    0.1009409044E+01
   305    0.1010495084E+01
   306    0.1009917399E+01
   307    0.1008057830E+01
   308    0.1007218142E+01
   309    0.1006865084E+01
   310    0.1007099860E+01
   311    0.1006791348E+01
   312    0.1006284820E+01
   313    0.1005731415E+01
   314    0.1005045249E+01
   315    0.1004837084E+01
   316    0.1004713931E+01
   317    0.1004410122E+01
   318    0.1003928022E+01
   319    0.1003670195E+01
   320    0.1003479561E+01
   321    0.1003098399E+01
   322    0.1002861418E+01
   323    0.1002760873E+01
   324    0.1002525346E+01
   325    0.1002191436E+01
   326    0.1002027791E+01
   327    0.1001900395E+01
   328    0.1001703787E+01
   329    0.1001540384E+01
   330    0.1001418876E+01
   331    0.1001268247E+01
   332    0.1001141784E+01
   333    0.1001058988E+01
   334    0.1000970256E+01
   335    0.1000873030E+01
   336    0.1000776196E+01
   337    0.1000674384E+01
   338    0.1000623247E+01
   339    0.1000562888E+01
   340    0.1000506396E+01
   341    0.1000448636E+01
   342    0.1000390352E+01
   343    0.1000352249E+01
   344    0.1000324692E+01
   345    0.1000285914E+01
   346    0.1000251084E+01
   347    0.1000220780E+01
   348    0.1000198399E+01
   349    0.1000181175E+01
   350    0.1000155032E+01
   351    0.1000134107E+01
   352    0.1000120473E+01
   353    0.1000104246E+01
   354    0.1000089720E+01
   355    0.1000082088E+01
   356    0.1000072619E+01
   357    0.1000060719E+01
   358    0.1000054239E+01
   359    0.1000047726E+01
   360    0.1000041151E+01
   361    0.1000035567E+01
   362    0.1000030745E+01
   363    0.1000026786E+01
   364    0.1000023228E+01
   365    0.1000020370E+01
   366    0.1000017559E+01
   367    0.1000015240E+01
   368    0.1000013029E+01
   369    0.1000010921E+01
   370    0.1000009279E+01
   371    0.1000008189E+01
   372    0.1000006985E+01
   373    0.1000005923E+01
   374    0.1000005289E+01
   375    0.1000004507E+01
   376    0.1000003774E+01
   377    0.1000003103E+01
   378    0.1000002685E+01
   379    0.1000002304E+01
   380    0.1000001947E+01
   381    0.1000001665E+01
   382    0.1000001408E+01
   383    0.1000001179E+01
   384    0.1000000969E+01
   385    0.1000000825E+01
   386    0.1000000704E+01
   387    0.1000000596E+01
   388    0.1000000494E+01
   389    0.1000000411E+01
   390    0.1000000349E+01
   391    0.1000000299E+01
   392    0.1000000247E+01
   393    0.1000000201E+01
   394    0.1000000167E+01
   395    0.1000000137E+01
   396    0.1000000115E+01
   397    0.1000000097E+01
   398    0.1000000081E+01
   399    0.1000000066E+01
   400    0.1000000053E+01
   401    0.1000000044E+01
   402    0.1000000037E+01
   403    0.1000000031E+01
   404    0.1000000026E+01
   405    0.1000000021E+01
   406    0.1000000017E+01
   407    0.1000000014E+01
   408    0.1000000011E+01
   409    0.1000000009E+01
   410    0.1000000008E+01
   411    0.1000000006E+01
   412    0.1000000005E+01
   413    0.1000000004E+01
   414    0.1000000003E+01
   415    0.1000000003E+01
   416    0.1000000002E+01
   417    0.1000000002E+01
   418    0.1000000001E+01
   419    0.1000000001E+01
   420    0.1000000001E+01
   421    0.1000000001E+01
   422    0.1000000001E+01
   423    0.1000000000E+01
   424    0.1000000000E+01
   425    0.1000000000E+01
   426    0.1000000000E+01
   427    0.1000000000E+01
   428    0.1000000000E+01
   429    0.1000000000E+01
   430    0.1000000000E+01
   431    0.1000000000E+01
   432    0.1000000000E+01
   433    0.1000000000E+01
   434    0.1000000000E+01
   435    0.1000000000E+01
   436    0.1000000000E+01
   437    0.1000000000E+01
   438    0.1000000000E+01
   439    0.1000000000E+01
   440    0.1000000000E+01
   441    0.1000000000E+01
   442    0.1000000000E+01
   443    0.1000000000E+01
   444    0.1000000000E+01
   445    0.1000000000E+01
   446    0.1000000000E+01
   447    0.1000000000E+01
   448    0.1000000000E+01
   449    0.1000000000E+01
   450    0.1000000000E+01
   451    0.1000000000E+01
   452    0.1000000000E+01
   453    0.1000000000E+01
   454    0.1000000000E+01
   455    0.1000000000E+01
   456    0.1000000000E+01
   457    0.1000000000E+01
   458    0.1000000000E+01
   459    0.1000000000E+01
   460    0.1000000000E+01
   461    0.1000000000E+01
   462    0.1000000000E+01
   463    0.1000000000E+01
   464    0.1000000000E+01
   465    0.1000000000E+01
   466    0.1000000000E+01
   467    0.1000000000E+01
   468    0.1000000000E+01
   469    0.1000000000E+01
   470    0.1000000000E+01
   471    0.1000000000E+01
   472    0.1000000000E+01
   473    0.1000000000E+01
   474    0.1000000000E+01
   475    0.1000000000E+01
   476    0.1000000000E+01
   477    0.1000000000E+01
   478    0.1000000000E+01
   479    0.1000000000E+01
   480    0.1000000000E+01
   481    0.1000000000E+01
   482    0.1000000000E+01
   483    0.1000000000E+01
   484    0.1000000000E+01
   485    0.1000000000E+01
   486    0.1000000000E+01
   487    0.1000000000E+01
   488    0.1000000000E+01
   489    0.1000000000E+01
   490    0.1000000000E+01
   491    0.1000000000E+01
   492    0.1000000000E+01
   493    0.1000000000E+01
   494    0.1000000000E+01
   495    0.1000000000E+01
   496    0.1000000000E+01
   497    0.1000000000E+01
   498    0.1000000000E+01
   499    0.1000000000E+01
   500    0.8359375000E+00
   501    0.1640625000E+00
   502    0.0000000000E+00
