    -1    0.1735066808E+00
     0    0.9121224212E+00
     1    0.1220320376E+01
     2    0.7089466930E+00
     3    0.9399308943E+00
     4    0.9383646168E+00
     5    0.1099116367E+01
     6    0.7637225373E+00
     7    0.8927785212E+00
     8    0.1068768652E+01
     9    0.9756588066E+00
    10    0.6818040330E+00
    11    0.1055906249E+01
    12    0.1138387524E+01
    13    0.6783959352E+00
    14    0.9130369031E+00
    15    0.1294830253E+01
    16    0.7011354828E+00
    17    0.8886547151E+00
    18    0.1325513376E+01
    19    0.7625251258E+00
    20    0.9182774146E+00
    21    0.1312227834E+01
    22    0.8001923465E+00
    23    0.1061410445E+01
    24    0.1179752279E+01
    25    0.9117456979E+00
    26    0.1133256039E+01
    27    0.1083126592E+01
    28    0.1022852307E+01
    29    0.1101064129E+01
    30    0.1099721920E+01
    31    0.1039204116E+01
    32    0.1095082762E+01
    33    0.1077828747E+01
    34    0.1007479960E+01
    35    0.1125498082E+01
    36    0.1038688428E+01
    37    0.9316718489E+00
    38    0.1166825319E+01
    39    0.9934545533E+00
    40    0.8555731419E+00
    41    0.1193907868E+01
    42    0.9414292619E+00
    43    0.8015463134E+00
    44    0.1185629866E+01
    45    0.9259392946E+00
    46    0.7680234184E+00
    47    0.1108881367E+01
    48    0.9713889055E+00
    49    0.7869587095E+00
    50    0.9506488633E+00
    51    0.1069669550E+01
    52    0.8280993131E+00
    53    0.8224277456E+00
    54    0.1119540848E+01
    55    0.9020329520E+00
    56    0.7619551331E+00
    57    0.1093624497E+01
    58    0.1004316243E+01
    59    0.7689757660E+00
    60    0.1030857541E+01
    61    0.1104034192E+01
    62    0.8061522045E+00
    63    0.9993249435E+00
    64    0.1156386781E+01
    65    0.8642015894E+00
    66    0.1011897994E+01
    67    0.1160809958E+01
    68    0.9283986228E+00
    69    0.1059663408E+01
    70    0.1121216117E+01
    71    0.9993639905E+00
    72    0.1107393429E+01
    73    0.1069516643E+01
    74    0.1053016607E+01
    75    0.1124858494E+01
    76    0.1024489110E+01
    77    0.1090773460E+01
    78    0.1092842954E+01
    79    0.1015671505E+01
    80    0.1082098313E+01
    81    0.1049278861E+01
    82    0.1013232846E+01
    83    0.1035992121E+01
    84    0.1016526861E+01
    85    0.9947011827E+00
    86    0.9949208206E+00
    87    0.9872356711E+00
    88    0.9686044773E+00
    89    0.9598008414E+00
    90    0.9656203408E+00
    91    0.9464654898E+00
    92    0.9286882676E+00
    93    0.9490184364E+00
    94    0.9372364078E+00
    95    0.9104834516E+00
    96    0.9387136958E+00
    97    0.9311413171E+00
    98    0.9173438814E+00
    99    0.9319589407E+00
   100    0.9330139626E+00
   101    0.9434805523E+00
   102    0.9268675330E+00
   103    0.9463825252E+00
   104    0.9716230456E+00
   105    0.9487075160E+00
   106    0.9614413294E+00
   107    0.1004364339E+01
   108    0.9797831734E+00
   109    0.9850669858E+00
   110    0.1037983195E+01
   111    0.1012001606E+01
   112    0.1014946338E+01
   113    0.1071840125E+01
   114    0.1037842077E+01
   115    0.1049323925E+01
   116    0.1089700630E+01
   117    0.1058699685E+01
   118    0.1070912454E+01
   119    0.1093241474E+01
   120    0.1059673060E+01
   121    0.1084479837E+01
   122    0.1081607685E+01
   123    0.1049937570E+01
   124    0.1069479028E+01
   125    0.1056965781E+01
   126    0.1028404345E+01
   127    0.1046780727E+01
   128    0.1021964103E+01
   129    0.9994126319E+00
   130    0.1019598100E+01
   131    0.9850127203E+00
   132    0.9691558931E+00
   133    0.9897917801E+00
   134    0.9570064662E+00
   135    0.9417481202E+00
   136    0.9636049606E+00
   137    0.9396802621E+00
   138    0.9202061864E+00
   139    0.9430690883E+00
   140    0.9340955169E+00
   141    0.9138662977E+00
   142    0.9292726375E+00
   143    0.9394927816E+00
   144    0.9198029462E+00
   145    0.9298073196E+00
   146    0.9499940504E+00
   147    0.9363467168E+00
   148    0.9399948921E+00
   149    0.9675360809E+00
   150    0.9645414647E+00
   151    0.9654950880E+00
   152    0.9920751882E+00
   153    0.9969616322E+00
   154    0.9985873111E+00
   155    0.1022856905E+01
   156    0.1030869883E+01
   157    0.1034739048E+01
   158    0.1052193070E+01
   159    0.1059213522E+01
   160    0.1065401302E+01
   161    0.1073897137E+01
   162    0.1077253397E+01
   163    0.1088918900E+01
   164    0.1083524505E+01
   165    0.1082050954E+01
   166    0.1085462665E+01
   167    0.1073241313E+01
   168    0.1076272451E+01
   169    0.1068840235E+01
   170    0.1051427776E+01
   171    0.1053594651E+01
   172    0.1035452743E+01
   173    0.1018087749E+01
   174    0.1020717213E+01
   175    0.1002560977E+01
   176    0.9890483952E+00
   177    0.9901783805E+00
   178    0.9753673022E+00
   179    0.9639364313E+00
   180    0.9616714086E+00
   181    0.9568804568E+00
   182    0.9502452351E+00
   183    0.9411733663E+00
   184    0.9457080120E+00
   185    0.9443729762E+00
   186    0.9374338145E+00
   187    0.9498500458E+00
   188    0.9502676859E+00
   189    0.9513602770E+00
   190    0.9579841689E+00
   191    0.9610216936E+00
   192    0.9732292242E+00
   193    0.9796039669E+00
   194    0.9924713622E+00
   195    0.1007957737E+01
   196    0.1008829920E+01
   197    0.1019669449E+01
   198    0.1040082241E+01
   199    0.1036801763E+01
   200    0.1039323928E+01
   201    0.1064735394E+01
   202    0.1064714460E+01
   203    0.1058044824E+01
   204    0.1068310599E+01
   205    0.1058852498E+01
   206    0.1049090452E+01
   207    0.1076945423E+01
   208    0.1080186887E+01
   209    0.1038043988E+01
   210    0.1021763923E+01
   211    0.1028483983E+01
   212    0.1026748473E+01
   213    0.1017692891E+01
   214    0.1006591423E+01
   215    0.1003154546E+01
   216    0.9955604857E+00
   217    0.9752916736E+00
   218    0.9754860606E+00
   219    0.9778118467E+00
   220    0.9620787540E+00
   221    0.9541196763E+00
   222    0.9481495179E+00
   223    0.9454835509E+00
   224    0.9510107731E+00
   225    0.9458038861E+00
   226    0.9246903578E+00
   227    0.9398814165E+00
   228    0.9820018582E+00
   229    0.9607759685E+00
   230    0.9310853841E+00
   231    0.9306383655E+00
   232    0.9267053575E+00
   233    0.9363818468E+00
   234    0.9915554193E+00
   235    0.1040138914E+01
   236    0.9181082100E+00
   237    0.8644452725E+00
   238    0.9247150862E+00
   239    0.9638713343E+00
   240    0.1034112091E+01
   241    0.1018508297E+01
   242    0.8712235678E+00
   243    0.8943479535E+00
   244    0.9709826533E+00
   245    0.9854295118E+00
   246    0.9846285738E+00
   247    0.1010411758E+01
   248    0.9497009378E+00
   249    0.9081870292E+00
   250    0.9665115180E+00
   251    0.1002822148E+01
   252    0.9770040154E+00
   253    0.9792087212E+00
   254    0.9951469656E+00
   255    0.9896831516E+00
   256    0.9883711170E+00
   257    0.9974562010E+00
   258    0.9978747491E+00
   259    0.9949378388E+00
   260    0.9930870120E+00
   261    0.1000100405E+01
   262    0.1010688377E+01
   263    0.1011329141E+01
   264    0.9995230201E+00
   265    0.1003442777E+01
   266    0.1026397934E+01
   267    0.1016745740E+01
   268    0.1000375264E+01
   269    0.1007295472E+01
   270    0.1014225461E+01
   271    0.1014327183E+01
   272    0.1014274276E+01
   273    0.1014025290E+01
   274    0.1014404493E+01
   275    0.1016526638E+01
   276    0.1016886924E+01
   277    0.1016564468E+01
   278    0.1017711604E+01
   279    0.1018579562E+01
   280    0.1018505287E+01
   281    0.1015163287E+01
   282    0.1010317221E+01
   283    0.1023937919E+01
   284    0.1028302594E+01
   285    0.1013252502E+01
   286    0.1012087966E+01
   287    0.1017173449E+01
   288    0.1016527467E+01
   289    0.1015306651E+01
   290    0.1015908685E+01
   291    0.1014892367E+01
   292    0.1012645780E+01
   293    0.1013468360E+01
   294    0.1013830566E+01
   295    0.1011953528E+01
   296    0.1010737124E+01
   297    0.1011268233E+01
   298    0.1010834454E+01
   299    0.1009624768E+01
   300    0.1008824486E+01
   301    0.1009945899E+01
   302    0.1011458020E+01
   303    0.1009102914E+01
   304    0.1007234674E+01
   305    0.1006750582E+01
   306    0.1006853504E+01
   307    0.1007074249E+01
   308    0.1006650104E+01
   309    0.1006061013E+01
   310    0.1005389635E+01
   311    0.1004806713E+01
   312    0.1004763496E+01
   313    0.1004670243E+01
   314    0.1004178012E+01
   315    0.1003779457E+01
   316    0.1003596792E+01
   317    0.1003349837E+01
   318    0.1002925242E+01
   319    0.1002840103E+01
   320    0.1002696425E+01
   321    0.1002397301E+01
   322    0.1002079283E+01
   323    0.1001981091E+01
   324    0.1001828429E+01
   325    0.1001620276E+01
   326    0.1001489446E+01
   327    0.1001357439E+01
   328    0.1001204355E+01
   329    0.1001098509E+01
   330    0.1001028812E+01
   331    0.1000935237E+01
   332    0.1000836723E+01
   333    0.1000727057E+01
   334    0.1000646860E+01
   335    0.1000599605E+01
   336    0.1000539711E+01
   337    0.1000484203E+01
   338    0.1000422194E+01
   339    0.1000368939E+01
   340    0.1000341887E+01
   341    0.1000310792E+01
   342    0.1000271260E+01
   343    0.1000238095E+01
   344    0.1000209326E+01
   345    0.1000193425E+01
   346    0.1000172463E+01
   347    0.1000144552E+01
   348    0.1000128545E+01
   349    0.1000114206E+01
   350    0.1000097189E+01
   351    0.1000085506E+01
   352    0.1000079707E+01
   353    0.1000067444E+01
   354    0.1000057237E+01
   355    0.1000052093E+01
   356    0.1000044920E+01
   357    0.1000038792E+01
   358    0.1000033478E+01
   359    0.1000028976E+01
   360    0.1000025297E+01
   361    0.1000021956E+01
   362    0.1000019341E+01
   363    0.1000016560E+01
   364    0.1000014421E+01
   365    0.1000012156E+01
   366    0.1000010068E+01
   367    0.1000008780E+01
   368    0.1000007744E+01
   369    0.1000006445E+01
   370    0.1000005672E+01
   371    0.1000005027E+01
   372    0.1000004225E+01
   373    0.1000003479E+01
   374    0.1000002890E+01
   375    0.1000002537E+01
   376    0.1000002148E+01
   377    0.1000001834E+01
   378    0.1000001558E+01
   379    0.1000001321E+01
   380    0.1000001083E+01
   381    0.1000000899E+01
   382    0.1000000776E+01
   383    0.1000000658E+01
   384    0.1000000555E+01
   385    0.1000000456E+01
   386    0.1000000383E+01
   387    0.1000000329E+01
   388    0.1000000280E+01
   389    0.1000000227E+01
   390    0.1000000186E+01
   391    0.1000000154E+01
   392    0.1000000126E+01
   393    0.1000000107E+01
   394    0.1000000091E+01
   395    0.1000000075E+01
   396    0.1000000061E+01
   397    0.1000000049E+01
   398    0.1000000041E+01
   399    0.1000000034E+01
   400    0.1000000029E+01
   401    0.1000000024E+01
   402    0.1000000019E+01
   403    0.1000000015E+01
   404    0.1000000013E+01
   405    0.1000000010E+01
   406    0.1000000009E+01
   407    0.1000000007E+01
   408    0.1000000006E+01
   409    0.1000000005E+01
   410    0.1000000004E+01
   411    0.1000000003E+01
   412    0.1000000002E+01
   413    0.1000000002E+01
   414    0.1000000002E+01
   415    0.1000000001E+01
   416    0.1000000001E+01
   417    0.1000000001E+01
   418    0.1000000001E+01
   419    0.1000000001E+01
   420    0.1000000000E+01
   421    0.1000000000E+01
   422    0.1000000000E+01
   423    0.1000000000E+01
   424    0.1000000000E+01
   425    0.1000000000E+01
   426    0.1000000000E+01
   427    0.1000000000E+01
   428    0.1000000000E+01
   429    0.1000000000E+01
   430    0.1000000000E+01
   431    0.1000000000E+01
   432    0.1000000000E+01
   433    0.1000000000E+01
   434    0.1000000000E+01
   435    0.1000000000E+01
   436    0.1000000000E+01
   437    0.1000000000E+01
   438    0.1000000000E+01
   439    0.1000000000E+01
   440    0.1000000000E+01
   441    0.1000000000E+01
   442    0.1000000000E+01
   443    0.1000000000E+01
   444    0.1000000000E+01
   445    0.1000000000E+01
   446    0.1000000000E+01
   447    0.1000000000E+01
   448    0.1000000000E+01
   449    0.1000000000E+01
   450    0.1000000000E+01
   451    0.1000000000E+01
   452    0.1000000000E+01
   453    0.1000000000E+01
   454    0.1000000000E+01
   455    0.1000000000E+01
   456    0.1000000000E+01
   457    0.1000000000E+01
   458    0.1000000000E+01
   459    0.1000000000E+01
   460    0.1000000000E+01
   461    0.1000000000E+01
   462    0.1000000000E+01
   463    0.1000000000E+01
   464    0.1000000000E+01
   465    0.1000000000E+01
   466    0.1000000000E+01
   467    0.1000000000E+01
   468    0.1000000000E+01
   469    0.1000000000E+01
   470    0.1000000000E+01
   471    0.1000000000E+01
   472    0.1000000000E+01
   473    0.1000000000E+01
   474    0.1000000000E+01
   475    0.1000000000E+01
   476    0.1000000000E+01
   477    0.1000000000E+01
   478    0.1000000000E+01
   479    0.1000000000E+01
   480    0.1000000000E+01
   481    0.1000000000E+01
   482    0.1000000000E+01
   483    0.1000000000E+01
   484    0.1000000000E+01
   485    0.1000000000E+01
   486    0.1000000000E+01
   487    0.1000000000E+01
   488    0.1000000000E+01
   489    0.1000000000E+01
   490    0.1000000000E+01
   491    0.1000000000E+01
   492    0.1000000000E+01
   493    0.1000000000E+01
   494    0.1000000000E+01
   495    0.1000000000E+01
   496    0.1000000000E+01
   497    0.1000000000E+01
   498    0.1000000000E+01
   499    0.1000000000E+01
   500    0.8359375000E+00
   501    0.1640625000E+00
   502    0.0000000000E+00
