    -1    0.0000000000E+00
     0    0.1610735780E+00
     1    0.8193908673E+00
     2    0.9782142264E+00
     3    0.9456420744E+00
     4    0.1002251007E+01
     5    0.9393381532E+00
     6    0.9302555897E+00
     7    0.9939851876E+00
     8    0.9064561752E+00
     9    0.9262837928E+00
    10    0.9921187151E+00
    11    0.8761691675E+00
    12    0.9522554846E+00
    13    0.9696908238E+00
    14    0.8791802118E+00
    15    0.9830759396E+00
    16    0.9358652399E+00
    17    0.9335073772E+00
    18    0.9792605408E+00
    19    0.9433048062E+00
    20    0.9799972755E+00
    21    0.9859596266E+00
    22    0.9657222785E+00
    23    0.1015437920E+01
    24    0.1008083496E+01
    25    0.9973213818E+00
    26    0.1039153854E+01
    27    0.1036927828E+01
    28    0.1032874138E+01
    29    0.1052422849E+01
    30    0.1060919293E+01
    31    0.1063968051E+01
    32    0.1063184249E+01
    33    0.1064039966E+01
    34    0.1082906175E+01
    35    0.1064391654E+01
    36    0.1059039595E+01
    37    0.1069953135E+01
    38    0.1069079770E+01
    39    0.1031411948E+01
    40    0.1050281022E+01
    41    0.1053088712E+01
    42    0.1006276700E+01
    43    0.1019006904E+01
    44    0.1026492801E+01
    45    0.9831011165E+00
    46    0.9829175228E+00
    47    0.1001918701E+01
    48    0.9578160889E+00
    49    0.9560279256E+00
    50    0.9760699843E+00
    51    0.9378095203E+00
    52    0.9483983627E+00
    53    0.9394056366E+00
    54    0.9360353272E+00
    55    0.9442163966E+00
    56    0.9235517855E+00
    57    0.9370592453E+00
    58    0.9442372278E+00
    59    0.9269255051E+00
    60    0.9413883156E+00
    61    0.9533012065E+00
    62    0.9410615103E+00
    63    0.9534227358E+00
    64    0.9742024507E+00
    65    0.9621051580E+00
    66    0.9754721069E+00
    67    0.9970899453E+00
    68    0.9938792214E+00
    69    0.1000580084E+01
    70    0.1023529602E+01
    71    0.1026060410E+01
    72    0.1030273012E+01
    73    0.1044073941E+01
    74    0.1057533545E+01
    75    0.1053842170E+01
    76    0.1060432179E+01
    77    0.1071702832E+01
    78    0.1069533390E+01
    79    0.1065205252E+01
    80    0.1072306369E+01
    81    0.1073255354E+01
    82    0.1052297841E+01
    83    0.1063626696E+01
    84    0.1062125827E+01
    85    0.1025778700E+01
    86    0.1048337097E+01
    87    0.1031983221E+01
    88    0.1001080181E+01
    89    0.1019387272E+01
    90    0.1003591539E+01
    91    0.9701295922E+00
    92    0.9913807802E+00
    93    0.9818078529E+00
    94    0.9374541962E+00
    95    0.9692890914E+00
    96    0.9626646132E+00
    97    0.9198328875E+00
    98    0.9527689746E+00
    99    0.9441446723E+00
   100    0.9205137268E+00
   101    0.9438539003E+00
   102    0.9333586995E+00
   103    0.9284585334E+00
   104    0.9477423620E+00
   105    0.9301426674E+00
   106    0.9457691892E+00
   107    0.9575339747E+00
   108    0.9443804528E+00
   109    0.9679867222E+00
   110    0.9765529638E+00
   111    0.9675917130E+00
   112    0.9928181917E+00
   113    0.1004689515E+01
   114    0.9965950904E+00
   115    0.1018880248E+01
   116    0.1035384138E+01
   117    0.1027119150E+01
   118    0.1041892650E+01
   119    0.1062285913E+01
   120    0.1052564619E+01
   121    0.1056395527E+01
   122    0.1080658896E+01
   123    0.1066795580E+01
   124    0.1058850382E+01
   125    0.1087744562E+01
   126    0.1062140332E+01
   127    0.1057843581E+01
   128    0.1068402696E+01
   129    0.1047492298E+01
   130    0.1046022391E+01
   131    0.1036431716E+01
   132    0.1023864245E+01
   133    0.1020058641E+01
   134    0.1006668476E+01
   135    0.9951884923E+00
   136    0.9925582396E+00
   137    0.9766811747E+00
   138    0.9702235233E+00
   139    0.9675899288E+00
   140    0.9502148230E+00
   141    0.9538685420E+00
   142    0.9409808579E+00
   143    0.9392340143E+00
   144    0.9437936715E+00
   145    0.9243405714E+00
   146    0.9415526291E+00
   147    0.9360478513E+00
   148    0.9274704278E+00
   149    0.9461040474E+00
   150    0.9393057715E+00
   151    0.9421220453E+00
   152    0.9592642827E+00
   153    0.9517472557E+00
   154    0.9639607505E+00
   155    0.9823637276E+00
   156    0.9736797605E+00
   157    0.9912379419E+00
   158    0.1010946988E+01
   159    0.1003454453E+01
   160    0.1021760793E+01
   161    0.1039816784E+01
   162    0.1035856199E+01
   163    0.1049091453E+01
   164    0.1062259056E+01
   165    0.1064084475E+01
   166    0.1070111437E+01
   167    0.1078172374E+01
   168    0.1071815524E+01
   169    0.1083576965E+01
   170    0.1078631511E+01
   171    0.1067255121E+01
   172    0.1081876666E+01
   173    0.1063171871E+01
   174    0.1053936498E+01
   175    0.1054345728E+01
   176    0.1041908261E+01
   177    0.1029498543E+01
   178    0.1020545153E+01
   179    0.1016329671E+01
   180    0.1005171108E+01
   181    0.9899640902E+00
   182    0.9888200175E+00
   183    0.9807768957E+00
   184    0.9672614139E+00
   185    0.9667172009E+00
   186    0.9618293190E+00
   187    0.9537831785E+00
   188    0.9526156804E+00
   189    0.9522427245E+00
   190    0.9557704770E+00
   191    0.9483308260E+00
   192    0.9509033392E+00
   193    0.9636474747E+00
   194    0.9522505271E+00
   195    0.9586985443E+00
   196    0.9838941595E+00
   197    0.9745307008E+00
   198    0.9813408409E+00
   199    0.1007604807E+01
   200    0.9966188784E+00
   201    0.1007604149E+01
   202    0.1029252151E+01
   203    0.1015378070E+01
   204    0.1037292003E+01
   205    0.1052178035E+01
   206    0.1037725431E+01
   207    0.1056238799E+01
   208    0.1051313226E+01
   209    0.1041943497E+01
   210    0.1071514052E+01
   211    0.1065170424E+01
   212    0.1052408678E+01
   213    0.1044031990E+01
   214    0.1030569499E+01
   215    0.1040918904E+01
   216    0.1038261483E+01
   217    0.1018343511E+01
   218    0.1024494928E+01
   219    0.1016785996E+01
   220    0.9944307548E+00
   221    0.1001225847E+01
   222    0.9975606435E+00
   223    0.9753779585E+00
   224    0.9753180261E+00
   225    0.9720311029E+00
   226    0.9555446868E+00
   227    0.9586870871E+00
   228    0.9607284915E+00
   229    0.9358924538E+00
   230    0.9406489211E+00
   231    0.9792174158E+00
   232    0.9574335985E+00
   233    0.9291523663E+00
   234    0.9313238934E+00
   235    0.9195211678E+00
   236    0.9287532679E+00
   237    0.9927570072E+00
   238    0.9926412905E+00
   239    0.9015961778E+00
   240    0.8930050373E+00
   241    0.9371743817E+00
   242    0.9643486747E+00
   243    0.1010603738E+01
   244    0.9735034535E+00
   245    0.8946304915E+00
   246    0.9158327839E+00
   247    0.9649530903E+00
   248    0.9757517277E+00
   249    0.9877432622E+00
   250    0.9956433797E+00
   251    0.9485610549E+00
   252    0.9331134788E+00
   253    0.9692440487E+00
   254    0.9867476364E+00
   255    0.9784375069E+00
   256    0.9801161628E+00
   257    0.9866013339E+00
   258    0.9900929578E+00
   259    0.9895455082E+00
   260    0.9930915209E+00
   261    0.9988660590E+00
   262    0.9942189577E+00
   263    0.9912262425E+00
   264    0.1003166694E+01
   265    0.1007394562E+01
   266    0.1004248073E+01
   267    0.1004055841E+01
   268    0.1006017451E+01
   269    0.1016678675E+01
   270    0.1016710782E+01
   271    0.1003559276E+01
   272    0.1005786932E+01
   273    0.1015252561E+01
   274    0.1013462771E+01
   275    0.1012284229E+01
   276    0.1015894363E+01
   277    0.1013978935E+01
   278    0.1014460065E+01
   279    0.1018473118E+01
   280    0.1016026866E+01
   281    0.1016391200E+01
   282    0.1020060340E+01
   283    0.1017651961E+01
   284    0.1014916471E+01
   285    0.1013308164E+01
   286    0.1020004025E+01
   287    0.1025177734E+01
   288    0.1015772464E+01
   289    0.1013075439E+01
   290    0.1016786330E+01
   291    0.1016641760E+01
   292    0.1015368856E+01
   293    0.1015710190E+01
   294    0.1015142433E+01
   295    0.1013073394E+01
   296    0.1013427530E+01
   297    0.1013847948E+01
   298    0.1012287624E+01
   299    0.1011107183E+01
   300    0.1011282747E+01
   301    0.1011092029E+01
   302    0.1009940267E+01
   303    0.1009204164E+01
   304    0.1009669481E+01
   305    0.1010745940E+01
   306    0.1009452709E+01
   307    0.1007579939E+01
   308    0.1007049316E+01
   309    0.1006929200E+01
   310    0.1007004180E+01
   311    0.1006707641E+01
   312    0.1006150871E+01
   313    0.1005492525E+01
   314    0.1004930191E+01
   315    0.1004801784E+01
   316    0.1004674566E+01
   317    0.1004251012E+01
   318    0.1003835503E+01
   319    0.1003624286E+01
   320    0.1003392310E+01
   321    0.1002978661E+01
   322    0.1002860158E+01
   323    0.1002698788E+01
   324    0.1002430919E+01
   325    0.1002134930E+01
   326    0.1001988095E+01
   327    0.1001846014E+01
   328    0.1001658802E+01
   329    0.1001502167E+01
   330    0.1001371782E+01
   331    0.1001236904E+01
   332    0.1001109287E+01
   333    0.1001031951E+01
   334    0.1000952686E+01
   335    0.1000843729E+01
   336    0.1000739134E+01
   337    0.1000662999E+01
   338    0.1000606239E+01
   339    0.1000542620E+01
   340    0.1000493896E+01
   341    0.1000431645E+01
   342    0.1000374537E+01
   343    0.1000345521E+01
   344    0.1000315758E+01
   345    0.1000274525E+01
   346    0.1000242007E+01
   347    0.1000213731E+01
   348    0.1000194059E+01
   349    0.1000174428E+01
   350    0.1000148064E+01
   351    0.1000130208E+01
   352    0.1000116161E+01
   353    0.1000099426E+01
   354    0.1000086986E+01
   355    0.1000080265E+01
   356    0.1000068837E+01
   357    0.1000058511E+01
   358    0.1000052699E+01
   359    0.1000045601E+01
   360    0.1000039584E+01
   361    0.1000034167E+01
   362    0.1000029483E+01
   363    0.1000025760E+01
   364    0.1000022342E+01
   365    0.1000019651E+01
   366    0.1000016782E+01
   367    0.1000014677E+01
   368    0.1000012439E+01
   369    0.1000010315E+01
   370    0.1000008979E+01
   371    0.1000007879E+01
   372    0.1000006602E+01
   373    0.1000005751E+01
   374    0.1000005096E+01
   375    0.1000004287E+01
   376    0.1000003572E+01
   377    0.1000002968E+01
   378    0.1000002576E+01
   379    0.1000002192E+01
   380    0.1000001873E+01
   381    0.1000001584E+01
   382    0.1000001346E+01
   383    0.1000001114E+01
   384    0.1000000922E+01
   385    0.1000000791E+01
   386    0.1000000670E+01
   387    0.1000000569E+01
   388    0.1000000467E+01
   389    0.1000000391E+01
   390    0.1000000335E+01
   391    0.1000000284E+01
   392    0.1000000234E+01
   393    0.1000000191E+01
   394    0.1000000158E+01
   395    0.1000000130E+01
   396    0.1000000109E+01
   397    0.1000000092E+01
   398    0.1000000077E+01
   399    0.1000000062E+01
   400    0.1000000050E+01
   401    0.1000000042E+01
   402    0.1000000035E+01
   403    0.1000000029E+01
   404    0.1000000024E+01
   405    0.1000000019E+01
   406    0.1000000016E+01
   407    0.1000000013E+01
   408    0.1000000011E+01
   409    0.1000000009E+01
   410    0.1000000007E+01
   411    0.1000000006E+01
   412    0.1000000005E+01
   413    0.1000000004E+01
   414    0.1000000003E+01
   415    0.1000000002E+01
   416    0.1000000002E+01
   417    0.1000000002E+01
   418    0.1000000001E+01
   419    0.1000000001E+01
   420    0.1000000001E+01
   421    0.1000000001E+01
   422    0.1000000001E+01
   423    0.1000000000E+01
   424    0.1000000000E+01
   425    0.1000000000E+01
   426    0.1000000000E+01
   427    0.1000000000E+01
   428    0.1000000000E+01
   429    0.1000000000E+01
   430    0.1000000000E+01
   431    0.1000000000E+01
   432    0.1000000000E+01
   433    0.1000000000E+01
   434    0.1000000000E+01
   435    0.1000000000E+01
   436    0.1000000000E+01
   437    0.1000000000E+01
   438    0.1000000000E+01
   439    0.1000000000E+01
   440    0.1000000000E+01
   441    0.1000000000E+01
   442    0.1000000000E+01
   443    0.1000000000E+01
   444    0.1000000000E+01
   445    0.1000000000E+01
   446    0.1000000000E+01
   447    0.1000000000E+01
   448    0.1000000000E+01
   449    0.1000000000E+01
   450    0.1000000000E+01
   451    0.1000000000E+01
   452    0.1000000000E+01
   453    0.1000000000E+01
   454    0.1000000000E+01
   455    0.1000000000E+01
   456    0.1000000000E+01
   457    0.1000000000E+01
   458    0.1000000000E+01
   459    0.1000000000E+01
   460    0.1000000000E+01
   461    0.1000000000E+01
   462    0.1000000000E+01
   463    0.1000000000E+01
   464    0.1000000000E+01
   465    0.1000000000E+01
   466    0.1000000000E+01
   467    0.1000000000E+01
   468    0.1000000000E+01
   469    0.1000000000E+01
   470    0.1000000000E+01
   471    0.1000000000E+01
   472    0.1000000000E+01
   473    0.1000000000E+01
   474    0.1000000000E+01
   475    0.1000000000E+01
   476    0.1000000000E+01
   477    0.1000000000E+01
   478    0.1000000000E+01
   479    0.1000000000E+01
   480    0.1000000000E+01
   481    0.1000000000E+01
   482    0.1000000000E+01
   483    0.1000000000E+01
   484    0.1000000000E+01
   485    0.1000000000E+01
   486    0.1000000000E+01
   487    0.1000000000E+01
   488    0.1000000000E+01
   489    0.1000000000E+01
   490    0.1000000000E+01
   491    0.1000000000E+01
   492    0.1000000000E+01
   493    0.1000000000E+01
   494    0.1000000000E+01
   495    0.1000000000E+01
   496    0.1000000000E+01
   497    0.1000000000E+01
   498    0.1000000000E+01
   499    0.1000000000E+01
   500    0.8359375000E+00
   501    0.1640625000E+00
   502    0.0000000000E+00
