    -1    0.0000000000E+00
     0    0.2098269539E+00
     1    0.9979142710E+00
     2    0.7376142245E+00
     3    0.8424747181E+00
     4    0.1122307576E+01
     5    0.8235523214E+00
     6    0.7630753378E+00
     7    0.1082084580E+01
     8    0.9610818968E+00
     9    0.7582906727E+00
    10    0.1022884257E+01
    11    0.1032982538E+01
    12    0.8480940985E+00
    13    0.9937462763E+00
    14    0.1075756338E+01
    15    0.9464301883E+00
    16    0.9865530093E+00
    17    0.1116797670E+01
    18    0.9926293304E+00
    19    0.1044317220E+01
    20    0.1177901989E+01
    21    0.9706825956E+00
    22    0.1129454448E+01
    23    0.1160768278E+01
    24    0.1005450348E+01
    25    0.1187824159E+01
    26    0.1081141504E+01
    27    0.1061110931E+01
    28    0.1153867799E+01
    29    0.1045295169E+01
    30    0.1099092907E+01
    31    0.1064123775E+01
    32    0.1008060164E+01
    33    0.1086748885E+01
    34    0.1010877125E+01
    35    0.9554670347E+00
    36    0.1050885992E+01
    37    0.9647854715E+00
    38    0.9110986874E+00
    39    0.1004392048E+01
    40    0.9491795340E+00
    41    0.8913865397E+00
    42    0.9256567590E+00
    43    0.9370904860E+00
    44    0.9132391274E+00
    45    0.8507468105E+00
    46    0.9423363176E+00
    47    0.9298163349E+00
    48    0.8300121707E+00
    49    0.9331595688E+00
    50    0.9401372501E+00
    51    0.8529849532E+00
    52    0.9298948802E+00
    53    0.9548678952E+00
    54    0.9041072611E+00
    55    0.9296026233E+00
    56    0.9857213145E+00
    57    0.9570367059E+00
    58    0.9553541570E+00
    59    0.1018484524E+01
    60    0.1003235258E+01
    61    0.1008857737E+01
    62    0.1051375887E+01
    63    0.1059832670E+01
    64    0.1056229415E+01
    65    0.1070587937E+01
    66    0.1089400479E+01
    67    0.1124991829E+01
    68    0.1078563213E+01
    69    0.1107689115E+01
    70    0.1120551408E+01
    71    0.1111993093E+01
    72    0.1090564076E+01
    73    0.1095296735E+01
    74    0.1091773391E+01
    75    0.1079178934E+01
    76    0.1062895359E+01
    77    0.1031567758E+01
    78    0.1046203218E+01
    79    0.1030078316E+01
    80    0.9731757970E+00
    81    0.1004376779E+01
    82    0.9960752213E+00
    83    0.9228930395E+00
    84    0.9589597346E+00
    85    0.9672635187E+00
    86    0.8934953766E+00
    87    0.9094400225E+00
    88    0.9570121348E+00
    89    0.8865495269E+00
    90    0.8628164451E+00
    91    0.9584592200E+00
    92    0.8722008746E+00
    93    0.8737701345E+00
    94    0.9308365240E+00
    95    0.9056263266E+00
    96    0.8983929258E+00
    97    0.9056368925E+00
    98    0.9366523967E+00
    99    0.9352114351E+00
   100    0.9111020874E+00
   101    0.9795563016E+00
   102    0.9751308204E+00
   103    0.9496976525E+00
   104    0.1012891152E+01
   105    0.1017607057E+01
   106    0.1005068584E+01
   107    0.1049002541E+01
   108    0.1056939182E+01
   109    0.1061814149E+01
   110    0.1092030621E+01
   111    0.1082888210E+01
   112    0.1102429746E+01
   113    0.1115369597E+01
   114    0.1100910220E+01
   115    0.1110192340E+01
   116    0.1119865956E+01
   117    0.1096976770E+01
   118    0.1096756353E+01
   119    0.1097357806E+01
   120    0.1065502982E+01
   121    0.1055073130E+01
   122    0.1067554054E+01
   123    0.1018611589E+01
   124    0.1010789359E+01
   125    0.1015743658E+01
   126    0.9788845227E+00
   127    0.9661368514E+00
   128    0.9667889635E+00
   129    0.9486460554E+00
   130    0.9273377863E+00
   131    0.9265984678E+00
   132    0.9218773784E+00
   133    0.8980138569E+00
   134    0.9131348444E+00
   135    0.8922867796E+00
   136    0.9030307315E+00
   137    0.9032019367E+00
   138    0.8685872781E+00
   139    0.9179704140E+00
   140    0.9033793739E+00
   141    0.8969288683E+00
   142    0.9218568453E+00
   143    0.9284436605E+00
   144    0.9268598245E+00
   145    0.9367747693E+00
   146    0.9615605543E+00
   147    0.9662981145E+00
   148    0.9845005821E+00
   149    0.9981342900E+00
   150    0.1012077294E+01
   151    0.1038177689E+01
   152    0.1041790780E+01
   153    0.1057278578E+01
   154    0.1089649830E+01
   155    0.1085064374E+01
   156    0.1095922568E+01
   157    0.1117329679E+01
   158    0.1106474277E+01
   159    0.1131632074E+01
   160    0.1121215321E+01
   161    0.1106590960E+01
   162    0.1119617511E+01
   163    0.1099813569E+01
   164    0.1093774085E+01
   165    0.1077007707E+01
   166    0.1062460362E+01
   167    0.1053603565E+01
   168    0.1035251222E+01
   169    0.1016531865E+01
   170    0.1000575249E+01
   171    0.9830234111E+00
   172    0.9713798664E+00
   173    0.9573412013E+00
   174    0.9396362792E+00
   175    0.9393499046E+00
   176    0.9286532082E+00
   177    0.9087851526E+00
   178    0.9124842318E+00
   179    0.9114620776E+00
   180    0.9010805470E+00
   181    0.9061618649E+00
   182    0.9149328912E+00
   183    0.8999356014E+00
   184    0.9032461798E+00
   185    0.9327316256E+00
   186    0.9267400348E+00
   187    0.9265877944E+00
   188    0.9677725044E+00
   189    0.9674800839E+00
   190    0.9539965968E+00
   191    0.1006335236E+01
   192    0.1012778983E+01
   193    0.1016619742E+01
   194    0.1066802944E+01
   195    0.1058242932E+01
   196    0.1074427504E+01
   197    0.1111435827E+01
   198    0.1094623950E+01
   199    0.1112657219E+01
   200    0.1116718605E+01
   201    0.1125301210E+01
   202    0.1125213949E+01
   203    0.1095596982E+01
   204    0.1099627356E+01
   205    0.1080989396E+01
   206    0.1080492747E+01
   207    0.1094707585E+01
   208    0.1033824520E+01
   209    0.9899450831E+00
   210    0.1006006492E+01
   211    0.1001392924E+01
   212    0.9719502252E+00
   213    0.9609842377E+00
   214    0.9590121716E+00
   215    0.9448974011E+00
   216    0.9285467613E+00
   217    0.9233920906E+00
   218    0.9261234288E+00
   219    0.9128627242E+00
   220    0.9005334135E+00
   221    0.9026082198E+00
   222    0.8975952457E+00
   223    0.9040379365E+00
   224    0.9174994211E+00
   225    0.8976591648E+00
   226    0.8927349801E+00
   227    0.9533898964E+00
   228    0.9693944603E+00
   229    0.9242918260E+00
   230    0.9215513408E+00
   231    0.9398762058E+00
   232    0.9415773668E+00
   233    0.9594975038E+00
   234    0.1073213784E+01
   235    0.1053639448E+01
   236    0.8622402088E+00
   237    0.8998127740E+00
   238    0.9753597483E+00
   239    0.1060221570E+01
   240    0.1124310192E+01
   241    0.9224732117E+00
   242    0.8555988720E+00
   243    0.9355605275E+00
   244    0.9984516306E+00
   245    0.9894780222E+00
   246    0.1014107187E+01
   247    0.9778272056E+00
   248    0.8939589394E+00
   249    0.9381127209E+00
   250    0.1011648426E+01
   251    0.9922845843E+00
   252    0.9763127925E+00
   253    0.9916041470E+00
   254    0.9960794471E+00
   255    0.9885247567E+00
   256    0.9914017142E+00
   257    0.1000831582E+01
   258    0.1000820130E+01
   259    0.9895489374E+00
   260    0.9942261465E+00
   261    0.1014369778E+01
   262    0.1015621357E+01
   263    0.1001372900E+01
   264    0.9966629634E+00
   265    0.1026065834E+01
   266    0.1026525837E+01
   267    0.9999205715E+00
   268    0.1002723365E+01
   269    0.1014017727E+01
   270    0.1015882015E+01
   271    0.1013758231E+01
   272    0.1014238794E+01
   273    0.1014908275E+01
   274    0.1015163633E+01
   275    0.1017770398E+01
   276    0.1017286564E+01
   277    0.1016030583E+01
   278    0.1018844726E+01
   279    0.1019829788E+01
   280    0.1015548529E+01
   281    0.1008801604E+01
   282    0.1021882398E+01
   283    0.1032948805E+01
   284    0.1014901596E+01
   285    0.1010036524E+01
   286    0.1016285221E+01
   287    0.1017069851E+01
   288    0.1015567621E+01
   289    0.1015656857E+01
   290    0.1015273749E+01
   291    0.1012888394E+01
   292    0.1012873003E+01
   293    0.1013915348E+01
   294    0.1012499557E+01
   295    0.1010552045E+01
   296    0.1010775600E+01
   297    0.1011181838E+01
   298    0.1009689717E+01
   299    0.1008451134E+01
   300    0.1009704874E+01
   301    0.1012016258E+01
   302    0.1009726612E+01
   303    0.1007051571E+01
   304    0.1006642787E+01
   305    0.1006745391E+01
   306    0.1007062637E+01
   307    0.1006780927E+01
   308    0.1006184711E+01
   309    0.1005446547E+01
   310    0.1004802650E+01
   311    0.1004758523E+01
   312    0.1004696246E+01
   313    0.1004276472E+01
   314    0.1003808013E+01
   315    0.1003609255E+01
   316    0.1003420138E+01
   317    0.1002945934E+01
   318    0.1002855060E+01
   319    0.1002735847E+01
   320    0.1002455182E+01
   321    0.1002113113E+01
   322    0.1001981501E+01
   323    0.1001858976E+01
   324    0.1001655289E+01
   325    0.1001498393E+01
   326    0.1001376571E+01
   327    0.1001230920E+01
   328    0.1001102730E+01
   329    0.1001038131E+01
   330    0.1000960964E+01
   331    0.1000850096E+01
   332    0.1000740311E+01
   333    0.1000656765E+01
   334    0.1000607110E+01
   335    0.1000545342E+01
   336    0.1000496851E+01
   337    0.1000431575E+01
   338    0.1000371579E+01
   339    0.1000345804E+01
   340    0.1000318656E+01
   341    0.1000276115E+01
   342    0.1000243000E+01
   343    0.1000213360E+01
   344    0.1000195470E+01
   345    0.1000177626E+01
   346    0.1000148416E+01
   347    0.1000130249E+01
   348    0.1000116890E+01
   349    0.1000099375E+01
   350    0.1000086521E+01
   351    0.1000081081E+01
   352    0.1000069706E+01
   353    0.1000058218E+01
   354    0.1000052987E+01
   355    0.1000046080E+01
   356    0.1000039736E+01
   357    0.1000034227E+01
   358    0.1000029560E+01
   359    0.1000025840E+01
   360    0.1000022414E+01
   361    0.1000019830E+01
   362    0.1000016929E+01
   363    0.1000014831E+01
   364    0.1000012506E+01
   365    0.1000010300E+01
   366    0.1000008921E+01
   367    0.1000007917E+01
   368    0.1000006629E+01
   369    0.1000005747E+01
   370    0.1000005178E+01
   371    0.1000004360E+01
   372    0.1000003595E+01
   373    0.1000002950E+01
   374    0.1000002591E+01
   375    0.1000002206E+01
   376    0.1000001883E+01
   377    0.1000001600E+01
   378    0.1000001358E+01
   379    0.1000001119E+01
   380    0.1000000919E+01
   381    0.1000000792E+01
   382    0.1000000676E+01
   383    0.1000000574E+01
   384    0.1000000468E+01
   385    0.1000000393E+01
   386    0.1000000338E+01
   387    0.1000000289E+01
   388    0.1000000236E+01
   389    0.1000000191E+01
   390    0.1000000158E+01
   391    0.1000000130E+01
   392    0.1000000110E+01
   393    0.1000000093E+01
   394    0.1000000078E+01
   395    0.1000000063E+01
   396    0.1000000050E+01
   397    0.1000000042E+01
   398    0.1000000035E+01
   399    0.1000000030E+01
   400    0.1000000024E+01
   401    0.1000000019E+01
   402    0.1000000016E+01
   403    0.1000000013E+01
   404    0.1000000011E+01
   405    0.1000000009E+01
   406    0.1000000007E+01
   407    0.1000000006E+01
   408    0.1000000005E+01
   409    0.1000000004E+01
   410    0.1000000003E+01
   411    0.1000000003E+01
   412    0.1000000002E+01
   413    0.1000000002E+01
   414    0.1000000001E+01
   415    0.1000000001E+01
   416    0.1000000001E+01
   417    0.1000000001E+01
   418    0.1000000001E+01
   419    0.1000000000E+01
   420    0.1000000000E+01
   421    0.1000000000E+01
   422    0.1000000000E+01
   423    0.1000000000E+01
   424    0.1000000000E+01
   425    0.1000000000E+01
   426    0.1000000000E+01
   427    0.1000000000E+01
   428    0.1000000000E+01
   429    0.1000000000E+01
   430    0.1000000000E+01
   431    0.1000000000E+01
   432    0.1000000000E+01
   433    0.1000000000E+01
   434    0.1000000000E+01
   435    0.1000000000E+01
   436    0.1000000000E+01
   437    0.1000000000E+01
   438    0.1000000000E+01
   439    0.1000000000E+01
   440    0.1000000000E+01
   441    0.1000000000E+01
   442    0.1000000000E+01
   443    0.1000000000E+01
   444    0.1000000000E+01
   445    0.1000000000E+01
   446    0.1000000000E+01
   447    0.1000000000E+01
   448    0.1000000000E+01
   449    0.1000000000E+01
   450    0.1000000000E+01
   451    0.1000000000E+01
   452    0.1000000000E+01
   453    0.1000000000E+01
   454    0.1000000000E+01
   455    0.1000000000E+01
   456    0.1000000000E+01
   457    0.1000000000E+01
   458    0.1000000000E+01
   459    0.1000000000E+01
   460    0.1000000000E+01
   461    0.1000000000E+01
   462    0.1000000000E+01
   463    0.1000000000E+01
   464    0.1000000000E+01
   465    0.1000000000E+01
   466    0.1000000000E+01
   467    0.1000000000E+01
   468    0.1000000000E+01
   469    0.1000000000E+01
   470    0.1000000000E+01
   471    0.1000000000E+01
   472    0.1000000000E+01
   473    0.1000000000E+01
   474    0.1000000000E+01
   475    0.1000000000E+01
   476    0.1000000000E+01
   477    0.1000000000E+01
   478    0.1000000000E+01
   479    0.1000000000E+01
   480    0.1000000000E+01
   481    0.1000000000E+01
   482    0.1000000000E+01
   483    0.1000000000E+01
   484    0.1000000000E+01
   485    0.1000000000E+01
   486    0.1000000000E+01
   487    0.1000000000E+01
   488    0.1000000000E+01
   489    0.1000000000E+01
   490    0.1000000000E+01
   491    0.1000000000E+01
   492    0.1000000000E+01
   493    0.1000000000E+01
   494    0.1000000000E+01
   495    0.1000000000E+01
   496    0.1000000000E+01
   497    0.1000000000E+01
   498    0.1000000000E+01
   499    0.1000000000E+01
   500    0.8359375000E+00
   501    0.1640625000E+00
   502    0.0000000000E+00
