    -1    0.0000000000E+00
     0    0.2128495260E+00
     1    0.9201383722E+00
     2    0.1006049238E+01
     3    0.1009885038E+01
     4    0.1005596689E+01
     5    0.9990773611E+00
     6    0.9999640918E+00
     7    0.9956417021E+00
     8    0.9920871067E+00
     9    0.9904353323E+00
    10    0.9865866762E+00
    11    0.9861695460E+00
    12    0.9832055991E+00
    13    0.9797250100E+00
    14    0.9821645758E+00
    15    0.9795178116E+00
    16    0.9760851638E+00
    17    0.9806159818E+00
    18    0.9798065255E+00
    19    0.9763170298E+00
    20    0.9817660101E+00
    21    0.9838414799E+00
    22    0.9805146743E+00
    23    0.9855778737E+00
    24    0.9908389492E+00
    25    0.9881218118E+00
    26    0.9916980903E+00
    27    0.9996324040E+00
    28    0.9978195900E+00
    29    0.9994107551E+00
    30    0.1008756837E+01
    31    0.1007876205E+01
    32    0.1007428919E+01
    33    0.1016737755E+01
    34    0.1016345679E+01
    35    0.1014320748E+01
    36    0.1022071742E+01
    37    0.1021662582E+01
    38    0.1018792879E+01
    39    0.1023453123E+01
    40    0.1023128772E+01
    41    0.1019855285E+01
    42    0.1020338303E+01
    43    0.1020776714E+01
    44    0.1017223035E+01
    45    0.1013144053E+01
    46    0.1015221078E+01
    47    0.1011439750E+01
    48    0.1003186454E+01
    49    0.1007520679E+01
    50    0.1003668491E+01
    51    0.9924062753E+00
    52    0.9989663577E+00
    53    0.9953933456E+00
    54    0.9828227845E+00
    55    0.9909134942E+00
    56    0.9881109179E+00
    57    0.9760728310E+00
    58    0.9844952089E+00
    59    0.9831985815E+00
    60    0.9729719245E+00
    61    0.9807695147E+00
    62    0.9814667916E+00
    63    0.9737497791E+00
    64    0.9804181832E+00
    65    0.9832115809E+00
    66    0.9780171190E+00
    67    0.9837649224E+00
    68    0.9881738646E+00
    69    0.9849926890E+00
    70    0.9905720981E+00
    71    0.9954847148E+00
    72    0.9936742370E+00
    73    0.9998674059E+00
    74    0.1003831345E+01
    75    0.1002888095E+01
    76    0.1009977265E+01
    77    0.1011593822E+01
    78    0.1011439502E+01
    79    0.1018781783E+01
    80    0.1017240506E+01
    81    0.1018102847E+01
    82    0.1024331436E+01
    83    0.1019630455E+01
    84    0.1021783433E+01
    85    0.1025435086E+01
    86    0.1018214365E+01
    87    0.1021794060E+01
    88    0.1021924269E+01
    89    0.1013238325E+01
    90    0.1017978873E+01
    91    0.1014684089E+01
    92    0.1005710294E+01
    93    0.1010782396E+01
    94    0.1005404162E+01
    95    0.9970774927E+00
    96    0.1001308835E+01
    97    0.9960542724E+00
    98    0.9888941398E+00
    99    0.9911148834E+00
   100    0.9883812069E+00
   101    0.9825539633E+00
   102    0.9818624167E+00
   103    0.9835978074E+00
   104    0.9790615334E+00
   105    0.9750572865E+00
   106    0.9822729999E+00
   107    0.9789028725E+00
   108    0.9719039654E+00
   109    0.9843947545E+00
   110    0.9820195994E+00
   111    0.9730980438E+00
   112    0.9895761725E+00
   113    0.9877549666E+00
   114    0.9788519454E+00
   115    0.9969478343E+00
   116    0.9950801694E+00
   117    0.9886534074E+00
   118    0.1005169727E+01
   119    0.1003023047E+01
   120    0.1000628915E+01
   121    0.1012950832E+01
   122    0.1010472400E+01
   123    0.1012564967E+01
   124    0.1018631563E+01
   125    0.1016466171E+01
   126    0.1021897204E+01
   127    0.1021201998E+01
   128    0.1019933591E+01
   129    0.1026690639E+01
   130    0.1020336551E+01
   131    0.1019916579E+01
   132    0.1026103329E+01
   133    0.1016490367E+01
   134    0.1015855450E+01
   135    0.1020644224E+01
   136    0.1010531356E+01
   137    0.1008120746E+01
   138    0.1011799254E+01
   139    0.1003430611E+01
   140    0.9982681669E+00
   141    0.1001395819E+01
   142    0.9960885219E+00
   143    0.9885939283E+00
   144    0.9913098050E+00
   145    0.9892731859E+00
   146    0.9813880146E+00
   147    0.9831775699E+00
   148    0.9835875515E+00
   149    0.9782241681E+00
   150    0.9784297397E+00
   151    0.9796035052E+00
   152    0.9796366443E+00
   153    0.9779342492E+00
   154    0.9778702344E+00
   155    0.9853084064E+00
   156    0.9819027903E+00
   157    0.9790589002E+00
   158    0.9941727632E+00
   159    0.9895645366E+00
   160    0.9837394920E+00
   161    0.1005005014E+01
   162    0.9996198526E+00
   163    0.9914630457E+00
   164    0.1015881912E+01
   165    0.1010361696E+01
   166    0.1001411796E+01
   167    0.1025574580E+01
   168    0.1019715395E+01
   169    0.1011368933E+01
   170    0.1032158625E+01
   171    0.1026166386E+01
   172    0.1019816321E+01
   173    0.1035295300E+01
   174    0.1028778522E+01
   175    0.1024699338E+01
   176    0.1034125562E+01
   177    0.1027393792E+01
   178    0.1025452801E+01
   179    0.1028669792E+01
   180    0.1021827492E+01
   181    0.1022825184E+01
   182    0.1020936095E+01
   183    0.1013378116E+01
   184    0.1015959915E+01
   185    0.1011643375E+01
   186    0.1005717623E+01
   187    0.1009368484E+01
   188    0.1002701086E+01
   189    0.9979436749E+00
   190    0.1003781241E+01
   191    0.9960933153E+00
   192    0.9922175984E+00
   193    0.9994240132E+00
   194    0.9927146806E+00
   195    0.9907870175E+00
   196    0.1000143396E+01
   197    0.9928892194E+00
   198    0.9915264165E+00
   199    0.1001534621E+01
   200    0.9944763946E+00
   201    0.9963065617E+00
   202    0.1008986199E+01
   203    0.1002569372E+01
   204    0.1004680366E+01
   205    0.1016605296E+01
   206    0.1009929868E+01
   207    0.1013411316E+01
   208    0.1021358594E+01
   209    0.1014146022E+01
   210    0.1021465037E+01
   211    0.1026269284E+01
   212    0.1020905985E+01
   213    0.1026975911E+01
   214    0.1024823349E+01
   215    0.1021213353E+01
   216    0.1029264511E+01
   217    0.1022765652E+01
   218    0.1018564209E+01
   219    0.1020847699E+01
   220    0.1010856283E+01
   221    0.1013209629E+01
   222    0.1014527949E+01
   223    0.1001174790E+01
   224    0.1004112342E+01
   225    0.1004431258E+01
   226    0.9892706267E+00
   227    0.9924055977E+00
   228    0.9940918370E+00
   229    0.9793183721E+00
   230    0.9781230552E+00
   231    0.9779167533E+00
   232    0.9679453132E+00
   233    0.9672297858E+00
   234    0.9666643769E+00
   235    0.9594769373E+00
   236    0.9651512792E+00
   237    0.9709520828E+00
   238    0.9541702482E+00
   239    0.9482924224E+00
   240    0.9516447576E+00
   241    0.9498693014E+00
   242    0.9570219165E+00
   243    0.9683225025E+00
   244    0.9502172332E+00
   245    0.9415775844E+00
   246    0.9478307199E+00
   247    0.9487614399E+00
   248    0.9600126294E+00
   249    0.9712617795E+00
   250    0.9529177703E+00
   251    0.9482531234E+00
   252    0.9560421140E+00
   253    0.9576592436E+00
   254    0.9616522887E+00
   255    0.9764858947E+00
   256    0.9743506888E+00
   257    0.9604961369E+00
   258    0.9685925445E+00
   259    0.9748892965E+00
   260    0.9720801670E+00
   261    0.9784884821E+00
   262    0.9830403381E+00
   263    0.9809678459E+00
   264    0.9862892036E+00
   265    0.9887663233E+00
   266    0.9880979645E+00
   267    0.9932827460E+00
   268    0.9940021288E+00
   269    0.9939470660E+00
   270    0.1000652156E+01
   271    0.1001386427E+01
   272    0.1000815228E+01
   273    0.1003612941E+01
   274    0.1006135641E+01
   275    0.1008138391E+01
   276    0.1009489702E+01
   277    0.1007748500E+01
   278    0.1008417621E+01
   279    0.1011827645E+01
   280    0.1012156766E+01
   281    0.1012751766E+01
   282    0.1013977648E+01
   283    0.1014014764E+01
   284    0.1014602756E+01
   285    0.1016270335E+01
   286    0.1015869571E+01
   287    0.1016406715E+01
   288    0.1018180399E+01
   289    0.1017294519E+01
   290    0.1016156096E+01
   291    0.1016192764E+01
   292    0.1017137893E+01
   293    0.1018013077E+01
   294    0.1016968194E+01
   295    0.1016000622E+01
   296    0.1016509617E+01
   297    0.1016270097E+01
   298    0.1015594326E+01
   299    0.1015390079E+01
   300    0.1015013280E+01
   301    0.1013955088E+01
   302    0.1013644997E+01
   303    0.1013647929E+01
   304    0.1012748505E+01
   305    0.1011896041E+01
   306    0.1011609125E+01
   307    0.1011356535E+01
   308    0.1010553441E+01
   309    0.1009970813E+01
   310    0.1009772847E+01
   311    0.1009534115E+01
   312    0.1009148050E+01
   313    0.1008313495E+01
   314    0.1007584695E+01
   315    0.1007189660E+01
   316    0.1007038354E+01
   317    0.1006613799E+01
   318    0.1006168771E+01
   319    0.1005682289E+01
   320    0.1005165205E+01
   321    0.1004896175E+01
   322    0.1004661343E+01
   323    0.1004303999E+01
   324    0.1003916545E+01
   325    0.1003665518E+01
   326    0.1003407258E+01
   327    0.1003078066E+01
   328    0.1002867671E+01
   329    0.1002682368E+01
   330    0.1002442204E+01
   331    0.1002185994E+01
   332    0.1002021888E+01
   333    0.1001857894E+01
   334    0.1001678781E+01
   335    0.1001529725E+01
   336    0.1001392860E+01
   337    0.1001254238E+01
   338    0.1001137625E+01
   339    0.1001040509E+01
   340    0.1000943517E+01
   341    0.1000850718E+01
   342    0.1000758485E+01
   343    0.1000673400E+01
   344    0.1000614004E+01
   345    0.1000551548E+01
   346    0.1000493957E+01
   347    0.1000439105E+01
   348    0.1000387917E+01
   349    0.1000348890E+01
   350    0.1000314851E+01
   351    0.1000278182E+01
   352    0.1000245651E+01
   353    0.1000216861E+01
   354    0.1000194312E+01
   355    0.1000173622E+01
   356    0.1000150307E+01
   357    0.1000132117E+01
   358    0.1000117341E+01
   359    0.1000101843E+01
   360    0.1000088979E+01
   361    0.1000079965E+01
   362    0.1000069574E+01
   363    0.1000059807E+01
   364    0.1000053009E+01
   365    0.1000046113E+01
   366    0.1000040048E+01
   367    0.1000034707E+01
   368    0.1000030053E+01
   369    0.1000026163E+01
   370    0.1000022640E+01
   371    0.1000019720E+01
   372    0.1000017006E+01
   373    0.1000014696E+01
   374    0.1000012589E+01
   375    0.1000010698E+01
   376    0.1000009170E+01
   377    0.1000007970E+01
   378    0.1000006789E+01
   379    0.1000005814E+01
   380    0.1000005063E+01
   381    0.1000004307E+01
   382    0.1000003628E+01
   383    0.1000003047E+01
   384    0.1000002620E+01
   385    0.1000002225E+01
   386    0.1000001888E+01
   387    0.1000001604E+01
   388    0.1000001356E+01
   389    0.1000001137E+01
   390    0.1000000950E+01
   391    0.1000000806E+01
   392    0.1000000681E+01
   393    0.1000000574E+01
   394    0.1000000478E+01
   395    0.1000000400E+01
   396    0.1000000337E+01
   397    0.1000000285E+01
   398    0.1000000236E+01
   399    0.1000000195E+01
   400    0.1000000162E+01
   401    0.1000000134E+01
   402    0.1000000112E+01
   403    0.1000000093E+01
   404    0.1000000078E+01
   405    0.1000000064E+01
   406    0.1000000052E+01
   407    0.1000000043E+01
   408    0.1000000036E+01
   409    0.1000000030E+01
   410    0.1000000024E+01
   411    0.1000000020E+01
   412    0.1000000016E+01
   413    0.1000000013E+01
   414    0.1000000011E+01
   415    0.1000000009E+01
   416    0.1000000007E+01
   417    0.1000000006E+01
   418    0.1000000005E+01
   419    0.1000000004E+01
   420    0.1000000003E+01
   421    0.1000000003E+01
   422    0.1000000002E+01
   423    0.1000000002E+01
   424    0.1000000001E+01
   425    0.1000000001E+01
   426    0.1000000001E+01
   427    0.1000000001E+01
   428    0.1000000001E+01
   429    0.1000000000E+01
   430    0.1000000000E+01
   431    0.1000000000E+01
   432    0.1000000000E+01
   433    0.1000000000E+01
   434    0.1000000000E+01
   435    0.1000000000E+01
   436    0.1000000000E+01
   437    0.1000000000E+01
   438    0.1000000000E+01
   439    0.1000000000E+01
   440    0.1000000000E+01
   441    0.1000000000E+01
   442    0.1000000000E+01
   443    0.1000000000E+01
   444    0.1000000000E+01
   445    0.1000000000E+01
   446    0.1000000000E+01
   447    0.1000000000E+01
   448    0.1000000000E+01
   449    0.1000000000E+01
   450    0.1000000000E+01
   451    0.1000000000E+01
   452    0.1000000000E+01
   453    0.1000000000E+01
   454    0.1000000000E+01
   455    0.1000000000E+01
   456    0.1000000000E+01
   457    0.1000000000E+01
   458    0.1000000000E+01
   459    0.1000000000E+01
   460    0.1000000000E+01
   461    0.1000000000E+01
   462    0.1000000000E+01
   463    0.1000000000E+01
   464    0.1000000000E+01
   465    0.1000000000E+01
   466    0.1000000000E+01
   467    0.1000000000E+01
   468    0.1000000000E+01
   469    0.1000000000E+01
   470    0.1000000000E+01
   471    0.1000000000E+01
   472    0.1000000000E+01
   473    0.1000000000E+01
   474    0.1000000000E+01
   475    0.1000000000E+01
   476    0.1000000000E+01
   477    0.1000000000E+01
   478    0.1000000000E+01
   479    0.1000000000E+01
   480    0.1000000000E+01
   481    0.1000000000E+01
   482    0.1000000000E+01
   483    0.1000000000E+01
   484    0.1000000000E+01
   485    0.1000000000E+01
   486    0.1000000000E+01
   487    0.1000000000E+01
   488    0.1000000000E+01
   489    0.1000000000E+01
   490    0.1000000000E+01
   491    0.1000000000E+01
   492    0.1000000000E+01
   493    0.1000000000E+01
   494    0.1000000000E+01
   495    0.1000000000E+01
   496    0.1000000000E+01
   497    0.1000000000E+01
   498    0.1000000000E+01
   499    0.1000000000E+01
   500    0.8359375000E+00
   501    0.1640625000E+00
   502    0.0000000000E+00
