    -1    0.1919434244E+00
     0    0.9023945753E+00
     1    0.1007346301E+01
     2    0.1006391058E+01
     3    0.1009543162E+01
     4    0.1000758213E+01
     5    0.9986275462E+00
     6    0.1003341464E+01
     7    0.9941928364E+00
     8    0.9910633082E+00
     9    0.9965563754E+00
    10    0.9889372280E+00
    11    0.9850019916E+00
    12    0.9902559594E+00
    13    0.9858154041E+00
    14    0.9815033554E+00
    15    0.9854736002E+00
    16    0.9851487517E+00
    17    0.9811700484E+00
    18    0.9830765976E+00
    19    0.9868394537E+00
    20    0.9840586972E+00
    21    0.9835907992E+00
    22    0.9905731049E+00
    23    0.9896043266E+00
    24    0.9870935898E+00
    25    0.9958224012E+00
    26    0.9968636105E+00
    27    0.9930165318E+00
    28    0.1001892831E+01
    29    0.1004645246E+01
    30    0.1000195725E+01
    31    0.1007957096E+01
    32    0.1011655014E+01
    33    0.1007143520E+01
    34    0.1013055333E+01
    35    0.1016716963E+01
    36    0.1012429431E+01
    37    0.1016248059E+01
    38    0.1018959254E+01
    39    0.1014997441E+01
    40    0.1016876504E+01
    41    0.1017961094E+01
    42    0.1014444740E+01
    43    0.1014691233E+01
    44    0.1013866351E+01
    45    0.1011082928E+01
    46    0.1009969211E+01
    47    0.1007374432E+01
    48    0.1005721724E+01
    49    0.1003568514E+01
    50    0.9995770541E+00
    51    0.9994623746E+00
    52    0.9966780562E+00
    53    0.9918006370E+00
    54    0.9934568074E+00
    55    0.9904669807E+00
    56    0.9854198506E+00
    57    0.9886758721E+00
    58    0.9859320751E+00
    59    0.9814945310E+00
    60    0.9858724103E+00
    61    0.9837253036E+00
    62    0.9806561127E+00
    63    0.9855025393E+00
    64    0.9841002140E+00
    65    0.9831000720E+00
    66    0.9875406696E+00
    67    0.9870912170E+00
    68    0.9884362693E+00
    69    0.9916646667E+00
    70    0.9923292138E+00
    71    0.9957888435E+00
    72    0.9972473117E+00
    73    0.9990399927E+00
    74    0.1003910778E+01
    75    0.1003351726E+01
    76    0.1006214873E+01
    77    0.1011262915E+01
    78    0.1008988087E+01
    79    0.1012489176E+01
    80    0.1016655061E+01
    81    0.1012984754E+01
    82    0.1016654047E+01
    83    0.1019235020E+01
    84    0.1014480041E+01
    85    0.1017784280E+01
    86    0.1018700143E+01
    87    0.1013133581E+01
    88    0.1015499917E+01
    89    0.1015291576E+01
    90    0.1009234027E+01
    91    0.1010113134E+01
    92    0.1009697081E+01
    93    0.1003590122E+01
    94    0.1002622572E+01
    95    0.1002880043E+01
    96    0.9973002826E+00
    97    0.9945152891E+00
    98    0.9958725719E+00
    99    0.9915028230E+00
   100    0.9874442413E+00
   101    0.9895832200E+00
   102    0.9871855728E+00
   103    0.9827872215E+00
   104    0.9848845202E+00
   105    0.9849231697E+00
   106    0.9813884068E+00
   107    0.9825165435E+00
   108    0.9849941326E+00
   109    0.9833812728E+00
   110    0.9829658837E+00
   111    0.9873905990E+00
   112    0.9883409877E+00
   113    0.9862567629E+00
   114    0.9918281101E+00
   115    0.9954081610E+00
   116    0.9919531609E+00
   117    0.9976446813E+00
   118    0.1003411946E+01
   119    0.9991797962E+00
   120    0.1003872668E+01
   121    0.1010992401E+01
   122    0.1006747365E+01
   123    0.1009321917E+01
   124    0.1016860973E+01
   125    0.1013359469E+01
   126    0.1012773220E+01
   127    0.1020098835E+01
   128    0.1017765106E+01
   129    0.1013431410E+01
   130    0.1020186477E+01
   131    0.1019116688E+01
   132    0.1011132521E+01
   133    0.1017062276E+01
   134    0.1017213525E+01
   135    0.1006414771E+01
   136    0.1011101452E+01
   137    0.1012576725E+01
   138    0.1000260228E+01
   139    0.1003286341E+01
   140    0.1006143359E+01
   141    0.9938725350E+00
   142    0.9950949836E+00
   143    0.9988916916E+00
   144    0.9885892149E+00
   145    0.9879755516E+00
   146    0.9920352154E+00
   147    0.9852634244E+00
   148    0.9832024279E+00
   149    0.9867589014E+00
   150    0.9842499831E+00
   151    0.9816758411E+00
   152    0.9841090764E+00
   153    0.9854544359E+00
   154    0.9836458372E+00
   155    0.9847544404E+00
   156    0.9886242722E+00
   157    0.9888892757E+00
   158    0.9887308353E+00
   159    0.9933639664E+00
   160    0.9966135993E+00
   161    0.9955018403E+00
   162    0.9994819724E+00
   163    0.1005558726E+01
   164    0.1003505189E+01
   165    0.1006303522E+01
   166    0.1014473689E+01
   167    0.1011488016E+01
   168    0.1013052621E+01
   169    0.1021694484E+01
   170    0.1017621156E+01
   171    0.1018466685E+01
   172    0.1026174776E+01
   173    0.1021532493E+01
   174    0.1021912915E+01
   175    0.1027005546E+01
   176    0.1022535837E+01
   177    0.1022490020E+01
   178    0.1024278062E+01
   179    0.1020795540E+01
   180    0.1019675561E+01
   181    0.1019074555E+01
   182    0.1017353480E+01
   183    0.1014884238E+01
   184    0.1011317067E+01
   185    0.1012116688E+01
   186    0.1009374646E+01
   187    0.1004662232E+01
   188    0.1007702789E+01
   189    0.1003547065E+01
   190    0.9989632405E+00
   191    0.1004528251E+01
   192    0.9996164944E+00
   193    0.9949827474E+00
   194    0.1002526965E+01
   195    0.9987736899E+00
   196    0.9951601362E+00
   197    0.1003735982E+01
   198    0.1000071725E+01
   199    0.9969538059E+00
   200    0.1004709803E+01
   201    0.1003252352E+01
   202    0.1002709058E+01
   203    0.1010467258E+01
   204    0.1010260990E+01
   205    0.1009554757E+01
   206    0.1015855177E+01
   207    0.1016349519E+01
   208    0.1015686694E+01
   209    0.1018263647E+01
   210    0.1019939711E+01
   211    0.1021167182E+01
   212    0.1021845694E+01
   213    0.1023436116E+01
   214    0.1022508475E+01
   215    0.1020489642E+01
   216    0.1022026253E+01
   217    0.1022134841E+01
   218    0.1017625222E+01
   219    0.1015414349E+01
   220    0.1012616394E+01
   221    0.1010726301E+01
   222    0.1008530166E+01
   223    0.1004726321E+01
   224    0.1002470191E+01
   225    0.9985941788E+00
   226    0.9950436267E+00
   227    0.9922585446E+00
   228    0.9874085420E+00
   229    0.9858862789E+00
   230    0.9814391194E+00
   231    0.9733575606E+00
   232    0.9737958817E+00
   233    0.9721455310E+00
   234    0.9646755569E+00
   235    0.9633559930E+00
   236    0.9661079032E+00
   237    0.9651920461E+00
   238    0.9615980086E+00
   239    0.9551696292E+00
   240    0.9526502829E+00
   241    0.9525331585E+00
   242    0.9551311619E+00
   243    0.9618078132E+00
   244    0.9578023550E+00
   245    0.9493550500E+00
   246    0.9491335476E+00
   247    0.9506946626E+00
   248    0.9545069234E+00
   249    0.9635793433E+00
   250    0.9621876420E+00
   251    0.9534408846E+00
   252    0.9548101164E+00
   253    0.9595349413E+00
   254    0.9610989453E+00
   255    0.9651706901E+00
   256    0.9753732702E+00
   257    0.9689566282E+00
   258    0.9639847048E+00
   259    0.9741060271E+00
   260    0.9752900591E+00
   261    0.9729478522E+00
   262    0.9812127389E+00
   263    0.9833180959E+00
   264    0.9815660176E+00
   265    0.9875967004E+00
   266    0.9892466540E+00
   267    0.9890774422E+00
   268    0.9931465980E+00
   269    0.9941620447E+00
   270    0.9959684684E+00
   271    0.1001024407E+01
   272    0.1000730411E+01
   273    0.1001414687E+01
   274    0.1004241589E+01
   275    0.1006685658E+01
   276    0.1007564675E+01
   277    0.1009087686E+01
   278    0.1007633029E+01
   279    0.1009741271E+01
   280    0.1012066039E+01
   281    0.1012172137E+01
   282    0.1012908760E+01
   283    0.1014231478E+01
   284    0.1014080580E+01
   285    0.1015037557E+01
   286    0.1016223471E+01
   287    0.1015880994E+01
   288    0.1016803174E+01
   289    0.1017902411E+01
   290    0.1016786820E+01
   291    0.1016156452E+01
   292    0.1016658849E+01
   293    0.1017364809E+01
   294    0.1017078020E+01
   295    0.1016618208E+01
   296    0.1016297654E+01
   297    0.1016435748E+01
   298    0.1015887308E+01
   299    0.1015490253E+01
   300    0.1015237455E+01
   301    0.1014565505E+01
   302    0.1013810657E+01
   303    0.1013739817E+01
   304    0.1013273956E+01
   305    0.1012435508E+01
   306    0.1011831008E+01
   307    0.1011581904E+01
   308    0.1011076162E+01
   309    0.1010371173E+01
   310    0.1009932886E+01
   311    0.1009644505E+01
   312    0.1009329455E+01
   313    0.1008759861E+01
   314    0.1008058841E+01
   315    0.1007435419E+01
   316    0.1007151332E+01
   317    0.1006866034E+01
   318    0.1006410967E+01
   319    0.1005958738E+01
   320    0.1005472433E+01
   321    0.1005063181E+01
   322    0.1004797926E+01
   323    0.1004520816E+01
   324    0.1004125552E+01
   325    0.1003808387E+01
   326    0.1003557253E+01
   327    0.1003268933E+01
   328    0.1002978322E+01
   329    0.1002789087E+01
   330    0.1002574435E+01
   331    0.1002329073E+01
   332    0.1002110179E+01
   333    0.1001952791E+01
   334    0.1001781825E+01
   335    0.1001609927E+01
   336    0.1001470224E+01
   337    0.1001335475E+01
   338    0.1001201694E+01
   339    0.1001093203E+01
   340    0.1000999897E+01
   341    0.1000899840E+01
   342    0.1000808789E+01
   343    0.1000721527E+01
   344    0.1000647945E+01
   345    0.1000585009E+01
   346    0.1000526704E+01
   347    0.1000469921E+01
   348    0.1000415726E+01
   349    0.1000370618E+01
   350    0.1000334520E+01
   351    0.1000297757E+01
   352    0.1000263356E+01
   353    0.1000233013E+01
   354    0.1000206175E+01
   355    0.1000185000E+01
   356    0.1000163036E+01
   357    0.1000141727E+01
   358    0.1000125600E+01
   359    0.1000110493E+01
   360    0.1000096023E+01
   361    0.1000084839E+01
   362    0.1000075433E+01
   363    0.1000064997E+01
   364    0.1000056715E+01
   365    0.1000049927E+01
   366    0.1000043316E+01
   367    0.1000037647E+01
   368    0.1000032598E+01
   369    0.1000028295E+01
   370    0.1000024575E+01
   371    0.1000021310E+01
   372    0.1000018460E+01
   373    0.1000015931E+01
   374    0.1000013753E+01
   375    0.1000011722E+01
   376    0.1000010003E+01
   377    0.1000008653E+01
   378    0.1000007438E+01
   379    0.1000006329E+01
   380    0.1000005484E+01
   381    0.1000004702E+01
   382    0.1000003994E+01
   383    0.1000003363E+01
   384    0.1000002851E+01
   385    0.1000002444E+01
   386    0.1000002070E+01
   387    0.1000001757E+01
   388    0.1000001488E+01
   389    0.1000001258E+01
   390    0.1000001050E+01
   391    0.1000000885E+01
   392    0.1000000749E+01
   393    0.1000000632E+01
   394    0.1000000530E+01
   395    0.1000000441E+01
   396    0.1000000371E+01
   397    0.1000000313E+01
   398    0.1000000262E+01
   399    0.1000000216E+01
   400    0.1000000180E+01
   401    0.1000000149E+01
   402    0.1000000124E+01
   403    0.1000000103E+01
   404    0.1000000086E+01
   405    0.1000000071E+01
   406    0.1000000058E+01
   407    0.1000000048E+01
   408    0.1000000040E+01
   409    0.1000000033E+01
   410    0.1000000027E+01
   411    0.1000000022E+01
   412    0.1000000018E+01
   413    0.1000000015E+01
   414    0.1000000012E+01
   415    0.1000000010E+01
   416    0.1000000008E+01
   417    0.1000000007E+01
   418    0.1000000005E+01
   419    0.1000000004E+01
   420    0.1000000004E+01
   421    0.1000000003E+01
   422    0.1000000002E+01
   423    0.1000000002E+01
   424    0.1000000002E+01
   425    0.1000000001E+01
   426    0.1000000001E+01
   427    0.1000000001E+01
   428    0.1000000001E+01
   429    0.1000000001E+01
   430    0.1000000000E+01
   431    0.1000000000E+01
   432    0.1000000000E+01
   433    0.1000000000E+01
   434    0.1000000000E+01
   435    0.1000000000E+01
   436    0.1000000000E+01
   437    0.1000000000E+01
   438    0.1000000000E+01
   439    0.1000000000E+01
   440    0.1000000000E+01
   441    0.1000000000E+01
   442    0.1000000000E+01
   443    0.1000000000E+01
   444    0.1000000000E+01
   445    0.1000000000E+01
   446    0.1000000000E+01
   447    0.1000000000E+01
   448    0.1000000000E+01
   449    0.1000000000E+01
   450    0.1000000000E+01
   451    0.1000000000E+01
   452    0.1000000000E+01
   453    0.1000000000E+01
   454    0.1000000000E+01
   455    0.1000000000E+01
   456    0.1000000000E+01
   457    0.1000000000E+01
   458    0.1000000000E+01
   459    0.1000000000E+01
   460    0.1000000000E+01
   461    0.1000000000E+01
   462    0.1000000000E+01
   463    0.1000000000E+01
   464    0.1000000000E+01
   465    0.1000000000E+01
   466    0.1000000000E+01
   467    0.1000000000E+01
   468    0.1000000000E+01
   469    0.1000000000E+01
   470    0.1000000000E+01
   471    0.1000000000E+01
   472    0.1000000000E+01
   473    0.1000000000E+01
   474    0.1000000000E+01
   475    0.1000000000E+01
   476    0.1000000000E+01
   477    0.1000000000E+01
   478    0.1000000000E+01
   479    0.1000000000E+01
   480    0.1000000000E+01
   481    0.1000000000E+01
   482    0.1000000000E+01
   483    0.1000000000E+01
   484    0.1000000000E+01
   485    0.1000000000E+01
   486    0.1000000000E+01
   487    0.1000000000E+01
   488    0.1000000000E+01
   489    0.1000000000E+01
   490    0.1000000000E+01
   491    0.1000000000E+01
   492    0.1000000000E+01
   493    0.1000000000E+01
   494    0.1000000000E+01
   495    0.1000000000E+01
   496    0.1000000000E+01
   497    0.1000000000E+01
   498    0.1000000000E+01
   499    0.1000000000E+01
   500    0.8359375000E+00
   501    0.1640625000E+00
   502    0.0000000000E+00
