    -1    0.0000000000E+00
     0    0.1652588801E+00
     1    0.8144962290E+00
     2    0.1013802445E+01
     3    0.1003535285E+01
     4    0.9988966708E+00
     5    0.9971727685E+00
     6    0.9910676512E+00
     7    0.9855191536E+00
     8    0.9813878924E+00
     9    0.9798343912E+00
    10    0.9754235267E+00
    11    0.9694025313E+00
    12    0.9710988400E+00
    13    0.9703201559E+00
    14    0.9629122509E+00
    15    0.9659447560E+00
    16    0.9707495153E+00
    17    0.9626096178E+00
    18    0.9653150403E+00
    19    0.9762546426E+00
    20    0.9684331566E+00
    21    0.9698206870E+00
    22    0.9855837317E+00
    23    0.9804845081E+00
    24    0.9788453643E+00
    25    0.9981384661E+00
    26    0.9949768051E+00
    27    0.9921694188E+00
    28    0.1012227459E+01
    29    0.1009288348E+01
    30    0.1007644760E+01
    31    0.1025736360E+01
    32    0.1020965954E+01
    33    0.1022188713E+01
    34    0.1036024786E+01
    35    0.1028893306E+01
    36    0.1031519346E+01
    37    0.1040730875E+01
    38    0.1031538711E+01
    39    0.1033747345E+01
    40    0.1039349304E+01
    41    0.1027761547E+01
    42    0.1029291129E+01
    43    0.1031431440E+01
    44    0.1018365161E+01
    45    0.1019524099E+01
    46    0.1018175962E+01
    47    0.1005198574E+01
    48    0.1006989592E+01
    49    0.1001812884E+01
    50    0.9907650911E+00
    51    0.9944092898E+00
    52    0.9854709149E+00
    53    0.9773714211E+00
    54    0.9840140135E+00
    55    0.9722303870E+00
    56    0.9668386950E+00
    57    0.9772339402E+00
    58    0.9644562019E+00
    59    0.9603743818E+00
    60    0.9748144618E+00
    61    0.9631508430E+00
    62    0.9589086150E+00
    63    0.9769653766E+00
    64    0.9680639684E+00
    65    0.9630887692E+00
    66    0.9833081645E+00
    67    0.9782636392E+00
    68    0.9734563473E+00
    69    0.9931368012E+00
    70    0.9919067873E+00
    71    0.9874780596E+00
    72    0.1006074624E+01
    73    0.1006458891E+01
    74    0.1003398629E+01
    75    0.1019745799E+01
    76    0.1019582442E+01
    77    0.1018673942E+01
    78    0.1031099948E+01
    79    0.1029101049E+01
    80    0.1030838844E+01
    81    0.1037397181E+01
    82    0.1032290810E+01
    83    0.1037728617E+01
    84    0.1036750998E+01
    85    0.1029086702E+01
    86    0.1038306852E+01
    87    0.1028956145E+01
    88    0.1019957153E+01
    89    0.1032746280E+01
    90    0.1015494286E+01
    91    0.1006734894E+01
    92    0.1022125096E+01
    93    0.9993886791E+00
    94    0.9918565625E+00
    95    0.1008427507E+01
    96    0.9841469790E+00
    97    0.9778482288E+00
    98    0.9939695232E+00
    99    0.9727261037E+00
   100    0.9669407334E+00
   101    0.9811493455E+00
   102    0.9665727164E+00
   103    0.9607842314E+00
   104    0.9720898726E+00
   105    0.9659137523E+00
   106    0.9601553132E+00
   107    0.9685030044E+00
   108    0.9701630857E+00
   109    0.9649103831E+00
   110    0.9715093682E+00
   111    0.9783953976E+00
   112    0.9746938875E+00
   113    0.9814910945E+00
   114    0.9891707023E+00
   115    0.9882078011E+00
   116    0.9958647699E+00
   117    0.1001674574E+01
   118    0.1003803257E+01
   119    0.1011865775E+01
   120    0.1014012385E+01
   121    0.1019382471E+01
   122    0.1026056483E+01
   123    0.1023765732E+01
   124    0.1032713891E+01
   125    0.1035611726E+01
   126    0.1028560439E+01
   127    0.1040915858E+01
   128    0.1038275940E+01
   129    0.1026824179E+01
   130    0.1043240490E+01
   131    0.1033380191E+01
   132    0.1019086552E+01
   133    0.1038767557E+01
   134    0.1022385213E+01
   135    0.1006892913E+01
   136    0.1027948554E+01
   137    0.1007982403E+01
   138    0.9929397041E+00
   139    0.1012516521E+01
   140    0.9930857335E+00
   141    0.9801831056E+00
   142    0.9954253975E+00
   143    0.9801126554E+00
   144    0.9708287607E+00
   145    0.9803281057E+00
   146    0.9702764080E+00
   147    0.9660672193E+00
   148    0.9707037643E+00
   149    0.9642117141E+00
   150    0.9659321935E+00
   151    0.9687244697E+00
   152    0.9623559960E+00
   153    0.9701126870E+00
   154    0.9748054739E+00
   155    0.9652202599E+00
   156    0.9786925622E+00
   157    0.9868856215E+00
   158    0.9743899420E+00
   159    0.9905910830E+00
   160    0.1003103831E+01
   161    0.9873439861E+00
   162    0.1004789968E+01
   163    0.1021091596E+01
   164    0.1002425529E+01
   165    0.1019820813E+01
   166    0.1037653189E+01
   167    0.1015986026E+01
   168    0.1033334703E+01
   169    0.1048764407E+01
   170    0.1027002503E+01
   171    0.1043131508E+01
   172    0.1051769483E+01
   173    0.1032760095E+01
   174    0.1046534343E+01
   175    0.1047805842E+01
   176    0.1032348810E+01
   177    0.1041950795E+01
   178    0.1036848651E+01
   179    0.1027021162E+01
   180    0.1031538216E+01
   181    0.1020339024E+01
   182    0.1015721280E+01
   183    0.1017647872E+01
   184    0.1005494699E+01
   185    0.1005072446E+01
   186    0.1002516420E+01
   187    0.9910639158E+00
   188    0.9961514619E+00
   189    0.9905724470E+00
   190    0.9797521177E+00
   191    0.9892306464E+00
   192    0.9840805389E+00
   193    0.9749952889E+00
   194    0.9894541285E+00
   195    0.9831384796E+00
   196    0.9743226866E+00
   197    0.9898745027E+00
   198    0.9863976134E+00
   199    0.9807083607E+00
   200    0.9997086008E+00
   201    0.1000148812E+01
   202    0.9921331046E+00
   203    0.1011003342E+01
   204    0.1012533704E+01
   205    0.1005019064E+01
   206    0.1020200262E+01
   207    0.1021428837E+01
   208    0.1018052186E+01
   209    0.1031144186E+01
   210    0.1031646133E+01
   211    0.1027579341E+01
   212    0.1033144848E+01
   213    0.1032298238E+01
   214    0.1034201805E+01
   215    0.1035677526E+01
   216    0.1030417987E+01
   217    0.1024697718E+01
   218    0.1019367779E+01
   219    0.1021726053E+01
   220    0.1020970951E+01
   221    0.1008433657E+01
   222    0.1009683640E+01
   223    0.1010068679E+01
   224    0.9922158506E+00
   225    0.9947122436E+00
   226    0.9991370111E+00
   227    0.9786475746E+00
   228    0.9766492300E+00
   229    0.9815250103E+00
   230    0.9639321375E+00
   231    0.9618296915E+00
   232    0.9664784506E+00
   233    0.9533590476E+00
   234    0.9608707063E+00
   235    0.9776727801E+00
   236    0.9541473113E+00
   237    0.9365998198E+00
   238    0.9435311537E+00
   239    0.9441242674E+00
   240    0.9539522984E+00
   241    0.9785970913E+00
   242    0.9520926424E+00
   243    0.9252811280E+00
   244    0.9358493551E+00
   245    0.9461495148E+00
   246    0.9658328828E+00
   247    0.9829942366E+00
   248    0.9469207045E+00
   249    0.9356834173E+00
   250    0.9484148250E+00
   251    0.9549913683E+00
   252    0.9672412463E+00
   253    0.9846573516E+00
   254    0.9748995890E+00
   255    0.9561848001E+00
   256    0.9609208948E+00
   257    0.9725058915E+00
   258    0.9771846674E+00
   259    0.9775474943E+00
   260    0.9807675923E+00
   261    0.9853118291E+00
   262    0.9862863842E+00
   263    0.9866086760E+00
   264    0.9928470043E+00
   265    0.9952436597E+00
   266    0.9921894170E+00
   267    0.9956975730E+00
   268    0.1002252551E+01
   269    0.1001459303E+01
   270    0.1003124290E+01
   271    0.1003634625E+01
   272    0.1007164044E+01
   273    0.1011455218E+01
   274    0.1010519294E+01
   275    0.1006389294E+01
   276    0.1009019964E+01
   277    0.1012520734E+01
   278    0.1012506737E+01
   279    0.1013518601E+01
   280    0.1013956520E+01
   281    0.1013951626E+01
   282    0.1015630647E+01
   283    0.1016222952E+01
   284    0.1015865537E+01
   285    0.1017568234E+01
   286    0.1018261174E+01
   287    0.1017151405E+01
   288    0.1016264132E+01
   289    0.1014963042E+01
   290    0.1018129804E+01
   291    0.1020217603E+01
   292    0.1016346166E+01
   293    0.1015177934E+01
   294    0.1016877885E+01
   295    0.1016280711E+01
   296    0.1015365926E+01
   297    0.1015615016E+01
   298    0.1014995389E+01
   299    0.1013447215E+01
   300    0.1013685301E+01
   301    0.1013717937E+01
   302    0.1012376760E+01
   303    0.1011570075E+01
   304    0.1011590292E+01
   305    0.1011127760E+01
   306    0.1010239070E+01
   307    0.1009779932E+01
   308    0.1009652421E+01
   309    0.1009841115E+01
   310    0.1009212369E+01
   311    0.1007996989E+01
   312    0.1007351870E+01
   313    0.1007107359E+01
   314    0.1006974789E+01
   315    0.1006607051E+01
   316    0.1006133236E+01
   317    0.1005554288E+01
   318    0.1005040717E+01
   319    0.1004850895E+01
   320    0.1004644183E+01
   321    0.1004232018E+01
   322    0.1003869938E+01
   323    0.1003628635E+01
   324    0.1003369828E+01
   325    0.1003016610E+01
   326    0.1002854155E+01
   327    0.1002666200E+01
   328    0.1002410173E+01
   329    0.1002154655E+01
   330    0.1001994057E+01
   331    0.1001833827E+01
   332    0.1001661277E+01
   333    0.1001506573E+01
   334    0.1001368524E+01
   335    0.1001240134E+01
   336    0.1001118057E+01
   337    0.1001025607E+01
   338    0.1000940814E+01
   339    0.1000840672E+01
   340    0.1000739521E+01
   341    0.1000665697E+01
   342    0.1000606546E+01
   343    0.1000541136E+01
   344    0.1000489271E+01
   345    0.1000432254E+01
   346    0.1000378248E+01
   347    0.1000344650E+01
   348    0.1000312216E+01
   349    0.1000273694E+01
   350    0.1000241195E+01
   351    0.1000213483E+01
   352    0.1000192862E+01
   353    0.1000171388E+01
   354    0.1000147518E+01
   355    0.1000130383E+01
   356    0.1000115285E+01
   357    0.1000099599E+01
   358    0.1000087454E+01
   359    0.1000079230E+01
   360    0.1000068221E+01
   361    0.1000058703E+01
   362    0.1000052300E+01
   363    0.1000045300E+01
   364    0.1000039366E+01
   365    0.1000034058E+01
   366    0.1000029496E+01
   367    0.1000025656E+01
   368    0.1000022226E+01
   369    0.1000019499E+01
   370    0.1000016657E+01
   371    0.1000014483E+01
   372    0.1000012394E+01
   373    0.1000010363E+01
   374    0.1000008992E+01
   375    0.1000007851E+01
   376    0.1000006595E+01
   377    0.1000005730E+01
   378    0.1000005012E+01
   379    0.1000004227E+01
   380    0.1000003548E+01
   381    0.1000002979E+01
   382    0.1000002566E+01
   383    0.1000002178E+01
   384    0.1000001858E+01
   385    0.1000001571E+01
   386    0.1000001332E+01
   387    0.1000001110E+01
   388    0.1000000925E+01
   389    0.1000000790E+01
   390    0.1000000666E+01
   391    0.1000000563E+01
   392    0.1000000466E+01
   393    0.1000000390E+01
   394    0.1000000332E+01
   395    0.1000000280E+01
   396    0.1000000231E+01
   397    0.1000000190E+01
   398    0.1000000157E+01
   399    0.1000000130E+01
   400    0.1000000109E+01
   401    0.1000000092E+01
   402    0.1000000076E+01
   403    0.1000000062E+01
   404    0.1000000050E+01
   405    0.1000000042E+01
   406    0.1000000035E+01
   407    0.1000000029E+01
   408    0.1000000024E+01
   409    0.1000000019E+01
   410    0.1000000016E+01
   411    0.1000000013E+01
   412    0.1000000010E+01
   413    0.1000000009E+01
   414    0.1000000007E+01
   415    0.1000000006E+01
   416    0.1000000005E+01
   417    0.1000000004E+01
   418    0.1000000003E+01
   419    0.1000000002E+01
   420    0.1000000002E+01
   421    0.1000000002E+01
   422    0.1000000001E+01
   423    0.1000000001E+01
   424    0.1000000001E+01
   425    0.1000000001E+01
   426    0.1000000001E+01
   427    0.1000000000E+01
   428    0.1000000000E+01
   429    0.1000000000E+01
   430    0.1000000000E+01
   431    0.1000000000E+01
   432    0.1000000000E+01
   433    0.1000000000E+01
   434    0.1000000000E+01
   435    0.1000000000E+01
   436    0.1000000000E+01
   437    0.1000000000E+01
   438    0.1000000000E+01
   439    0.1000000000E+01
   440    0.1000000000E+01
   441    0.1000000000E+01
   442    0.1000000000E+01
   443    0.1000000000E+01
   444    0.1000000000E+01
   445    0.1000000000E+01
   446    0.1000000000E+01
   447    0.1000000000E+01
   448    0.1000000000E+01
   449    0.1000000000E+01
   450    0.1000000000E+01
   451    0.1000000000E+01
   452    0.1000000000E+01
   453    0.1000000000E+01
   454    0.1000000000E+01
   455    0.1000000000E+01
   456    0.1000000000E+01
   457    0.1000000000E+01
   458    0.1000000000E+01
   459    0.1000000000E+01
   460    0.1000000000E+01
   461    0.1000000000E+01
   462    0.1000000000E+01
   463    0.1000000000E+01
   464    0.1000000000E+01
   465    0.1000000000E+01
   466    0.1000000000E+01
   467    0.1000000000E+01
   468    0.1000000000E+01
   469    0.1000000000E+01
   470    0.1000000000E+01
   471    0.1000000000E+01
   472    0.1000000000E+01
   473    0.1000000000E+01
   474    0.1000000000E+01
   475    0.1000000000E+01
   476    0.1000000000E+01
   477    0.1000000000E+01
   478    0.1000000000E+01
   479    0.1000000000E+01
   480    0.1000000000E+01
   481    0.1000000000E+01
   482    0.1000000000E+01
   483    0.1000000000E+01
   484    0.1000000000E+01
   485    0.1000000000E+01
   486    0.1000000000E+01
   487    0.1000000000E+01
   488    0.1000000000E+01
   489    0.1000000000E+01
   490    0.1000000000E+01
   491    0.1000000000E+01
   492    0.1000000000E+01
   493    0.1000000000E+01
   494    0.1000000000E+01
   495    0.1000000000E+01
   496    0.1000000000E+01
   497    0.1000000000E+01
   498    0.1000000000E+01
   499    0.1000000000E+01
   500    0.8359375000E+00
   501    0.1640625000E+00
   502    0.0000000000E+00
