    -1    0.0000000000E+00
     0    0.9541044200E-01
     1    0.7978007673E+00
     2    0.9926784325E+00
     3    0.9809698664E+00
     4    0.9733805912E+00
     5    0.9733830360E+00
     6    0.9607608233E+00
     7    0.9565198603E+00
     8    0.9574897180E+00
     9    0.9498379454E+00
    10    0.9468598915E+00
    11    0.9472552252E+00
    12    0.9466439585E+00
    13    0.9436650223E+00
    14    0.9478156649E+00
    15    0.9517318122E+00
    16    0.9464113680E+00
    17    0.9606257405E+00
    18    0.9627751074E+00
    19    0.9574817192E+00
    20    0.9779008416E+00
    21    0.9809884922E+00
    22    0.9774773069E+00
    23    0.9983149806E+00
    24    0.1003565824E+01
    25    0.1000436360E+01
    26    0.1022304545E+01
    27    0.1025627834E+01
    28    0.1023444010E+01
    29    0.1045822563E+01
    30    0.1040533451E+01
    31    0.1046297584E+01
    32    0.1059250148E+01
    33    0.1048491490E+01
    34    0.1061065867E+01
    35    0.1059464597E+01
    36    0.1051590512E+01
    37    0.1057520125E+01
    38    0.1052249331E+01
    39    0.1041571310E+01
    40    0.1043728243E+01
    41    0.1036100975E+01
    42    0.1023503237E+01
    43    0.1022629149E+01
    44    0.1013746044E+01
    45    0.1000945261E+01
    46    0.9990979035E+00
    47    0.9896297922E+00
    48    0.9781584017E+00
    49    0.9779248274E+00
    50    0.9683676297E+00
    51    0.9583845256E+00
    52    0.9627252559E+00
    53    0.9533703610E+00
    54    0.9436974400E+00
    55    0.9548686811E+00
    56    0.9457215867E+00
    57    0.9371341393E+00
    58    0.9529699425E+00
    59    0.9494912297E+00
    60    0.9387726110E+00
    61    0.9584124510E+00
    62    0.9585904743E+00
    63    0.9518192696E+00
    64    0.9719255597E+00
    65    0.9722220404E+00
    66    0.9734400103E+00
    67    0.9912512279E+00
    68    0.9917820532E+00
    69    0.9978823076E+00
    70    0.1014547176E+01
    71    0.1015021314E+01
    72    0.1021524631E+01
    73    0.1036811911E+01
    74    0.1037660741E+01
    75    0.1041451975E+01
    76    0.1053561974E+01
    77    0.1052174215E+01
    78    0.1055320798E+01
    79    0.1058699790E+01
    80    0.1056460133E+01
    81    0.1059916254E+01
    82    0.1051755387E+01
    83    0.1050251052E+01
    84    0.1053118101E+01
    85    0.1032844112E+01
    86    0.1034884517E+01
    87    0.1037271821E+01
    88    0.1008278882E+01
    89    0.1013102458E+01
    90    0.1015632156E+01
    91    0.9833164584E+00
    92    0.9890561962E+00
    93    0.9922995837E+00
    94    0.9630510479E+00
    95    0.9672804363E+00
    96    0.9710192183E+00
    97    0.9499865047E+00
    98    0.9518650710E+00
    99    0.9540984045E+00
   100    0.9441516722E+00
   101    0.9450274841E+00
   102    0.9451232685E+00
   103    0.9461463859E+00
   104    0.9475162255E+00
   105    0.9449535922E+00
   106    0.9531444796E+00
   107    0.9577540278E+00
   108    0.9574899136E+00
   109    0.9652500445E+00
   110    0.9751197069E+00
   111    0.9780069642E+00
   112    0.9832380204E+00
   113    0.9968469277E+00
   114    0.1003217033E+01
   115    0.1004630577E+01
   116    0.1021057014E+01
   117    0.1028429365E+01
   118    0.1025874649E+01
   119    0.1043558959E+01
   120    0.1048312180E+01
   121    0.1042145117E+01
   122    0.1059902705E+01
   123    0.1059647623E+01
   124    0.1049960319E+01
   125    0.1064503765E+01
   126    0.1060168792E+01
   127    0.1046627089E+01
   128    0.1057338763E+01
   129    0.1049428465E+01
   130    0.1033940202E+01
   131    0.1038818598E+01
   132    0.1029575723E+01
   133    0.1013751379E+01
   134    0.1015271252E+01
   135    0.1005414032E+01
   136    0.9916118039E+00
   137    0.9896651681E+00
   138    0.9826318687E+00
   139    0.9716835114E+00
   140    0.9663129274E+00
   141    0.9639345469E+00
   142    0.9566931496E+00
   143    0.9495533101E+00
   144    0.9504870663E+00
   145    0.9480371920E+00
   146    0.9445805984E+00
   147    0.9432055562E+00
   148    0.9477352304E+00
   149    0.9482720970E+00
   150    0.9469698719E+00
   151    0.9540325101E+00
   152    0.9599493552E+00
   153    0.9593401845E+00
   154    0.9670998677E+00
   155    0.9790656615E+00
   156    0.9796051074E+00
   157    0.9864874220E+00
   158    0.1002875726E+01
   159    0.1004419166E+01
   160    0.1010673568E+01
   161    0.1028708644E+01
   162    0.1029201051E+01
   163    0.1034870536E+01
   164    0.1051420267E+01
   165    0.1048281272E+01
   166    0.1054455566E+01
   167    0.1068191513E+01
   168    0.1057982772E+01
   169    0.1064085999E+01
   170    0.1075126160E+01
   171    0.1058206673E+01
   172    0.1063149062E+01
   173    0.1066321073E+01
   174    0.1047503935E+01
   175    0.1048045576E+01
   176    0.1046224172E+01
   177    0.1029066394E+01
   178    0.1024802911E+01
   179    0.1020950598E+01
   180    0.1009266219E+01
   181    0.1002399928E+01
   182    0.9967931919E+00
   183    0.9885474782E+00
   184    0.9819119695E+00
   185    0.9770671434E+00
   186    0.9732332372E+00
   187    0.9669545352E+00
   188    0.9622920929E+00
   189    0.9662017063E+00
   190    0.9635841381E+00
   191    0.9580567268E+00
   192    0.9647747591E+00
   193    0.9668321031E+00
   194    0.9590060112E+00
   195    0.9699520670E+00
   196    0.9807785385E+00
   197    0.9776898884E+00
   198    0.9884805959E+00
   199    0.9991631352E+00
   200    0.9983587129E+00
   201    0.1006834444E+01
   202    0.1018985832E+01
   203    0.1015963672E+01
   204    0.1024057961E+01
   205    0.1040656700E+01
   206    0.1038177427E+01
   207    0.1038932649E+01
   208    0.1047290925E+01
   209    0.1043335778E+01
   210    0.1042339075E+01
   211    0.1057196925E+01
   212    0.1057176705E+01
   213    0.1037570000E+01
   214    0.1030806569E+01
   215    0.1034817553E+01
   216    0.1030440589E+01
   217    0.1023985988E+01
   218    0.1021755520E+01
   219    0.1014307160E+01
   220    0.1004652456E+01
   221    0.1000815766E+01
   222    0.9959220225E+00
   223    0.9879950569E+00
   224    0.9815033345E+00
   225    0.9728137656E+00
   226    0.9653584620E+00
   227    0.9656706855E+00
   228    0.9615608999E+00
   229    0.9457981210E+00
   230    0.9466493736E+00
   231    0.9636879291E+00
   232    0.9687873860E+00
   233    0.9491813814E+00
   234    0.9317236432E+00
   235    0.9246184410E+00
   236    0.9307621553E+00
   237    0.9633922013E+00
   238    0.9952219807E+00
   239    0.9439814245E+00
   240    0.9010801635E+00
   241    0.9217973587E+00
   242    0.9489678065E+00
   243    0.9889627365E+00
   244    0.9968734399E+00
   245    0.9250479628E+00
   246    0.9135075723E+00
   247    0.9450845134E+00
   248    0.9646464429E+00
   249    0.9802726221E+00
   250    0.9945061231E+00
   251    0.9713333618E+00
   252    0.9392211777E+00
   253    0.9554522845E+00
   254    0.9797109419E+00
   255    0.9790749400E+00
   256    0.9794898556E+00
   257    0.9832120789E+00
   258    0.9854274024E+00
   259    0.9901418217E+00
   260    0.9905730468E+00
   261    0.9943747104E+00
   262    0.9977887394E+00
   263    0.9921927143E+00
   264    0.9949606809E+00
   265    0.1007034282E+01
   266    0.1004513027E+01
   267    0.1002740475E+01
   268    0.1004681908E+01
   269    0.1011458141E+01
   270    0.1015053859E+01
   271    0.1010690272E+01
   272    0.1004187991E+01
   273    0.1009796304E+01
   274    0.1015230434E+01
   275    0.1012744938E+01
   276    0.1012872936E+01
   277    0.1015909340E+01
   278    0.1013781055E+01
   279    0.1015665924E+01
   280    0.1018049449E+01
   281    0.1015715975E+01
   282    0.1017637112E+01
   283    0.1019803099E+01
   284    0.1016267742E+01
   285    0.1013967698E+01
   286    0.1015558555E+01
   287    0.1022848647E+01
   288    0.1020329429E+01
   289    0.1014251590E+01
   290    0.1015017692E+01
   291    0.1017011105E+01
   292    0.1016032078E+01
   293    0.1015391703E+01
   294    0.1015601638E+01
   295    0.1014303917E+01
   296    0.1013017449E+01
   297    0.1013851152E+01
   298    0.1013276130E+01
   299    0.1011752129E+01
   300    0.1011126720E+01
   301    0.1011447086E+01
   302    0.1010682434E+01
   303    0.1009604859E+01
   304    0.1009405548E+01
   305    0.1010050287E+01
   306    0.1010275841E+01
   307    0.1008550839E+01
   308    0.1007384609E+01
   309    0.1006997618E+01
   310    0.1007059206E+01
   311    0.1006861023E+01
   312    0.1006471703E+01
   313    0.1005897817E+01
   314    0.1005221250E+01
   315    0.1004876237E+01
   316    0.1004757227E+01
   317    0.1004541634E+01
   318    0.1004027342E+01
   319    0.1003743700E+01
   320    0.1003544440E+01
   321    0.1003214348E+01
   322    0.1002894942E+01
   323    0.1002814239E+01
   324    0.1002584894E+01
   325    0.1002284554E+01
   326    0.1002071845E+01
   327    0.1001931691E+01
   328    0.1001761658E+01
   329    0.1001589047E+01
   330    0.1001448442E+01
   331    0.1001309804E+01
   332    0.1001183046E+01
   333    0.1001073226E+01
   334    0.1000995493E+01
   335    0.1000906979E+01
   336    0.1000799327E+01
   337    0.1000697465E+01
   338    0.1000642849E+01
   339    0.1000577707E+01
   340    0.1000519778E+01
   341    0.1000468186E+01
   342    0.1000405650E+01
   343    0.1000359606E+01
   344    0.1000334203E+01
   345    0.1000297350E+01
   346    0.1000259401E+01
   347    0.1000229124E+01
   348    0.1000203878E+01
   349    0.1000186354E+01
   350    0.1000162399E+01
   351    0.1000138895E+01
   352    0.1000124555E+01
   353    0.1000108876E+01
   354    0.1000093196E+01
   355    0.1000084054E+01
   356    0.1000075741E+01
   357    0.1000063531E+01
   358    0.1000055965E+01
   359    0.1000049649E+01
   360    0.1000042757E+01
   361    0.1000037153E+01
   362    0.1000032029E+01
   363    0.1000027813E+01
   364    0.1000024199E+01
   365    0.1000021108E+01
   366    0.1000018368E+01
   367    0.1000015771E+01
   368    0.1000013690E+01
   369    0.1000011504E+01
   370    0.1000009632E+01
   371    0.1000008532E+01
   372    0.1000007339E+01
   373    0.1000006142E+01
   374    0.1000005487E+01
   375    0.1000004726E+01
   376    0.1000003957E+01
   377    0.1000003281E+01
   378    0.1000002794E+01
   379    0.1000002405E+01
   380    0.1000002040E+01
   381    0.1000001746E+01
   382    0.1000001469E+01
   383    0.1000001246E+01
   384    0.1000001022E+01
   385    0.1000000862E+01
   386    0.1000000739E+01
   387    0.1000000623E+01
   388    0.1000000523E+01
   389    0.1000000431E+01
   390    0.1000000365E+01
   391    0.1000000312E+01
   392    0.1000000261E+01
   393    0.1000000213E+01
   394    0.1000000176E+01
   395    0.1000000145E+01
   396    0.1000000121E+01
   397    0.1000000102E+01
   398    0.1000000086E+01
   399    0.1000000070E+01
   400    0.1000000057E+01
   401    0.1000000046E+01
   402    0.1000000039E+01
   403    0.1000000032E+01
   404    0.1000000027E+01
   405    0.1000000022E+01
   406    0.1000000018E+01
   407    0.1000000014E+01
   408    0.1000000012E+01
   409    0.1000000010E+01
   410    0.1000000008E+01
   411    0.1000000006E+01
   412    0.1000000005E+01
   413    0.1000000004E+01
   414    0.1000000003E+01
   415    0.1000000003E+01
   416    0.1000000002E+01
   417    0.1000000002E+01
   418    0.1000000002E+01
   419    0.1000000001E+01
   420    0.1000000001E+01
   421    0.1000000001E+01
   422    0.1000000001E+01
   423    0.1000000001E+01
   424    0.1000000000E+01
   425    0.1000000000E+01
   426    0.1000000000E+01
   427    0.1000000000E+01
   428    0.1000000000E+01
   429    0.1000000000E+01
   430    0.1000000000E+01
   431    0.1000000000E+01
   432    0.1000000000E+01
   433    0.1000000000E+01
   434    0.1000000000E+01
   435    0.1000000000E+01
   436    0.1000000000E+01
   437    0.1000000000E+01
   438    0.1000000000E+01
   439    0.1000000000E+01
   440    0.1000000000E+01
   441    0.1000000000E+01
   442    0.1000000000E+01
   443    0.1000000000E+01
   444    0.1000000000E+01
   445    0.1000000000E+01
   446    0.1000000000E+01
   447    0.1000000000E+01
   448    0.1000000000E+01
   449    0.1000000000E+01
   450    0.1000000000E+01
   451    0.1000000000E+01
   452    0.1000000000E+01
   453    0.1000000000E+01
   454    0.1000000000E+01
   455    0.1000000000E+01
   456    0.1000000000E+01
   457    0.1000000000E+01
   458    0.1000000000E+01
   459    0.1000000000E+01
   460    0.1000000000E+01
   461    0.1000000000E+01
   462    0.1000000000E+01
   463    0.1000000000E+01
   464    0.1000000000E+01
   465    0.1000000000E+01
   466    0.1000000000E+01
   467    0.1000000000E+01
   468    0.1000000000E+01
   469    0.1000000000E+01
   470    0.1000000000E+01
   471    0.1000000000E+01
   472    0.1000000000E+01
   473    0.1000000000E+01
   474    0.1000000000E+01
   475    0.1000000000E+01
   476    0.1000000000E+01
   477    0.1000000000E+01
   478    0.1000000000E+01
   479    0.1000000000E+01
   480    0.1000000000E+01
   481    0.1000000000E+01
   482    0.1000000000E+01
   483    0.1000000000E+01
   484    0.1000000000E+01
   485    0.1000000000E+01
   486    0.1000000000E+01
   487    0.1000000000E+01
   488    0.1000000000E+01
   489    0.1000000000E+01
   490    0.1000000000E+01
   491    0.1000000000E+01
   492    0.1000000000E+01
   493    0.1000000000E+01
   494    0.1000000000E+01
   495    0.1000000000E+01
   496    0.1000000000E+01
   497    0.1000000000E+01
   498    0.1000000000E+01
   499    0.1000000000E+01
   500    0.8359375000E+00
   501    0.1640625000E+00
   502    0.0000000000E+00
