    -1    0.0000000000E+00
     0    0.3687736188E-01
     1    0.4702119844E+00
     2    0.5324917842E+00
     3    0.4272664393E+00
     4    0.8827330724E+00
     5    0.4023075770E+00
     6    0.5510609904E+00
     7    0.2473416059E+00
     8    0.6014239354E+00
     9    0.7571066084E+00
    10    0.6186769259E+00
    11    0.3142181128E+00
    12    0.4733954052E+00
    13    0.2958625812E+00
    14    0.5236776071E+00
    15    0.5404813469E+00
    16    0.7283005268E+00
    17    0.7153320029E+00
    18    0.5654343371E+00
    19    0.7649693698E+00
    20    0.6005378892E+00
    21    0.2303562408E+00
    22    0.5705001995E+00
    23    0.6779861973E+00
    24    0.7278294026E+00
    25    0.8065882267E+00
    26    0.3969494451E+00
    27    0.1166314119E+01
    28    0.6557869271E+00
    29    0.8660571756E+00
    30    0.1044484691E+01
    31    0.1582933164E+01
    32    0.1393545343E+01
    33    0.1458284947E+01
    34    0.2061209678E+01
    35    0.2017532305E+01
    36    0.1780280267E+01
    37    0.1283924141E+01
    38    0.1090024988E+01
    39    0.1398941287E+01
    40    0.1217439070E+01
    41    0.8444873467E+00
    42    0.8587650172E+00
    43    0.7720593148E+00
    44    0.7772225167E+00
    45    0.9710925676E+00
    46    0.8670591650E+00
    47    0.1018158357E+01
    48    0.4703977554E+00
    49    0.6306993925E+00
    50    0.7303939346E+00
    51    0.2844206116E+00
    52    0.5326646243E+00
    53    0.5562772536E+00
    54    0.4882239045E+00
    55    0.3905240112E+00
    56    0.4708105394E+00
    57    0.4179756094E+00
    58    0.2892358108E+00
    59    0.3572494787E+00
    60    0.5031144718E+00
    61    0.6077806822E+00
    62    0.2652993262E+00
    63    0.1495299329E+00
    64    0.4249049680E+00
    65    0.4732457467E+00
    66    0.5908744528E+00
    67    0.5470702207E+00
    68    0.2961751677E+00
    69    0.2207033833E+00
    70    0.2728560899E+00
    71    0.4406537771E+00
    72    0.4640289490E+00
    73    0.2864661088E+00
    74    0.2503701336E+00
    75    0.5981558982E+00
    76    0.9493664846E+00
    77    0.3945128255E+00
    78    0.6785672735E+00
    79    0.6676108049E+00
    80    0.6383904882E+00
    81    0.1081000860E+00
    82    0.8845133983E+00
    83    0.1329857853E+01
    84    0.6067388405E+00
    85    0.6906045971E+00
    86    0.1465884465E+01
    87    0.1499754449E+01
    88    0.9568684074E+00
    89    0.1064737911E+01
    90    0.1106249088E+01
    91    0.1759078123E+01
    92    0.7136059938E+00
    93    0.9073853629E+00
    94    0.7077352590E+00
    95    0.1198442905E+01
    96    0.1192402168E+01
    97    0.1559259966E+01
    98    0.1731534899E+01
    99    0.1218175744E+01
   100    0.5713201158E+00
   101    0.1216547393E+01
   102    0.9592342786E+00
   103    0.9785476270E+00
   104    0.6839156516E+00
   105    0.8646776608E+00
   106    0.4923056933E+00
   107    0.6990228249E+00
   108    0.3964039902E+00
   109    0.4623706949E+00
   110    0.6232891971E+00
   111    0.5539104546E+00
   112    0.2972234597E+00
   113    0.4293990444E+00
   114    0.5603105742E+00
   115    0.4242694852E+00
   116    0.4352541910E+00
   117    0.3615404130E+00
   118    0.3387035592E+00
   119    0.4092154108E+00
   120    0.3428135735E+00
   121    0.4186907019E+00
   122    0.3658988768E+00
   123    0.2869614115E+00
   124    0.3082140146E+00
   125    0.3714002671E+00
   126    0.3730472703E+00
   127    0.3891569367E+00
   128    0.2770028068E+00
   129    0.2436090031E+00
   130    0.4216208367E+00
   131    0.5888287552E+00
   132    0.3643394453E+00
   133    0.2735009523E+00
   134    0.2414600829E+00
   135    0.2305862945E+00
   136    0.3764301387E+00
   137    0.1829873431E+00
   138    0.1708704332E+00
   139    0.2094728042E+00
   140    0.2879389580E+00
   141    0.4801446155E+00
   142    0.3488341380E+00
   143    0.1967602611E+00
   144    0.1120720689E+00
   145    0.3047327937E+00
   146    0.2613099780E+00
   147    0.2988807487E+00
   148    0.3209301749E+00
   149    0.2186959074E+00
   150    0.1743554198E+00
   151    0.3127870364E+00
   152    0.2931595595E+00
   153    0.3400117519E+00
   154    0.1760845895E+00
   155    0.1645843454E+00
   156    0.3719667671E+00
   157    0.4729222408E+00
   158    0.3742381111E+00
   159    0.6366774911E-01
   160    0.1348233655E+00
   161    0.4208092286E+00
   162    0.5839756908E+00
   163    0.2540538608E+00
   164    0.2661078952E+00
   165    0.2793431392E+00
   166    0.3613483684E+00
   167    0.4322649787E+00
   168    0.5464539819E+00
   169    0.5306738488E+00
   170    0.1914828737E+00
   171    0.4552621729E+00
   172    0.8645839966E+00
   173    0.7875350247E+00
   174    0.2640300005E+00
   175    0.1054276981E+01
   176    0.1261874708E+01
   177    0.1351491146E+01
   178    0.1372550774E+01
   179    0.1214786840E+01
   180    0.2758339399E+01
   181    0.2937390509E+01
   182    0.2064906471E+01
   183    0.1729870317E+01
   184    0.1751599708E+01
   185    0.1524438543E+01
   186    0.1053386811E+01
   187    0.7756611804E+00
   188    0.7238683536E+00
   189    0.7053908573E+00
   190    0.7717617204E+00
   191    0.5462124495E+00
   192    0.5582051486E+00
   193    0.5772418146E+00
   194    0.6065536763E+00
   195    0.5280790461E+00
   196    0.5006469960E+00
   197    0.4610895324E+00
   198    0.4557517450E+00
   199    0.4939083803E+00
   200    0.4227145657E+00
   201    0.3888405951E+00
   202    0.4291716326E+00
   203    0.3984867025E+00
   204    0.4535476388E+00
   205    0.4179883716E+00
   206    0.3595603167E+00
   207    0.4799517712E+00
   208    0.4168876734E+00
   209    0.4550132409E+00
   210    0.4720107879E+00
   211    0.3635216596E+00
   212    0.5243422726E+00
   213    0.4662234662E+00
   214    0.4545082300E+00
   215    0.5260667384E+00
   216    0.4152531481E+00
   217    0.5625370276E+00
   218    0.6255996655E+00
   219    0.6011630774E+00
   220    0.5917206564E+00
   221    0.7195188317E+00
   222    0.9123898320E+00
   223    0.1516770678E+01
   224    0.2030795222E+01
   225    0.1638376241E+01
   226    0.1175774975E+01
   227    0.1226167956E+01
   228    0.1707578313E+01
   229    0.1500579292E+01
   230    0.1014040695E+01
   231    0.9340044486E+00
   232    0.9461252830E+00
   233    0.1012274860E+01
   234    0.1058912160E+01
   235    0.9090039630E+00
   236    0.8213062524E+00
   237    0.9135933602E+00
   238    0.1055369966E+01
   239    0.1021037344E+01
   240    0.9182899440E+00
   241    0.9233097685E+00
   242    0.1165936859E+01
   243    0.1187506561E+01
   244    0.9744677371E+00
   245    0.9254074217E+00
   246    0.1004204677E+01
   247    0.1025914082E+01
   248    0.9707737299E+00
   249    0.1006715856E+01
   250    0.1049073707E+01
   251    0.9583198208E+00
   252    0.9153785047E+00
   253    0.9445395118E+00
   254    0.1009217807E+01
   255    0.1003584296E+01
   256    0.9822268963E+00
   257    0.1038719561E+01
   258    0.1088720791E+01
   259    0.1095260497E+01
   260    0.1057034672E+01
   261    0.1019823173E+01
   262    0.1007306155E+01
   263    0.1021090979E+01
   264    0.1013157927E+01
   265    0.9992544576E+00
   266    0.1009983189E+01
   267    0.1023180982E+01
   268    0.1010207064E+01
   269    0.9997495897E+00
   270    0.1007786187E+01
   271    0.1016274859E+01
   272    0.1002181846E+01
   273    0.1000642253E+01
   274    0.1024946171E+01
   275    0.1017143308E+01
   276    0.1002541681E+01
   277    0.1002765879E+01
   278    0.1006121686E+01
   279    0.1007570548E+01
   280    0.1007352223E+01
   281    0.1006317130E+01
   282    0.1004692548E+01
   283    0.1003785495E+01
   284    0.1004373225E+01
   285    0.1004926874E+01
   286    0.1004185512E+01
   287    0.1003534888E+01
   288    0.1003511024E+01
   289    0.1003358462E+01
   290    0.1002626050E+01
   291    0.1002840683E+01
   292    0.1002911398E+01
   293    0.1002424534E+01
   294    0.1001891684E+01
   295    0.1001906139E+01
   296    0.1001835166E+01
   297    0.1001549586E+01
   298    0.1001458729E+01
   299    0.1001326027E+01
   300    0.1001134753E+01
   301    0.1001027766E+01
   302    0.1001044242E+01
   303    0.1000987879E+01
   304    0.1000855705E+01
   305    0.1000662943E+01
   306    0.1000611271E+01
   307    0.1000600186E+01
   308    0.1000529138E+01
   309    0.1000489848E+01
   310    0.1000406812E+01
   311    0.1000334252E+01
   312    0.1000337463E+01
   313    0.1000325820E+01
   314    0.1000270992E+01
   315    0.1000231751E+01
   316    0.1000202638E+01
   317    0.1000204245E+01
   318    0.1000182970E+01
   319    0.1000139296E+01
   320    0.1000125921E+01
   321    0.1000114516E+01
   322    0.1000091363E+01
   323    0.1000081465E+01
   324    0.1000084935E+01
   325    0.1000066138E+01
   326    0.1000054521E+01
   327    0.1000053471E+01
   328    0.1000045090E+01
   329    0.1000038519E+01
   330    0.1000032793E+01
   331    0.1000028115E+01
   332    0.1000024993E+01
   333    0.1000021738E+01
   334    0.1000019826E+01
   335    0.1000016815E+01
   336    0.1000014972E+01
   337    0.1000011966E+01
   338    0.1000009059E+01
   339    0.1000008413E+01
   340    0.1000007769E+01
   341    0.1000006034E+01
   342    0.1000005685E+01
   343    0.1000005445E+01
   344    0.1000004428E+01
   345    0.1000003394E+01
   346    0.1000002690E+01
   347    0.1000002525E+01
   348    0.1000002140E+01
   349    0.1000001861E+01
   350    0.1000001580E+01
   351    0.1000001348E+01
   352    0.1000001030E+01
   353    0.1000000844E+01
   354    0.1000000765E+01
   355    0.1000000652E+01
   356    0.1000000565E+01
   357    0.1000000440E+01
   358    0.1000000376E+01
   359    0.1000000342E+01
   360    0.1000000293E+01
   361    0.1000000229E+01
   362    0.1000000183E+01
   363    0.1000000146E+01
   364    0.1000000119E+01
   365    0.1000000105E+01
   366    0.1000000094E+01
   367    0.1000000078E+01
   368    0.1000000059E+01
   369    0.1000000045E+01
   370    0.1000000039E+01
   371    0.1000000034E+01
   372    0.1000000030E+01
   373    0.1000000024E+01
   374    0.1000000018E+01
   375    0.1000000015E+01
   376    0.1000000012E+01
   377    0.1000000010E+01
   378    0.1000000008E+01
   379    0.1000000007E+01
   380    0.1000000006E+01
   381    0.1000000004E+01
   382    0.1000000004E+01
   383    0.1000000003E+01
   384    0.1000000002E+01
   385    0.1000000002E+01
   386    0.1000000002E+01
   387    0.1000000001E+01
   388    0.1000000001E+01
   389    0.1000000001E+01
   390    0.1000000001E+01
   391    0.1000000001E+01
   392    0.1000000000E+01
   393    0.1000000000E+01
   394    0.1000000000E+01
   395    0.1000000000E+01
   396    0.1000000000E+01
   397    0.1000000000E+01
   398    0.1000000000E+01
   399    0.1000000000E+01
   400    0.1000000000E+01
   401    0.1000000000E+01
   402    0.1000000000E+01
   403    0.1000000000E+01
   404    0.1000000000E+01
   405    0.1000000000E+01
   406    0.1000000000E+01
   407    0.1000000000E+01
   408    0.1000000000E+01
   409    0.1000000000E+01
   410    0.1000000000E+01
   411    0.1000000000E+01
   412    0.1000000000E+01
   413    0.1000000000E+01
   414    0.1000000000E+01
   415    0.1000000000E+01
   416    0.1000000000E+01
   417    0.1000000000E+01
   418    0.1000000000E+01
   419    0.1000000000E+01
   420    0.1000000000E+01
   421    0.1000000000E+01
   422    0.1000000000E+01
   423    0.1000000000E+01
   424    0.1000000000E+01
   425    0.1000000000E+01
   426    0.1000000000E+01
   427    0.1000000000E+01
   428    0.1000000000E+01
   429    0.1000000000E+01
   430    0.1000000000E+01
   431    0.1000000000E+01
   432    0.1000000000E+01
   433    0.1000000000E+01
   434    0.1000000000E+01
   435    0.1000000000E+01
   436    0.1000000000E+01
   437    0.1000000000E+01
   438    0.1000000000E+01
   439    0.1000000000E+01
   440    0.1000000000E+01
   441    0.1000000000E+01
   442    0.1000000000E+01
   443    0.1000000000E+01
   444    0.1000000000E+01
   445    0.1000000000E+01
   446    0.1000000000E+01
   447    0.1000000000E+01
   448    0.1000000000E+01
   449    0.1000000000E+01
   450    0.1000000000E+01
   451    0.1000000000E+01
   452    0.1000000000E+01
   453    0.1000000000E+01
   454    0.1000000000E+01
   455    0.1000000000E+01
   456    0.1000000000E+01
   457    0.1000000000E+01
   458    0.1000000000E+01
   459    0.1000000000E+01
   460    0.1000000000E+01
   461    0.1000000000E+01
   462    0.1000000000E+01
   463    0.1000000000E+01
   464    0.1000000000E+01
   465    0.1000000000E+01
   466    0.1000000000E+01
   467    0.1000000000E+01
   468    0.1000000000E+01
   469    0.1000000000E+01
   470    0.1000000000E+01
   471    0.1000000000E+01
   472    0.1000000000E+01
   473    0.1000000000E+01
   474    0.1000000000E+01
   475    0.1000000000E+01
   476    0.1000000000E+01
   477    0.1000000000E+01
   478    0.1000000000E+01
   479    0.1000000000E+01
   480    0.1000000000E+01
   481    0.1000000000E+01
   482    0.1000000000E+01
   483    0.1000000000E+01
   484    0.1000000000E+01
   485    0.1000000000E+01
   486    0.1000000000E+01
   487    0.1000000000E+01
   488    0.1000000000E+01
   489    0.1000000000E+01
   490    0.1000000000E+01
   491    0.1000000000E+01
   492    0.1000000000E+01
   493    0.1000000000E+01
   494    0.1000000000E+01
   495    0.1000000000E+01
   496    0.1000000000E+01
   497    0.1000000000E+01
   498    0.1000000000E+01
   499    0.1000000000E+01
   500    0.8359375000E+00
   501    0.1640625000E+00
   502    0.0000000000E+00
