    -1    0.0000000000E+00
     0   -0.6243903227E+01
     1    0.5694531952E+00
     2    0.1318704028E+01
     3   -0.1332189444E+01
     4    0.3032078817E+00
     5   -0.1241209552E+01
     6    0.2575694354E+01
     7   -0.1587859920E+01
     8   -0.1604106726E+01
     9    0.3260291333E+00
    10    0.2637827872E+01
    11   -0.3421846502E+01
    12    0.1483143333E+01
    13   -0.1189333873E+01
    14    0.1558399611E+00
    15    0.8008443791E+00
    16   -0.3734163138E+01
    17    0.2638706431E+01
    18   -0.6301809474E-01
    19   -0.2513188072E+01
    20    0.1176113134E+01
    21   -0.1429507746E+00
    22   -0.7108565672E+00
    23    0.4416658169E+00
    24   -0.4034658952E+00
    25    0.1937323267E+01
    26   -0.3419885161E+01
    27    0.4267406179E+01
    28   -0.2362096180E+01
    29    0.1240551781E+01
    30    0.1267571366E+01
    31   -0.1466567639E+01
    32    0.2286381999E+00
    33    0.2939021504E+01
    34   -0.2218830363E+01
    35    0.6537885756E+00
    36    0.2435048044E+00
    37    0.1795103029E+01
    38   -0.3231502574E+01
    39    0.3917933563E+01
    40   -0.2526134479E+01
    41    0.9048019973E+00
    42    0.4183966009E+00
    43   -0.1043301536E+00
    44    0.9309334087E+00
    45   -0.3988922196E+01
    46    0.5281829336E+01
    47   -0.3086457183E+01
    48    0.1325250147E+01
    49   -0.3620061470E+00
    50   -0.2716344982E+01
    51    0.3497591968E+01
    52    0.5688706099E+00
    53   -0.3766291060E+01
    54    0.1519554468E+01
    55    0.1050352029E+01
    56   -0.2988700052E+01
    57    0.1061594171E+01
    58    0.2008056312E+01
    59   -0.2263451927E+01
    60   -0.2513555670E+01
    61    0.2852444894E+01
    62    0.3854568411E+00
    63   -0.3178048182E+01
    64    0.1109893828E+01
    65   -0.2005855512E+00
    66   -0.5720963076E+00
    67    0.1599780175E+01
    68   -0.2659062459E+01
    69   -0.7078939343E+00
    70    0.4468000482E+01
    71   -0.5605725949E+01
    72    0.5549157678E+01
    73   -0.3376026899E+01
    74    0.2217963197E+01
    75   -0.8707830231E+00
    76    0.2054398611E+01
    77   -0.1053229973E+01
    78   -0.1057010094E+00
    79    0.1324751292E+01
    80    0.5723121093E+00
    81   -0.1420760470E+01
    82    0.1355154630E+01
    83    0.7977915756E+00
    84   -0.6015999740E+00
    85   -0.1506875472E+01
    86    0.3049287678E+01
    87   -0.1651334154E+01
    88    0.6591240566E+00
    89    0.5339785065E+00
    90   -0.2625811127E+01
    91    0.2715817101E+01
    92   -0.1069421560E+01
    93    0.2192283078E+01
    94   -0.2664571429E+01
    95   -0.2110483993E+01
    96    0.4700812384E+01
    97   -0.9538832550E+00
    98   -0.1851931246E+01
    99   -0.1652710889E+01
   100    0.4319143194E+01
   101   -0.1929179419E+01
   102   -0.3574983468E+01
   103    0.3565866025E+01
   104    0.3717556787E+00
   105   -0.3419826859E+01
   106    0.1258122660E+01
   107    0.1063155886E+00
   108   -0.1253390604E+01
   109    0.4583584066E+00
   110   -0.1067283916E+01
   111    0.6827344694E+00
   112   -0.1239083201E+01
   113    0.7016546915E+00
   114   -0.1429974036E+01
   115    0.1178959588E+01
   116    0.5260582609E+00
   117   -0.1563515522E+01
   118    0.3961253656E+01
   119   -0.5013228289E+01
   120    0.5608582907E+01
   121   -0.3749288406E+01
   122    0.2134375587E+01
   123    0.1171877579E+01
   124   -0.1300285092E+01
   125   -0.5118264131E+00
   126    0.2378867149E+01
   127    0.1635516797E+00
   128   -0.6905060850E+00
   129   -0.1858621812E+01
   130    0.4572091286E+01
   131   -0.3058750571E+01
   132    0.1482412030E+01
   133   -0.2222011965E+01
   134    0.3770022152E+01
   135   -0.2455165076E+01
   136    0.1172426486E+01
   137   -0.1836500100E+01
   138    0.1520786855E+01
   139   -0.6325071681E-01
   140    0.1235677868E+01
   141   -0.3544246253E+01
   142    0.8325149972E+00
   143    0.2998079133E+01
   144   -0.7333831614E+00
   145   -0.6320436382E+01
   146    0.6537738606E+01
   147    0.9110719085E+00
   148   -0.7268324047E+01
   149    0.3737734166E+01
   150    0.3510267176E+01
   151   -0.8164596307E+01
   152    0.4392554819E+01
   153    0.1750347093E+01
   154   -0.7094834203E+01
   155    0.7631806765E+01
   156   -0.7321056852E+01
   157    0.4409143790E+01
   158   -0.2817723871E+01
   159    0.1890613242E+01
   160   -0.1849481621E+01
   161    0.2004096570E+01
   162   -0.1820237022E+01
   163    0.2310329864E+01
   164   -0.8734285695E+00
   165   -0.7517985244E+00
   166    0.2811122945E+01
   167   -0.2495022138E+01
   168    0.3337671484E+01
   169   -0.1473511821E+01
   170   -0.6092301868E+00
   171    0.2211654416E+01
   172    0.4870484955E-02
   173   -0.1950669914E+01
   174    0.2381782408E+01
   175    0.4619510863E+00
   176   -0.2329198110E+01
   177    0.1467410042E+01
   178    0.4981504554E+00
   179    0.7147710194E+00
   180   -0.3040168295E+01
   181    0.2964968544E+01
   182   -0.4275811310E+00
   183   -0.1067059478E+01
   184   -0.4070017707E+00
   185    0.1805983469E+01
   186   -0.3525055105E+00
   187   -0.2821918220E+01
   188    0.2965558264E+01
   189   -0.1318959178E+01
   190   -0.3536875804E+00
   191   -0.4511256693E+00
   192    0.5368659273E+00
   193   -0.1010724731E+00
   194   -0.1104122445E+01
   195    0.8623482060E+00
   196   -0.8004853172E+00
   197   -0.2728724655E+00
   198    0.1200158047E+01
   199   -0.2882146303E+01
   200    0.1743275238E+01
   201   -0.5383098073E+00
   202   -0.3098636434E+00
   203    0.1708314239E+01
   204   -0.2200493101E+01
   205    0.4607697832E+00
   206    0.1120077707E+00
   207    0.2745786813E-01
   208    0.1300554207E+00
   209   -0.7961217123E+00
   210    0.1500820518E+01
   211   -0.1081161101E+00
   212   -0.7834620915E-01
   213    0.3642342127E-01
   214    0.4060121597E+00
   215    0.5685925485E+00
   216   -0.4112731294E+00
   217    0.2313748241E+00
   218    0.6207591384E+00
   219   -0.2084659388E+00
   220    0.2500233960E+00
   221    0.6743316766E-01
   222   -0.5171137044E+00
   223    0.2033722351E+00
   224    0.9968239914E+00
   225   -0.3952556549E+00
   226   -0.1639638825E+00
   227    0.2203049454E+00
   228    0.5953030422E+00
   229   -0.8980775025E+00
   230    0.1209376141E+01
   231    0.2684183379E+00
   232   -0.1974204597E+01
   233    0.1590495827E+00
   234    0.4570003822E+00
   235   -0.1098482564E+00
   236    0.5436679079E+00
   237    0.2410556103E-01
   238   -0.2231769600E+01
   239    0.7785682849E+00
   240    0.1260438759E+00
   241   -0.4670346390E+00
   242    0.1650268507E+01
   243   -0.2541392601E+00
   244   -0.1638550555E+01
   245    0.2900461297E+00
   246    0.6598045698E+00
   247   -0.1466605920E+00
   248   -0.1761016148E+00
   249    0.1313924998E+00
   250    0.4981002994E-01
   251   -0.1463249240E+00
   252   -0.1392638769E+00
   253    0.2725662925E+00
   254    0.5751845258E-01
   255   -0.2511815942E+00
   256   -0.3558167591E+00
   257    0.4585534169E+00
   258    0.1703329901E+00
   259   -0.4775546317E+00
   260   -0.1370824874E+00
   261    0.4665379173E+00
   262   -0.2654683163E-01
   263   -0.1723507216E+00
   264   -0.9466102877E-02
   265    0.3266998189E-01
   266    0.1940801020E-02
   267    0.5259041894E-02
   268   -0.1643336773E-01
   269   -0.2219788616E-01
   270    0.1474059749E-01
   271    0.1057555940E-01
   272   -0.9590917960E-02
   273   -0.3439805932E-01
   274    0.1975772023E-02
   275    0.1341632021E+00
   276   -0.1092830038E+00
   277   -0.2553290601E+00
   278    0.2887197248E+00
   279    0.6824729218E-01
   280   -0.9378233402E-01
   281   -0.1443223074E-01
   282    0.2872727032E-01
   283   -0.1084529153E-01
   284    0.1254799421E-02
   285    0.3062088259E-01
   286   -0.3874199410E-02
   287   -0.1636699249E-01
   288    0.1368730359E-01
   289    0.1731129464E-01
   290    0.8618982440E-03
   291   -0.8003754562E-02
   292    0.8298143795E-02
   293    0.1749847643E-01
   294   -0.1409114738E-01
   295   -0.5548632177E-01
   296    0.5705469767E-01
   297    0.2302641517E-01
   298   -0.4329336493E-03
   299   -0.5477630165E-02
   300   -0.3076685792E-02
   301    0.2788227103E-02
   302    0.4028423196E-02
   303    0.6880687290E-02
   304    0.4395223548E-02
   305   -0.4958326993E-03
   306   -0.6184262118E-03
   307    0.3685988791E-02
   308    0.3862550157E-02
   309    0.4811217161E-03
   310    0.1716920354E-02
   311    0.3524041968E-02
   312    0.5616622980E-03
   313   -0.9176385722E-04
   314    0.2862697540E-02
   315    0.2563101224E-02
   316    0.5618762699E-03
   317    0.8938379532E-03
   318    0.1622893598E-02
   319    0.9350400401E-03
   320    0.8993020894E-03
   321    0.1169221734E-02
   322    0.7837053069E-03
   323    0.4156256160E-03
   324    0.5152478410E-03
   325    0.7428970651E-03
   326    0.9615478272E-03
   327    0.5764431008E-03
   328    0.2630058717E-03
   329    0.4456668461E-03
   330    0.3481121920E-03
   331    0.4836856673E-03
   332    0.4592484182E-03
   333    0.1387882449E-03
   334    0.1677267245E-03
   335    0.3146814977E-03
   336    0.2534304198E-03
   337    0.2151049678E-03
   338    0.9803888996E-04
   339    0.1207866621E-03
   340    0.2352968109E-03
   341    0.1306882416E-03
   342    0.8304518468E-04
   343    0.1371658334E-03
   344    0.9036188535E-04
   345    0.2422502009E-04
   346    0.8596718521E-04
   347    0.9013035242E-04
   348    0.2992365877E-04
   349    0.4745886530E-04
   350    0.4967714493E-04
   351    0.3833775071E-04
   352    0.3313621446E-04
   353    0.2684638457E-04
   354    0.2257704146E-04
   355    0.1924106815E-04
   356    0.1928644363E-04
   357    0.1585673088E-04
   358    0.1635818849E-04
   359    0.1770762807E-04
   360    0.9038852001E-05
   361    0.5795565690E-05
   362    0.1043538634E-04
   363    0.5613276282E-05
   364    0.3202719763E-05
   365    0.6219138190E-05
   366    0.5970608187E-05
   367    0.4618291762E-05
   368    0.2426416744E-05
   369    0.2589507449E-05
   370    0.2371551271E-05
   371    0.1904897279E-05
   372    0.1793819858E-05
   373    0.1743288961E-05
   374    0.1502930625E-05
   375    0.8080396591E-06
   376    0.7897177960E-06
   377    0.7621144268E-06
   378    0.7243574430E-06
   379    0.5836428884E-06
   380    0.3331525997E-06
   381    0.3356666382E-06
   382    0.4104427525E-06
   383    0.3189892213E-06
   384    0.2396686341E-06
   385    0.2111062627E-06
   386    0.1299662022E-06
   387    0.1048334974E-06
   388    0.1121701465E-06
   389    0.1146348054E-06
   390    0.9146616176E-07
   391    0.6107817652E-07
   392    0.4062102854E-07
   393    0.3610717958E-07
   394    0.3948740468E-07
   395    0.3859864256E-07
   396    0.2556930179E-07
   397    0.1797071636E-07
   398    0.1845615805E-07
   399    0.1252733667E-07
   400    0.9974937099E-08
   401    0.1082614706E-07
   402    0.7745235731E-08
   403    0.5802672343E-08
   404    0.5177758444E-08
   405    0.4269008036E-08
   406    0.2477479111E-08
   407    0.2888476819E-08
   408    0.3533465159E-08
   409    0.1738164501E-08
   410    0.9417098212E-09
   411    0.1279227391E-08
   412    0.9431049275E-09
   413    0.8051859179E-09
   414    0.6499308036E-09
   415    0.4528368791E-09
   416    0.4671103504E-09
   417    0.3022351536E-09
   418    0.2515342934E-09
   419    0.2623127549E-09
   420    0.1632394220E-09
   421    0.1035986852E-09
   422    0.1121918114E-09
   423    0.1011091211E-09
   424    0.6490893933E-10
   425    0.4686473432E-10
   426    0.4445799284E-10
   427    0.3469671772E-10
   428    0.3090994127E-10
   429    0.2140820854E-10
   430    0.1279309991E-10
   431    0.1493472013E-10
   432    0.1151212459E-10
   433    0.7939870983E-11
   434    0.6664224728E-11
   435    0.4793693220E-11
   436    0.4003242182E-11
   437    0.3285594019E-11
   438    0.2085748241E-11
   439    0.1899591595E-11
   440    0.1776995218E-11
   441    0.1206368339E-11
   442    0.7862599460E-12
   443    0.5884182031E-12
   444    0.5360156763E-12
   445    0.4619638005E-12
   446    0.3619327060E-12
   447    0.2411404409E-12
   448    0.1845745778E-12
   449    0.1478817069E-12
   450    0.1112443471E-12
   451    0.8404388296E-13
   452    0.6958322807E-13
   453    0.5506706202E-13
   454    0.4649058916E-13
   455    0.2783884234E-13
   456    0.1953992523E-13
   457    0.1998401444E-13
   458    0.1304512054E-13
   459    0.9547918012E-14
   460    0.9547918012E-14
   461    0.5856426455E-14
   462    0.4440892099E-14
   463    0.2886579864E-14
   464    0.3164135620E-14
   465    0.1554312234E-14
   466    0.1554312234E-14
   467    0.1665334537E-14
   468    0.9992007222E-15
   469    0.1332267630E-14
   470    0.0000000000E+00
   471   -0.1110223025E-15
   472    0.2220446049E-15
   473    0.8881784197E-15
   474    0.2220446049E-15
   475    0.4440892099E-15
   476    0.0000000000E+00
   477   -0.8881784197E-15
   478    0.0000000000E+00
   479    0.2220446049E-15
   480    0.0000000000E+00
   481    0.0000000000E+00
   482    0.0000000000E+00
   483    0.2220446049E-15
   484    0.0000000000E+00
   485    0.2220446049E-15
   486   -0.6661338148E-15
   487    0.0000000000E+00
   488    0.2220446049E-15
   489    0.0000000000E+00
   490    0.2220446049E-15
   491    0.2220446049E-15
   492    0.0000000000E+00
   493    0.0000000000E+00
   494    0.2220446049E-15
   495    0.2220446049E-15
   496    0.1110223025E-15
   497    0.1110223025E-15
   498    0.3330669074E-15
   499   -0.2220446049E-15
   500    0.3571428571E+01
   501    0.3571428571E+01
   502    0.0000000000E+00
