    -1    0.0000000000E+00
     0   -0.2274934083E+01
     1   -0.3714857638E+01
     2   -0.5319460322E+01
     3    0.5591660613E+01
     4   -0.4590681960E+01
     5    0.1748587116E+01
     6    0.2019094331E+01
     7   -0.7367520869E+00
     8    0.1175207238E+01
     9   -0.4081210845E+00
    10    0.1076481718E+01
    11    0.2924841184E+01
    12   -0.2220254513E+01
    13   -0.2757310599E+01
    14   -0.4094875740E+01
    15    0.4968639138E+01
    16    0.1788143787E+01
    17   -0.5915468194E+00
    18   -0.1276913120E-01
    19   -0.2032861216E+01
    20   -0.2186448048E+01
    21    0.3656783976E+01
    22    0.2270712812E+01
    23   -0.5759619679E+01
    24    0.1870107574E+01
    25    0.3818304138E+01
    26   -0.4947651312E+01
    27    0.7032031413E+00
    28    0.8936070008E+00
    29    0.1144629489E+01
    30   -0.6395870434E+01
    31    0.7474273502E+01
    32   -0.6231261393E+00
    33    0.7744368747E+00
    34   -0.3931020570E+01
    35   -0.2057543486E+00
    36    0.3092244292E+01
    37   -0.1282857411E+01
    38   -0.4333822362E+01
    39    0.2239188367E+01
    40    0.2538949104E+01
    41   -0.2646712024E+01
    42    0.2273051813E+01
    43    0.1067018960E+01
    44    0.4389020484E+00
    45   -0.2089237954E+01
    46   -0.2341091681E+00
    47    0.1117698497E+00
    48    0.2197476062E+01
    49    0.3215854762E+01
    50   -0.4599831735E+01
    51   -0.1544732042E+01
    52    0.2515218770E+01
    53    0.1632312636E+01
    54   -0.4483227512E+00
    55   -0.2403492468E+01
    56    0.1932922153E+01
    57    0.1414768516E+01
    58   -0.1669873180E+01
    59    0.6799981875E+00
    60   -0.7900700113E+00
    61   -0.2279941039E+00
    62    0.2024557109E+01
    63   -0.3250957126E+01
    64    0.3779143136E+00
    65    0.3085342239E+01
    66   -0.3425613791E+01
    67   -0.2831257688E+01
    68    0.1993341546E+01
    69    0.4201792830E+01
    70    0.2108487526E+00
    71   -0.1028291416E+01
    72   -0.1030529763E+01
    73   -0.2681768597E+01
    74    0.6127865647E+00
    75   -0.3979920897E+00
    76    0.9289619471E+00
    77    0.3015702686E+01
    78   -0.4913723430E+01
    79   -0.7270876094E+00
    80    0.3657922157E+01
    81   -0.6672454914E+01
    82    0.3758400809E+01
    83    0.1559125453E+01
    84    0.1655043065E+01
    85   -0.5064561387E+01
    86    0.3904861145E+01
    87   -0.3288505068E+01
    88    0.5296838360E+01
    89   -0.2494037559E+01
    90   -0.6745667747E-01
    91    0.2971212040E+00
    92    0.3685139764E+01
    93   -0.2866701305E+01
    94    0.1644559207E+01
    95   -0.5388110931E+00
    96    0.7301155511E-01
    97   -0.2762343711E+01
    98    0.2898012413E+01
    99    0.1720592344E+01
   100   -0.1963481930E+00
   101   -0.1206691833E+01
   102   -0.2762545867E+01
   103    0.5629519731E+01
   104   -0.4348401555E+01
   105    0.8984456259E+00
   106    0.7474112989E+00
   107   -0.1119634001E+01
   108   -0.2169593588E+01
   109    0.5708111695E+01
   110   -0.4524690894E+01
   111   -0.8095595504E-01
   112    0.2484654599E+01
   113   -0.6498450925E+00
   114   -0.2061035434E+01
   115   -0.5596632043E+00
   116    0.1630404214E+01
   117   -0.1325123989E+01
   118    0.5128244109E+01
   119    0.8664953488E+00
   120   -0.1189789661E+02
   121    0.5683898018E+01
   122    0.1066816241E+01
   123    0.2888520656E+01
   124   -0.4704774417E+01
   125   -0.6195518714E+00
   126    0.5434959356E+00
   127    0.1518729917E+01
   128    0.8525710914E+00
   129   -0.7410302529E+00
   130   -0.1068012329E+01
   131   -0.1259003840E+00
   132   -0.3923054768E+00
   133   -0.1544793618E+01
   134    0.3296308949E+01
   135   -0.3808787934E+01
   136    0.2138353405E+01
   137    0.1192642902E+01
   138    0.2362749102E+01
   139   -0.3739337657E+01
   140   -0.3488546049E+00
   141    0.9908991731E+00
   142   -0.2309178859E+01
   143    0.4328089902E+01
   144   -0.5641585251E+00
   145   -0.1882725550E+01
   146    0.4140876675E+00
   147    0.1893481865E+01
   148   -0.4484852413E+00
   149   -0.1251221720E+01
   150   -0.2011935983E+00
   151    0.2226730500E+01
   152   -0.1070431053E+01
   153    0.2697389926E+01
   154   -0.9263033078E-01
   155   -0.3793299990E+01
   156    0.3580175277E+01
   157    0.5228037240E+00
   158   -0.7285821686E+00
   159   -0.1894096172E+00
   160   -0.2167052803E+00
   161    0.1028779834E+01
   162   -0.2139654527E+01
   163    0.3449394488E+01
   164   -0.7853404935E+00
   165   -0.2516282631E+01
   166    0.2987264982E+01
   167   -0.8930335624E+00
   168   -0.1886713974E+01
   169    0.5705706234E+00
   170    0.7926946444E+00
   171   -0.6300586871E+00
   172   -0.1928378072E+01
   173    0.4243524238E+01
   174   -0.2092776489E+01
   175   -0.1227259352E+01
   176   -0.2550699267E+01
   177    0.2452813416E+01
   178    0.3032617223E+01
   179   -0.7394326324E+01
   180    0.1275921159E+01
   181    0.3375288550E+01
   182   -0.1823090250E+01
   183    0.1865134818E+01
   184   -0.2988520024E+01
   185    0.2176897582E+01
   186   -0.1527460997E+01
   187   -0.5039837828E+01
   188    0.1647181428E+00
   189    0.1734693803E+01
   190   -0.2055806984E+00
   191    0.1887312918E+01
   192   -0.1081540105E+01
   193   -0.1127639999E+00
   194    0.2366932901E+01
   195    0.1930179706E+01
   196   -0.4090472389E+01
   197    0.6772620034E+00
   198    0.7623587627E+00
   199    0.1776249738E+01
   200   -0.3679731263E+00
   201   -0.4951169951E-01
   202    0.1904452866E+01
   203    0.4170110005E+00
   204   -0.2315193384E+00
   205    0.1170541687E+01
   206   -0.2373995939E+00
   207   -0.9913261111E+00
   208    0.6568437533E+00
   209    0.6287248792E+00
   210   -0.1229048156E+01
   211    0.1147001913E+01
   212    0.4029982044E+00
   213   -0.1125680447E+01
   214    0.4164849237E+00
   215    0.1102371517E+01
   216   -0.1478733838E+01
   217    0.7731675835E+00
   218    0.4811275484E+00
   219   -0.1667650735E+01
   220   -0.2752659908E+00
   221    0.1982448837E+01
   222   -0.8846600661E+00
   223   -0.8207286664E+00
   224   -0.4729112837E+00
   225    0.2399845466E+00
   226   -0.1032768151E+01
   227    0.5782070126E+00
   228    0.3772258783E+00
   229   -0.2877960035E+00
   230   -0.2095150863E+01
   231   -0.4630859718E+01
   232   -0.1691988074E+00
   233    0.4985543073E+01
   234    0.1278599919E+01
   235    0.7093495032E+00
   236   -0.2247582459E+01
   237   -0.8655854472E+00
   238    0.1755264616E+01
   239    0.1975255746E+01
   240   -0.1190148439E+01
   241   -0.1722240017E+01
   242    0.2407149876E+00
   243    0.1466304016E+01
   244    0.4447494617E+00
   245   -0.1480342975E+01
   246   -0.6669799069E+00
   247    0.6740970633E+00
   248    0.6981716612E+00
   249   -0.2579920805E+00
   250   -0.2501934749E+00
   251    0.2128322334E+00
   252   -0.8302662027E-01
   253   -0.2622811968E+00
   254    0.3319314376E+00
   255    0.4235742865E+00
   256   -0.2933368877E+00
   257   -0.3494718854E+00
   258    0.2959552417E+00
   259    0.1087053944E+00
   260   -0.6102409141E+00
   261   -0.3788413473E+00
   262    0.4644608022E+00
   263    0.9063400416E-01
   264    0.2322948891E-01
   265    0.1115139293E+00
   266   -0.4187100214E-01
   267   -0.8267883498E-02
   268    0.9737893744E-01
   269   -0.1517619671E-01
   270   -0.8832632170E-01
   271    0.2311558116E-01
   272    0.8558411619E-01
   273   -0.1134122367E-01
   274   -0.6032170273E-01
   275    0.2532547703E-01
   276    0.7234591919E-01
   277   -0.1283103835E+00
   278   -0.3072427374E-01
   279    0.1287174465E+00
   280    0.1201905462E-01
   281   -0.2219116268E-01
   282   -0.1286399210E-01
   283   -0.7144543413E-03
   284    0.4614938620E-02
   285    0.9736928574E-02
   286    0.9444405356E-02
   287   -0.7111185797E-03
   288   -0.5536885308E-02
   289    0.2669014330E-02
   290    0.6003378196E-02
   291    0.1135459321E-02
   292   -0.7629218482E-04
   293    0.4723721121E-02
   294    0.1306162492E-02
   295   -0.2007094673E-02
   296    0.2297696445E-02
   297    0.4055378104E-02
   298    0.1403790171E-02
   299   -0.1995387061E-03
   300    0.1645306645E-02
   301    0.1355608443E-02
   302    0.6377820074E-03
   303    0.1213004086E-02
   304    0.1165729275E-02
   305    0.2318015380E-03
   306    0.4457158008E-04
   307    0.7319333763E-03
   308    0.1286961137E-02
   309    0.8516951704E-03
   310    0.7261447010E-04
   311    0.3667349338E-03
   312    0.3735645542E-03
   313    0.4233810683E-03
   314    0.6481535991E-03
   315    0.1865566822E-03
   316   -0.2993196002E-04
   317    0.2979795428E-03
   318    0.3407545667E-03
   319    0.2525367529E-03
   320    0.8501116572E-04
   321    0.2368294080E-04
   322    0.2866666015E-03
   323    0.2096886379E-03
   324    0.4292909355E-04
   325    0.1391952944E-03
   326    0.1430102793E-03
   327   -0.1400032382E-04
   328    0.5472908180E-04
   329    0.1423343732E-03
   330    0.2052673973E-04
   331    0.3157779948E-04
   332    0.6434334607E-04
   333    0.3751111623E-04
   334    0.3824454923E-04
   335    0.2771600261E-04
   336    0.2215047529E-04
   337    0.1759054987E-04
   338    0.1889704322E-04
   339    0.1695718516E-04
   340    0.1528163623E-04
   341    0.2425178994E-04
   342    0.1153240767E-04
   343    0.1864639360E-05
   344    0.1070352664E-04
   345    0.7988303430E-05
   346    0.2888045071E-06
   347    0.5209518306E-05
   348    0.7740312581E-05
   349    0.6288410626E-05
   350    0.2549254087E-05
   351    0.1807658850E-05
   352    0.2627750716E-05
   353    0.1904316925E-05
   354    0.1809870435E-05
   355    0.1921428123E-05
   356    0.1953460819E-05
   357    0.7582460059E-06
   358    0.6804767283E-06
   359    0.7237704434E-06
   360    0.7722705039E-06
   361    0.7298668747E-06
   362    0.2700686695E-06
   363    0.2898622280E-06
   364    0.4324410228E-06
   365    0.3860604705E-06
   366    0.2859453681E-06
   367    0.2348818118E-06
   368    0.1323452053E-06
   369    0.8484805938E-07
   370    0.9782220908E-07
   371    0.1277034125E-06
   372    0.1232712223E-06
   373    0.6592226851E-07
   374    0.3225905643E-07
   375    0.3141515784E-07
   376    0.3606688748E-07
   377    0.4721585936E-07
   378    0.3291771922E-07
   379    0.1577314257E-07
   380    0.1911139991E-07
   381    0.1490369750E-07
   382    0.7765462273E-08
   383    0.1150267498E-07
   384    0.9424665048E-08
   385    0.5809581871E-08
   386    0.4864004644E-08
   387    0.5219180810E-08
   388    0.2022382706E-08
   389    0.2262771026E-08
   390    0.4734986569E-08
   391    0.2539981420E-08
   392    0.4296959455E-09
   393    0.1173646513E-08
   394    0.1114494164E-08
   395    0.7924112477E-09
   396    0.7599336993E-09
   397    0.4466734482E-09
   398    0.4736783188E-09
   399    0.3796610248E-09
   400    0.2107543029E-09
   401    0.3117837100E-09
   402    0.2041380398E-09
   403    0.8760880910E-10
   404    0.1011106754E-09
   405    0.1216894641E-09
   406    0.7971578952E-10
   407    0.3789457637E-10
   408    0.4836364642E-10
   409    0.3739653032E-10
   410    0.3414146743E-10
   411    0.2735711657E-10
   412    0.9497402864E-11
   413    0.1498012825E-10
   414    0.1450486953E-10
   415    0.8191974876E-11
   416    0.7318839979E-11
   417    0.5232481115E-11
   418    0.3812061777E-11
   419    0.3895550549E-11
   420    0.2175370994E-11
   421    0.1707078923E-11
   422    0.2092992446E-11
   423    0.1527888926E-11
   424    0.7920886169E-12
   425    0.5189182417E-12
   426    0.5351274979E-12
   427    0.4900524431E-12
   428    0.4518330154E-12
   429    0.2686739720E-12
   430    0.1802169525E-12
   431    0.1638689184E-12
   432    0.1214583989E-12
   433    0.7774336730E-13
   434    0.7749356712E-13
   435    0.6167288902E-13
   436    0.5440092821E-13
   437    0.3264055692E-13
   438    0.1623701174E-13
   439    0.2176037128E-13
   440    0.1604272271E-13
   441    0.8798517470E-14
   442    0.1032507413E-13
   443    0.5939693182E-14
   444    0.5440092821E-14
   445    0.3330669074E-14
   446    0.2775557562E-14
   447    0.2886579864E-14
   448    0.1332267630E-14
   449    0.1887379142E-14
   450    0.1332267630E-14
   451    0.1415534356E-14
   452    0.5551115123E-16
   453    0.1110223025E-15
   454    0.2220446049E-15
   455    0.4440892099E-15
   456    0.2220446049E-15
   457    0.2220446049E-15
   458    0.3330669074E-15
   459    0.0000000000E+00
   460    0.2220446049E-15
   461    0.0000000000E+00
   462   -0.8881784197E-15
   463    0.0000000000E+00
   464    0.2220446049E-15
   465    0.0000000000E+00
   466   -0.8881784197E-15
   467    0.0000000000E+00
   468    0.0000000000E+00
   469    0.0000000000E+00
   470    0.0000000000E+00
   471    0.0000000000E+00
   472    0.2220446049E-15
   473    0.2220446049E-15
   474    0.3330669074E-15
   475    0.0000000000E+00
   476    0.2220446049E-15
   477    0.0000000000E+00
   478    0.2220446049E-15
   479    0.0000000000E+00
   480   -0.4440892099E-15
   481    0.0000000000E+00
   482    0.0000000000E+00
   483    0.2220446049E-15
   484    0.0000000000E+00
   485   -0.5551115123E-15
   486    0.2220446049E-15
   487    0.0000000000E+00
   488   -0.6661338148E-15
   489    0.0000000000E+00
   490    0.0000000000E+00
   491    0.3330669074E-15
   492    0.2220446049E-15
   493    0.2220446049E-15
   494    0.0000000000E+00
   495   -0.8881784197E-15
   496    0.2220446049E-15
   497    0.2220446049E-15
   498    0.2220446049E-15
   499    0.0000000000E+00
   500    0.3571428571E+01
   501    0.3571428571E+01
   502    0.0000000000E+00
