    -1   -0.5525194979E+01
     0    0.3461238982E+00
     1   -0.1647438771E+01
     2    0.2860717269E+01
     3    0.9399158646E+00
     4   -0.1252908153E+01
     5   -0.1364881221E+01
     6    0.1865355244E+01
     7    0.1381773323E+01
     8   -0.1894107517E+01
     9   -0.7111291592E-01
    10   -0.5578048037E+01
    11    0.8153432536E+01
    12   -0.2023169660E+01
    13    0.7294234602E+00
    14   -0.2679611153E+01
    15    0.1877781574E+01
    16   -0.3096797984E+01
    17    0.7481800232E+00
    18    0.6826184580E+00
    19    0.1518977834E+01
    20    0.1768170579E+00
    21   -0.5860943771E+01
    22    0.3585003311E+01
    23   -0.1170179421E+01
    24   -0.1120300132E+01
    25   -0.3369055270E+01
    26    0.6147978684E+01
    27   -0.3680982128E+01
    28    0.9377654878E+00
    29   -0.2900063861E+01
    30    0.5500516093E+01
    31   -0.1373149638E+01
    32   -0.3977909970E+01
    33   -0.2133991666E+01
    34    0.2788983077E+01
    35    0.2584218433E+00
    36    0.4703017322E+01
    37   -0.2360409013E+01
    38   -0.1913152619E+01
    39    0.4933627876E+01
    40   -0.1071345599E+01
    41   -0.2795830446E+01
    42    0.3471328418E+01
    43   -0.9283907074E+00
    44    0.7716907434E+00
    45    0.1104519561E+01
    46   -0.5097320181E+00
    47   -0.1164613889E+01
    48    0.2141091532E+01
    49   -0.3021155637E+01
    50    0.3107641464E+01
    51   -0.1700082460E+01
    52   -0.2608704777E+01
    53    0.4046535362E+01
    54    0.1609337732E+01
    55   -0.3324691311E+01
    56   -0.1417660212E+01
    57    0.7709977982E+00
    58   -0.1565319246E+01
    59    0.4448368359E+01
    60   -0.2790598205E+01
    61   -0.3626929866E+01
    62    0.3817251512E+01
    63   -0.9155462066E+00
    64    0.2764511065E+01
    65   -0.1703739092E+01
    66    0.8395909655E+00
    67   -0.4846413601E+01
    68    0.5923214978E+01
    69   -0.2602949959E+01
    70    0.4704429126E-01
    71    0.1706358655E+00
    72   -0.3228463475E+01
    73    0.2378026469E+01
    74    0.5646882870E+00
    75   -0.3693650163E-01
    76    0.1226241994E+01
    77   -0.2391470428E+01
    78    0.1456634598E+01
    79    0.5889230673E+00
    80   -0.2068065804E+01
    81    0.8133741061E+00
    82    0.1122143785E+01
    83   -0.7842017439E+00
    84    0.1562937476E+01
    85   -0.2427774599E+01
    86   -0.2029305447E+01
    87    0.1224400879E+01
    88    0.3738279598E+01
    89   -0.4496733616E+01
    90    0.4827204982E+01
    91   -0.2915510563E+01
    92    0.1874968668E+01
    93    0.7630433348E+00
    94   -0.6198462697E+01
    95    0.7760619197E+01
    96    0.6550484312E+00
    97   -0.5695483818E+01
    98   -0.3390163172E+01
    99    0.2737671043E+01
   100    0.3203646795E+01
   101    0.7152823887E+00
   102   -0.5306946386E+01
   103    0.4405688459E+01
   104   -0.4304756401E+01
   105    0.4131496167E+01
   106   -0.2894552067E+01
   107    0.6602373262E+01
   108   -0.1893216072E+01
   109   -0.2254969801E+01
   110    0.2956344422E+01
   111   -0.3509449238E+01
   112    0.3166867786E+01
   113   -0.1456829445E+01
   114    0.1855243711E+01
   115   -0.1198751730E+00
   116   -0.2417365265E+01
   117    0.7982875297E+00
   118    0.1838728349E+01
   119    0.2625408369E+00
   120   -0.8425399669E+00
   121   -0.2380151330E+01
   122    0.3202545155E+01
   123   -0.7707839033E+00
   124    0.4003872762E+00
   125   -0.4817872334E+01
   126    0.9038457253E+00
   127    0.3495042583E+01
   128    0.1306568820E+01
   129   -0.5278587877E+01
   130    0.5078152942E+01
   131   -0.8878937103E+01
   132    0.1826394142E+01
   133    0.1018457079E+01
   134    0.2589214810E+01
   135   -0.1324407942E+01
   136   -0.2008572890E+01
   137    0.1721772310E+01
   138   -0.3038542891E+00
   139   -0.4528980844E+01
   140    0.2370186606E+01
   141   -0.4793201793E+00
   142   -0.7869875882E+00
   143    0.1044364617E+01
   144    0.5867499886E+00
   145   -0.2360364425E+00
   146    0.1873876897E+01
   147   -0.2638475786E-01
   148    0.2545693058E+00
   149    0.1199230582E+01
   150    0.1032494320E+01
   151    0.5377356858E-01
   152    0.3372078386E+00
   153   -0.7815952032E-01
   154    0.1217931050E+01
   155    0.8075999522E+00
   156   -0.1805878967E+01
   157    0.2185163150E+01
   158   -0.8590847445E+00
   159    0.4712310860E+00
   160   -0.1196065235E+01
   161    0.1245874596E+01
   162    0.1336308865E+01
   163   -0.3003989919E+01
   164    0.3370522547E+01
   165   -0.8809337143E+00
   166   -0.2150264300E+00
   167   -0.8723198866E+00
   168   -0.4046842257E+00
   169    0.1397908448E+01
   170    0.7032953357E-01
   171   -0.1883058417E-01
   172   -0.3613974719E+01
   173    0.1453207684E+01
   174    0.1926068687E+01
   175   -0.5803712136E+00
   176   -0.9869506107E+00
   177    0.1131390686E+01
   178   -0.9567536768E+00
   179    0.9750807214E+00
   180   -0.6893232312E+00
   181    0.4305664850E+00
   182   -0.3558304156E+01
   183    0.2391331802E+01
   184    0.1112660158E+01
   185   -0.5270023965E+01
   186    0.2103244254E+01
   187   -0.1148763390E+01
   188   -0.4878806357E+01
   189    0.2129881122E+01
   190   -0.3060743098E+01
   191    0.1742910210E+01
   192    0.8172701184E+00
   193   -0.6125380509E+00
   194   -0.4508790676E+01
   195    0.4851662813E+01
   196    0.2298688784E+01
   197    0.3071858239E+01
   198   -0.2186761665E+01
   199    0.5177308897E+00
   200    0.1199593729E+01
   201    0.7697409353E+00
   202   -0.1532957781E+00
   203    0.1411274252E+01
   204   -0.7513878659E+00
   205   -0.2885423963E+00
   206    0.8166117970E+00
   207    0.1189821925E+01
   208   -0.2022211844E+01
   209    0.1470764177E+01
   210    0.3056747989E+00
   211   -0.1143921379E+01
   212    0.4301978739E+00
   213    0.1370261103E+01
   214   -0.2349988954E+01
   215    0.5093697600E+00
   216   -0.9439127627E-01
   217    0.6183089712E+00
   218   -0.1132753744E+01
   219    0.1091165114E+01
   220   -0.1763500425E+00
   221   -0.2817814427E+00
   222   -0.4849940383E+00
   223   -0.2775780857E+00
   224   -0.1180345974E+01
   225   -0.3630254669E+00
   226    0.1463869581E+01
   227    0.6021641887E+00
   228   -0.3915967700E+01
   229   -0.3132754123E+01
   230    0.3934302804E+01
   231    0.2338017974E+01
   232   -0.6154760051E+00
   233   -0.1705699176E+01
   234    0.3551918163E+00
   235   -0.6857078437E+00
   236    0.5636614616E+00
   237    0.2834236777E+01
   238   -0.1105939798E+01
   239   -0.1479454308E+01
   240    0.1334015403E+01
   241    0.2094302147E+00
   242   -0.1387007099E+01
   243    0.6559949842E+00
   244    0.1084786638E+01
   245   -0.1310769141E+01
   246   -0.1064773323E+01
   247    0.1132670600E+01
   248    0.1023158010E+01
   249   -0.9500682892E+00
   250   -0.1129801218E+01
   251    0.6520820250E+00
   252    0.9202057534E+00
   253   -0.3860003937E+00
   254   -0.4945422207E+00
   255    0.1165928127E+00
   256    0.2229789981E+00
   257   -0.6376754655E-01
   258   -0.4369613306E-01
   259    0.5163151990E-01
   260   -0.8242709468E-01
   261   -0.2795375276E-01
   262    0.1500488933E+00
   263    0.2032678391E-01
   264   -0.2657811005E+00
   265    0.6110026283E-01
   266    0.4534209938E+00
   267   -0.3960831218E+00
   268   -0.5295319122E+00
   269    0.5890042390E+00
   270    0.1055455553E+00
   271   -0.1733516066E+00
   272    0.4041826249E-02
   273    0.5304385066E-01
   274   -0.2217898506E-01
   275    0.8657208400E-02
   276    0.4969305754E-01
   277   -0.1683001770E-01
   278   -0.3537032690E-01
   279    0.2488446073E-01
   280    0.3614701657E-01
   281   -0.9690468985E-02
   282   -0.2160997305E-01
   283    0.1868540142E-01
   284    0.3293902757E-01
   285   -0.8277765186E-01
   286   -0.1467972379E-01
   287    0.9020310814E-01
   288    0.9395005198E-02
   289   -0.1210179671E-01
   290   -0.8688202964E-02
   291   -0.2431497313E-02
   292    0.4152917264E-02
   293    0.7222824169E-02
   294    0.8286560670E-02
   295    0.1310754138E-02
   296   -0.3514264632E-02
   297    0.1626617268E-02
   298    0.4952834822E-02
   299    0.2281374254E-02
   300   -0.1099974860E-03
   301    0.3707670148E-02
   302    0.2260463242E-02
   303   -0.1074968218E-02
   304    0.1308231501E-02
   305    0.3580627293E-02
   306    0.1932101323E-02
   307    0.5190616507E-05
   308    0.1337618533E-02
   309    0.1497499847E-02
   310    0.7975878009E-03
   311    0.9850571299E-03
   312    0.1179669166E-02
   313    0.5372015348E-03
   314    0.1335635891E-03
   315    0.6200200902E-03
   316    0.1075021610E-02
   317    0.9247340357E-03
   318    0.2426574276E-03
   319    0.3119462985E-03
   320    0.4386695545E-03
   321    0.3443802113E-03
   322    0.5990916719E-03
   323    0.3172345120E-03
   324    0.1076488545E-04
   325    0.2404024014E-03
   326    0.3426464148E-03
   327    0.2494648800E-03
   328    0.1391758133E-03
   329    0.4027644397E-04
   330    0.2231049656E-03
   331    0.2265128761E-03
   332    0.6509779331E-04
   333    0.1186976331E-03
   334    0.1477040611E-03
   335    0.2113918064E-04
   336    0.3633125716E-04
   337    0.1284924490E-03
   338    0.4519875713E-04
   339    0.2762756158E-04
   340    0.6076566218E-04
   341    0.3905939033E-04
   342    0.3949904156E-04
   343    0.2924871766E-04
   344    0.2387530141E-04
   345    0.1910157804E-04
   346    0.1886079256E-04
   347    0.1846779145E-04
   348    0.1401229582E-04
   349    0.2134479335E-04
   350    0.1446626115E-04
   351    0.4139059723E-05
   352    0.8337891658E-05
   353    0.9626470110E-05
   354    0.2108970677E-05
   355    0.4127677727E-05
   356    0.7219658616E-05
   357    0.6112537522E-05
   358    0.3353374919E-05
   359    0.1913933459E-05
   360    0.2681308754E-05
   361    0.2028497201E-05
   362    0.1821319085E-05
   363    0.1809834185E-05
   364    0.1901367190E-05
   365    0.1033572850E-05
   366    0.7073333138E-06
   367    0.7414275675E-06
   368    0.7516030787E-06
   369    0.7442005055E-06
   370    0.3802690925E-06
   371    0.2949726390E-06
   372    0.3842374221E-06
   373    0.4004134169E-06
   374    0.2927247118E-06
   375    0.2320316689E-06
   376    0.1624415311E-06
   377    0.1018748303E-06
   378    0.9877049503E-07
   379    0.1154420829E-06
   380    0.1228571780E-06
   381    0.7535141552E-07
   382    0.4148699306E-07
   383    0.3521928726E-07
   384    0.3468553289E-07
   385    0.4360969924E-07
   386    0.3543897151E-07
   387    0.1914671274E-07
   388    0.1785312831E-07
   389    0.1649253362E-07
   390    0.9413915592E-08
   391    0.1070569983E-07
   392    0.9860654515E-08
   393    0.6515616491E-08
   394    0.5031196015E-08
   395    0.5291101335E-08
   396    0.2870538363E-08
   397    0.2091602447E-08
   398    0.4014263810E-08
   399    0.3030271367E-08
   400    0.8263170148E-09
   401    0.1052547383E-08
   402    0.1193915744E-08
   403    0.8189415812E-09
   404    0.7785226908E-09
   405    0.5124911606E-09
   406    0.4496479022E-09
   407    0.4268917164E-09
   408    0.2211548722E-09
   409    0.2911693109E-09
   410    0.2284423761E-09
   411    0.1099290381E-09
   412    0.9899006614E-10
   413    0.1182296483E-09
   414    0.8771317006E-10
   415    0.4533284859E-10
   416    0.4833489164E-10
   417    0.3880978872E-10
   418    0.3310465790E-10
   419    0.2980438119E-10
   420    0.1304159558E-10
   421    0.1356517676E-10
   422    0.1490882418E-10
   423    0.9115153077E-11
   424    0.7397860102E-11
   425    0.5814598802E-11
   426    0.3966799111E-11
   427    0.3932409953E-11
   428    0.2601863169E-11
   429    0.1749711487E-11
   430    0.1981748099E-11
   431    0.1630695579E-11
   432    0.9244549570E-12
   433    0.6080691506E-12
   434    0.5418443472E-12
   435    0.4938272014E-12
   436    0.4565237077E-12
   437    0.2984279490E-12
   438    0.1967592755E-12
   439    0.1681987882E-12
   440    0.1311173392E-12
   441    0.8940070906E-13
   442    0.7760458942E-13
   443    0.6350475701E-13
   444    0.5351274979E-13
   445    0.3905209489E-13
   446    0.1848521336E-13
   447    0.2109423747E-13
   448    0.1748601264E-13
   449    0.1004751837E-13
   450    0.1021405183E-13
   451    0.5939693182E-14
   452    0.5329070518E-14
   453    0.3913536162E-14
   454    0.3080868893E-14
   455    0.3136380045E-14
   456    0.1165734176E-14
   457    0.8881784197E-15
   458    0.1332267630E-14
   459    0.2442490654E-14
   460   -0.3053113318E-15
   461   -0.6661338148E-15
   462    0.2220446049E-15
   463    0.1554312234E-14
   464    0.2220446049E-15
   465    0.1332267630E-14
   466    0.0000000000E+00
   467   -0.8881784197E-15
   468    0.1110223025E-15
   469    0.0000000000E+00
   470    0.0000000000E+00
   471    0.0000000000E+00
   472    0.0000000000E+00
   473    0.0000000000E+00
   474    0.0000000000E+00
   475    0.2220446049E-15
   476    0.2220446049E-15
   477    0.2220446049E-15
   478    0.2220446049E-15
   479    0.2220446049E-15
   480    0.2220446049E-15
   481   -0.8881784197E-15
   482   -0.8881784197E-15
   483    0.2220446049E-15
   484    0.0000000000E+00
   485    0.2220446049E-15
   486    0.0000000000E+00
   487   -0.8881784197E-15
   488    0.2220446049E-15
   489    0.1110223025E-15
   490    0.0000000000E+00
   491    0.2220446049E-15
   492    0.0000000000E+00
   493    0.2220446049E-15
   494    0.0000000000E+00
   495   -0.6661338148E-15
   496    0.0000000000E+00
   497    0.2220446049E-15
   498   -0.2220446049E-15
   499    0.0000000000E+00
   500    0.3571428571E+01
   501    0.3571428571E+01
   502    0.0000000000E+00
