    -1    0.0000000000E+00
     0   -0.1878107959E+01
     1   -0.2546504487E+01
     2   -0.3405995007E+01
     3    0.3972175448E+01
     4    0.2185103297E+01
     5    0.2509936960E+00
     6    0.1966637580E+00
     7   -0.1928090018E+01
     8   -0.1654581372E+00
     9   -0.1632803126E+00
    10   -0.3253447241E-01
    11   -0.1947323743E+01
    12    0.3543712829E+00
    13    0.2160562461E+01
    14   -0.5033617269E+00
    15   -0.1030348420E+01
    16    0.2563654133E+01
    17    0.5469782137E+00
    18   -0.1256843941E+01
    19   -0.5347025241E+01
    20    0.1188620590E+01
    21    0.1587081293E+01
    22    0.4281720241E+00
    23   -0.6462125191E+00
    24    0.3622248877E+00
    25    0.3001508920E+01
    26   -0.1928584693E+01
    27   -0.3766791763E+01
    28   -0.9137196324E-01
    29    0.1725761020E+01
    30   -0.1190144544E+01
    31    0.1317382910E+01
    32    0.2174701985E+01
    33   -0.4605000229E+00
    34   -0.5185672995E+01
    35    0.4303003943E+01
    36   -0.1972381692E+01
    37    0.2297467234E+01
    38   -0.7059744598E+00
    39    0.2391079874E+01
    40   -0.3220283146E+01
    41    0.7898633200E+00
    42    0.2239118343E+01
    43   -0.2204841551E+00
    44    0.1915871013E+01
    45   -0.1648134312E+01
    46   -0.1600687200E+00
    47    0.5682755903E+00
    48   -0.1685509433E+01
    49    0.8721224840E+00
    50   -0.4722401451E+00
    51    0.1343582968E+01
    52    0.5121761026E+00
    53   -0.9702952466E+00
    54    0.9838564223E+00
    55   -0.2254258640E+01
    56    0.2171755497E+01
    57   -0.3818307164E+00
    58   -0.6222208886E+00
    59    0.2342480800E+01
    60   -0.4305442116E+00
    61    0.3191397477E+00
    62   -0.2086331417E+01
    63    0.1032507455E+01
    64    0.7931790442E+00
    65   -0.1769571100E+01
    66   -0.1221624047E+01
    67    0.1159489953E+01
    68    0.1511310328E+01
    69   -0.1023591851E+01
    70    0.1133281434E+01
    71   -0.2378345469E+01
    72    0.1741948234E+01
    73   -0.2130957210E+00
    74    0.1848930019E+01
    75   -0.2089902811E+01
    76   -0.7443294396E+00
    77    0.2452514314E+01
    78   -0.7863583058E+00
    79   -0.7613419904E+00
    80    0.6767388202E+00
    81   -0.6276126124E+00
    82   -0.5674337603E+00
    83    0.1318006279E+01
    84   -0.2706517540E+01
    85    0.5734311558E+00
    86   -0.1205126820E+01
    87    0.1899858521E+01
    88   -0.5273609976E+00
    89    0.1705486094E+00
    90   -0.1064813576E+01
    91    0.2143623256E+01
    92   -0.1383975052E+01
    93   -0.5104662111E-01
    94    0.2968532483E+00
    95   -0.1980296372E+01
    96   -0.4209408822E+00
    97    0.3121760689E+01
    98   -0.7310261137E+01
    99    0.2111805101E+01
   100    0.2183933341E+01
   101   -0.3731015790E+00
   102   -0.3656574902E+01
   103    0.4677050138E+01
   104   -0.2656831538E+01
   105    0.5082745359E+01
   106   -0.3234959146E+01
   107    0.3160715707E+00
   108    0.2374134118E+01
   109   -0.7320866732E+00
   110    0.6481020393E+00
   111   -0.7272906057E+00
   112    0.6716225833E+00
   113    0.2560547692E-01
   114    0.5120149118E+00
   115    0.1057202694E+00
   116   -0.5308923096E-01
   117   -0.2962740178E+00
   118    0.4495760247E+00
   119   -0.4624125761E+00
   120    0.1012255017E+01
   121   -0.3755962106E+00
   122   -0.1768363635E+00
   123    0.6638620324E+00
   124   -0.7061388245E+00
   125   -0.2495853949E+00
   126    0.1518666913E+01
   127   -0.9487925674E+00
   128   -0.2095119009E+00
   129    0.4425085977E+00
   130   -0.4161643544E+00
   131    0.1795642109E+01
   132   -0.1108882587E+01
   133   -0.6254693227E+00
   134    0.9208096407E+00
   135   -0.5894499347E+00
   136    0.1122775531E+01
   137   -0.8111845733E+00
   138    0.3598847606E+00
   139   -0.1711138679E+01
   140    0.5304486835E+00
   141    0.2236196385E+01
   142   -0.3864459713E-01
   143   -0.6665517651E+00
   144   -0.1184243074E+01
   145   -0.1168656686E+01
   146    0.2559045423E+01
   147    0.8117346021E+00
   148   -0.1966492630E+01
   149   -0.7977967898E+00
   150    0.1360759779E+01
   151    0.5554286887E+00
   152    0.7114866763E+00
   153   -0.1254308596E+01
   154   -0.1497564421E+01
   155    0.2914542349E+01
   156   -0.2373995668E+01
   157    0.7558502371E+00
   158    0.1415754576E+00
   159    0.5768123481E+00
   160   -0.1364596996E+01
   161    0.8185088029E+00
   162   -0.1101271700E+01
   163   -0.1825143732E+00
   164    0.4047012950E+00
   165   -0.1849052689E+00
   166   -0.9602061176E+00
   167   -0.1602348635E+01
   168    0.2056072477E+01
   169   -0.2955456973E+01
   170    0.1516853061E-01
   171   -0.4581045220E+01
   172    0.1185389046E+01
   173   -0.1192281311E+01
   174    0.1563867250E+01
   175    0.1205840090E+01
   176    0.1836679368E+01
   177   -0.7931520281E+01
   178   -0.1026629782E+01
   179    0.4991580956E+01
   180   -0.1307082789E+01
   181    0.4747018202E+00
   182    0.3318381330E+01
   183    0.8769993013E+00
   184   -0.2105654301E+01
   185    0.3744142279E+01
   186    0.1579176108E+01
   187   -0.1544451328E+01
   188    0.8125180125E+00
   189   -0.1928304610E+01
   190    0.3539942918E+01
   191   -0.1379223377E+01
   192   -0.1785261284E+00
   193    0.3191571610E+00
   194   -0.2770583474E+00
   195    0.1503725127E+01
   196   -0.1648221363E+01
   197    0.1625282785E+01
   198   -0.1304004297E+01
   199    0.3058407082E+00
   200    0.1543915575E+01
   201   -0.2648723803E+01
   202    0.2549316049E+01
   203   -0.1169571629E+01
   204   -0.2428702583E+00
   205    0.1554964976E+01
   206   -0.2901814812E+01
   207    0.2401287350E+01
   208   -0.5859005190E+00
   209   -0.4422204286E+00
   210    0.8830566432E+00
   211   -0.1475722763E+01
   212    0.8174350794E+00
   213    0.4020863885E+00
   214   -0.1008093978E+01
   215    0.4291647874E+00
   216   -0.8663647707E+00
   217   -0.8776494192E+00
   218   -0.4315824401E+00
   219   -0.3048201585E+01
   220   -0.4173295558E+01
   221    0.1407047072E+01
   222    0.1937753387E+01
   223   -0.1751124127E+01
   224    0.2311397612E+01
   225    0.5080978608E+00
   226   -0.3345111993E+01
   227    0.1432684276E+01
   228    0.3392449601E+01
   229    0.8865172264E+00
   230   -0.4506653510E-02
   231   -0.3803662578E+00
   232   -0.7552880805E+00
   233    0.9904965799E+00
   234    0.6264930824E+00
   235   -0.1206436657E+01
   236   -0.4835499056E+00
   237    0.9380897215E+00
   238    0.6151669281E+00
   239   -0.2385868163E+01
   240   -0.4361490529E+00
   241    0.1436467747E+01
   242    0.1320794316E+01
   243   -0.8248537703E+00
   244   -0.7610048867E+00
   245    0.6461130805E+00
   246    0.1088835651E+00
   247   -0.7155307297E+00
   248    0.2784083018E+00
   249    0.6099491974E+00
   250    0.1854200241E+00
   251   -0.4618206526E+00
   252   -0.3937257035E+00
   253    0.1041561333E+00
   254   -0.2251249612E-01
   255   -0.2708226809E+00
   256   -0.4594949622E+00
   257   -0.1059143969E+00
   258    0.5677267824E+00
   259    0.3056355339E+00
   260   -0.9594653416E-01
   261   -0.7531817287E-01
   262    0.1568872474E+00
   263    0.3077695896E-01
   264   -0.1633641530E+00
   265   -0.1684103972E-01
   266    0.1536943684E+00
   267    0.1955266289E-01
   268   -0.1123752908E+00
   269    0.5041397294E-02
   270    0.1364245220E+00
   271   -0.1266608748E+00
   272   -0.1321976936E+00
   273    0.1751354531E+00
   274    0.3657699632E-01
   275   -0.2834019330E-01
   276   -0.1679615355E-01
   277   -0.1733280332E-02
   278    0.6785769127E-02
   279    0.1145371333E-01
   280    0.9463234311E-02
   281   -0.7733459438E-03
   282   -0.7056568696E-02
   283    0.2015421465E-02
   284    0.7468908922E-02
   285    0.9954777394E-03
   286   -0.8738407514E-03
   287    0.5420815853E-02
   288    0.1416420906E-02
   289   -0.3273773589E-02
   290    0.2902942282E-02
   291    0.4836056011E-02
   292    0.7231605494E-03
   293   -0.2215664172E-03
   294    0.1923183074E-02
   295    0.1112484334E-02
   296    0.6278635444E-03
   297    0.1396311967E-02
   298    0.1053426149E-02
   299    0.1467448408E-03
   300   -0.4115197303E-04
   301    0.7177049565E-03
   302    0.1546520236E-02
   303    0.7616532847E-03
   304   -0.8412641516E-04
   305    0.5013180183E-03
   306    0.2775613437E-03
   307    0.4461899982E-03
   308    0.7460364968E-03
   309    0.7107973192E-04
   310   -0.6544019694E-04
   311    0.3598264155E-03
   312    0.3301530679E-03
   313    0.2459224459E-03
   314    0.6198427592E-04
   315    0.1832219664E-04
   316    0.3176271513E-03
   317    0.2007590336E-03
   318    0.3761623777E-04
   319    0.1491898383E-03
   320    0.1337555020E-03
   321   -0.2593519466E-04
   322    0.6597262997E-04
   323    0.1418576514E-03
   324    0.1471247263E-04
   325    0.3261089217E-04
   326    0.6196709991E-04
   327    0.4221598115E-04
   328    0.3595660587E-04
   329    0.2533802719E-04
   330    0.2366950522E-04
   331    0.1566545009E-04
   332    0.1828275608E-04
   333    0.1730107345E-04
   334    0.1581706152E-04
   335    0.2582369523E-04
   336    0.1034806600E-04
   337    0.2436154696E-06
   338    0.1219341629E-04
   339    0.7090756900E-05
   340   -0.9013183397E-06
   341    0.5856921212E-05
   342    0.8226866697E-05
   343    0.6385773192E-05
   344    0.2039825048E-05
   345    0.1847954855E-05
   346    0.2586151520E-05
   347    0.1760898814E-05
   348    0.1887599359E-05
   349    0.2039850688E-05
   350    0.1908086469E-05
   351    0.6480583219E-06
   352    0.6759993186E-06
   353    0.6968227397E-06
   354    0.7929412966E-06
   355    0.7267102433E-06
   356    0.2071526224E-06
   357    0.2872137114E-06
   358    0.4704997831E-06
   359    0.3755342532E-06
   360    0.2801281841E-06
   361    0.2454898598E-06
   362    0.1171161124E-06
   363    0.6545136666E-07
   364    0.1044306299E-06
   365    0.1385512317E-06
   366    0.1178366531E-06
   367    0.6460411428E-07
   368    0.2740642557E-07
   369    0.2669686872E-07
   370    0.3947056926E-07
   371    0.4911441642E-07
   372    0.3088879766E-07
   373    0.1500031988E-07
   374    0.1952480710E-07
   375    0.1394193760E-07
   376    0.7207379055E-08
   377    0.1174656816E-07
   378    0.9259473854E-08
   379    0.5610865550E-08
   380    0.4738729187E-08
   381    0.5046459028E-08
   382    0.1711709441E-08
   383    0.2400994403E-08
   384    0.5099798805E-08
   385    0.2315557690E-08
   386    0.2324598292E-09
   387    0.1205512690E-08
   388    0.1085698864E-08
   389    0.8091787795E-09
   390    0.7295766213E-09
   391    0.4163029921E-09
   392    0.5021347782E-09
   393    0.3445597141E-09
   394    0.2115987385E-09
   395    0.3267986715E-09
   396    0.1899267410E-09
   397    0.7641443034E-10
   398    0.1032316455E-09
   399    0.1247447146E-09
   400    0.7500311483E-10
   401    0.3458500153E-10
   402    0.4837641399E-10
   403    0.3751107758E-10
   404    0.3470312926E-10
   405    0.2592337456E-10
   406    0.8112843730E-11
   407    0.1544098183E-10
   408    0.1458300147E-10
   409    0.7857492434E-11
   410    0.7168265981E-11
   411    0.4987787960E-11
   412    0.3832711926E-11
   413    0.3827604900E-11
   414    0.1956435014E-11
   415    0.1737832100E-11
   416    0.2154915135E-11
   417    0.1480149336E-11
   418    0.7298606164E-12
   419    0.4700684286E-12
   420    0.5319911178E-12
   421    0.4942712906E-12
   422    0.4547473509E-12
   423    0.2526867604E-12
   424    0.1754152379E-12
   425    0.1613709166E-12
   426    0.1147970607E-12
   427    0.7660538870E-13
   428    0.7749356712E-13
   429    0.6283862319E-13
   430    0.5481726184E-13
   431    0.2964295476E-13
   432    0.1376676551E-13
   433    0.2320366121E-13
   434    0.1487698853E-13
   435    0.6855627177E-14
   436    0.8659739592E-14
   437    0.6411537967E-14
   438    0.4662936703E-14
   439    0.4440892099E-14
   440    0.3330669074E-14
   441    0.1998401444E-14
   442    0.1110223025E-14
   443    0.1998401444E-14
   444    0.1998401444E-14
   445    0.1332267630E-14
   446    0.1110223025E-14
   447    0.2220446049E-15
   448   -0.2220446049E-15
   449    0.8881784197E-15
   450    0.0000000000E+00
   451   -0.2220446049E-15
   452    0.2220446049E-15
   453    0.1110223025E-15
   454    0.0000000000E+00
   455    0.2220446049E-15
   456    0.2220446049E-15
   457    0.2220446049E-15
   458   -0.5551115123E-15
   459    0.1110223025E-15
   460    0.2220446049E-15
   461    0.2220446049E-15
   462   -0.8881784197E-15
   463   -0.6661338148E-15
   464    0.2220446049E-15
   465    0.0000000000E+00
   466   -0.8881784197E-15
   467   -0.8881784197E-15
   468    0.2220446049E-15
   469    0.3330669074E-15
   470    0.2220446049E-15
   471    0.1110223025E-15
   472    0.2220446049E-15
   473    0.0000000000E+00
   474    0.2220446049E-15
   475    0.3330669074E-15
   476    0.2220446049E-15
   477    0.2220446049E-15
   478    0.2220446049E-15
   479    0.0000000000E+00
   480   -0.8881784197E-15
   481   -0.8881784197E-15
   482    0.0000000000E+00
   483    0.2220446049E-15
   484    0.0000000000E+00
   485    0.2220446049E-15
   486    0.0000000000E+00
   487   -0.6661338148E-15
   488    0.2220446049E-15
   489    0.0000000000E+00
   490   -0.5551115123E-15
   491    0.0000000000E+00
   492    0.2220446049E-15
   493    0.0000000000E+00
   494    0.0000000000E+00
   495   -0.6661338148E-15
   496    0.2220446049E-15
   497    0.0000000000E+00
   498    0.2220446049E-15
   499    0.2220446049E-15
   500    0.3571428571E+01
   501    0.3571428571E+01
   502    0.0000000000E+00
