    -1    0.0000000000E+00
     0   -0.3273854335E+01
     1   -0.5864967926E+01
     2    0.4768815601E+01
     3   -0.3528293863E+01
     4    0.2631294177E+01
     5   -0.1425220869E+01
     6    0.1547267081E+01
     7   -0.1860079705E+01
     8    0.8947157589E+00
     9    0.5974515699E+00
    10    0.1044961000E+01
    11   -0.2066611220E+01
    12    0.3669394816E+01
    13   -0.6567346392E+01
    14    0.2384481986E+01
    15    0.2562323212E+01
    16   -0.1104421656E+01
    17    0.8450447715E+00
    18   -0.1582562071E+01
    19   -0.3536426231E+01
    20    0.4050895871E+01
    21   -0.5449415283E+00
    22    0.1674915738E+01
    23   -0.2631144236E+01
    24    0.4080075955E+01
    25   -0.1346320534E+01
    26    0.3088147539E+01
    27   -0.9225898253E+01
    28    0.2469087950E+01
    29    0.4170848356E+01
    30   -0.1838654832E-01
    31   -0.3487195717E+01
    32   -0.3547722166E+01
    33   -0.6788582659E-01
    34   -0.7730136051E+00
    35    0.5906650348E+01
    36    0.1555755226E+00
    37   -0.1299063149E+01
    38    0.4258373538E+00
    39   -0.1772830647E+00
    40    0.5836339101E+00
    41    0.2053172329E+01
    42   -0.4027136170E+01
    43    0.4146640337E+01
    44   -0.4611365188E+01
    45    0.6344316380E-01
    46    0.3057380220E+01
    47   -0.1492124409E+01
    48   -0.6031364887E+01
    49    0.3620975606E+01
    50    0.3050944269E+01
    51    0.7436576830E+00
    52    0.4198362542E+01
    53   -0.3329403371E+01
    54   -0.4133567485E+01
    55    0.3445747853E+01
    56    0.1535732653E+01
    57   -0.1126144836E+01
    58   -0.8490489180E+00
    59   -0.3458349619E+01
    60    0.2822567374E+00
    61   -0.7873865091E+00
    62    0.6257156337E+01
    63   -0.2378738683E+00
    64   -0.5156679206E+01
    65    0.3418260032E+01
    66    0.2878605231E+01
    67   -0.4711952366E+01
    68    0.2312287172E+01
    69   -0.3467473692E+01
    70   -0.2380699999E+01
    71    0.2988751310E+01
    72    0.5697471932E+01
    73   -0.5265974803E+01
    74   -0.6731991565E-01
    75    0.3370400311E+01
    76   -0.2668345563E+01
    77    0.1738835885E+01
    78   -0.3519396666E+01
    79    0.2191666592E+01
    80   -0.2475913744E+00
    81    0.4050663568E+01
    82   -0.1500332271E+01
    83   -0.4043324231E+01
    84    0.1023824258E+01
    85    0.3736062227E+01
    86   -0.2116038535E+01
    87    0.2518340142E+01
    88    0.1076031093E+01
    89   -0.3426118806E+01
    90   -0.2408136741E+01
    91    0.3691642925E+01
    92    0.9596004438E+00
    93   -0.8790583386E+00
    94   -0.3639840599E+01
    95    0.6398371755E+01
    96   -0.7448949233E+01
    97    0.5918149490E+01
    98    0.5578714018E-01
    99   -0.2210045290E+01
   100   -0.1076667197E+00
   101   -0.1260209207E+01
   102   -0.5193571470E+01
   103    0.6400904880E+00
   104   -0.1589271878E+01
   105    0.1153616401E+01
   106   -0.2096793959E+01
   107    0.2127048735E+01
   108    0.5516932499E+01
   109   -0.1766948542E+01
   110    0.5639382089E+00
   111    0.7108214232E+00
   112   -0.2615873790E+01
   113    0.1871362022E+01
   114    0.8124526641E+00
   115    0.4662771422E+00
   116   -0.1592077277E+00
   117    0.1401262254E+01
   118    0.1947670586E+01
   119   -0.2226660755E+01
   120    0.7244611043E+00
   121   -0.3467354997E-02
   122   -0.1504030687E+00
   123   -0.8077151836E+00
   124    0.2679251529E+00
   125    0.1288952886E+01
   126    0.1970557485E+01
   127   -0.4119786013E+00
   128   -0.1950507953E+01
   129    0.2176424237E+01
   130   -0.6676552957E+00
   131   -0.8038110293E+00
   132   -0.7590316470E+00
   133    0.1131581264E+01
   134    0.2389162262E+01
   135   -0.5351048349E+01
   136    0.7612070926E+00
   137    0.3510258176E+01
   138   -0.1735778856E+01
   139   -0.1783665765E+01
   140    0.2399765383E+01
   141   -0.4981253284E+01
   142    0.1760344101E+01
   143   -0.5692608111E+00
   144   -0.1425509344E+01
   145   -0.5176268306E+00
   146    0.3221154642E-01
   147    0.7422711311E+00
   148   -0.1232976002E+02
   149    0.4856143450E+01
   150    0.7728593782E+01
   151    0.6043429946E+00
   152    0.2676243729E+00
   153   -0.2438216547E+01
   154    0.2852547516E+01
   155    0.1614262335E+01
   156    0.1871248726E+01
   157    0.1854766780E+00
   158   -0.4532069157E+01
   159    0.2528681541E+01
   160    0.5913390560E+00
   161    0.3442516929E+00
   162    0.1473996481E+01
   163   -0.1646047553E+01
   164    0.2339989237E+01
   165   -0.5152566333E+01
   166    0.3330448375E+01
   167    0.8390863696E+00
   168   -0.1644943964E+01
   169    0.8591274580E+00
   170   -0.7368301618E+00
   171    0.1100589531E+01
   172   -0.2899070014E+00
   173   -0.1310795454E+01
   174    0.2770126517E+01
   175   -0.1953238814E+01
   176   -0.4474950617E+00
   177   -0.1663605273E+01
   178    0.1808127488E+01
   179    0.1560777343E+01
   180   -0.1757003994E+01
   181   -0.2746061298E+01
   182    0.3486198303E+01
   183   -0.1215406180E+01
   184   -0.1867534888E+01
   185    0.8432456946E+00
   186   -0.3106841916E+00
   187   -0.2478476490E+01
   188    0.5874847639E+00
   189   -0.4547122521E+00
   190   -0.1286281715E+01
   191    0.8023030580E+00
   192   -0.5284722195E+00
   193   -0.3442336939E+01
   194   -0.1594907314E+01
   195    0.4314955544E+01
   196    0.2037730534E+01
   197    0.8352799033E+00
   198   -0.1086831905E+01
   199   -0.7237611613E-01
   200    0.1398846845E+01
   201    0.8353862246E+00
   202    0.1092308229E+01
   203   -0.5427082882E+00
   204   -0.8983100555E+00
   205    0.6733694413E+00
   206    0.2425763230E+01
   207   -0.2058614145E+01
   208   -0.4759621679E+00
   209    0.2245686266E+01
   210   -0.1181413301E+01
   211   -0.9838764907E+00
   212    0.1960480005E+01
   213   -0.8422961505E+00
   214   -0.1150494774E+01
   215    0.1907887952E+00
   216    0.6892492566E+00
   217   -0.3266833444E+00
   218   -0.8960114179E+00
   219    0.1207140203E+01
   220    0.5511959455E+00
   221   -0.8752717232E+00
   222   -0.1405921605E+01
   223    0.4818465473E+00
   224   -0.6264471835E+00
   225   -0.9180125667E+00
   226    0.2351706468E+01
   227   -0.1546554317E+00
   228   -0.3348826752E+01
   229   -0.2634010628E+01
   230    0.4435910766E+01
   231    0.1394123679E+01
   232   -0.1803011564E+01
   233   -0.3918767609E+00
   234   -0.1042059886E-01
   235   -0.5228636400E+00
   236    0.1018345030E+01
   237    0.2370343334E+01
   238   -0.1801665893E+01
   239   -0.9093616696E+00
   240    0.1694996304E+01
   241   -0.5981933589E+00
   242   -0.1123279858E+01
   243    0.1313655577E+01
   244    0.4909290785E+00
   245   -0.1997421029E+01
   246   -0.1763516880E+00
   247    0.1490834294E+01
   248    0.5458871992E+00
   249   -0.1592392301E+01
   250   -0.5258711477E+00
   251    0.1059905716E+01
   252    0.5321728798E+00
   253   -0.6276962265E+00
   254   -0.2701983444E+00
   255    0.1680571548E+00
   256    0.1585082881E+00
   257   -0.4431544699E-01
   258   -0.4926679019E-01
   259    0.2049336887E-01
   260   -0.6093002388E-01
   261   -0.1084702612E-02
   262    0.1560761597E+00
   263   -0.3848939269E-01
   264   -0.2787626492E+00
   265    0.2032919025E+00
   266    0.3927354217E+00
   267   -0.6548292051E+00
   268   -0.2279222297E+00
   269    0.5863603005E+00
   270   -0.2486190151E-01
   271   -0.1405224849E+00
   272    0.3629626938E-01
   273    0.4010869590E-01
   274   -0.2714757049E-01
   275    0.2232956080E-01
   276    0.4561435678E-01
   277   -0.3166463914E-01
   278   -0.3070018831E-01
   279    0.4045248309E-01
   280    0.3193935298E-01
   281   -0.2656252199E-01
   282   -0.1349405459E-01
   283    0.3526530072E-01
   284    0.1101515986E-01
   285   -0.1090592862E+00
   286    0.4917284770E-01
   287    0.6832609052E-01
   288   -0.1452345277E-02
   289   -0.1291557851E-01
   290   -0.8299823975E-02
   291    0.1209498069E-02
   292    0.4444886669E-02
   293    0.7907483623E-02
   294    0.7292485179E-02
   295   -0.3562684465E-03
   296   -0.3705053902E-02
   297    0.3206602584E-02
   298    0.5491983157E-02
   299    0.5735288764E-03
   300    0.3489812980E-03
   301    0.4738471092E-02
   302    0.9263679762E-03
   303   -0.1543262456E-02
   304    0.2860962088E-02
   305    0.3472805711E-02
   306    0.7905773415E-03
   307    0.3722981588E-03
   308    0.1758856092E-02
   309    0.1032183473E-02
   310    0.7957863634E-03
   311    0.1272387417E-02
   312    0.9168233473E-03
   313    0.3346150140E-03
   314    0.2967914303E-03
   315    0.6903793774E-03
   316    0.1165106454E-02
   317    0.7375879045E-03
   318    0.1521997448E-03
   319    0.4219776180E-03
   320    0.3403552226E-03
   321    0.4541888909E-03
   322    0.5924037511E-03
   323    0.1478435854E-03
   324    0.5510973462E-04
   325    0.3226008496E-03
   326    0.2931919647E-03
   327    0.2355474464E-03
   328    0.1025166810E-03
   329    0.6035084332E-04
   330    0.2608937793E-03
   331    0.1823448810E-03
   332    0.6112977789E-04
   333    0.1341936600E-03
   334    0.1248315033E-03
   335    0.5687790107E-05
   336    0.6216865865E-04
   337    0.1223715382E-03
   338    0.2902400161E-04
   339    0.3447242228E-04
   340    0.5852774147E-04
   341    0.4104604354E-04
   342    0.3397326700E-04
   343    0.2739340139E-04
   344    0.2437323851E-04
   345    0.1703877968E-04
   346    0.1916952735E-04
   347    0.1753062199E-04
   348    0.1511600578E-04
   349    0.2148521200E-04
   350    0.1099592307E-04
   351    0.3418733073E-05
   352    0.1063790464E-04
   353    0.7144010191E-05
   354    0.1523014850E-05
   355    0.5696092134E-05
   356    0.6996699298E-05
   357    0.5634918249E-05
   358    0.2492881748E-05
   359    0.2201631325E-05
   360    0.2547817745E-05
   361    0.1885028425E-05
   362    0.1845114298E-05
   363    0.1844485084E-05
   364    0.1766845534E-05
   365    0.8063528258E-06
   366    0.7364607368E-06
   367    0.7340541256E-06
   368    0.7619536047E-06
   369    0.6852447230E-06
   370    0.2943714598E-06
   371    0.3066680024E-06
   372    0.4329905852E-06
   373    0.3592854465E-06
   374    0.2620886961E-06
   375    0.2353040005E-06
   376    0.1316210150E-06
   377    0.8967714932E-07
   378    0.1105722423E-06
   379    0.1209956086E-06
   380    0.1082265939E-06
   381    0.6780375816E-07
   382    0.3595573506E-07
   383    0.3287169453E-07
   384    0.3849370922E-07
   385    0.4370280907E-07
   386    0.2993987724E-07
   387    0.1717867917E-07
   388    0.1893216336E-07
   389    0.1401693228E-07
   390    0.8905647331E-08
   391    0.1124700724E-07
   392    0.8837669235E-08
   393    0.5961851818E-08
   394    0.4918249419E-08
   395    0.4933048303E-08
   396    0.2328105708E-08
   397    0.2446567060E-08
   398    0.4249768093E-08
   399    0.2284409023E-08
   400    0.6437039790E-09
   401    0.1223524393E-08
   402    0.1063704569E-08
   403    0.8094636073E-09
   404    0.7124376644E-09
   405    0.4571196754E-09
   406    0.4814335597E-09
   407    0.3472785115E-09
   408    0.2298545521E-09
   409    0.2951296985E-09
   410    0.1891405088E-09
   411    0.9627409980E-10
   412    0.1060662114E-09
   413    0.1144553341E-09
   414    0.7507192090E-10
   415    0.4183864366E-10
   416    0.4728939462E-10
   417    0.3685962646E-10
   418    0.3275552052E-10
   419    0.2549221945E-10
   420    0.1107064440E-10
   421    0.1497532653E-10
   422    0.1350231038E-10
   423    0.8188366651E-11
   424    0.7057326945E-11
   425    0.5174166651E-11
   426    0.3948202876E-11
   427    0.3657962822E-11
   428    0.2187749981E-11
   429    0.1809274952E-11
   430    0.1969535646E-11
   431    0.1421196494E-11
   432    0.7986944439E-12
   433    0.5569433803E-12
   434    0.5481448628E-12
   435    0.4778399898E-12
   436    0.4205524817E-12
   437    0.2610134331E-12
   438    0.1841859998E-12
   439    0.1580957587E-12
   440    0.1187938636E-12
   441    0.8498757254E-13
   442    0.7296940829E-13
   443    0.6017408793E-13
   444    0.5237477119E-13
   445    0.3103073354E-13
   446    0.1679212325E-13
   447    0.2353672812E-13
   448    0.1476596623E-13
   449    0.9076073226E-14
   450    0.8881784197E-14
   451    0.5995204333E-14
   452    0.5051514762E-14
   453    0.5107025913E-14
   454    0.1471045508E-14
   455    0.2192690474E-14
   456    0.4440892099E-15
   457    0.8881784197E-15
   458    0.1276756478E-14
   459    0.2220446049E-14
   460    0.9436895709E-15
   461    0.8881784197E-15
   462    0.0000000000E+00
   463    0.4440892099E-15
   464   -0.4440892099E-15
   465   -0.3330669074E-15
   466    0.0000000000E+00
   467    0.0000000000E+00
   468    0.2220446049E-15
   469    0.0000000000E+00
   470    0.3330669074E-15
   471    0.0000000000E+00
   472    0.2220446049E-15
   473    0.2220446049E-15
   474   -0.1110223025E-15
   475    0.0000000000E+00
   476    0.2220446049E-15
   477    0.2220446049E-15
   478    0.0000000000E+00
   479   -0.8881784197E-15
   480    0.0000000000E+00
   481    0.0000000000E+00
   482    0.2220446049E-15
   483    0.0000000000E+00
   484    0.2220446049E-15
   485    0.0000000000E+00
   486    0.4440892099E-15
   487    0.2220446049E-15
   488    0.0000000000E+00
   489    0.2220446049E-15
   490    0.3330669074E-15
   491    0.2220446049E-15
   492    0.0000000000E+00
   493   -0.8881784197E-15
   494    0.3330669074E-15
   495    0.0000000000E+00
   496    0.3330669074E-15
   497    0.2220446049E-15
   498    0.2220446049E-15
   499   -0.2220446049E-15
   500    0.3571428571E+01
   501    0.3571428571E+01
   502    0.0000000000E+00
