    -1    0.0000000000E+00
     0   -0.4058033295E+01
     1   -0.4297753467E+01
     2    0.4250939103E+01
     3   -0.3977534622E+01
     4    0.7284617911E+00
     5    0.1965974189E+01
     6   -0.1248338805E+01
     7    0.8360945401E+00
     8   -0.1974640874E+01
     9    0.1245084386E+00
    10    0.3577365434E+01
    11   -0.3828724696E+01
    12    0.1283419648E+01
    13   -0.1324455016E+01
    14    0.2081035007E+01
    15   -0.7849976608E+00
    16   -0.1276878442E+01
    17    0.1659507220E+01
    18   -0.1332536178E+01
    19    0.7460717666E+00
    20   -0.7739467576E+00
    21   -0.6361526126E+00
    22    0.3202472860E+01
    23   -0.4240968236E+01
    24    0.5648092079E+00
    25    0.3539979538E+01
    26   -0.4226162749E+01
    27    0.2383794715E+01
    28   -0.1117923325E+01
    29    0.6691697288E+00
    30    0.3494799051E+00
    31   -0.1874059333E+01
    32    0.2666389513E+01
    33   -0.2209390015E+01
    34    0.1283534075E+01
    35    0.3338825595E+00
    36   -0.7597249594E+00
    37    0.2410536751E+00
    38    0.1065553764E+00
    39    0.6369321392E+00
    40    0.3104848287E+00
    41   -0.2767517419E+01
    42    0.3812612855E+01
    43    0.3116704342E-01
    44   -0.4794044745E+01
    45    0.4934505956E+01
    46    0.5844524389E+00
    47   -0.5554095607E+01
    48    0.4859326699E+01
    49    0.2148510848E+00
    50   -0.3389448664E+01
    51    0.2373094615E+01
    52    0.5853349903E+00
    53   -0.3221340970E+01
    54    0.4172429553E+01
    55   -0.2680996432E+01
    56   -0.7127643208E+00
    57    0.2791207339E+01
    58   -0.1881787042E+01
    59   -0.9451730518E+00
    60    0.1868581126E+01
    61   -0.8156425005E+00
    62   -0.4325722142E+00
    63    0.2141331955E+00
    64   -0.1489039204E+00
    65    0.4806122516E+00
    66   -0.1511917254E+01
    67    0.1594687688E+01
    68   -0.6075663054E+00
    69   -0.1747854498E+01
    70    0.2862540545E+01
    71   -0.1040775778E+01
    72   -0.2760706306E+01
    73    0.3870965657E+01
    74   -0.7061834188E+00
    75   -0.3372247517E+01
    76    0.4409294835E+01
    77   -0.1463704843E+01
    78   -0.2136289508E+01
    79    0.3633383814E+01
    80   -0.2208491504E+01
    81   -0.1690001208E+00
    82    0.2505587521E+01
    83   -0.3010851287E+01
    84    0.1647870181E+01
    85    0.1866630096E+01
    86   -0.4308255097E+01
    87    0.3604816061E+01
    88   -0.6324556470E-01
    89   -0.2267608956E+01
    90    0.2648448143E+01
    91   -0.1953360647E+01
    92    0.1480800574E+01
    93   -0.3312613929E+00
    94   -0.1632602684E+01
    95    0.3542698586E+01
    96   -0.3911753727E+01
    97    0.2028055176E+01
    98    0.7709271296E+00
    99   -0.2240791182E+01
   100    0.1963169366E+01
   101   -0.1386370998E+01
   102    0.6743718156E+00
   103    0.7376635326E-01
   104   -0.1185525463E+01
   105    0.1419473714E+01
   106   -0.1071783626E+01
   107   -0.7462460378E-01
   108    0.6219232779E+00
   109   -0.6961599518E+00
   110    0.2926757187E-01
   111    0.2288133028E+00
   112   -0.3774931173E+00
   113   -0.7671154033E-01
   114    0.2322073747E+00
   115   -0.6178175471E+00
   116    0.2072430718E+00
   117    0.4055824154E+00
   118   -0.4397409337E+00
   119    0.1420316179E+00
   120    0.2980881186E+00
   121   -0.8829726232E+00
   122    0.1103391046E+01
   123   -0.2052318666E+00
   124   -0.7418702433E+00
   125    0.1244654803E+01
   126   -0.2038545897E+00
   127   -0.9936165100E+00
   128    0.1514103402E+01
   129   -0.2628405234E+00
   130   -0.1063249430E+01
   131    0.1696974362E+01
   132   -0.5869272503E+00
   133   -0.7261481094E+00
   134    0.1480545412E+01
   135   -0.7482145514E+00
   136   -0.7899090166E-01
   137    0.6071319204E+00
   138   -0.8693134581E+00
   139    0.1059760837E+01
   140   -0.6367877832E+00
   141    0.7582408803E-01
   142    0.5626396436E+00
   143   -0.1264625346E+01
   144    0.9967115594E+00
   145    0.9409090899E-01
   146   -0.8951323430E+00
   147    0.5071208587E+00
   148   -0.2869476546E+00
   149    0.9477348953E-01
   150   -0.1389155774E+00
   151   -0.9977584875E-01
   152   -0.2092872002E-01
   153   -0.2070836914E+00
   154    0.3021837572E-01
   155   -0.1048166885E+00
   156   -0.3371299343E+00
   157    0.1846304265E+00
   158    0.5829837161E-01
   159   -0.3256573894E+00
   160    0.1376853139E+00
   161    0.9156107108E-01
   162   -0.4678293745E+00
   163    0.1064210436E+00
   164    0.2530684279E+00
   165   -0.1167426223E+00
   166    0.8866561424E-01
   167    0.1257081454E+00
   168   -0.1046401139E-02
   169   -0.2296748724E+00
   170    0.4102179150E+00
   171    0.1381954810E+00
   172   -0.6937257830E-01
   173    0.1707681495E+00
   174    0.1003466169E+00
   175   -0.8524704603E-01
   176    0.3413376047E+00
   177   -0.2100114745E+00
   178    0.4899256511E-01
   179    0.5043335074E+00
   180   -0.3852035699E+00
   181   -0.2608066990E-01
   182    0.5093782537E+00
   183   -0.5822870426E+00
   184    0.3177214585E+00
   185    0.4500989505E-01
   186   -0.1295378117E+00
   187   -0.4781408565E-01
   188    0.9078485659E-01
   189   -0.1572532654E+00
   190   -0.1096786349E+00
   191   -0.1549315449E+00
   192    0.3882501414E+00
   193   -0.5689129067E+00
   194   -0.7092065577E-01
   195    0.3769574307E+00
   196   -0.5228901964E+00
   197   -0.6347613230E-01
   198    0.2533830966E+00
   199   -0.3759365922E+00
   200   -0.9355558391E-01
   201    0.3214135621E+00
   202   -0.4568187601E+00
   203    0.3972926279E+00
   204   -0.5337078883E-01
   205   -0.3077704770E+00
   206    0.1683505111E+00
   207    0.3711989011E-01
   208    0.6052842442E-01
   209    0.4925727711E+00
   210   -0.1193290285E+00
   211   -0.3062282245E+00
   212    0.4112144617E+00
   213    0.3385512676E-01
   214   -0.1751099024E+00
   215    0.1883830797E+00
   216    0.1806473269E+00
   217   -0.1370324233E-01
   218   -0.7682315783E-02
   219    0.1094076058E+00
   220    0.5082877757E-01
   221   -0.7282242995E-01
   222    0.1876053154E+00
   223    0.9484778795E-01
   224   -0.2438881061E+00
   225    0.1940568463E+00
   226   -0.5273198856E-01
   227   -0.2059275332E+00
   228   -0.8529293065E-01
   229    0.3243270958E+00
   230    0.1533483413E-01
   231   -0.3225674380E-01
   232   -0.5025960764E-01
   233   -0.1377588234E+00
   234   -0.5246540542E+00
   235    0.1129681929E-01
   236    0.1221633456E+01
   237   -0.2315196558E+00
   238   -0.4724849178E+00
   239   -0.3903132821E+00
   240   -0.5083705039E+00
   241    0.1025480442E+01
   242    0.6979115279E+00
   243   -0.7198931796E+00
   244   -0.3949675274E+00
   245    0.1180805569E+00
   246   -0.2539428705E+00
   247    0.2673728917E+00
   248    0.6079568707E+00
   249   -0.4587797015E+00
   250   -0.3273588406E+00
   251    0.1318394369E+00
   252   -0.3694153038E-02
   253   -0.3052735753E-01
   254   -0.3108852674E-01
   255   -0.4927061944E-03
   256    0.1478216307E-01
   257   -0.4730509637E-01
   258   -0.3606582858E-01
   259    0.8555363197E-01
   260   -0.1951344125E-01
   261   -0.1458481084E+00
   262    0.1721214542E-02
   263    0.8315913203E-01
   264    0.1142735138E-01
   265   -0.1591285080E+00
   266   -0.2150920338E-01
   267    0.1672064849E+00
   268   -0.1284410652E-01
   269   -0.7376073210E-01
   270   -0.1796671507E-01
   271    0.2830926344E-01
   272   -0.9357016278E-02
   273   -0.1451858221E-01
   274    0.1110588124E-01
   275   -0.1841291217E-01
   276   -0.8740511378E-02
   277    0.1842345508E-01
   278   -0.1719238418E-01
   279   -0.1714948420E-01
   280    0.3363828784E-01
   281    0.4279414232E-01
   282   -0.7614829574E-01
   283   -0.1061268231E+00
   284    0.1481248693E+00
   285    0.2466830108E-01
   286   -0.3842704424E-01
   287   -0.3153012359E-02
   288    0.1003505863E-01
   289   -0.2128886558E-02
   290    0.4401987680E-02
   291    0.1467095292E-01
   292    0.6111381929E-03
   293   -0.6106771351E-02
   294    0.8171448795E-02
   295    0.1226702109E-01
   296    0.2006561422E-02
   297   -0.4509892546E-02
   298    0.8105392266E-02
   299    0.1061374732E-01
   300   -0.4740224762E-02
   301   -0.3484525276E-01
   302    0.3215048410E-01
   303    0.1773954401E-01
   304    0.3420984083E-02
   305   -0.1541199034E-02
   306   -0.9606809530E-03
   307    0.1917682414E-02
   308    0.3722633066E-02
   309    0.5721863626E-02
   310    0.3984788567E-02
   311    0.7096705811E-03
   312    0.1738345118E-03
   313    0.3164295292E-02
   314    0.3365012585E-02
   315    0.1171871591E-02
   316    0.1617649385E-02
   317    0.3061412283E-02
   318    0.1033915643E-02
   319    0.4645802849E-03
   320    0.2331157800E-02
   321    0.2136695422E-02
   322    0.1093496994E-02
   323    0.8862183040E-03
   324    0.1369017507E-02
   325    0.1155542243E-02
   326    0.8961667560E-03
   327    0.1001787799E-02
   328    0.9159091036E-03
   329    0.5380479752E-03
   330    0.4981700780E-03
   331    0.7604121028E-03
   332    0.8536996984E-03
   333    0.5452808091E-03
   334    0.3756880916E-03
   335    0.4534489871E-03
   336    0.3408844703E-03
   337    0.4461589087E-03
   338    0.4546917559E-03
   339    0.1902361464E-03
   340    0.1815816336E-03
   341    0.3068358484E-03
   342    0.2455958181E-03
   343    0.2055537946E-03
   344    0.1362978263E-03
   345    0.1248387188E-03
   346    0.2035676083E-03
   347    0.1389439050E-03
   348    0.8959540307E-04
   349    0.1273340455E-03
   350    0.9340237211E-04
   351    0.4164676419E-04
   352    0.7809926179E-04
   353    0.8285959889E-04
   354    0.4057043842E-04
   355    0.4674230411E-04
   356    0.4711957031E-04
   357    0.3879586381E-04
   358    0.3382508172E-04
   359    0.2730379698E-04
   360    0.2371386885E-04
   361    0.2006508553E-04
   362    0.1946024011E-04
   363    0.1624478395E-04
   364    0.1549930055E-04
   365    0.1652496520E-04
   366    0.9921136646E-05
   367    0.7009318988E-05
   368    0.9546166412E-05
   369    0.6336104395E-05
   370    0.4141148438E-05
   371    0.5772755846E-05
   372    0.5547236501E-05
   373    0.4507801133E-05
   374    0.2815383443E-05
   375    0.2607206782E-05
   376    0.2416420818E-05
   377    0.1997763905E-05
   378    0.1771813452E-05
   379    0.1663214513E-05
   380    0.1479824299E-05
   381    0.9212618127E-06
   382    0.8230517192E-06
   383    0.7581622641E-06
   384    0.7253570667E-06
   385    0.5821054699E-06
   386    0.3791846063E-06
   387    0.3587717257E-06
   388    0.3734474489E-06
   389    0.3211416277E-06
   390    0.2450689114E-06
   391    0.2008652539E-06
   392    0.1480486680E-06
   393    0.1173309746E-06
   394    0.1086226522E-06
   395    0.1094591204E-06
   396    0.9161070347E-07
   397    0.6266855812E-07
   398    0.4584127367E-07
   399    0.3976268489E-07
   400    0.3766167650E-07
   401    0.3672026860E-07
   402    0.2699137924E-07
   403    0.1876201489E-07
   404    0.1794995330E-07
   405    0.1377912537E-07
   406    0.1037533676E-07
   407    0.1041479170E-07
   408    0.8117081118E-08
   409    0.5999521546E-08
   410    0.5167604344E-08
   411    0.4497508865E-08
   412    0.2762757662E-08
   413    0.2802498872E-08
   414    0.3224668171E-08
   415    0.1871549804E-08
   416    0.1127678617E-08
   417    0.1256455356E-08
   418    0.9767392173E-09
   419    0.8101394000E-09
   420    0.6582867584E-09
   421    0.4826561928E-09
   422    0.4541959864E-09
   423    0.3207216714E-09
   424    0.2561250101E-09
   425    0.2531385379E-09
   426    0.1689544060E-09
   427    0.1174632058E-09
   428    0.1104290548E-09
   429    0.9818329483E-10
   430    0.6932943108E-10
   431    0.4900241324E-10
   432    0.4544453702E-10
   433    0.3474470711E-10
   434    0.3007294413E-10
   435    0.2278197075E-10
   436    0.1395950022E-10
   437    0.1455172094E-10
   438    0.1163683039E-10
   439    0.8110012661E-11
   440    0.6808470454E-11
   441    0.5047018359E-11
   442    0.3980371588E-11
   443    0.3351319222E-11
   444    0.2289224366E-11
   445    0.1882244360E-11
   446    0.1714628439E-11
   447    0.1258271265E-11
   448    0.8324452239E-12
   449    0.6294131882E-12
   450    0.5533906666E-12
   451    0.4503619699E-12
   452    0.3602951271E-12
   453    0.2534361609E-12
   454    0.1900701818E-12
   455    0.1522115767E-12
   456    0.1154631946E-12
   457    0.8726352974E-13
   458    0.6925016116E-13
   459    0.5598299602E-13
   460    0.4507505480E-13
   461    0.2908784325E-13
   462    0.2181588243E-13
   463    0.1998401444E-13
   464    0.1382227666E-13
   465    0.9714451465E-14
   466    0.7632783294E-14
   467    0.5329070518E-14
   468    0.3858025011E-14
   469    0.3164135620E-14
   470    0.3330669074E-14
   471    0.2886579864E-14
   472    0.2220446049E-14
   473    0.8881784197E-15
   474    0.1609823386E-14
   475    0.1776356839E-14
   476    0.8881784197E-15
   477    0.9992007222E-15
   478    0.0000000000E+00
   479    0.8881784197E-15
   480    0.2220446049E-15
   481    0.2220446049E-15
   482    0.1110223025E-15
   483    0.0000000000E+00
   484    0.0000000000E+00
   485    0.2220446049E-15
   486    0.0000000000E+00
   487    0.0000000000E+00
   488    0.0000000000E+00
   489    0.0000000000E+00
   490    0.0000000000E+00
   491    0.2220446049E-15
   492    0.0000000000E+00
   493   -0.5551115123E-15
   494    0.0000000000E+00
   495    0.0000000000E+00
   496    0.3330669074E-15
   497    0.0000000000E+00
   498    0.5551115123E-15
   499   -0.2220446049E-15
   500    0.3571428571E+01
   501    0.3571428571E+01
   502    0.0000000000E+00
