    -1    0.0000000000E+00
     0   -0.2482824748E+01
     1   -0.4664302987E+01
     2    0.9016597994E+00
     3    0.8896100111E+00
     4   -0.1665806492E+01
     5    0.9761368073E+00
     6    0.9391214648E-01
     7    0.2417024575E+00
     8   -0.3305124002E+00
     9    0.5417791367E+00
    10   -0.6299358228E+00
    11   -0.1199483646E+01
    12    0.8624584709E-01
    13   -0.9067349428E+00
    14    0.3639313339E+00
    15   -0.9530187130E+00
    16    0.7553291936E+00
    17   -0.1377218880E+00
    18   -0.7781008075E+00
    19    0.6413723593E+00
    20   -0.2696391372E+00
    21    0.4484899496E-01
    22   -0.4558341652E+00
    23    0.1352192200E+00
    24    0.6369657977E+00
    25   -0.5637263109E+00
    26    0.4774357341E+00
    27    0.5030809287E+00
    28    0.2615323357E+00
    29   -0.5756243689E-01
    30    0.1778567813E-01
    31    0.9640005322E+00
    32   -0.8306812286E+00
    33    0.9529917516E+00
    34    0.1727436786E+00
    35   -0.6701184831E+00
    36    0.9696612575E+00
    37    0.3348576623E+00
    38   -0.8883895365E+00
    39    0.8819751443E+00
    40   -0.5673291478E+00
    41    0.3833665447E+00
    42    0.4251456823E+00
    43   -0.5041682935E+00
    44    0.2274822748E+00
    45   -0.5571623180E+00
    46    0.1210530165E+01
    47   -0.1311141224E+01
    48    0.2797199155E+00
    49    0.4347957279E+00
    50   -0.1296895830E+00
    51   -0.9710315900E+00
    52    0.5218498149E+00
    53   -0.6166441381E-01
    54   -0.8201722726E+00
    55   -0.1037586702E-01
    56    0.2469924393E+00
    57   -0.5462907721E+00
    58    0.2300863853E-02
    59   -0.1740066595E+00
    60   -0.3191060610E+00
    61   -0.4765296601E+00
    62    0.1560061127E+00
    63   -0.3878013883E-01
    64   -0.7958866235E+00
    65    0.2286842258E+00
    66   -0.3057382318E-01
    67    0.3621655626E+00
    68   -0.4319034604E+00
    69    0.7993492077E+00
    70   -0.1438162589E+00
    71   -0.1043147390E+00
    72    0.3401329420E+00
    73    0.4000943280E+00
    74    0.6492885013E+00
    75   -0.6448670811E+00
    76    0.2693632701E+00
    77    0.1036227130E+01
    78   -0.2508846703E+00
    79   -0.6202700753E+00
    80    0.1512084821E+01
    81   -0.3487565710E+00
    82   -0.6734375527E+00
    83    0.1057467347E+01
    84   -0.9159423438E+00
    85    0.1605689551E+01
    86   -0.1405703873E+01
    87    0.7690311028E+00
    88   -0.2408815178E+00
    89   -0.1754753913E+00
    90    0.7838225081E+00
    91   -0.1421281949E+01
    92    0.1275632841E+01
    93   -0.5825081310E+00
    94    0.6561409227E-01
    95   -0.5282553614E+00
    96   -0.3384960312E+00
    97    0.1679519973E+01
    98   -0.2672848844E+01
    99    0.1191724053E+01
   100    0.3541355977E+00
   101   -0.1464472457E+01
   102    0.3471476591E+00
   103   -0.6549287741E-01
   104   -0.8359720529E+00
   105    0.9469088109E+00
   106   -0.1258927438E+01
   107    0.7199811600E-01
   108    0.3417578932E-01
   109   -0.1262001066E+00
   110   -0.2188571412E+00
   111   -0.4232312802E-01
   112    0.4456353727E+00
   113   -0.6033330728E+00
   114    0.8202011291E+00
   115   -0.4608838529E+00
   116    0.6258842413E+00
   117    0.3838192370E-01
   118    0.1922086702E+00
   119    0.5308228219E+00
   120    0.1078448172E+00
   121   -0.2773115792E+00
   122    0.6220932810E+00
   123    0.4849356066E+00
   124   -0.3097738350E+00
   125    0.2870775895E+00
   126   -0.4745902377E-02
   127    0.1586606257E+00
   128    0.4894982872E+00
   129   -0.4991197139E+00
   130    0.2799331688E+00
   131    0.8394594339E-01
   132    0.1162593891E+00
   133   -0.7855497516E-02
   134   -0.3234270110E+00
   135    0.3520764198E+00
   136   -0.2393620476E+00
   137   -0.2355861875E+00
   138    0.5630073508E+00
   139   -0.8477483514E+00
   140    0.7485036593E+00
   141   -0.9403431719E+00
   142    0.6941026654E-01
   143    0.2588494977E+00
   144   -0.3747077432E+00
   145   -0.7456841473E+00
   146    0.4759933793E+00
   147   -0.4351068132E+00
   148   -0.3873874438E+00
   149    0.1149910368E+00
   150   -0.3687880474E+00
   151   -0.4086510881E+00
   152   -0.6394422079E-02
   153   -0.2806516664E+00
   154   -0.1038881322E+00
   155    0.2198100728E-01
   156    0.1805719101E+00
   157   -0.4380245416E+00
   158    0.7139435657E+00
   159   -0.5527636162E-01
   160   -0.1140797271E-01
   161    0.4042264084E+00
   162    0.3295231958E+00
   163   -0.1600749487E+00
   164    0.2785907815E+00
   165    0.5523662052E+00
   166    0.1468366827E+00
   167    0.1154731520E+00
   168    0.1125382733E+00
   169    0.2102410690E-02
   170    0.5536956988E+00
   171   -0.2269700240E-01
   172    0.4691352136E-02
   173   -0.2519620778E+00
   174    0.4593685378E+00
   175    0.2072807896E+00
   176   -0.3592611223E+00
   177    0.1622933006E+00
   178    0.2604688731E+00
   179   -0.2258955227E+00
   180   -0.4055571720E+00
   181    0.1971556091E+00
   182   -0.3877584388E-01
   183   -0.3735297125E-02
   184   -0.6177480089E+00
   185    0.3435389246E+00
   186   -0.1221882377E+00
   187   -0.2323093721E+00
   188   -0.4647769745E+00
   189   -0.2879099862E+00
   190   -0.1204723338E+00
   191   -0.3179745795E+00
   192   -0.1150742382E+00
   193    0.2488605532E-01
   194   -0.3303170417E+00
   195   -0.3287339495E+00
   196    0.3106372798E+00
   197   -0.5131687040E+00
   198    0.5694817808E+00
   199    0.5824980782E-01
   200    0.6026190611E-01
   201   -0.8167333499E-01
   202    0.4017723824E+00
   203   -0.1586107442E+00
   204    0.6559628014E+00
   205    0.1986952824E+00
   206    0.1637959244E+00
   207   -0.1685380792E+00
   208    0.3001089905E+00
   209    0.5533218578E-01
   210   -0.1383287897E-01
   211    0.1078244468E+00
   212    0.2921176083E+00
   213    0.1897950779E+00
   214   -0.4982582206E+00
   215    0.3347691722E+00
   216    0.2217138945E+00
   217    0.8555252727E-01
   218   -0.5205189043E+00
   219    0.3110341658E+00
   220    0.1386934791E+00
   221    0.3173491970E-01
   222   -0.3261735407E+00
   223   -0.2151895762E+00
   224   -0.3922911109E+00
   225    0.5050637296E+00
   226    0.2712767854E+00
   227   -0.8582855201E+00
   228    0.4383961459E+00
   229    0.1315085327E+00
   230   -0.1525678959E+01
   231   -0.2175853664E+00
   232    0.2360733199E+01
   233    0.4186190371E+00
   234   -0.8282755603E+00
   235   -0.7028841200E+00
   236   -0.8561386481E+00
   237    0.5232648126E+00
   238    0.2370094976E+01
   239   -0.1452416085E+01
   240   -0.1281739359E+01
   241    0.7827751898E+00
   242   -0.5993021280E+00
   243    0.2744331151E+00
   244    0.1328115117E+01
   245   -0.6362014153E+00
   246   -0.1018307714E+01
   247    0.3741043777E+00
   248    0.2883018282E+00
   249   -0.1352238560E+00
   250   -0.8395516148E-01
   251    0.1102603659E+00
   252    0.4280344745E-02
   253   -0.1181885376E+00
   254   -0.5073636654E-01
   255    0.1568845253E+00
   256    0.5372936449E-01
   257   -0.2660777201E+00
   258   -0.1489353766E+00
   259    0.3281874593E+00
   260    0.6351142789E-01
   261   -0.4211109380E+00
   262    0.5983952346E-01
   263    0.3175450086E+00
   264   -0.8084115506E-01
   265   -0.1140954799E+00
   266   -0.3639614152E-02
   267    0.2929308751E-01
   268    0.4919707405E-02
   269   -0.1579725970E-01
   270   -0.6616176130E-02
   271   -0.5161195939E-02
   272   -0.5937219146E-02
   273    0.1433614088E-01
   274   -0.5650187418E-02
   275   -0.4339197228E-01
   276    0.4135825018E-01
   277    0.1018835865E+00
   278   -0.1881413252E+00
   279   -0.9658403593E-01
   280    0.2430910731E+00
   281   -0.5750622499E-05
   282   -0.6430801011E-01
   283    0.3728637618E-02
   284    0.1166833469E-01
   285   -0.5899367579E-02
   286    0.9852153973E-02
   287    0.1900075182E-01
   288   -0.5335344033E-02
   289   -0.8690652345E-02
   290    0.1322133584E-01
   291    0.1468969974E-01
   292   -0.2010135888E-02
   293   -0.5064375691E-02
   294    0.1123105686E-01
   295    0.1272052850E-01
   296   -0.2142933900E-01
   297   -0.3528619209E-01
   298    0.5116210845E-01
   299    0.1668335476E-01
   300   -0.1253785002E-02
   301   -0.4343912675E-02
   302   -0.1561387716E-02
   303    0.2976065831E-02
   304    0.4250088144E-02
   305    0.6790169642E-02
   306    0.3380592605E-02
   307   -0.7292165415E-03
   308    0.2647074661E-03
   309    0.4024026154E-02
   310    0.3221631461E-02
   311    0.2851503523E-03
   312    0.2454939349E-02
   313    0.3039492784E-02
   314    0.1562289258E-03
   315    0.5785792209E-03
   316    0.2946049281E-02
   317    0.2055548711E-02
   318    0.5982753791E-03
   319    0.1113220609E-02
   320    0.1436418528E-02
   321    0.9710972924E-03
   322    0.9348431263E-03
   323    0.1091306173E-02
   324    0.7532603300E-03
   325    0.4284210169E-03
   326    0.5433159384E-03
   327    0.7853294468E-03
   328    0.9306603648E-03
   329    0.4749664715E-03
   330    0.2929371253E-03
   331    0.4703934426E-03
   332    0.3380603176E-03
   333    0.4885118039E-03
   334    0.4188162363E-03
   335    0.1307045130E-03
   336    0.1891021792E-03
   337    0.3185509232E-03
   338    0.2482805042E-03
   339    0.1889511673E-03
   340    0.9864297469E-04
   341    0.1471749268E-03
   342    0.2196564931E-03
   343    0.1151567130E-03
   344    0.9018763849E-04
   345    0.1386207095E-03
   346    0.7362103490E-04
   347    0.2990381009E-04
   348    0.9757516311E-04
   349    0.7434266280E-04
   350    0.3087665902E-04
   351    0.5252728389E-04
   352    0.4469773732E-04
   353    0.3810700016E-04
   354    0.3244251296E-04
   355    0.2592104750E-04
   356    0.2191170223E-04
   357    0.1954767732E-04
   358    0.1902251141E-04
   359    0.1522419074E-04
   360    0.1697360732E-04
   361    0.1630472848E-04
   362    0.7986754944E-05
   363    0.6735394262E-05
   364    0.1011154906E-04
   365    0.4834989530E-05
   366    0.3776237956E-05
   367    0.6347471630E-05
   368    0.5678092594E-05
   369    0.4147028499E-05
   370    0.2442545598E-05
   371    0.2638072048E-05
   372    0.2237004397E-05
   373    0.1935912950E-05
   374    0.1739916061E-05
   375    0.1731882080E-05
   376    0.1362606120E-05
   377    0.8032911301E-06
   378    0.8030893563E-06
   379    0.7346554258E-06
   380    0.7311545240E-06
   381    0.5298275615E-06
   382    0.3233588941E-06
   383    0.3620604478E-06
   384    0.3934271848E-06
   385    0.2957294778E-06
   386    0.2428315954E-06
   387    0.1930355595E-06
   388    0.1230856576E-06
   389    0.1124033028E-06
   390    0.1095401024E-06
   391    0.1110663147E-06
   392    0.8714298044E-07
   393    0.5631765321E-07
   394    0.4015036681E-07
   395    0.3718530373E-07
   396    0.3969501328E-07
   397    0.3610686319E-07
   398    0.2392985410E-07
   399    0.1824657925E-07
   400    0.1740985281E-07
   401    0.1203325539E-07
   402    0.1035374800E-07
   403    0.1018436915E-07
   404    0.7456895101E-08
   405    0.5632923239E-08
   406    0.5117195556E-08
   407    0.3993786385E-08
   408    0.2420241424E-08
   409    0.3071925075E-08
   410    0.3279580635E-08
   411    0.1488026730E-08
   412    0.1029346164E-08
   413    0.1252681764E-08
   414    0.9014426983E-09
   415    0.7949616521E-09
   416    0.6024889476E-09
   417    0.4554250310E-09
   418    0.4536147014E-09
   419    0.2754856343E-09
   420    0.2603242066E-09
   421    0.2495764428E-09
   422    0.1463069665E-09
   423    0.1057103849E-09
   424    0.1134311811E-09
   425    0.9399614420E-10
   426    0.6039505007E-10
   427    0.4759403982E-10
   428    0.4263553399E-10
   429    0.3365899226E-10
   430    0.2985123260E-10
   431    0.1940136940E-10
   432    0.1316871612E-10
   433    0.1463729138E-10
   434    0.1074501599E-10
   435    0.7644551658E-11
   436    0.6418560128E-11
   437    0.4619415961E-11
   438    0.3902211887E-11
   439    0.3069322574E-11
   440    0.2055300374E-11
   441    0.1878275313E-11
   442    0.1681488282E-11
   443    0.1128319660E-11
   444    0.7496225862E-12
   445    0.5834777106E-12
   446    0.5224709554E-12
   447    0.4474198789E-12
   448    0.3363975765E-12
   449    0.2300382107E-12
   450    0.1791899962E-12
   451    0.1418865025E-12
   452    0.1058597654E-12
   453    0.8310019339E-13
   454    0.6517009155E-13
   455    0.5401235015E-13
   456    0.4352074257E-13
   457    0.2420286194E-13
   458    0.2031708135E-13
   459    0.2051137038E-13
   460    0.1154631946E-13
   461    0.8354428260E-14
   462    0.8881784197E-14
   463    0.3830269435E-14
   464    0.4052314040E-14
   465    0.3552713679E-14
   466    0.2081668171E-14
   467    0.1471045508E-14
   468    0.1360023205E-14
   469    0.6661338148E-15
   470    0.1332267630E-14
   471    0.8881784197E-15
   472    0.2775557562E-15
   473    0.4440892099E-15
   474    0.2220446049E-15
   475    0.8881784197E-15
   476    0.2220446049E-15
   477    0.6661338148E-15
   478    0.1110223025E-15
   479    0.1110223025E-15
   480    0.2220446049E-15
   481    0.2220446049E-15
   482    0.2220446049E-15
   483    0.2220446049E-15
   484    0.2220446049E-15
   485    0.2220446049E-15
   486    0.3330669074E-15
   487    0.0000000000E+00
   488    0.2220446049E-15
   489    0.2220446049E-15
   490   -0.8881784197E-15
   491   -0.7771561172E-15
   492    0.3330669074E-15
   493    0.0000000000E+00
   494    0.2220446049E-15
   495    0.0000000000E+00
   496   -0.8881784197E-15
   497    0.0000000000E+00
   498    0.0000000000E+00
   499    0.2220446049E-15
   500    0.3571428571E+01
   501    0.3571428571E+01
   502    0.0000000000E+00
