    -1    0.0000000000E+00
     0   -0.4982019093E+01
     1   -0.2260634038E+01
     2    0.8032005842E-01
     3   -0.4590839201E-01
     4    0.6762798836E-01
     5    0.6377440103E-01
     6   -0.4648302964E-01
     7    0.8745779146E-01
     8    0.4305398752E-01
     9   -0.5878572366E-01
    10    0.1048140456E+00
    11    0.2087670539E-01
    12   -0.7885291219E-01
    13    0.1144393648E+00
    14    0.2123081350E-02
    15   -0.1038733086E+00
    16    0.1154201813E+00
    17   -0.8723489815E-02
    18   -0.1322951964E+00
    19    0.1109279121E+00
    20   -0.1151986583E-01
    21   -0.1928869668E+00
    22    0.1645057949E+00
    23   -0.7947703665E-01
    24   -0.1011605718E+00
    25    0.9355434862E-01
    26   -0.7516955865E-01
    27   -0.1103058129E+00
    28    0.8642228675E-01
    29   -0.6305057045E-01
    30   -0.1111909131E+00
    31    0.6480823501E-01
    32   -0.2000206519E-01
    33   -0.1523047774E+00
    34    0.9529322062E-01
    35    0.5003882436E-01
    36   -0.1777791165E+00
    37    0.9720231593E-01
    38    0.5932623899E-01
    39   -0.1483286947E+00
    40    0.9748051060E-01
    41    0.6092107190E-01
    42   -0.1086542259E+00
    43    0.9215680483E-01
    44    0.5614170693E-01
    45   -0.6240484905E-01
    46    0.7898353216E-01
    47    0.4512284389E-01
    48   -0.1425534103E-01
    49    0.5849763752E-01
    50    0.2730726334E-01
    51    0.3103933057E-01
    52    0.3235416164E-01
    53    0.3356740581E-02
    54    0.7023070400E-01
    55    0.1265240025E-02
    56   -0.2275408420E-01
    57    0.9879067699E-01
    58   -0.3038701082E-01
    59   -0.4900503090E-01
    60    0.1160782202E+00
    61   -0.5814637144E-01
    62   -0.7476910083E-01
    63    0.1262232828E+00
    64   -0.8311881414E-01
    65   -0.9373923320E-01
    66    0.5668340052E-01
    67    0.2569009825E-01
    68   -0.1218846228E+00
    69    0.2127443491E-02
    70    0.3994015245E-01
    71   -0.1182127653E+00
    72   -0.1413937601E-01
    73    0.2113821533E-01
    74   -0.8311199289E-01
    75   -0.2586622286E-01
    76    0.2847670672E-02
    77   -0.8960669977E-01
    78    0.6506378523E-01
    79   -0.9871402102E-01
    80   -0.4641252556E-02
    81    0.1011174783E+00
    82   -0.1401324275E+00
    83    0.4121233025E-01
    84    0.9910549180E-01
    85   -0.1475018198E+00
    86    0.8594090382E-01
    87    0.1016880557E+00
    88   -0.1573306731E+00
    89    0.1228094548E+00
    90    0.1090228546E+00
    91   -0.1692854366E+00
    92    0.1478386854E+00
    93    0.1164987240E+00
    94   -0.1796398337E+00
    95    0.1575228515E+00
    96    0.1208296472E+00
    97   -0.1859377268E+00
    98    0.1511288267E+00
    99    0.1181322120E+00
   100   -0.1859527737E+00
   101    0.1318255875E+00
   102    0.1056499435E+00
   103   -0.1789810297E+00
   104    0.1051567340E+00
   105    0.8310049745E-01
   106   -0.1654580174E+00
   107    0.7763355225E-01
   108    0.5118659572E-01
   109   -0.1470238503E+00
   110    0.3737793021E-01
   111   -0.4070910430E-03
   112   -0.6871650439E-01
   113    0.5327453925E-01
   114   -0.7959380798E-01
   115   -0.6040874423E-01
   116    0.6279502975E-01
   117   -0.1099456477E+00
   118   -0.5084386877E-01
   119    0.8298027759E-01
   120   -0.1338965315E+00
   121   -0.4190230652E-01
   122    0.1086320933E+00
   123   -0.2070911224E+00
   124    0.6869694181E-01
   125    0.6358916625E-01
   126   -0.1336934173E+00
   127    0.4330846294E-01
   128    0.8611770164E-01
   129   -0.1362990712E+00
   130    0.5828592436E-01
   131    0.1074063213E+00
   132   -0.1282402390E+00
   133    0.6381023212E-01
   134    0.1226531226E+00
   135   -0.1106025883E+00
   136    0.6003505655E-01
   137    0.1270351589E+00
   138   -0.8493722491E-01
   139    0.4881238742E-01
   140    0.1162610120E+00
   141   -0.5376494250E-01
   142    0.3206057588E-01
   143    0.8989536160E-01
   144   -0.2034909939E-01
   145    0.1222453874E-01
   146    0.4995959784E-01
   147    0.1122862674E-01
   148   -0.6213987353E-02
   149    0.1121695714E-02
   150    0.3636057035E-01
   151   -0.1762425470E-01
   152   -0.5165216532E-01
   153    0.5270298050E-01
   154   -0.3023553946E-01
   155   -0.1027843113E+00
   156    0.8279080787E-01
   157   -0.7902700539E-01
   158   -0.1516508114E-01
   159   -0.8699397719E-02
   160   -0.4973399121E-01
   161   -0.3957673158E-01
   162   -0.2793405061E-01
   163   -0.1860146004E-01
   164   -0.5296519055E-01
   165   -0.5013077083E-01
   166    0.3176089524E-01
   167   -0.1465575861E+00
   168    0.5016212586E-01
   169    0.7639022719E-01
   170   -0.1781843021E+00
   171    0.5089565580E-01
   172    0.9315034255E-01
   173   -0.1565740426E+00
   174    0.5318256840E-01
   175    0.9988038201E-01
   176   -0.1589151318E+00
   177    0.7361655045E-01
   178    0.1251955565E+00
   179   -0.1587675699E+00
   180    0.1387093351E+00
   181    0.9032737105E-01
   182   -0.9423193095E-01
   183    0.9373923225E-01
   184    0.6401828355E-01
   185   -0.4771526682E-01
   186    0.6193046789E-01
   187    0.4642589257E-01
   188   -0.1296813130E-01
   189    0.2807680954E-01
   190    0.3166821765E-01
   191    0.1383619978E-01
   192   -0.1713943404E-01
   193    0.2246252308E-02
   194   -0.6373903815E-03
   195    0.1582063977E-01
   196   -0.1504441213E-01
   197   -0.2624998388E-02
   198    0.1149363647E-01
   199   -0.6445984399E-01
   200   -0.2145029216E-01
   201    0.5612987707E-02
   202   -0.6161765738E-01
   203   -0.2078651945E-01
   204    0.3984684880E-02
   205   -0.5469707239E-01
   206   -0.7974218046E-02
   207    0.2167927618E-02
   208   -0.1235670932E+00
   209    0.8906723662E-01
   210   -0.5304638695E-01
   211   -0.2895845525E-01
   212    0.6421163043E-01
   213   -0.4719425256E-01
   214   -0.3061078120E-01
   215    0.2780724180E-01
   216    0.3309399997E-01
   217    0.1405557783E-03
   218    0.7463578603E-01
   219   -0.1516760947E-01
   220    0.3668902946E-02
   221    0.7928938019E-01
   222   -0.1904494437E-01
   223    0.4175249261E-01
   224    0.7749193205E-01
   225   -0.3636713638E-01
   226    0.5197089341E-01
   227    0.8151054802E-01
   228   -0.1296564961E-01
   229    0.4938843993E-01
   230    0.4187368420E-01
   231   -0.1991420897E-01
   232    0.8555207163E-01
   233    0.6424412798E-01
   234   -0.1833334558E+00
   235    0.5556453190E-01
   236    0.1359659328E+00
   237   -0.1708806265E-02
   238    0.3850864484E-01
   239    0.3871817275E-01
   240   -0.2191648203E+00
   241   -0.3339379755E-01
   242    0.1785607210E+00
   243    0.1545914942E+00
   244   -0.8994445163E-01
   245   -0.3975315483E-01
   246   -0.2335215681E+00
   247   -0.1900183941E-01
   248    0.2722178735E+00
   249    0.5144520111E-01
   250   -0.1234892090E+00
   251   -0.3211257535E-01
   252   -0.1217248077E+00
   253   -0.7348304627E-01
   254    0.5794358109E-01
   255    0.1779888797E+00
   256   -0.9246358103E-01
   257   -0.1068202859E+00
   258    0.5036730942E-01
   259   -0.4312957915E-01
   260   -0.6630927821E-01
   261    0.3986252686E-01
   262   -0.2752145148E-01
   263   -0.6177724569E-01
   264    0.1433097284E-01
   265   -0.8897067153E-03
   266   -0.2794728741E-01
   267    0.1337351380E-02
   268   -0.3150210890E-01
   269   -0.2981421264E-01
   270    0.1821415872E-01
   271   -0.9535530471E-02
   272   -0.4147180483E-01
   273   -0.2824540778E-01
   274    0.2972082989E-01
   275    0.5295154846E-02
   276   -0.1090159781E-01
   277   -0.2173414282E-01
   278   -0.7799962835E-02
   279    0.8652859242E-02
   280   -0.1163925275E-01
   281   -0.8215160343E-02
   282    0.5434249019E-02
   283   -0.1243293999E-01
   284   -0.5648586427E-02
   285    0.4196903465E-02
   286   -0.1151116116E-01
   287    0.2815078060E-03
   288    0.2115539743E-01
   289   -0.6583218120E-03
   290   -0.4384943050E-01
   291    0.4033794790E-02
   292    0.3697537015E-01
   293   -0.4515649195E-02
   294   -0.2924812393E-02
   295    0.6005268213E-02
   296    0.1035829002E-02
   297    0.6272416382E-03
   298    0.7822745607E-02
   299    0.5723030137E-02
   300   -0.1372511682E-02
   301    0.2752459760E-02
   302    0.7689858575E-02
   303    0.4409300076E-02
   304    0.1582613684E-02
   305    0.2314213573E-02
   306    0.5690395660E-02
   307    0.4421099517E-02
   308   -0.3800281913E-02
   309   -0.1040271285E-01
   310    0.2076304435E-01
   311    0.6266158926E-02
   312    0.4269272761E-02
   313    0.1030990927E-02
   314    0.1126475200E-02
   315    0.3257676839E-02
   316    0.3455055427E-02
   317    0.4103514989E-02
   318    0.2775915417E-02
   319    0.1419345013E-02
   320    0.1765405246E-02
   321    0.2836861387E-02
   322    0.2598211830E-02
   323    0.1400746658E-02
   324    0.2146089364E-02
   325    0.2228133752E-02
   326    0.1154190074E-02
   327    0.1284407025E-02
   328    0.2015195679E-02
   329    0.1681880405E-02
   330    0.9743174255E-03
   331    0.1185256836E-02
   332    0.1315720811E-02
   333    0.9780136634E-03
   334    0.9317759030E-03
   335    0.1014426013E-02
   336    0.7615035461E-03
   337    0.6017739912E-03
   338    0.7042526622E-03
   339    0.6838855731E-03
   340    0.6608654181E-03
   341    0.5341653598E-03
   342    0.4211713735E-03
   343    0.4198705506E-03
   344    0.3923826830E-03
   345    0.4213383751E-03
   346    0.3356752331E-03
   347    0.2290182564E-03
   348    0.2536633069E-03
   349    0.2654899040E-03
   350    0.2181501171E-03
   351    0.1929164052E-03
   352    0.1453474038E-03
   353    0.1518235386E-03
   354    0.1674809035E-03
   355    0.1176142772E-03
   356    0.1026481249E-03
   357    0.1124226120E-03
   358    0.7855998516E-04
   359    0.6026423193E-04
   360    0.7914956195E-04
   361    0.6331889225E-04
   362    0.4511949376E-04
   363    0.4819706696E-04
   364    0.4195805031E-04
   365    0.3661958816E-04
   366    0.3132259698E-04
   367    0.2663804943E-04
   368    0.2286946757E-04
   369    0.2083623365E-04
   370    0.1809599613E-04
   371    0.1553241544E-04
   372    0.1547219890E-04
   373    0.1276685094E-04
   374    0.9522964961E-05
   375    0.8480129837E-05
   376    0.8196607584E-05
   377    0.5995782910E-05
   378    0.5237118952E-05
   379    0.5345395645E-05
   380    0.4786814962E-05
   381    0.3791177556E-05
   382    0.2803535352E-05
   383    0.2699488922E-05
   384    0.2267436744E-05
   385    0.1919294189E-05
   386    0.1691288370E-05
   387    0.1534192158E-05
   388    0.1235895813E-05
   389    0.9435791284E-06
   390    0.8293771661E-06
   391    0.7423398594E-06
   392    0.6608717595E-06
   393    0.5065554200E-06
   394    0.4035543028E-06
   395    0.3651570909E-06
   396    0.3406451849E-06
   397    0.2755599113E-06
   398    0.2231475386E-06
   399    0.1850187896E-06
   400    0.1425471459E-06
   401    0.1215010309E-06
   402    0.1079925625E-06
   403    0.9739811799E-07
   404    0.7703037164E-07
   405    0.5911539061E-07
   406    0.4724464914E-07
   407    0.3983026017E-07
   408    0.3696576534E-07
   409    0.3138732416E-07
   410    0.2329191548E-07
   411    0.1913028061E-07
   412    0.1661321050E-07
   413    0.1256110380E-07
   414    0.1074097492E-07
   415    0.9415410673E-08
   416    0.7207140995E-08
   417    0.5790818325E-08
   418    0.5050342866E-08
   419    0.3851669955E-08
   420    0.2930632292E-08
   421    0.2862303811E-08
   422    0.2488398987E-08
   423    0.1605935357E-08
   424    0.1286424023E-08
   425    0.1171199138E-08
   426    0.9025302172E-09
   427    0.7557270920E-09
   428    0.5951354132E-09
   429    0.4702519207E-09
   430    0.4063889225E-09
   431    0.2949330224E-09
   432    0.2543464050E-09
   433    0.2132649612E-09
   434    0.1534377903E-09
   435    0.1185837539E-09
   436    0.1055839860E-09
   437    0.8528161510E-10
   438    0.6124253882E-10
   439    0.5022579574E-10
   440    0.4081912586E-10
   441    0.3231753753E-10
   442    0.2709918401E-10
   443    0.1928868176E-10
   444    0.1494601665E-10
   445    0.1328562260E-10
   446    0.9945572144E-11
   447    0.7687739334E-11
   448    0.6172368172E-11
   449    0.4632155770E-11
   450    0.3794187187E-11
   451    0.2953304268E-11
   452    0.2162908741E-11
   453    0.1815020356E-11
   454    0.1495387147E-11
   455    0.1072614220E-11
   456    0.7953637748E-12
   457    0.6332434577E-12
   458    0.5046518758E-12
   459    0.4102551632E-12
   460    0.3132494264E-12
   461    0.2300382107E-12
   462    0.1779409953E-12
   463    0.1395550342E-12
   464    0.1048605647E-12
   465    0.8215650382E-13
   466    0.6383782392E-13
   467    0.5001554726E-13
   468    0.3838596108E-13
   469    0.2720046410E-13
   470    0.2023381462E-13
   471    0.1698641228E-13
   472    0.1196265309E-13
   473    0.8298917109E-14
   474    0.6494804694E-14
   475    0.5051514762E-14
   476    0.3524958103E-14
   477    0.3552713679E-14
   478    0.3441691376E-14
   479    0.1249000903E-14
   480    0.1693090113E-14
   481    0.1026956298E-14
   482    0.1526556659E-14
   483    0.6938893904E-15
   484   -0.2498001805E-15
   485    0.4440892099E-15
   486    0.6661338148E-15
   487    0.3330669074E-15
   488    0.2220446049E-15
   489    0.2220446049E-15
   490    0.0000000000E+00
   491    0.0000000000E+00
   492    0.0000000000E+00
   493    0.0000000000E+00
   494    0.0000000000E+00
   495    0.0000000000E+00
   496    0.0000000000E+00
   497    0.2220446049E-15
   498    0.2220446049E-15
   499    0.0000000000E+00
   500    0.3571428571E+01
   501    0.3571428571E+01
   502    0.0000000000E+00
