    -1    0.0000000000E+00
     0   -0.2642113897E+01
     1   -0.2501085506E+01
     2   -0.1697995624E+01
     3   -0.1746544753E+01
     4    0.1310761044E+01
     5   -0.1673112022E+01
     6    0.3819537980E+01
     7   -0.4031389426E+00
     8   -0.8047317564E+00
     9    0.1513843388E+01
    10   -0.3647740819E+01
    11    0.1938641341E+01
    12    0.1031615239E+01
    13    0.2662413698E+00
    14    0.4117072159E+00
    15   -0.1447271438E+01
    16    0.8023630333E+00
    17   -0.1987621355E+01
    18   -0.3140349867E+00
    19    0.1392946895E+01
    20    0.3306339486E+01
    21   -0.7288576252E+01
    22    0.3595056492E+01
    23   -0.3933711053E+00
    24   -0.2763895170E+01
    25    0.2234995757E+01
    26    0.3408852535E+01
    27   -0.4542483107E+01
    28    0.2982070826E+01
    29    0.1035774641E+01
    30    0.2422820072E+01
    31   -0.7662720557E+01
    32   -0.2346097842E+01
    33    0.3600301364E+01
    34    0.1022426889E+01
    35   -0.3712908869E+00
    36    0.5831144374E+00
    37    0.1409706621E+01
    38   -0.1663616178E+01
    39    0.2325347066E+01
    40   -0.1933257043E+01
    41   -0.4025308197E+01
    42    0.5068814408E+01
    43   -0.1829916855E+01
    44   -0.2712093726E+00
    45    0.7417935057E+00
    46    0.1938489770E+01
    47   -0.9423314069E+00
    48    0.1849442577E+01
    49   -0.3168547921E+01
    50    0.3313720545E+01
    51   -0.4160671167E+01
    52    0.3752831524E+01
    53    0.2561927358E+01
    54   -0.4813769250E+01
    55    0.1818300482E+01
    56   -0.2853606176E+00
    57    0.1950300499E+01
    58   -0.6327701856E+00
    59   -0.9220753962E-01
    60   -0.1994527567E+01
    61    0.1172998672E+01
    62    0.1210708847E+01
    63   -0.2814037686E+01
    64    0.8216700586E+00
    65    0.2173270716E+01
    66   -0.1863434265E+01
    67   -0.1120070662E+01
    68    0.4220873413E+01
    69   -0.3267471461E+01
    70    0.1410013567E+01
    71   -0.2172472204E+01
    72   -0.5766591742E+00
    73    0.3658104027E+01
    74   -0.2903791304E+01
    75   -0.2462908050E+01
    76    0.2747060150E+01
    77   -0.1221037796E+01
    78   -0.7274286508E+00
    79    0.4451036641E+00
    80   -0.5114893273E+00
    81    0.8238598032E+00
    82    0.7078723344E+00
    83   -0.1075569664E+01
    84   -0.6525599774E+00
    85    0.2373653739E+01
    86   -0.3742087351E+00
    87    0.2727877273E+00
    88   -0.5302328408E+00
    89   -0.1845572325E+01
    90    0.3977219593E+01
    91   -0.8702477652E-01
    92   -0.1343569358E+01
    93   -0.2660008037E+01
    94    0.4781986610E+01
    95   -0.1005825161E+01
    96   -0.1337862025E+01
    97   -0.1536319093E+01
    98    0.5200903363E+01
    99   -0.3602294179E+01
   100   -0.5161221376E+00
   101    0.1624058319E+01
   102    0.8212491258E+00
   103   -0.3844799725E+01
   104    0.4201546197E+01
   105   -0.2335615862E+01
   106   -0.7873657922E+00
   107    0.1258995047E+01
   108    0.3850386628E-01
   109   -0.1516435434E+01
   110    0.8082516872E+00
   111    0.1126571025E+00
   112   -0.8697574353E+00
   113   -0.1514851267E+00
   114    0.2431192767E+01
   115   -0.3219716183E+01
   116    0.1159866262E+01
   117    0.2482487786E+01
   118   -0.3072507521E+01
   119    0.6930665732E+00
   120    0.1837529063E+01
   121   -0.3080678621E+01
   122    0.3350291737E+01
   123   -0.2798049414E+01
   124    0.1458786290E+01
   125    0.2330516557E+01
   126   -0.4326726154E+01
   127    0.2135531150E+01
   128    0.1428514045E+01
   129   -0.1083114614E+01
   130   -0.2799377279E-01
   131   -0.1684859485E+01
   132    0.3357673713E+01
   133   -0.5571449848E+00
   134   -0.2037950333E+01
   135    0.1827795570E+00
   136    0.2203098419E+01
   137   -0.7088199822E+00
   138   -0.3129155222E+01
   139    0.3205541818E+00
   140    0.4283374081E+01
   141   -0.2913832289E+01
   142   -0.4186920227E+01
   143    0.6987550273E+01
   144   -0.2879217792E+01
   145   -0.2144845406E+01
   146    0.1929711388E+01
   147   -0.2295830362E+00
   148   -0.7163802610E+00
   149   -0.1022501085E+01
   150    0.1734883437E+01
   151   -0.1004755976E+01
   152    0.4250528492E+00
   153    0.1131255553E+01
   154   -0.5023255177E+00
   155    0.6564334847E+00
   156    0.9021016015E+00
   157   -0.7597393409E+00
   158    0.7728855690E+00
   159   -0.1927897574E+00
   160    0.7182923984E+00
   161    0.2672866230E+00
   162   -0.9041243124E+00
   163    0.1512737204E+01
   164   -0.1991770622E+01
   165    0.2688209821E+01
   166   -0.2486809605E+01
   167    0.2432889023E+01
   168   -0.2043925537E+01
   169    0.1475805251E+01
   170   -0.1919841725E+01
   171    0.2027258581E+01
   172   -0.1814136482E+01
   173    0.4460424033E-01
   174    0.8749176262E+00
   175   -0.2231071493E+00
   176   -0.3865914892E+01
   177    0.3301812919E+01
   178   -0.2866386936E+01
   179   -0.1784218405E+01
   180    0.3377071174E+01
   181   -0.3558171639E+01
   182    0.1777028893E+01
   183   -0.1418211073E+01
   184    0.3823606384E+01
   185   -0.4160866808E-01
   186   -0.2988398709E+01
   187    0.2198292939E+01
   188   -0.1350324831E+00
   189   -0.1198178780E+01
   190    0.1290182469E+01
   191   -0.2343263700E+00
   192    0.1669406645E+01
   193   -0.2465449170E+01
   194    0.5203879519E+00
   195   -0.5009397498E+00
   196    0.1353296581E+01
   197   -0.5753833207E-01
   198    0.6363047847E+00
   199   -0.1788105680E+01
   200   -0.8824259567E+00
   201   -0.8868283002E+00
   202    0.4106934219E+01
   203   -0.4306519464E+01
   204    0.1579312681E+01
   205   -0.2469169649E+01
   206    0.3241085891E+01
   207    0.9824151109E+00
   208   -0.1633334684E+01
   209    0.1878187219E+01
   210    0.4659468203E+00
   211   -0.3031388217E+01
   212    0.1370965309E+01
   213    0.7777268522E+00
   214   -0.7264638765E-01
   215    0.8546411961E+00
   216    0.6381208544E+00
   217   -0.1260296566E+01
   218    0.1007550031E+01
   219   -0.2811153204E+00
   220   -0.4494379274E+00
   221   -0.8576123765E+00
   222    0.6840683148E+00
   223    0.1074855771E+01
   224   -0.4238747829E+00
   225   -0.1296095823E+01
   226   -0.3509134556E+00
   227    0.8605407967E+00
   228    0.1793950274E+00
   229    0.6547937837E-01
   230    0.4199341172E-01
   231    0.1219971187E+01
   232   -0.6258443964E+00
   233   -0.6637075099E+00
   234   -0.6369687567E+00
   235   -0.9753757760E+00
   236   -0.6213354568E-01
   237    0.2117516085E+00
   238    0.1753988360E+01
   239    0.3605095023E+00
   240   -0.2832962782E+01
   241    0.1935880918E+00
   242    0.2350273796E+01
   243    0.4608795144E+00
   244   -0.2196006887E+01
   245   -0.9514656804E+00
   246    0.1161096009E+01
   247    0.1484040894E+01
   248   -0.7357295686E+00
   249   -0.1045060069E+01
   250    0.1389431962E+00
   251    0.5737156375E+00
   252    0.4389551997E-01
   253   -0.2127465600E+00
   254    0.5705668510E-01
   255    0.2113745742E-01
   256   -0.1988764885E+00
   257    0.1301271395E+00
   258    0.3609829831E+00
   259   -0.2019501109E+00
   260   -0.3411630006E+00
   261    0.3594453843E+00
   262    0.2297673837E+00
   263   -0.6834446335E+00
   264   -0.3874315511E+00
   265    0.6031873453E+00
   266    0.3878942058E-01
   267   -0.8157195794E-01
   268    0.8722646834E-01
   269    0.1197735983E-01
   270   -0.3239543013E-01
   271    0.6282110992E-01
   272    0.3074539583E-01
   273   -0.7019094930E-01
   274   -0.1402377638E-01
   275    0.7135368145E-01
   276    0.1781363994E-01
   277   -0.4853168773E-01
   278   -0.5061821113E-02
   279    0.6759171462E-01
   280   -0.5189485959E-01
   281   -0.1068812542E+00
   282    0.1220873574E+00
   283    0.3860230392E-01
   284   -0.1719738685E-01
   285   -0.1473561913E-01
   286   -0.4519587576E-02
   287    0.3119210443E-02
   288    0.6991911247E-02
   289    0.1072662839E-01
   290    0.2888981869E-02
   291   -0.4384192752E-02
   292   -0.5740127744E-03
   293    0.5303386841E-02
   294    0.3703864277E-02
   295   -0.9695755538E-03
   296    0.3407241881E-02
   297    0.3299624599E-02
   298   -0.1362747421E-02
   299    0.3252492422E-03
   300    0.3902135791E-02
   301    0.2638419589E-02
   302   -0.9434818360E-04
   303    0.1000207193E-02
   304    0.1671991466E-02
   305    0.8562182140E-03
   306    0.8792230079E-03
   307    0.1292457840E-02
   308    0.6712300805E-03
   309   -0.6151365340E-05
   310    0.4661446502E-03
   311    0.1083808915E-02
   312    0.1123422113E-02
   313    0.3077440260E-03
   314    0.1974231440E-03
   315    0.4663074720E-03
   316    0.3009219110E-03
   317    0.6245255232E-03
   318    0.4195889500E-03
   319   -0.2646059243E-04
   320    0.1672620976E-03
   321    0.3732843525E-03
   322    0.2690750393E-03
   323    0.1706341615E-03
   324    0.1553703850E-04
   325    0.1787625957E-03
   326    0.2814024518E-03
   327    0.7999411624E-04
   328    0.8983115611E-04
   329    0.1694665957E-03
   330    0.4036956478E-04
   331    0.3319883213E-05
   332    0.1338033647E-03
   333    0.6810843808E-04
   334    0.1267662764E-04
   335    0.6210619211E-04
   336    0.4397756571E-04
   337    0.3931625072E-04
   338    0.3193687292E-04
   339    0.2403902241E-04
   340    0.1883055773E-04
   341    0.1880869249E-04
   342    0.1876184126E-04
   343    0.1368805275E-04
   344    0.2178054060E-04
   345    0.1775356667E-04
   346    0.4286044090E-05
   347    0.6130091738E-05
   348    0.1155367444E-04
   349    0.2261781567E-05
   350    0.2504061227E-05
   351    0.7686325360E-05
   352    0.6705099568E-05
   353    0.4124650577E-05
   354    0.1664050620E-05
   355    0.2556668178E-05
   356    0.2159308502E-05
   357    0.1839782082E-05
   358    0.1807512228E-05
   359    0.2018985766E-05
   360    0.1253307975E-05
   361    0.6295343262E-06
   362    0.7188470625E-06
   363    0.7458521084E-06
   364    0.8034175065E-06
   365    0.4363421286E-06
   366    0.2504584828E-06
   367    0.3763946951E-06
   368    0.4298775786E-06
   369    0.3103085660E-06
   370    0.2547761217E-06
   371    0.1772722302E-06
   372    0.9575807733E-07
   373    0.9479496799E-07
   374    0.1109344565E-06
   375    0.1337705116E-06
   376    0.8707655641E-07
   377    0.4259691777E-07
   378    0.3246089886E-07
   379    0.3244696162E-07
   380    0.4420913258E-07
   381    0.4046695076E-07
   382    0.2072197475E-07
   383    0.1665663743E-07
   384    0.1841701280E-07
   385    0.9610860996E-08
   386    0.9737917250E-08
   387    0.1100900274E-07
   388    0.6984137713E-08
   389    0.4909042811E-08
   390    0.5477021170E-08
   391    0.3326295239E-08
   392    0.1674319683E-08
   393    0.3912589031E-08
   394    0.3808248383E-08
   395    0.9122667066E-09
   396    0.7947934533E-09
   397    0.1324081178E-08
   398    0.8276831998E-09
   399    0.8097331139E-09
   400    0.5669675840E-09
   401    0.4217088068E-09
   402    0.4778030749E-09
   403    0.2253656428E-09
   404    0.2826860968E-09
   405    0.2632438711E-09
   406    0.1204967237E-09
   407    0.8871969825E-10
   408    0.1203963595E-09
   409    0.9959877367E-10
   410    0.4860467584E-10
   411    0.4549016719E-10
   412    0.4179900870E-10
   413    0.3417399697E-10
   414    0.3242883739E-10
   415    0.1488742463E-10
   416    0.1178801501E-10
   417    0.1616951018E-10
   418    0.1015010298E-10
   419    0.7432804372E-11
   420    0.6332712132E-11
   421    0.4013678279E-11
   422    0.4040490165E-11
   423    0.2924771536E-11
   424    0.1687178175E-11
   425    0.1981775855E-11
   426    0.1833366792E-11
   427    0.1026512209E-11
   428    0.6130373986E-12
   429    0.5154765503E-12
   430    0.5129230374E-12
   431    0.4823919042E-12
   432    0.3335109966E-12
   433    0.2060573934E-12
   434    0.1713629239E-12
   435    0.1385003223E-12
   436    0.9262035583E-13
   437    0.8074096947E-13
   438    0.6528111385E-13
   439    0.5634381850E-13
   440    0.4463096559E-13
   441    0.1873501354E-13
   442    0.1820765760E-13
   443    0.2031708135E-13
   444    0.8659739592E-14
   445    0.1121325255E-13
   446    0.7494005416E-14
   447    0.5329070518E-14
   448    0.4662936703E-14
   449    0.3136380045E-14
   450    0.2886579864E-14
   451    0.1554312234E-14
   452    0.1387778781E-14
   453    0.1249000903E-14
   454    0.1776356839E-14
   455    0.1387778781E-15
   456    0.6383782392E-15
   457    0.5551115123E-15
   458    0.6661338148E-15
   459   -0.5551115123E-15
   460    0.6661338148E-15
   461    0.0000000000E+00
   462    0.2220446049E-15
   463    0.2220446049E-15
   464    0.2220446049E-15
   465    0.0000000000E+00
   466   -0.6661338148E-15
   467    0.0000000000E+00
   468   -0.8881784197E-15
   469    0.0000000000E+00
   470    0.2220446049E-15
   471    0.2220446049E-15
   472   -0.8881784197E-15
   473   -0.6661338148E-15
   474    0.2220446049E-15
   475    0.0000000000E+00
   476    0.0000000000E+00
   477    0.1110223025E-15
   478    0.2220446049E-15
   479    0.0000000000E+00
   480    0.3330669074E-15
   481    0.2220446049E-15
   482    0.0000000000E+00
   483   -0.8881784197E-15
   484    0.0000000000E+00
   485    0.3330669074E-15
   486    0.2220446049E-15
   487    0.0000000000E+00
   488   -0.7771561172E-15
   489    0.0000000000E+00
   490    0.2220446049E-15
   491    0.0000000000E+00
   492   -0.6661338148E-15
   493    0.0000000000E+00
   494    0.2220446049E-15
   495    0.2220446049E-15
   496    0.0000000000E+00
   497    0.0000000000E+00
   498   -0.2220446049E-15
   499   -0.2220446049E-15
   500    0.3571428571E+01
   501    0.3571428571E+01
   502    0.0000000000E+00
