    -1    0.0000000000E+00
     0   -0.2046641204E+01
     1   -0.5253238409E+01
     2    0.1718808432E+00
     3    0.1289984687E+00
     4   -0.1577203304E+00
     5    0.1556650970E+00
     6    0.1005674888E+00
     7   -0.1283526791E+00
     8    0.1415151213E+00
     9   -0.4903746463E-01
    10    0.9252515143E-01
    11   -0.9123551409E-01
    12    0.3311253631E-01
    13   -0.4137903122E-01
    14    0.2558912791E+00
    15   -0.2094282866E+00
    16   -0.4333682794E-01
    17    0.2241743271E+00
    18   -0.2096890906E+00
    19   -0.9282761947E-01
    20    0.2185235898E+00
    21   -0.1987854720E+00
    22   -0.1327026039E+00
    23    0.2093431861E+00
    24   -0.1817203613E+00
    25   -0.1527710089E+00
    26    0.1930951024E+00
    27   -0.1550919622E+00
    28   -0.1533453714E+00
    29    0.1700908700E+00
    30   -0.1171124806E+00
    31   -0.1424924858E+00
    32    0.1488247227E+00
    33   -0.7393493906E-01
    34   -0.1266802192E+00
    35    0.1348642750E+00
    36   -0.3596901657E-01
    37   -0.1735126656E+00
    38    0.2106257729E+00
    39   -0.1061464399E+00
    40    0.1067633467E+00
    41   -0.6872435425E-01
    42    0.9951861687E-01
    43    0.7905259617E-01
    44   -0.2054340042E-01
    45    0.5891337995E-01
    46    0.1091954728E+00
    47   -0.8074304689E-01
    48    0.1065883087E+00
    49    0.1306104144E+00
    50   -0.1503746633E+00
    51    0.1514533893E+00
    52    0.5271566590E-01
    53   -0.1712493864E-01
    54   -0.7363370219E-01
    55    0.1165242024E+00
    56    0.7709777245E-01
    57   -0.8207219808E-01
    58   -0.1089696993E-01
    59    0.9684485181E-01
    60   -0.4139905626E-01
    61   -0.1155246414E-01
    62    0.6609281143E-02
    63   -0.3962908830E-01
    64   -0.2130447309E-01
    65   -0.3505231914E-01
    66   -0.3010204912E-01
    67   -0.3262887941E-01
    68   -0.6577453548E-01
    69   -0.1506786147E-01
    70   -0.4036067102E-01
    71   -0.8421322804E-01
    72    0.5232384186E-02
    73   -0.4298409387E-01
    74   -0.8975956124E-01
    75    0.2889174356E-01
    76   -0.3970871773E-01
    77   -0.8540258709E-01
    78    0.5381129499E-01
    79   -0.2855108136E-01
    80   -0.7915353304E-01
    81    0.4540527730E-01
    82   -0.1353852961E-01
    83   -0.4589055702E-01
    84    0.1410968160E+00
    85   -0.8175819842E-01
    86    0.7689146052E-01
    87    0.3075655127E-02
    88    0.3286612294E-01
    89    0.8799012200E-01
    90    0.1820393488E-01
    91    0.4832112592E-01
    92    0.2160278792E-01
    93    0.8964627373E-01
    94   -0.3583802184E-01
    95    0.1122346074E+00
    96    0.1962207493E-01
    97   -0.5663263982E-02
    98    0.1302942470E-01
    99    0.9778857074E-01
   100    0.3943357779E-01
   101   -0.1346433080E+00
   102    0.2019661272E+00
   103   -0.1129077275E+00
   104   -0.2121930518E-01
   105    0.6575688193E-01
   106    0.2781695724E-01
   107   -0.1100427172E+00
   108    0.3787479931E-01
   109   -0.7952596113E-02
   110   -0.1067177511E+00
   111    0.3193537204E-01
   112   -0.5164463013E-01
   113   -0.9088187072E-01
   114    0.3625808991E-01
   115   -0.9598534517E-01
   116   -0.6303483819E-01
   117    0.4748906034E-01
   118   -0.1319464954E+00
   119   -0.2933190769E-01
   120    0.6547730081E-01
   121   -0.1572355062E+00
   122    0.6558360569E-02
   123    0.8727128140E-01
   124   -0.1711180386E+00
   125    0.4113374141E-01
   126    0.1326154863E-01
   127   -0.5535889399E-01
   128    0.6916680587E-01
   129    0.6372712776E-01
   130   -0.8071433069E-01
   131    0.6912941960E-01
   132    0.5539177367E-01
   133   -0.6928758909E-01
   134    0.1786067735E+00
   135    0.2292652717E-01
   136   -0.6454900241E-01
   137    0.1544460509E+00
   138    0.3240853689E-01
   139   -0.3779704576E-01
   140    0.1200958907E+00
   141   -0.4131852348E-03
   142    0.2004343477E-01
   143    0.5305986892E-01
   144   -0.1656227302E-01
   145    0.1184277669E+00
   146   -0.2803611999E-01
   147   -0.6492774747E-01
   148    0.1442126242E+00
   149   -0.1574043087E+00
   150    0.8484292546E-01
   151   -0.4206513479E-01
   152    0.3958856350E-01
   153   -0.6176987205E-01
   154   -0.5026608680E-01
   155    0.3446627089E-01
   156   -0.9198451355E-01
   157   -0.6141075751E-01
   158    0.3891715638E-01
   159   -0.1056463295E+00
   160   -0.7483429539E-01
   161    0.4936824040E-01
   162   -0.1066113766E+00
   163   -0.8390289904E-01
   164    0.6826273242E-01
   165   -0.9372946006E-01
   166   -0.8564199319E-01
   167    0.8343612826E-01
   168   -0.1481644545E+00
   169    0.2534422225E-02
   170    0.1079878073E+00
   171   -0.1720280698E+00
   172    0.1216223931E+00
   173    0.4810014196E-01
   174   -0.2121874611E+00
   175    0.1734382042E+00
   176    0.2170161270E-01
   177   -0.1794165263E-01
   178    0.1826239381E+00
   179   -0.6180635439E-01
   180    0.1758717855E-01
   181    0.1184128333E+00
   182   -0.2560704562E-01
   183    0.8955597703E-01
   184    0.2599506315E-01
   185   -0.5707773089E-02
   186    0.5559527726E-01
   187    0.6973881274E-01
   188   -0.5035653418E-01
   189    0.8865940967E-01
   190   -0.1162093492E-02
   191   -0.5934058636E-01
   192    0.9095844795E-01
   193   -0.4101745623E-01
   194   -0.6291077897E-01
   195    0.5097881117E-01
   196    0.9775483339E-02
   197   -0.8663263574E-01
   198   -0.2931931702E-01
   199    0.2853975101E-01
   200   -0.9424488618E-01
   201   -0.1789628100E-01
   202   -0.2534880799E-01
   203   -0.6847398795E-01
   204    0.2327617896E-01
   205   -0.7171396317E-01
   206   -0.3828118155E-01
   207   -0.1898194099E-01
   208   -0.5465213012E-01
   209    0.2551894362E-01
   210    0.4153602023E-01
   211   -0.8667957500E-01
   212    0.3218132220E-01
   213   -0.6255731573E-01
   214    0.2889782806E-01
   215    0.1429695840E+00
   216   -0.1629671937E-01
   217   -0.5664074817E-01
   218    0.1235681486E+00
   219   -0.3195320604E-02
   220   -0.4013376109E-01
   221    0.1564497495E+00
   222    0.7822684047E-03
   223   -0.5135885326E-01
   224    0.1562113771E+00
   225    0.5591229654E-02
   226   -0.2424729318E-01
   227    0.1708076016E+00
   228   -0.1895261329E-01
   229   -0.9304816000E-01
   230    0.1629143987E+00
   231    0.1075137641E+00
   232   -0.2494409401E+00
   233    0.4550386360E-01
   234    0.1808596261E+00
   235   -0.6264111233E-01
   236    0.1118644480E+00
   237    0.8497369166E-01
   238   -0.2881851574E+00
   239   -0.1415092964E+00
   240    0.2264224444E+00
   241    0.2324276641E+00
   242   -0.2495923463E-01
   243   -0.1202082787E+00
   244   -0.2414491861E+00
   245   -0.1362340611E+00
   246    0.3200521768E+00
   247    0.2169133442E+00
   248   -0.1628429165E+00
   249   -0.1171171492E+00
   250   -0.1251375138E+00
   251   -0.7452329658E-01
   252    0.3062764691E-01
   253    0.2163277619E+00
   254    0.4363603843E-02
   255   -0.1750546745E+00
   256   -0.3077999313E-01
   257    0.3343687696E-01
   258   -0.5654857976E-01
   259   -0.3394939659E-01
   260    0.9887020062E-02
   261   -0.2064901317E-01
   262   -0.4748421771E-01
   263    0.4112558971E-02
   264    0.2325609251E-01
   265   -0.3682848604E-01
   266   -0.3146294092E-01
   267   -0.1079924073E-01
   268   -0.1359316832E-01
   269    0.9823015959E-02
   270   -0.1855341036E-01
   271   -0.7726617260E-01
   272    0.4217038029E-01
   273    0.4021223187E-01
   274   -0.3950534055E-01
   275   -0.1251405544E-01
   276   -0.1165209674E-02
   277   -0.1161370828E-01
   278    0.5368309240E-02
   279   -0.3164170734E-02
   280   -0.1654439930E-01
   281    0.3004050603E-02
   282    0.1523069437E-03
   283   -0.1519000618E-01
   284    0.3963806540E-04
   285    0.5095601690E-02
   286    0.8009811108E-02
   287    0.1469509843E-01
   288   -0.4255242633E-01
   289   -0.3069550905E-01
   290    0.6588358896E-01
   291    0.9117182512E-03
   292   -0.1421972238E-01
   293    0.6601100186E-02
   294    0.6016575744E-02
   295   -0.4019258220E-02
   296    0.7349919687E-02
   297    0.1089104700E-01
   298   -0.3526245775E-02
   299   -0.9990974716E-04
   300    0.1045906658E-01
   301    0.5412198306E-02
   302   -0.4450343134E-05
   303    0.2314779892E-02
   304    0.6663876944E-02
   305    0.4071799146E-02
   306   -0.9946795668E-03
   307   -0.1924272937E-01
   308    0.2499447846E-01
   309    0.8310314830E-02
   310    0.3954693682E-02
   311    0.9465996450E-03
   312    0.6557699526E-03
   313    0.2665929679E-02
   314    0.3630860635E-02
   315    0.4535563042E-02
   316    0.3124571364E-02
   317    0.1151969294E-02
   318    0.1431046253E-02
   319    0.3014136583E-02
   320    0.2627649265E-02
   321    0.1454145601E-02
   322    0.2063029704E-02
   323    0.2332881315E-02
   324    0.1193664709E-02
   325    0.1137934834E-02
   326    0.2003288725E-02
   327    0.1817818327E-02
   328    0.1100158041E-02
   329    0.1031476013E-02
   330    0.1320679801E-02
   331    0.1112005792E-02
   332    0.8751770683E-03
   333    0.9910754265E-03
   334    0.8713828324E-03
   335    0.5575720086E-03
   336    0.6309626626E-03
   337    0.7526272274E-03
   338    0.6963106442E-03
   339    0.5179679152E-03
   340    0.4414793467E-03
   341    0.4294440294E-03
   342    0.3630859443E-03
   343    0.4410891282E-03
   344    0.3749944088E-03
   345    0.2119843019E-03
   346    0.2377493146E-03
   347    0.2822161657E-03
   348    0.2251707629E-03
   349    0.1961610261E-03
   350    0.1448490301E-03
   351    0.1481199205E-03
   352    0.1756931528E-03
   353    0.1230209875E-03
   354    0.1027768218E-03
   355    0.1157686282E-03
   356    0.8221771046E-04
   357    0.5785335856E-04
   358    0.7861149344E-04
   359    0.6817596825E-04
   360    0.4552798907E-04
   361    0.4788384798E-04
   362    0.4319310837E-04
   363    0.3797179264E-04
   364    0.3195382695E-04
   365    0.2733673893E-04
   366    0.2318304228E-04
   367    0.2052816243E-04
   368    0.1928226973E-04
   369    0.1535145720E-04
   370    0.1550822366E-04
   371    0.1438206545E-04
   372    0.9249122136E-05
   373    0.8256232467E-05
   374    0.8914140786E-05
   375    0.5863341852E-05
   376    0.5074685097E-05
   377    0.5640052884E-05
   378    0.4865275735E-05
   379    0.4058922361E-05
   380    0.2895891228E-05
   381    0.2634169447E-05
   382    0.2354389747E-05
   383    0.1981057444E-05
   384    0.1699848710E-05
   385    0.1593969117E-05
   386    0.1314667837E-05
   387    0.9430893615E-06
   388    0.8449540386E-06
   389    0.7485192497E-06
   390    0.6851367111E-06
   391    0.5370672534E-06
   392    0.3995215306E-06
   393    0.3657535803E-06
   394    0.3549543915E-06
   395    0.2905044109E-06
   396    0.2292990356E-06
   397    0.1928731227E-06
   398    0.1460070259E-06
   399    0.1212508491E-06
   400    0.1097206184E-06
   401    0.1016728540E-06
   402    0.8166254467E-07
   403    0.6057213195E-07
   404    0.4790352462E-07
   405    0.4038844975E-07
   406    0.3717692640E-07
   407    0.3338343010E-07
   408    0.2467179847E-07
   409    0.1903179550E-07
   410    0.1726118004E-07
   411    0.1316343504E-07
   412    0.1066596853E-07
   413    0.9802392176E-08
   414    0.7626446169E-08
   415    0.5852970802E-08
   416    0.5143228399E-08
   417    0.4135557036E-08
   418    0.2886646061E-08
   419    0.2876707345E-08
   420    0.2727821635E-08
   421    0.1692851193E-08
   422    0.1261450916E-08
   423    0.1212117490E-08
   424    0.9375110410E-09
   425    0.7781605638E-09
   426    0.6190742363E-09
   427    0.4824801669E-09
   428    0.4241327012E-09
   429    0.3044643981E-09
   430    0.2601229232E-09
   431    0.2261098808E-09
   432    0.1589778587E-09
   433    0.1214299772E-09
   434    0.1076743694E-09
   435    0.8978728872E-10
   436    0.6476505443E-10
   437    0.5032257944E-10
   438    0.4284109179E-10
   439    0.3332933929E-10
   440    0.2824784850E-10
   441    0.2063632598E-10
   442    0.1482036716E-10
   443    0.1384312109E-10
   444    0.1056973953E-10
   445    0.7886663544E-11
   446    0.6433048538E-11
   447    0.4839656453E-11
   448    0.3885253230E-11
   449    0.3102879065E-11
   450    0.2251143716E-11
   451    0.1847938469E-11
   452    0.1572020292E-11
   453    0.1150607387E-11
   454    0.8137102103E-12
   455    0.6374345496E-12
   456    0.5322409180E-12
   457    0.4243272400E-12
   458    0.3286815264E-12
   459    0.2418065748E-12
   460    0.1842415109E-12
   461    0.1445510378E-12
   462    0.1098843239E-12
   463    0.8504308369E-13
   464    0.6697420396E-13
   465    0.5179190410E-13
   466    0.4071742943E-13
   467    0.2731148641E-13
   468    0.2012279232E-13
   469    0.1820765760E-13
   470    0.1182387521E-13
   471    0.9880984919E-14
   472    0.7854827899E-14
   473    0.5995204333E-14
   474    0.5023759186E-14
   475    0.2303712776E-14
   476    0.2414735079E-14
   477    0.9159339953E-15
   478    0.1471045508E-14
   479    0.3330669074E-15
   480    0.1415534356E-14
   481    0.7771561172E-15
   482   -0.6106226635E-15
   483    0.4440892099E-15
   484    0.0000000000E+00
   485    0.4440892099E-15
   486   -0.6661338148E-15
   487    0.2220446049E-15
   488    0.0000000000E+00
   489    0.0000000000E+00
   490    0.0000000000E+00
   491    0.0000000000E+00
   492    0.0000000000E+00
   493    0.0000000000E+00
   494    0.0000000000E+00
   495    0.2220446049E-15
   496    0.2220446049E-15
   497    0.0000000000E+00
   498    0.0000000000E+00
   499    0.0000000000E+00
   500    0.3571428571E+01
   501    0.3571428571E+01
   502    0.0000000000E+00
