    -1   -0.1450342206E+01
     0   -0.3499955353E+01
     1    0.1582277730E+01
     2   -0.2056292940E+01
     3    0.3625297347E+00
     4    0.2462155949E+01
     5   -0.3908015475E+00
     6    0.7263368625E-01
     7   -0.3898199518E+01
     8   -0.5232597032E+00
     9    0.3274808710E+01
    10   -0.1360503141E+01
    11   -0.2926797153E+01
    12    0.5265345881E+00
    13    0.3978971811E+00
    14    0.2860195806E+01
    15   -0.5985267258E+01
    16    0.3143264688E+01
    17   -0.1101646615E+01
    18   -0.8293552685E+01
    19    0.5084712348E+01
    20    0.3328685120E+01
    21   -0.3909198261E+01
    22    0.2923846864E+00
    23    0.4960949024E+01
    24   -0.5686713210E+01
    25    0.6597127527E+01
    26    0.1811709435E+00
    27   -0.2865637261E+01
    28    0.4933996688E+01
    29   -0.4969540230E+01
    30    0.4320064278E+01
    31    0.6278844118E+00
    32   -0.8127657064E+00
    33    0.2025302396E+01
    34   -0.1385652682E+01
    35   -0.5501797793E+00
    36    0.7448492538E+00
    37   -0.9529793140E+00
    38   -0.2818922511E+01
    39    0.2063151564E+01
    40   -0.6434059006E-01
    41    0.4043420139E+01
    42   -0.2762356559E+01
    43   -0.1144881161E+01
    44    0.1546632938E+01
    45   -0.1123644704E+01
    46    0.3509778089E+01
    47   -0.1818556979E+01
    48   -0.2647437075E+01
    49    0.3716637894E-02
    50    0.4592164259E+01
    51   -0.5824713347E+01
    52    0.2393228532E+01
    53   -0.2215956624E+01
    54    0.4406957334E+01
    55   -0.2940542333E+01
    56    0.4180406093E+01
    57   -0.7771787370E+00
    58   -0.5503601955E+01
    59    0.1556249378E+00
    60    0.6512523134E+00
    61   -0.2544119401E+00
    62   -0.8089061052E+00
    63    0.1038254741E+01
    64    0.2386064153E+01
    65   -0.4350259106E+01
    66    0.3189163637E+01
    67   -0.6571528098E+00
    68   -0.8388684181E+01
    69    0.3031207593E+01
    70    0.1353024826E+01
    71   -0.2268528877E+00
    72   -0.2708861899E+00
    73    0.2047435019E+01
    74    0.1562368647E+01
    75    0.3697582718E+01
    76   -0.6102704797E+01
    77    0.1865033672E+01
    78    0.2282356215E+01
    79   -0.2178437589E+00
    80    0.1681233773E+01
    81   -0.3121717960E-02
    82   -0.1327469401E+01
    83    0.1316358095E+01
    84    0.5960293842E+00
    85   -0.1380806761E+01
    86    0.2235242605E+01
    87   -0.1184419193E+01
    88    0.3789811615E+00
    89   -0.2128853943E-02
    90    0.9022618433E+00
    91   -0.1458921927E+01
    92   -0.4926836591E-01
    93    0.1278470610E+01
    94    0.1175519947E+01
    95    0.5158421178E+00
    96   -0.9827986266E+00
    97   -0.1203971012E+01
    98    0.2281924336E+01
    99   -0.3167880216E+00
   100   -0.4888155692E+01
   101    0.5547284670E+01
   102   -0.1354385710E+01
   103   -0.1498795582E+01
   104    0.5268852233E-01
   105    0.4184317768E+00
   106   -0.1646247764E+00
   107    0.4679562867E+00
   108    0.9354731683E-01
   109    0.6747705246E-01
   110   -0.2406879963E+01
   111    0.1349602447E+01
   112   -0.8832862866E+00
   113    0.1374982250E+01
   114    0.3675981168E+00
   115   -0.5315091255E+00
   116   -0.1703829338E+01
   117    0.1213743617E+01
   118   -0.5013636240E+00
   119   -0.2781112622E+01
   120   -0.4125684156E+01
   121   -0.6182890278E+00
   122    0.5853893247E+01
   123   -0.9223058250E+01
   124    0.3835195949E+01
   125   -0.1987939311E+01
   126   -0.5269174077E+00
   127   -0.1992538065E+01
   128    0.3593595252E+01
   129   -0.1863330561E+00
   130    0.2672342161E+01
   131    0.2600764932E+01
   132   -0.1376307334E+01
   133    0.1764158382E+01
   134    0.1730229400E+01
   135   -0.1128641622E+01
   136    0.1831517626E+01
   137   -0.1446047644E+01
   138    0.2205185311E+01
   139   -0.6413019566E+00
   140    0.6407623975E+00
   141    0.3885647552E+00
   142   -0.1861400426E+01
   143    0.1909641679E+01
   144    0.5695054859E+00
   145   -0.9920771493E-01
   146   -0.8943593885E+00
   147   -0.5250952118E+00
   148    0.9539409126E+00
   149    0.1085164310E+01
   150   -0.3777747753E+00
   151   -0.8337713543E+00
   152   -0.7652362887E+00
   153    0.1017713445E+01
   154    0.1766900652E+01
   155   -0.1110032147E+01
   156   -0.1597694449E+00
   157   -0.1499232814E+01
   158    0.7289405154E+00
   159    0.2556129408E+01
   160   -0.1999485994E+01
   161    0.6347051516E+00
   162   -0.1678167247E+01
   163    0.5644845645E+00
   164    0.1582379680E+01
   165   -0.1076263782E+01
   166    0.6878913411E+00
   167   -0.1437507886E+01
   168    0.7573321422E-02
   169    0.2944278210E+00
   170    0.1215662052E+01
   171   -0.1194123502E+01
   172   -0.1133735456E+01
   173   -0.3981522764E+00
   174    0.8036408111E+00
   175    0.7163046473E+00
   176   -0.1960663747E+01
   177   -0.1091720301E+01
   178    0.1596223352E+01
   179   -0.1103439191E+01
   180   -0.1255790079E+01
   181    0.1290655449E+01
   182   -0.1277817720E+01
   183   -0.3899081915E+01
   184   -0.1794727614E+01
   185   -0.2335049921E+01
   186   -0.4444950200E+01
   187    0.3541758218E+01
   188    0.4829155933E+01
   189    0.9776636466E+00
   190    0.1453780031E+01
   191    0.1805774119E+00
   192    0.8184433326E+00
   193    0.1497752283E+01
   194   -0.3298539927E+00
   195    0.1575588039E+00
   196    0.2646801489E+00
   197   -0.9909329104E-01
   198    0.1307809931E+01
   199    0.6371339319E+00
   200   -0.8945833724E+00
   201    0.8340810486E+00
   202    0.8813101436E+00
   203   -0.8403055518E+00
   204    0.7911358314E+00
   205   -0.4940657493E+00
   206    0.2918308640E+00
   207    0.5365039285E+00
   208   -0.1795745958E+01
   209    0.2427859974E+01
   210   -0.1222683337E+01
   211   -0.2847404590E-01
   212    0.1629452970E+01
   213   -0.3107271475E+01
   214    0.2670012430E+01
   215   -0.4524736344E+00
   216   -0.1381562825E+01
   217    0.1803005812E+01
   218   -0.2605129607E+01
   219    0.1210436453E+01
   220    0.3860958172E+00
   221   -0.1467353677E+01
   222    0.5742674418E+00
   223   -0.6819082453E+00
   224   -0.1437116503E+01
   225   -0.1596377700E+01
   226    0.7009979827E+00
   227   -0.8204668766E+00
   228   -0.3618357701E+01
   229   -0.2861438513E+01
   230    0.3812646312E+01
   231    0.3618837125E+01
   232    0.4479226121E+00
   233    0.2341822280E+00
   234   -0.1283794654E+01
   235   -0.7090560419E+00
   236    0.1139862633E+01
   237    0.2054086612E+01
   238   -0.5594518326E+00
   239   -0.1688646155E+01
   240   -0.1241753613E+00
   241    0.1115636232E+01
   242    0.7168659928E+00
   243   -0.1391905377E+01
   244   -0.1001420059E+01
   245    0.5964625326E+00
   246    0.1065057731E+01
   247   -0.1547956340E+00
   248   -0.4680807531E+00
   249    0.1899867986E+00
   250    0.1219239433E+00
   251   -0.4059537722E+00
   252    0.1565271084E+00
   253    0.6346646189E+00
   254   -0.5997409592E-01
   255   -0.4876602701E+00
   256   -0.2257794904E-01
   257    0.3056171891E+00
   258   -0.3688153124E+00
   259   -0.5064393755E+00
   260    0.2542078961E-01
   261    0.3078783099E+00
   262    0.9048643879E-01
   263    0.1340780512E+00
   264   -0.1177091771E-01
   265   -0.5046001414E-01
   266    0.9926407518E-01
   267    0.3337326504E-01
   268   -0.1091026879E+00
   269   -0.1703696485E-01
   270    0.1080762713E+00
   271    0.1655653111E-01
   272   -0.7598917750E-01
   273    0.3514053482E-04
   274    0.9675171003E-01
   275   -0.8887008316E-01
   276   -0.1092845268E+00
   277    0.1452402373E+00
   278    0.3548845350E-01
   279   -0.2216637083E-01
   280   -0.1751985144E-01
   281   -0.2988391532E-02
   282    0.5444642794E-02
   283    0.8317478880E-02
   284    0.1065683452E-01
   285    0.1775881704E-02
   286   -0.6584674791E-02
   287    0.6725664240E-03
   288    0.6803923677E-02
   289    0.2334542306E-02
   290   -0.1458590794E-02
   291    0.4943962882E-02
   292    0.2445947061E-02
   293   -0.2752676768E-02
   294    0.1752495366E-02
   295    0.4453403041E-02
   296    0.1689119445E-02
   297   -0.2486347158E-03
   298    0.1545539162E-02
   299    0.1365679281E-02
   300    0.6997826092E-03
   301    0.1173167270E-02
   302    0.1196639102E-02
   303    0.4029053603E-03
   304   -0.4568361946E-04
   305    0.5669194561E-03
   306    0.1322560634E-02
   307    0.9904838419E-03
   308    0.9038870817E-04
   309    0.3334724278E-03
   310    0.3832989050E-03
   311    0.3572344955E-03
   312    0.7043810569E-03
   313    0.2539261567E-03
   314   -0.6387422402E-04
   315    0.2608608537E-03
   316    0.3552239362E-03
   317    0.2638486428E-03
   318    0.1215984295E-03
   319   -0.1780437410E-05
   320    0.2531044842E-03
   321    0.2512151021E-03
   322    0.5168183849E-04
   323    0.1171730979E-03
   324    0.1596428574E-03
   325    0.5749866504E-05
   326    0.2429163236E-04
   327    0.1473819563E-03
   328    0.4226350276E-04
   329    0.1634685083E-04
   330    0.6540840629E-04
   331    0.4340853283E-04
   332    0.3666595307E-04
   333    0.2864502839E-04
   334    0.2503205068E-04
   335    0.1598284885E-04
   336    0.1860484808E-04
   337    0.1885896889E-04
   338    0.1329667307E-04
   339    0.2472713927E-04
   340    0.1457871723E-04
   341    0.1500194421E-05
   342    0.9127545016E-05
   343    0.9903266713E-05
   344    0.3022409108E-06
   345    0.3945966351E-05
   346    0.8120263839E-05
   347    0.6670713961E-05
   348    0.3076758848E-05
   349    0.1650430209E-05
   350    0.2636112565E-05
   351    0.1915981200E-05
   352    0.1862207353E-05
   353    0.1907897291E-05
   354    0.2020905699E-05
   355    0.9250871036E-06
   356    0.6521144538E-06
   357    0.6976218174E-06
   358    0.7593854181E-06
   359    0.7960528057E-06
   360    0.3090041611E-06
   361    0.2541824038E-06
   362    0.4271929313E-06
   363    0.4118665164E-06
   364    0.2862656576E-06
   365    0.2568440827E-06
   366    0.1494695463E-06
   367    0.7339743413E-07
   368    0.1012920352E-06
   369    0.1230954385E-06
   370    0.1276603983E-06
   371    0.7776802802E-07
   372    0.3334768639E-07
   373    0.2903850382E-07
   374    0.3514742838E-07
   375    0.4734546422E-07
   376    0.3628809053E-07
   377    0.1736028729E-07
   378    0.1793637217E-07
   379    0.1651760323E-07
   380    0.8127403861E-08
   381    0.1071131528E-07
   382    0.1020248755E-07
   383    0.6395584368E-08
   384    0.4588357472E-08
   385    0.5450785739E-08
   386    0.2522405396E-08
   387    0.1789588505E-08
   388    0.4621051930E-08
   389    0.3205163468E-08
   390    0.4647580099E-09
   391    0.9685612312E-09
   392    0.1245593406E-08
   393    0.7999052809E-09
   394    0.7759028975E-09
   395    0.4896789640E-09
   396    0.4547269228E-09
   397    0.4235458650E-09
   398    0.2035145941E-09
   399    0.3112186064E-09
   400    0.2298790047E-09
   401    0.9526002209E-10
   402    0.9315526128E-10
   403    0.1243605219E-09
   404    0.8909650795E-10
   405    0.3916914015E-10
   406    0.4762368278E-10
   407    0.3919220504E-10
   408    0.3431155360E-10
   409    0.3027231243E-10
   410    0.1051397858E-10
   411    0.1351829759E-10
   412    0.1576372366E-10
   413    0.8804401652E-11
   414    0.7312567218E-11
   415    0.5717426532E-11
   416    0.3810507465E-11
   417    0.3995276332E-11
   418    0.2443045766E-11
   419    0.1650485304E-11
   420    0.2082556350E-11
   421    0.1686428774E-11
   422    0.8675282714E-12
   423    0.5301314943E-12
   424    0.5238587342E-12
   425    0.4945488463E-12
   426    0.4798383912E-12
   427    0.2933209231E-12
   428    0.1851852005E-12
   429    0.1671995875E-12
   430    0.1281752482E-12
   431    0.8060219159E-13
   432    0.7815970093E-13
   433    0.6350475701E-13
   434    0.5839773110E-13
   435    0.3774758284E-13
   436    0.1515454429E-13
   437    0.2184363801E-13
   438    0.1665334537E-13
   439    0.9020562075E-14
   440    0.1088018564E-13
   441    0.6522560270E-14
   442    0.5107025913E-14
   443    0.4829470157E-14
   444    0.2636779683E-14
   445    0.2914335440E-14
   446    0.2442490654E-14
   447    0.1110223025E-14
   448    0.1026956298E-14
   449    0.2442490654E-14
   450    0.2220446049E-15
   451    0.7494005416E-15
   452    0.6661338148E-15
   453    0.6661338148E-15
   454    0.2220446049E-15
   455    0.1110223025E-14
   456    0.0000000000E+00
   457    0.2220446049E-15
   458    0.2220446049E-15
   459    0.1110223025E-15
   460    0.0000000000E+00
   461    0.4440892099E-15
   462    0.0000000000E+00
   463    0.2220446049E-15
   464    0.0000000000E+00
   465   -0.8881784197E-15
   466    0.0000000000E+00
   467    0.0000000000E+00
   468    0.0000000000E+00
   469   -0.6661338148E-15
   470    0.2220446049E-15
   471    0.4440892099E-15
   472    0.3330669074E-15
   473    0.2220446049E-15
   474    0.2220446049E-15
   475   -0.8881784197E-15
   476   -0.8881784197E-15
   477    0.0000000000E+00
   478    0.2220446049E-15
   479    0.0000000000E+00
   480   -0.6661338148E-15
   481    0.2220446049E-15
   482    0.2220446049E-15
   483   -0.6661338148E-15
   484    0.2220446049E-15
   485    0.0000000000E+00
   486    0.2220446049E-15
   487    0.3330669074E-15
   488    0.2220446049E-15
   489   -0.8881784197E-15
   490   -0.6661338148E-15
   491    0.0000000000E+00
   492   -0.8881784197E-15
   493    0.0000000000E+00
   494    0.4440892099E-15
   495    0.0000000000E+00
   496    0.5551115123E-15
   497   -0.2220446049E-15
   498    0.0000000000E+00
   499   -0.8881784197E-15
   500    0.3571428571E+01
   501    0.3571428571E+01
   502    0.0000000000E+00
