    -1   -0.6055762363E+01
     0   -0.1174847850E+00
     1   -0.5339966421E+00
     2   -0.1282161698E+01
     3    0.2260884005E+01
     4   -0.1403743936E+01
     5   -0.1174018009E+00
     6    0.1432714426E+01
     7   -0.1485592001E+01
     8    0.8399947300E+00
     9   -0.7119562241E-01
    10   -0.2786159971E+00
    11    0.7339131124E+00
    12   -0.1817138554E+01
    13    0.2455223133E+01
    14   -0.1460988357E+01
    15   -0.1265846821E+01
    16    0.3432665908E+01
    17   -0.3167628235E+01
    18    0.2142493317E+00
    19    0.2720327415E+01
    20   -0.3566495432E+01
    21    0.1155730613E+01
    22    0.1913081687E+01
    23   -0.3372732587E+01
    24    0.1623426672E+01
    25    0.9866111513E+00
    26   -0.2332429551E+01
    27    0.1224489590E+01
    28    0.4841284044E-01
    29   -0.3588981386E+00
    30   -0.5359628924E-01
    31   -0.2854131235E+00
    32    0.6713192410E+00
    33    0.8653295851E-01
    34   -0.1440654307E+01
    35    0.1659573244E+01
    36   -0.5229023623E+00
    37   -0.3883261724E+00
    38    0.4250983693E+00
    39    0.2080197863E+00
    40   -0.6965822050E-01
    41    0.1150191416E+00
    42   -0.6853508461E-01
    43    0.2662484734E+00
    44   -0.2294649267E-01
    45    0.1109215977E+00
    46    0.2166803899E-01
    47   -0.1447169739E+00
    48    0.5781814758E+00
    49   -0.2152790915E+00
    50   -0.6583460282E+00
    51    0.1241311927E+01
    52   -0.4839482659E+00
    53   -0.5351031205E+00
    54    0.7786888863E+00
    55   -0.2594728791E+00
    56   -0.1903415678E+00
    57    0.4370584941E+00
    58   -0.3119752197E+00
    59   -0.2472356154E+00
    60    0.3968807756E+00
    61   -0.7159064427E-01
    62   -0.6871894625E+00
    63    0.6318519089E+00
    64   -0.4607863748E-01
    65   -0.8837254277E+00
    66    0.9744447048E+00
    67   -0.5314678181E+00
    68   -0.6585445621E+00
    69    0.1225123441E+01
    70   -0.1013266021E+01
    71   -0.4454357940E+00
    72    0.1362019162E+01
    73   -0.1056982440E+01
    74   -0.3789816410E+00
    75    0.6786069164E+00
    76    0.1117184927E+00
    77   -0.5408651913E+00
    78   -0.6545424641E-01
    79    0.5081947929E+00
    80    0.2618110130E+00
    81   -0.1231136948E+01
    82    0.9303742786E+00
    83    0.6572105214E+00
    84   -0.9733531742E+00
    85    0.2679003712E-01
    86    0.1134989484E+01
    87   -0.6735096905E+00
    88   -0.3956287291E+00
    89    0.1160568759E+01
    90   -0.4314192771E+00
    91   -0.3724899442E+00
    92    0.7850541889E+00
    93   -0.2816388577E+00
    94    0.7741684489E-01
    95    0.8750054572E-01
    96   -0.3241881250E+00
    97    0.7010807641E+00
    98   -0.2537173067E+00
    99   -0.8268877131E+00
   100    0.1375812707E+01
   101   -0.5508493028E+00
   102   -0.8732213223E+00
   103    0.1376642837E+01
   104   -0.6075779532E+00
   105   -0.4760077489E+00
   106    0.6547345477E+00
   107   -0.4637360113E+00
   108   -0.1158186822E-01
   109    0.4379871799E-01
   110   -0.1613408960E+00
   111   -0.5605496824E-01
   112   -0.4398146819E-01
   113   -0.7080772655E-01
   114   -0.1221375670E+00
   115   -0.1619448717E+00
   116    0.4115075899E+00
   117   -0.8483032978E+00
   118    0.4730878662E+00
   119    0.1418186419E+00
   120   -0.4214528653E+00
   121   -0.1298184564E+00
   122    0.3339803821E+00
   123    0.9920801054E-01
   124   -0.4023189499E+00
   125    0.8349119083E-01
   126    0.4792866108E+00
   127   -0.1444818347E+00
   128   -0.5060255784E+00
   129    0.7828246377E+00
   130    0.1620083247E+00
   131   -0.8640205669E+00
   132    0.7426830464E+00
   133    0.5343959577E+00
   134   -0.1047618885E+01
   135    0.6680746094E+00
   136    0.5648233079E+00
   137   -0.9850143711E+00
   138    0.7329549521E+00
   139    0.1186207309E+00
   140   -0.4706201583E+00
   141    0.4534275581E+00
   142   -0.8316965954E-01
   143   -0.1655790709E+00
   144    0.5886038776E+00
   145   -0.7648362185E+00
   146    0.3908523084E+00
   147    0.1379749161E+00
   148   -0.6442573583E+00
   149    0.7135326897E+00
   150   -0.2955817891E+00
   151   -0.4997696774E+00
   152    0.6380193771E+00
   153   -0.4014394386E+00
   154   -0.2954677619E+00
   155    0.4068188409E+00
   156   -0.3405975310E+00
   157   -0.2782054267E+00
   158    0.3772312152E+00
   159   -0.2738916232E+00
   160   -0.3896808700E+00
   161    0.5047385155E+00
   162   -0.3107205274E+00
   163   -0.2862605901E+00
   164    0.4235809037E+00
   165   -0.2707345088E+00
   166   -0.1687063075E+00
   167    0.1663589268E+00
   168    0.4547082820E-01
   169   -0.3552802650E+00
   170    0.1936054221E+00
   171    0.1509922635E+00
   172    0.2159969575E+00
   173   -0.1443189108E+00
   174    0.1341799281E+00
   175    0.1730072217E+00
   176   -0.1284293158E+00
   177    0.1846462204E+00
   178    0.1317195517E+00
   179   -0.1360035045E+00
   180    0.2322766670E+00
   181    0.1197307625E+00
   182   -0.1861191138E+00
   183    0.1663497333E+00
   184    0.1344502119E+00
   185   -0.7220123294E-01
   186   -0.9295079886E-01
   187    0.3783279466E+00
   188   -0.2420431269E+00
   189   -0.1659712340E+00
   190    0.3914558842E+00
   191   -0.4443691125E+00
   192    0.1214065294E+00
   193    0.2023865880E+00
   194   -0.2965246728E+00
   195   -0.9999876478E-01
   196    0.1951692710E+00
   197   -0.2335949672E+00
   198   -0.1865332361E+00
   199    0.2237210490E+00
   200   -0.1823563277E+00
   201   -0.2145931841E+00
   202    0.2235290183E+00
   203   -0.2294614673E+00
   204   -0.3191713134E+00
   205    0.4307929227E+00
   206   -0.8341375970E-01
   207   -0.2589806470E+00
   208    0.2991026550E+00
   209   -0.3442776824E+00
   210    0.1267879766E+00
   211    0.2962617451E+00
   212   -0.1484611749E+00
   213    0.7808586745E-01
   214    0.5643885268E-01
   215   -0.6040872317E-01
   216    0.1493450621E+00
   217    0.3659679260E-01
   218   -0.3284753522E-01
   219    0.1934896026E+00
   220   -0.7396254612E-02
   221   -0.6864983737E-01
   222    0.2488524545E+00
   223    0.4443465317E-01
   224   -0.1088753380E+00
   225    0.1626758860E+00
   226    0.4006756700E-01
   227   -0.2157063431E-01
   228    0.1015923668E+00
   229   -0.2881857851E+00
   230   -0.2146891112E-01
   231    0.3081951409E+00
   232    0.1510411317E+00
   233   -0.1400694570E+00
   234   -0.5943950345E-01
   235   -0.1560142442E+00
   236   -0.3119370403E+00
   237    0.4389784052E+00
   238    0.4174944620E+00
   239   -0.1121038639E+00
   240   -0.3908246072E+00
   241   -0.3010857345E+00
   242   -0.8512745212E-01
   243    0.7633980491E+00
   244    0.3838155308E-01
   245   -0.3848746669E+00
   246   -0.1997468810E+00
   247    0.8679440297E-02
   248   -0.1754942672E+00
   249    0.2439728138E+00
   250    0.3923343296E+00
   251   -0.3401435565E+00
   252   -0.2086410135E+00
   253    0.1153150625E+00
   254   -0.5315441997E-01
   255   -0.5857905570E-01
   256    0.2802126511E-01
   257   -0.2443506140E-01
   258   -0.4624681535E-01
   259    0.2571992436E-01
   260   -0.2654053009E-01
   261    0.2519675260E-02
   262    0.2237264966E-01
   263   -0.1021972528E+00
   264   -0.3423877695E-01
   265    0.8944999493E-01
   266   -0.1467589351E-01
   267   -0.1340437095E+00
   268    0.2087685828E-01
   269    0.8920445297E-01
   270   -0.1733883372E-01
   271   -0.1912349831E-01
   272   -0.3732863677E-01
   273    0.4506053078E-02
   274    0.2524888941E-01
   275   -0.3026730219E-01
   276   -0.6079461941E-02
   277    0.1562192780E-01
   278   -0.2499524631E-01
   279   -0.4679189891E-04
   280    0.1105277094E-01
   281   -0.2369014657E-01
   282    0.1613042180E-01
   283    0.4728741545E-01
   284   -0.4877986105E-01
   285   -0.1054755518E+00
   286    0.1172138558E+00
   287    0.2363460763E-01
   288   -0.2706732274E-01
   289   -0.1827845871E-02
   290    0.8430555659E-02
   291   -0.2030712076E-02
   292    0.3662297133E-02
   293    0.1314847726E-01
   294    0.1679237597E-02
   295   -0.5281592942E-02
   296    0.7917472199E-02
   297    0.1048200683E-01
   298    0.1672412414E-02
   299   -0.1482031160E-02
   300    0.6069177651E-02
   301    0.8398185233E-02
   302   -0.4807730141E-03
   303   -0.2573403942E-01
   304    0.1865648384E-01
   305    0.1774060381E-01
   306    0.6017435009E-02
   307   -0.3239401914E-03
   308   -0.1089507065E-02
   309    0.2462439837E-02
   310    0.3268832560E-02
   311    0.4744752196E-02
   312    0.4545490424E-02
   313    0.1224799679E-02
   314    0.2353220753E-03
   315    0.2866122869E-02
   316    0.3325051202E-02
   317    0.1540799122E-02
   318    0.1398510327E-02
   319    0.2906981034E-02
   320    0.1490754190E-02
   321    0.4281391207E-03
   322    0.2069966475E-02
   323    0.2263095624E-02
   324    0.1081061919E-02
   325    0.9245092527E-03
   326    0.1435907772E-02
   327    0.1057459634E-02
   328    0.9428939379E-03
   329    0.1065110322E-02
   330    0.8360598451E-03
   331    0.6220119213E-03
   332    0.5997992572E-03
   333    0.6362425420E-03
   334    0.8176759354E-03
   335    0.6615627613E-03
   336    0.3382194693E-03
   337    0.4359920244E-03
   338    0.4160869985E-03
   339    0.3930599652E-03
   340    0.4342111237E-03
   341    0.2571900992E-03
   342    0.1839967302E-03
   343    0.2761190913E-03
   344    0.2597479137E-03
   345    0.2158537707E-03
   346    0.1408503720E-03
   347    0.1269054560E-03
   348    0.1955993321E-03
   349    0.1438127156E-03
   350    0.9396619918E-04
   351    0.1202281153E-03
   352    0.1022001275E-03
   353    0.4768906360E-04
   354    0.7049195195E-04
   355    0.8692520195E-04
   356    0.4300082327E-04
   357    0.4530566718E-04
   358    0.4931986125E-04
   359    0.3809236021E-04
   360    0.3430928477E-04
   361    0.2831817539E-04
   362    0.2472593597E-04
   363    0.2027017321E-04
   364    0.1937791078E-04
   365    0.1737726086E-04
   366    0.1473048737E-04
   367    0.1606846595E-04
   368    0.1128720051E-04
   369    0.7035618092E-05
   370    0.9185965640E-05
   371    0.7180308050E-05
   372    0.4325451653E-05
   373    0.5513560321E-05
   374    0.5556129993E-05
   375    0.4602154906E-05
   376    0.2927715080E-05
   377    0.2683715654E-05
   378    0.2519426992E-05
   379    0.1974905665E-05
   380    0.1825165720E-05
   381    0.1651348125E-05
   382    0.1496349455E-05
   383    0.9795941884E-06
   384    0.8465882298E-06
   385    0.7868022802E-06
   386    0.7002458371E-06
   387    0.6126687942E-06
   388    0.4111615561E-06
   389    0.3542028550E-06
   390    0.3760563410E-06
   391    0.3218038926E-06
   392    0.2473567235E-06
   393    0.2101326092E-06
   394    0.1536058711E-06
   395    0.1219823524E-06
   396    0.1125579535E-06
   397    0.1062142605E-06
   398    0.9263461742E-07
   399    0.6716348536E-07
   400    0.4785576246E-07
   401    0.4099293555E-07
   402    0.3832519480E-07
   403    0.3621962619E-07
   404    0.2770493163E-07
   405    0.1996051194E-07
   406    0.1816243311E-07
   407    0.1407008854E-07
   408    0.1092356894E-07
   409    0.1056548316E-07
   410    0.8120951411E-08
   411    0.6386282336E-08
   412    0.5273817105E-08
   413    0.4516915258E-08
   414    0.3098221402E-08
   415    0.2735180138E-08
   416    0.3089978190E-08
   417    0.2066238708E-08
   418    0.1203430577E-08
   419    0.1256757004E-08
   420    0.1011723372E-08
   421    0.8231680615E-09
   422    0.6863399848E-09
   423    0.4944075982E-09
   424    0.4559317091E-09
   425    0.3448124286E-09
   426    0.2545379740E-09
   427    0.2533232513E-09
   428    0.1820641971E-09
   429    0.1209417011E-09
   430    0.1118121984E-09
   431    0.1001429772E-09
   432    0.7186071183E-10
   433    0.5157616001E-10
   434    0.4612302207E-10
   435    0.3574537888E-10
   436    0.3031466744E-10
   437    0.2373634622E-10
   438    0.1501207492E-10
   439    0.1447328368E-10
   440    0.1189848220E-10
   441    0.8515355088E-11
   442    0.6926625939E-11
   443    0.5238115497E-11
   444    0.4121425423E-11
   445    0.3439110108E-11
   446    0.2385952547E-11
   447    0.1940919647E-11
   448    0.1734584698E-11
   449    0.1278421813E-11
   450    0.8963663145E-12
   451    0.6641631689E-12
   452    0.5570821582E-12
   453    0.4602707104E-12
   454    0.3732847365E-12
   455    0.2607358773E-12
   456    0.1990352327E-12
   457    0.1549038675E-12
   458    0.1194599974E-12
   459    0.9064970996E-13
   460    0.7269185254E-13
   461    0.5728750807E-13
   462    0.4607425552E-13
   463    0.3122502257E-13
   464    0.2300937219E-13
   465    0.1948441408E-13
   466    0.1426636587E-13
   467    0.1154631946E-13
   468    0.7771561172E-14
   469    0.5884182031E-14
   470    0.5329070518E-14
   471    0.3441691376E-14
   472    0.2886579864E-14
   473    0.1415534356E-14
   474    0.3330669074E-15
   475    0.1998401444E-14
   476    0.1276756478E-14
   477    0.2220446049E-14
   478    0.8326672685E-15
   479    0.9992007222E-15
   480    0.0000000000E+00
   481    0.1110223025E-14
   482    0.2220446049E-15
   483    0.2220446049E-15
   484    0.0000000000E+00
   485    0.0000000000E+00
   486    0.0000000000E+00
   487    0.2220446049E-15
   488    0.0000000000E+00
   489    0.0000000000E+00
   490    0.0000000000E+00
   491    0.0000000000E+00
   492    0.2220446049E-15
   493    0.0000000000E+00
   494    0.0000000000E+00
   495   -0.2220446049E-15
   496    0.6661338148E-15
   497    0.0000000000E+00
   498    0.2220446049E-15
   499    0.0000000000E+00
   500    0.3571428571E+01
   501    0.3571428571E+01
   502    0.0000000000E+00
