    -1   -0.3952898149E+01
     0   -0.3211617571E+01
     1   -0.1624445083E-01
     2    0.5537180948E-02
     3    0.3857926973E-01
     4   -0.1548406329E-01
     5   -0.1472747080E-02
     6    0.4956827335E-01
     7   -0.1912041686E-01
     8   -0.1045903829E-01
     9    0.6102237943E-01
    10   -0.2813085921E-01
    11   -0.1432976995E-01
    12    0.6290379553E-01
    13   -0.3259911518E-01
    14   -0.1970340360E-01
    15    0.5998880058E-01
    16   -0.3342314543E-01
    17   -0.2795688371E-01
    18    0.5814794005E-01
    19   -0.3705923556E-01
    20   -0.3111503006E-01
    21    0.5209979587E-01
    22   -0.3925875461E-01
    23   -0.2908110573E-01
    24    0.4010563867E-01
    25   -0.3488787407E-01
    26   -0.2702471705E-01
    27    0.2777744157E-01
    28   -0.2680626560E-01
    29   -0.2335143756E-01
    30    0.1358184019E-01
    31   -0.1033288154E-01
    32   -0.2634828444E-01
    33    0.7642541544E-02
    34    0.5286735525E-02
    35   -0.3199853770E-01
    36    0.1196365989E-01
    37    0.1154852969E-01
    38   -0.3027849214E-01
    39    0.1626249897E-01
    40    0.1436048388E-01
    41   -0.2339763471E-01
    42    0.1628487274E-01
    43    0.2012544620E-01
    44   -0.1957121298E-01
    45    0.1720272911E-01
    46    0.2465399294E-01
    47   -0.1731397748E-01
    48    0.1752760047E-01
    49    0.2700866926E-01
    50   -0.1496363930E-01
    51    0.1403919700E-01
    52    0.2965802399E-01
    53   -0.1521156890E-01
    54    0.9268831059E-02
    55    0.3065626040E-01
    56   -0.1734512921E-01
    57    0.3579672937E-02
    58    0.3068982295E-01
    59   -0.2201068179E-01
    60   -0.1109025527E-02
    61    0.2764898688E-01
    62   -0.2367109130E-01
    63   -0.1053112885E-01
    64    0.2770571697E-01
    65   -0.2464058094E-01
    66   -0.2365776916E-01
    67    0.3425544476E-01
    68   -0.3061647510E-01
    69   -0.3091147264E-01
    70    0.3997754837E-01
    71   -0.3786374468E-01
    72   -0.2982605038E-01
    73    0.3973645000E-01
    74   -0.3873900280E-01
    75   -0.2879852065E-01
    76    0.4230873304E-01
    77   -0.4082665648E-01
    78   -0.2215251193E-01
    79    0.4336922368E-01
    80   -0.4215974571E-01
    81   -0.9842287099E-02
    82    0.3857334111E-01
    83   -0.3658632361E-01
    84    0.4926996082E-03
    85    0.3243734790E-01
    86   -0.2708011332E-01
    87    0.8652487900E-02
    88    0.2403189926E-01
    89   -0.1290958042E-01
    90    0.1140831591E-01
    91    0.1539451395E-01
    92    0.4442902326E-02
    93    0.5412639579E-02
    94    0.1346133209E-01
    95    0.1395353228E-01
    96    0.8759595346E-03
    97    0.1032894351E-01
    98    0.1924277061E-01
    99   -0.2656636364E-02
   100    0.4069262017E-02
   101    0.2333027514E-01
   102   -0.7413656841E-02
   103   -0.3783768768E-02
   104    0.2676283354E-01
   105   -0.1419786506E-01
   106   -0.1064414427E-01
   107    0.2795571373E-01
   108   -0.2065228636E-01
   109   -0.1631729821E-01
   110    0.2667106630E-01
   111   -0.2427287227E-01
   112   -0.2194240417E-01
   113    0.2555529212E-01
   114   -0.2693531240E-01
   115   -0.2445899679E-01
   116    0.2378463942E-01
   117   -0.2781510647E-01
   118   -0.2408503533E-01
   119    0.2232752246E-01
   120   -0.2627844704E-01
   121   -0.2246473019E-01
   122    0.2218528903E-01
   123   -0.2093079139E-01
   124   -0.2405380656E-01
   125    0.2917500370E-01
   126   -0.1940054734E-01
   127   -0.2205389850E-01
   128    0.3750138365E-01
   129   -0.2065592933E-01
   130   -0.1517277050E-01
   131    0.4278540700E-01
   132   -0.2153140787E-01
   133   -0.6776437250E-02
   134    0.4515119359E-01
   135   -0.2149293648E-01
   136    0.1901178742E-03
   137    0.4622428819E-01
   138   -0.2280279112E-01
   139    0.7108709027E-02
   140    0.4281136697E-01
   141   -0.2250588794E-01
   142    0.1109392768E-01
   143    0.3585573892E-01
   144   -0.2041820349E-01
   145    0.1121452521E-01
   146    0.2652822603E-01
   147   -0.1730768912E-01
   148    0.8611790504E-02
   149    0.1447116348E-01
   150   -0.1106265732E-01
   151    0.1818954864E-03
   152    0.6493200028E-02
   153   -0.9085254358E-02
   154   -0.5538542457E-02
   155   -0.2118711793E-02
   156   -0.7639611786E-02
   157   -0.9159511417E-02
   158   -0.1080139752E-01
   159   -0.5383134522E-02
   160   -0.1023590472E-01
   161   -0.1966004403E-01
   162   -0.3187595677E-03
   163   -0.1140110391E-01
   164   -0.2575047706E-01
   165    0.7115303066E-02
   166   -0.1205243220E-01
   167   -0.2898813242E-01
   168    0.1426553136E-01
   169   -0.1095871405E-01
   170   -0.2924052517E-01
   171    0.2172749736E-01
   172   -0.9294118406E-02
   173   -0.2609278762E-01
   174    0.2578090092E-01
   175   -0.7174808744E-02
   176   -0.2018455010E-01
   177    0.2038374666E-01
   178   -0.1286638049E-01
   179    0.2086980284E-02
   180    0.2696778109E-01
   181    0.5951040085E-02
   182   -0.1620823322E-01
   183    0.2383330020E-01
   184    0.1207759297E-01
   185   -0.1621345041E-01
   186    0.2364075158E-01
   187    0.1284781007E-01
   188   -0.2106404792E-01
   189    0.2139379948E-01
   190    0.1346855210E-01
   191   -0.2252279824E-01
   192    0.1554524497E-01
   193    0.1015933765E-01
   194   -0.2207766254E-01
   195    0.1164146512E-01
   196    0.3460173614E-02
   197   -0.2444997069E-01
   198    0.6671216946E-02
   199   -0.1511284642E-02
   200   -0.2101870537E-01
   201    0.6015592535E-02
   202   -0.5278971610E-02
   203   -0.2228332585E-01
   204    0.5077350568E-03
   205   -0.2699747864E-01
   206   -0.9605058303E-02
   207    0.1093679059E-01
   208   -0.1828443666E-01
   209    0.3382013017E-02
   210    0.1285621920E-02
   211   -0.1286857148E-01
   212    0.7907663083E-02
   213   -0.6278507895E-03
   214   -0.1196416041E-01
   215    0.1862475185E-01
   216    0.7512300488E-02
   217   -0.6615835225E-02
   218    0.2295316206E-01
   219   -0.1177518984E-01
   220    0.3005792328E-01
   221    0.3713973113E-01
   222    0.7146081774E-02
   223    0.6899287658E-02
   224    0.3788658550E-01
   225    0.1465329181E-01
   226    0.9989844923E-02
   227    0.3324119385E-01
   228    0.2222916440E-01
   229    0.8663225790E-02
   230    0.1156496913E-01
   231    0.4205593507E-01
   232    0.2003850554E-01
   233    0.2483297647E-01
   234    0.2114126657E-01
   235    0.1563303621E-01
   236    0.1901703514E-01
   237    0.1780038095E-01
   238   -0.1313313847E-01
   239   -0.1836841241E-01
   240    0.6137522241E-01
   241    0.1991654278E-01
   242    0.3007063672E-02
   243    0.4923092117E-02
   244   -0.5174046467E-02
   245   -0.7153838274E-01
   246    0.7554445066E-01
   247    0.1848881802E-01
   248   -0.5406818561E-02
   249   -0.1175711405E-01
   250   -0.1618896543E-01
   251   -0.6618305867E-01
   252    0.5197303526E-01
   253    0.9004194418E-02
   254   -0.5610559391E-02
   255   -0.2278445172E-01
   256   -0.1210649779E-01
   257   -0.3729768522E-01
   258   -0.3450196031E-01
   259    0.3361716466E-01
   260   -0.6242535158E-02
   261   -0.2956052427E-01
   262   -0.9086350836E-02
   263   -0.6864947725E-02
   264   -0.3088927933E-01
   265   -0.1611602423E-01
   266   -0.4488141644E-02
   267   -0.2454933610E-01
   268   -0.1835825990E-01
   269   -0.4148086829E-02
   270   -0.1687346292E-01
   271   -0.2350165306E-01
   272   -0.6125883960E-02
   273   -0.1549171732E-01
   274   -0.1255517008E-01
   275   -0.5973776305E-02
   276   -0.2022177667E-01
   277   -0.1343719364E-01
   278   -0.5875138264E-02
   279   -0.6583512472E-02
   280   -0.4643665402E-02
   281   -0.1029170563E-01
   282   -0.1051330652E-01
   283   -0.3746427959E-02
   284   -0.5184798152E-02
   285   -0.7328725937E-02
   286   -0.2534937001E-02
   287   -0.4217596817E-02
   288   -0.5628985485E-02
   289   -0.1390582349E-02
   290   -0.3265128283E-02
   291   -0.3848378654E-02
   292    0.2029687337E-02
   293    0.2051636670E-02
   294   -0.2044049857E-02
   295   -0.2574631174E-01
   296    0.2340683804E-01
   297    0.4311606484E-02
   298    0.6356101319E-03
   299    0.2624426405E-02
   300    0.3024805599E-02
   301    0.1694857203E-02
   302    0.2718199663E-02
   303    0.4477282503E-02
   304    0.2961235674E-02
   305    0.1857658510E-02
   306    0.4136263303E-02
   307    0.4448406388E-02
   308    0.3037196490E-02
   309    0.3071254117E-02
   310    0.3851611486E-02
   311    0.3637712620E-02
   312    0.3454379138E-02
   313   -0.6723589792E-02
   314    0.7014060634E-02
   315    0.1035080667E-01
   316    0.3979010250E-02
   317    0.3289767233E-02
   318    0.2626075397E-02
   319    0.2741389794E-02
   320    0.3094644448E-02
   321    0.3102666580E-02
   322    0.2956877867E-02
   323    0.2507830637E-02
   324    0.2148203161E-02
   325    0.2398921707E-02
   326    0.2433508262E-02
   327    0.2056560776E-02
   328    0.1916800742E-02
   329    0.2056103518E-02
   330    0.1729763571E-02
   331    0.1530159073E-02
   332    0.1626066005E-02
   333    0.1551320120E-02
   334    0.1372692808E-02
   335    0.1218106443E-02
   336    0.1189714423E-02
   337    0.1113575292E-02
   338    0.1014214484E-02
   339    0.9270218583E-03
   340    0.8708131620E-03
   341    0.7827632106E-03
   342    0.6876997343E-03
   343    0.6700565147E-03
   344    0.6475558742E-03
   345    0.5579729990E-03
   346    0.4906187889E-03
   347    0.4637288084E-03
   348    0.4102124991E-03
   349    0.3823993006E-03
   350    0.3628768467E-03
   351    0.3001757678E-03
   352    0.2656814575E-03
   353    0.2583393887E-03
   354    0.2306203164E-03
   355    0.2056318372E-03
   356    0.1777571940E-03
   357    0.1577830756E-03
   358    0.1534115297E-03
   359    0.1319999316E-03
   360    0.1132186059E-03
   361    0.1064272334E-03
   362    0.9255483971E-04
   363    0.7688694226E-04
   364    0.7181433062E-04
   365    0.6663845885E-04
   366    0.5461342540E-04
   367    0.4901105863E-04
   368    0.4426409375E-04
   369    0.3819000959E-04
   370    0.3386783467E-04
   371    0.2923524487E-04
   372    0.2559612384E-04
   373    0.2213663564E-04
   374    0.1962178088E-04
   375    0.1718289135E-04
   376    0.1472427331E-04
   377    0.1342685059E-04
   378    0.1125244153E-04
   379    0.9263559133E-05
   380    0.8521299156E-05
   381    0.7251416173E-05
   382    0.5935593685E-05
   383    0.5420501503E-05
   384    0.4758475791E-05
   385    0.4033952154E-05
   386    0.3370783690E-05
   387    0.2880258177E-05
   388    0.2480624971E-05
   389    0.2122167237E-05
   390    0.1816140379E-05
   391    0.1552862795E-05
   392    0.1348623765E-05
   393    0.1099459529E-05
   394    0.9305369041E-06
   395    0.8004406100E-06
   396    0.6824525320E-06
   397    0.5791792581E-06
   398    0.4740141785E-06
   399    0.3992523001E-06
   400    0.3461489062E-06
   401    0.2944145061E-06
   402    0.2422868318E-06
   403    0.2029626776E-06
   404    0.1679455979E-06
   405    0.1385083559E-06
   406    0.1170187037E-06
   407    0.9954180633E-07
   408    0.8360732423E-07
   409    0.6790465426E-07
   410    0.5533452388E-07
   411    0.4611312099E-07
   412    0.3849558125E-07
   413    0.3264314033E-07
   414    0.2680608666E-07
   415    0.2150108061E-07
   416    0.1795375590E-07
   417    0.1474166902E-07
   418    0.1194721344E-07
   419    0.1002353697E-07
   420    0.8174113275E-08
   421    0.6628822241E-08
   422    0.5411885023E-08
   423    0.4474987797E-08
   424    0.3547188321E-08
   425    0.2906910018E-08
   426    0.2496278267E-08
   427    0.1971246721E-08
   428    0.1524962684E-08
   429    0.1269733346E-08
   430    0.1030730112E-08
   431    0.8326162815E-09
   432    0.6724809043E-09
   433    0.5360320798E-09
   434    0.4381903174E-09
   435    0.3487004852E-09
   436    0.2770770280E-09
   437    0.2289722578E-09
   438    0.1799682903E-09
   439    0.1409438399E-09
   440    0.1140566253E-09
   441    0.9255435307E-10
   442    0.7298098237E-10
   443    0.5682507243E-10
   444    0.4601180548E-10
   445    0.3634964552E-10
   446    0.2900091278E-10
   447    0.2305569624E-10
   448    0.1758584944E-10
   449    0.1423250406E-10
   450    0.1132502425E-10
   451    0.8780115524E-11
   452    0.6926514917E-11
   453    0.5419359406E-11
   454    0.4244465890E-11
   455    0.3349182043E-11
   456    0.2584626957E-11
   457    0.2024408419E-11
   458    0.1605438005E-11
   459    0.1249167436E-11
   460    0.9547362900E-12
   461    0.7332190410E-12
   462    0.5790645741E-12
   463    0.4511391261E-12
   464    0.3514410984E-12
   465    0.2692013279E-12
   466    0.2064459714E-12
   467    0.1603717159E-12
   468    0.1226241331E-12
   469    0.9409140134E-13
   470    0.7327471963E-13
   471    0.5537237335E-13
   472    0.4449218771E-13
   473    0.3361200207E-13
   474    0.2212119377E-13
   475    0.1931788063E-13
   476    0.1429412144E-13
   477    0.1013078510E-13
   478    0.7965850202E-14
   479    0.6938893904E-14
   480    0.3802513859E-14
   481    0.4551914401E-14
   482    0.2775557562E-14
   483    0.2414735079E-14
   484    0.1415534356E-14
   485    0.1304512054E-14
   486    0.1942890293E-14
   487    0.5273559367E-15
   488    0.9436895709E-15
   489    0.9992007222E-15
   490    0.0000000000E+00
   491    0.4440892099E-15
   492   -0.6661338148E-15
   493    0.2220446049E-15
   494    0.0000000000E+00
   495    0.0000000000E+00
   496    0.0000000000E+00
   497    0.2220446049E-15
   498    0.2220446049E-15
   499    0.0000000000E+00
   500    0.3571428571E+01
   501    0.3571428571E+01
   502    0.0000000000E+00
