    -1    0.0000000000E+00
     0   -0.4143530145E+01
     1   -0.3056295446E+01
     2    0.5387975677E-01
     3   -0.9596586201E-01
     4    0.8565832660E-01
     5    0.4817472015E-01
     6   -0.8994833618E-01
     7    0.8470192954E-01
     8    0.4651570392E-01
     9   -0.8345520519E-01
    10    0.7238251616E-01
    11    0.4756469592E-01
    12   -0.7598708918E-01
    13    0.5060885505E-01
    14    0.4910438411E-01
    15   -0.6608489324E-01
    16    0.2226846124E-01
    17    0.4862930320E-01
    18   -0.5176156119E-01
    19   -0.9833478658E-02
    20    0.4560482789E-01
    21   -0.3322744209E-01
    22   -0.4186331843E-01
    23    0.4035377289E-01
    24   -0.1152712403E-01
    25   -0.7040180562E-01
    26    0.3403440698E-01
    27    0.1122176192E-01
    28   -0.9177108755E-01
    29    0.2649591561E-01
    30    0.3434783306E-01
    31   -0.1048535536E+00
    32    0.1859947413E-01
    33    0.5682272178E-01
    34   -0.1103316538E+00
    35    0.1175861926E-01
    36    0.7737959240E-01
    37   -0.1095415977E+00
    38    0.5962742051E-02
    39    0.9696509623E-01
    40   -0.1074564271E+00
    41    0.4692466749E-02
    42    0.1122887017E+00
    43   -0.1054246051E+00
    44    0.9384369571E-02
    45    0.1190329331E+00
    46   -0.1009521806E+00
    47    0.1591027561E-01
    48    0.1187988946E+00
    49   -0.9615369590E-01
    50    0.2306245120E-01
    51    0.1122987385E+00
    52   -0.9276850048E-01
    53    0.3084177182E-01
    54    0.9940836546E-01
    55   -0.9102016477E-01
    56    0.3804480935E-01
    57    0.8188980203E-01
    58   -0.9102468874E-01
    59    0.4408360587E-01
    60    0.6115945418E-01
    61   -0.9100497342E-01
    62    0.4657973477E-01
    63    0.4146407283E-01
    64   -0.9087152165E-01
    65    0.4474206137E-01
    66    0.2661415929E-01
    67   -0.9123142246E-01
    68    0.4044933472E-01
    69    0.1679351395E-01
    70   -0.8982285235E-01
    71    0.3402227391E-01
    72    0.1215546194E-01
    73   -0.8497499026E-01
    74    0.2660512054E-01
    75    0.1063122577E-01
    76   -0.7316941181E-01
    77    0.1586160872E-01
    78    0.1374546237E-01
    79   -0.5557521482E-01
    80    0.1675531034E-02
    81    0.2219804184E-01
    82   -0.3470915335E-01
    83   -0.1530688386E-01
    84    0.3546154089E-01
    85   -0.1314284761E-01
    86   -0.3355659319E-01
    87    0.5080785038E-01
    88    0.7609087990E-02
    89   -0.5070498080E-01
    90    0.6272741225E-01
    91    0.2977163537E-01
    92   -0.6905618520E-01
    93    0.7148742850E-01
    94    0.4969793169E-01
    95   -0.8555948226E-01
    96    0.7397976460E-01
    97    0.6615257328E-01
    98   -0.9773078896E-01
    99    0.6645921024E-01
   100    0.8215201891E-01
   101   -0.1096778101E+00
   102    0.5513599174E-01
   103    0.9099289337E-01
   104   -0.1158358933E+00
   105    0.3890397943E-01
   106    0.9300834317E-01
   107   -0.1153748410E+00
   108    0.1939415076E-01
   109    0.8991355546E-01
   110   -0.1103129250E+00
   111    0.1002479846E-02
   112    0.8281387282E-01
   113   -0.1034746801E+00
   114   -0.1033108463E-01
   115    0.7060923882E-01
   116   -0.9472693099E-01
   117   -0.1274121421E-01
   118    0.5425777401E-01
   119   -0.8367551888E-01
   120   -0.7040620331E-02
   121    0.3584939872E-01
   122   -0.6985131534E-01
   123    0.3232666997E-02
   124    0.1970531890E-01
   125   -0.5560588824E-01
   126    0.1605164309E-01
   127    0.8079316685E-02
   128   -0.4254820625E-01
   129    0.2882577084E-01
   130    0.2768326014E-02
   131   -0.3278955085E-01
   132    0.4018324885E-01
   133    0.2664930232E-02
   134   -0.2536887045E-01
   135    0.4669782002E-01
   136    0.7167598582E-02
   137   -0.1920843132E-01
   138    0.4471060805E-01
   139    0.1730920490E-01
   140   -0.1673648811E-01
   141    0.3615245338E-01
   142    0.2900606299E-01
   143   -0.1597860235E-01
   144    0.2118234012E-01
   145    0.3935222431E-01
   146   -0.1542813710E-01
   147    0.1678267212E-02
   148    0.4505646508E-01
   149   -0.1198458432E-01
   150   -0.2216810984E-01
   151    0.4625312495E-01
   152   -0.5324983983E-02
   153   -0.4849502310E-01
   154    0.4519104994E-01
   155    0.2540639371E-02
   156   -0.7280110082E-01
   157    0.4068356157E-01
   158    0.1295900028E-01
   159   -0.9344042854E-01
   160    0.3563843148E-01
   161    0.2310018410E-01
   162   -0.1084865590E+00
   163    0.3267160958E-01
   164    0.3078614658E-01
   165   -0.1118424333E+00
   166    0.2744779270E-01
   167    0.3602924066E-01
   168   -0.1055380374E+00
   169    0.2376263478E-01
   170    0.3951573548E-01
   171   -0.9102387673E-01
   172    0.2131715699E-01
   173    0.3808692131E-01
   174   -0.7291203053E-01
   175    0.2246430150E-01
   176    0.3456991482E-01
   177   -0.5161569986E-01
   178   -0.2208625588E-01
   179    0.8584066284E-01
   180   -0.2960001496E-01
   181   -0.6113716962E-02
   182    0.5325810291E-01
   183   -0.1618090059E-01
   184   -0.1552979129E-02
   185    0.4902216023E-01
   186   -0.7153199500E-02
   187   -0.6002936830E-02
   188    0.3715041768E-01
   189    0.3911292496E-02
   190   -0.4344077547E-02
   191    0.2032440331E-01
   192    0.6177086150E-02
   193   -0.8166028915E-03
   194    0.7254099112E-02
   195    0.3065034409E-02
   196   -0.4634936997E-02
   197   -0.8506198707E-02
   198   -0.6526455976E-03
   199    0.2463379966E-02
   200   -0.1528455783E-01
   201   -0.3915878209E-02
   202    0.6136917996E-03
   203   -0.3219842647E-01
   204   -0.1576972343E-01
   205    0.9281995080E-02
   206   -0.3275039147E-01
   207   -0.3546465401E-01
   208    0.2287831128E-01
   209   -0.1997617339E-01
   210    0.6897145609E-02
   211   -0.4611980070E-02
   212   -0.2676327997E-01
   213    0.6699203191E-02
   214    0.7773753953E-02
   215   -0.1207067264E-01
   216    0.1588746884E-01
   217    0.6668327797E-02
   218   -0.1049035621E-01
   219   -0.3208817895E-03
   220    0.6897814023E-01
   221   -0.1902887031E-02
   222    0.4385348938E-02
   223    0.4229713344E-01
   224    0.1700161399E-01
   225    0.2999959283E-02
   226    0.3928561228E-01
   227    0.3265480755E-01
   228    0.4216714200E-02
   229    0.3066622351E-01
   230    0.1032004541E-01
   231    0.4146234901E-01
   232    0.2304398025E-01
   233    0.3153416559E-01
   234    0.2667268115E-01
   235    0.1285208765E-01
   236    0.2920504516E-01
   237   -0.8356869515E-02
   238   -0.3834833394E-01
   239    0.3060520877E-01
   240    0.9116348065E-01
   241   -0.2453283169E-01
   242    0.3459952758E-01
   243   -0.3260232875E-01
   244   -0.8046869894E-01
   245    0.4863947554E-01
   246    0.8505656772E-01
   247   -0.2749627647E-01
   248    0.2255724507E-01
   249   -0.5961831254E-01
   250   -0.1076927530E+00
   251    0.9480441273E-01
   252    0.2868677169E-01
   253   -0.2390792479E-01
   254    0.1422290342E-01
   255   -0.5144504088E-01
   256   -0.6822202334E-01
   257   -0.1154258615E-01
   258    0.4208078137E-01
   259   -0.6336998208E-02
   260   -0.1412127571E-01
   261   -0.2695436496E-01
   262   -0.2025081267E-01
   263   -0.6969005599E-02
   264   -0.3285991105E-01
   265   -0.1735942108E-01
   266    0.1444038624E-02
   267   -0.3150565669E-01
   268   -0.1783050880E-01
   269   -0.6508965586E-02
   270   -0.3733331640E-02
   271   -0.3544763103E-01
   272   -0.6474093361E-02
   273   -0.6318688230E-02
   274   -0.1840699238E-01
   275   -0.2007436439E-02
   276   -0.3476467515E-01
   277   -0.5254416000E-02
   278    0.8403188639E-02
   279   -0.6848501499E-02
   280   -0.1385185704E-01
   281   -0.6946917846E-02
   282   -0.7937035818E-02
   283   -0.3749105021E-02
   284   -0.2708481386E-02
   285   -0.7677272479E-02
   286   -0.4228059004E-02
   287   -0.1067916532E-02
   288   -0.6097287794E-02
   289   -0.5218144517E-02
   290    0.4148339227E-03
   291    0.5161059898E-03
   292    0.3366660835E-02
   293    0.1691759729E-02
   294   -0.2951623050E-01
   295    0.1666369525E-01
   296    0.1344527961E-01
   297   -0.2522493796E-02
   298    0.1235539922E-02
   299    0.5536033213E-02
   300    0.1019340658E-02
   301    0.1379698329E-02
   302    0.6444243043E-02
   303    0.3819414073E-02
   304   -0.1056853473E-03
   305    0.4202190938E-02
   306    0.6248462453E-02
   307    0.2793049574E-02
   308    0.1924592005E-02
   309    0.4455247364E-02
   310    0.4145926163E-02
   311    0.2723533789E-02
   312   -0.4759551399E-02
   313    0.1512610965E-02
   314    0.1330549599E-01
   315    0.5005985035E-02
   316    0.3106751174E-02
   317    0.2133175806E-02
   318    0.2591846649E-02
   319    0.2920613060E-02
   320    0.3347144219E-02
   321    0.3441949601E-02
   322    0.2369589343E-02
   323    0.1840532029E-02
   324    0.2388589044E-02
   325    0.2565631364E-02
   326    0.2132148974E-02
   327    0.1773258144E-02
   328    0.2149583760E-02
   329    0.1850528089E-02
   330    0.1328256979E-02
   331    0.1619727013E-02
   332    0.1738264515E-02
   333    0.1365817412E-02
   334    0.1169821397E-02
   335    0.1244741796E-02
   336    0.1111985547E-02
   337    0.1017803156E-02
   338    0.9754917437E-03
   339    0.8632812734E-03
   340    0.7738974792E-03
   341    0.7013119285E-03
   342    0.6463639015E-03
   343    0.6714654263E-03
   344    0.6174253809E-03
   345    0.4671676731E-03
   346    0.4529925555E-03
   347    0.4339458009E-03
   348    0.3769922368E-03
   349    0.3786833313E-03
   350    0.3148894829E-03
   351    0.2499038279E-03
   352    0.2583359912E-03
   353    0.2449911291E-03
   354    0.2104527691E-03
   355    0.1776107742E-03
   356    0.1535684104E-03
   357    0.1594272613E-03
   358    0.1408994360E-03
   359    0.1115390755E-03
   360    0.1086482219E-03
   361    0.9897998974E-04
   362    0.7404463366E-04
   363    0.7020714988E-04
   364    0.7228870389E-04
   365    0.5510988946E-04
   366    0.4830622457E-04
   367    0.4619123912E-04
   368    0.3917065818E-04
   369    0.3463880106E-04
   370    0.2977325721E-04
   371    0.2615869416E-04
   372    0.2230627877E-04
   373    0.1983452360E-04
   374    0.1775142678E-04
   375    0.1501538641E-04
   376    0.1398136433E-04
   377    0.1182239939E-04
   378    0.9206544317E-05
   379    0.8548068101E-05
   380    0.7617203476E-05
   381    0.5866846964E-05
   382    0.5389724519E-05
   383    0.5033086781E-05
   384    0.4288123802E-05
   385    0.3393268969E-05
   386    0.2905165119E-05
   387    0.2574536054E-05
   388    0.2131449242E-05
   389    0.1869761514E-05
   390    0.1607247696E-05
   391    0.1406710601E-05
   392    0.1129671847E-05
   393    0.9353384357E-06
   394    0.8171749849E-06
   395    0.7022420629E-06
   396    0.6040548594E-06
   397    0.4824105021E-06
   398    0.3997160812E-06
   399    0.3564948760E-06
   400    0.3100143023E-06
   401    0.2514027537E-06
   402    0.2098004888E-06
   403    0.1721374520E-06
   404    0.1399048754E-06
   405    0.1189948761E-06
   406    0.1027901336E-06
   407    0.8818282748E-07
   408    0.7058329518E-07
   409    0.5598175248E-07
   410    0.4650631857E-07
   411    0.3945435795E-07
   412    0.3409888555E-07
   413    0.2803423266E-07
   414    0.2210565375E-07
   415    0.1843676689E-07
   416    0.1517806458E-07
   417    0.1217560414E-07
   418    0.1039622935E-07
   419    0.8463927392E-08
   420    0.6828281746E-08
   421    0.5568481509E-08
   422    0.4630276690E-08
   423    0.3631013351E-08
   424    0.2940081234E-08
   425    0.2644941904E-08
   426    0.2109715264E-08
   427    0.1533752680E-08
   428    0.1294262142E-08
   429    0.1068065830E-08
   430    0.8590101963E-09
   431    0.7021905557E-09
   432    0.5480745580E-09
   433    0.4544900012E-09
   434    0.3656667191E-09
   435    0.2804716737E-09
   436    0.2408792055E-09
   437    0.1895761603E-09
   438    0.1427188645E-09
   439    0.1172153208E-09
   440    0.9726347505E-10
   441    0.7604145091E-10
   442    0.5836126027E-10
   443    0.4753192284E-10
   444    0.3768010903E-10
   445    0.3027444961E-10
   446    0.2425265544E-10
   447    0.1795213977E-10
   448    0.1465969013E-10
   449    0.1192335120E-10
   450    0.9118344968E-11
   451    0.7204570274E-11
   452    0.5627748267E-11
   453    0.4377526119E-11
   454    0.3513606073E-11
   455    0.2671585175E-11
   456    0.2078615058E-11
   457    0.1693284402E-11
   458    0.1311284414E-11
   459    0.9895972930E-12
   460    0.7567557692E-12
   461    0.5941080961E-12
   462    0.4723443858E-12
   463    0.3723410469E-12
   464    0.2799704912E-12
   465    0.2147171330E-12
   466    0.1651179193E-12
   467    0.1286193374E-12
   468    0.9880984919E-13
   469    0.7416289804E-13
   470    0.5914713164E-13
   471    0.4563016631E-13
   472    0.3336220189E-13
   473    0.2636779683E-13
   474    0.1940114736E-13
   475    0.1471045508E-13
   476    0.1146305273E-13
   477    0.7327471963E-14
   478    0.7771561172E-14
   479    0.6411537967E-14
   480    0.2831068713E-14
   481    0.3080868893E-14
   482    0.2386979503E-14
   483    0.2636779683E-14
   484    0.7216449660E-15
   485    0.9159339953E-15
   486    0.1526556659E-14
   487   -0.7494005416E-15
   488    0.5273559367E-15
   489    0.1110223025E-15
   490    0.4440892099E-15
   491   -0.6661338148E-15
   492   -0.6661338148E-15
   493    0.0000000000E+00
   494    0.0000000000E+00
   495    0.0000000000E+00
   496    0.2220446049E-15
   497    0.2220446049E-15
   498    0.0000000000E+00
   499    0.0000000000E+00
   500    0.3571428571E+01
   501    0.3571428571E+01
   502    0.0000000000E+00
