    -1    0.0000000000E+00
     0   -0.5667125259E+01
     1   -0.1087045754E+01
     2    0.3733686230E+01
     3   -0.4443015685E+01
     4    0.4665758169E+00
     5    0.2773347426E+01
     6    0.6725257873E+00
     7   -0.2866518697E+01
     8    0.5711696536E+00
     9    0.3553683628E+00
    10   -0.3459036498E+01
    11   -0.2390204217E-01
    12    0.1370963485E+01
    13    0.2761978771E+01
    14   -0.2864922940E+01
    15   -0.1743235386E+01
    16   -0.2098368004E+01
    17    0.5396256927E+01
    18   -0.5977960569E+00
    19    0.1401175354E+00
    20   -0.3342579362E+01
    21   -0.6257869616E-01
    22   -0.1161961407E+01
    23    0.5842034068E+01
    24   -0.1965612937E+01
    25   -0.3229008573E+01
    26    0.1417253010E+01
    27    0.2958721390E+01
    28   -0.3037684625E+01
    29    0.2871577969E+01
    30   -0.6738055626E+00
    31    0.2506111283E-03
    32   -0.4422637435E+00
    33   -0.1053448040E+01
    34    0.4278993292E+01
    35   -0.2197800734E+01
    36   -0.3753221215E+00
    37   -0.3717415446E+00
    38    0.2786475039E+01
    39   -0.1648617776E+01
    40   -0.1313909550E+01
    41    0.4099847719E+01
    42   -0.3514130806E+01
    43   -0.6755646835E+00
    44    0.1764508460E+01
    45   -0.3398125266E+00
    46    0.1563617883E+01
    47   -0.1139619199E+01
    48   -0.1481453404E+01
    49   -0.2283658259E+01
    50    0.5355213164E+01
    51   -0.1950075429E+01
    52    0.2713262967E+00
    53   -0.3495216540E+01
    54    0.7601532107E+01
    55   -0.4856000534E+01
    56    0.2415232380E+00
    57   -0.6032740165E+01
    58    0.6908096960E+01
    59   -0.5448846678E+01
    60    0.4451756034E+01
    61   -0.3789272833E+01
    62   -0.7009827937E+00
    63    0.7289831116E+01
    64   -0.3940702906E+01
    65    0.2456660586E+01
    66   -0.2148347483E+01
    67   -0.7494876165E+01
    68    0.5402882301E+01
    69    0.1513684259E+01
    70    0.4550292397E+00
    71   -0.2168098817E+01
    72    0.2429445269E+01
    73   -0.5825898469E+00
    74   -0.2536657066E+01
    75    0.3144424064E+01
    76    0.1922678874E+01
    77   -0.1443014432E+01
    78   -0.1765404137E+01
    79    0.1204807932E+01
    80    0.3898939381E+00
    81    0.3025891018E+00
    82    0.4394224307E+00
    83    0.2187409054E+01
    84   -0.4399178339E+01
    85   -0.9722644482E+00
    86    0.6436961750E+01
    87   -0.2975615174E+01
    88    0.1696946700E+00
    89   -0.3370325575E+01
    90    0.5084039399E+01
    91   -0.2431385030E+01
    92   -0.3057852702E+00
    93    0.5811149303E+00
    94    0.5536645294E+00
    95   -0.2060786173E+01
    96    0.2194476819E+01
    97    0.5339248547E+00
    98   -0.3130125427E+01
    99    0.1819105978E+00
   100    0.3675953019E+01
   101   -0.3996183684E+01
   102    0.1048452175E+01
   103   -0.9769673580E+00
   104    0.2063737442E+01
   105   -0.3950677774E+01
   106    0.9509160689E+00
   107    0.1970961630E+01
   108   -0.1379665464E+01
   109    0.6036191684E+00
   110    0.1398818621E-01
   111   -0.1792540847E+01
   112    0.4939088839E-01
   113    0.1458030721E+01
   114   -0.4419334131E+00
   115   -0.3962605573E+00
   116    0.2205359038E+01
   117   -0.3163665943E+01
   118   -0.9293194321E+00
   119    0.4938776016E+01
   120   -0.8607244917E+00
   121   -0.2152195372E+01
   122    0.3640564800E+00
   123    0.2556415146E+01
   124   -0.1606024033E+00
   125   -0.1495748374E+01
   126    0.7616470795E+00
   127   -0.1321566540E+00
   128    0.9048065942E+00
   129    0.6732697613E+00
   130   -0.3615653433E+00
   131   -0.9468267706E+00
   132   -0.4444620177E+00
   133    0.2163044135E+01
   134    0.3913328932E+00
   135   -0.5817338645E+00
   136   -0.2557661845E+01
   137    0.1643112738E+01
   138    0.1287347616E+01
   139   -0.2626698673E+01
   140    0.1684770964E+01
   141   -0.1062833199E+01
   142    0.1545515425E+01
   143   -0.8322761911E+00
   144   -0.2592090073E+01
   145    0.4116301215E+01
   146   -0.4268551783E+01
   147    0.2858809107E+01
   148   -0.2588903797E+00
   149   -0.3305603666E+01
   150    0.2435368167E+01
   151   -0.5705191254E+00
   152   -0.1165400603E+01
   153    0.2388372991E+00
   154    0.3809674910E+00
   155   -0.1150711188E+01
   156    0.7280605918E+00
   157   -0.7812399769E+00
   158    0.5516246354E+00
   159    0.2689574972E+00
   160   -0.3792640125E+00
   161   -0.2714163129E-01
   162    0.1789018336E+01
   163   -0.2396822130E+01
   164    0.2372957817E+01
   165   -0.7929779225E+00
   166    0.1104016089E+00
   167    0.1544752412E+01
   168   -0.1302154420E+01
   169    0.6364770778E+00
   170    0.9462484401E+00
   171   -0.1414105207E+01
   172    0.1051175319E+01
   173    0.4450639151E+00
   174   -0.7410702649E+00
   175    0.8247403180E+00
   176    0.3472417991E+00
   177   -0.7598978972E+00
   178   -0.6653757512E-01
   179    0.1076661695E+01
   180   -0.1224624485E+01
   181    0.1863504862E+01
   182   -0.2918203019E+01
   183    0.2025783546E+01
   184   -0.1315520352E+01
   185    0.1729839685E+01
   186   -0.2558596150E+01
   187    0.1890749025E+01
   188   -0.1366542476E+01
   189    0.1183491234E+01
   190   -0.2064341288E+01
   191   -0.6019980817E-01
   192    0.3153902592E+01
   193   -0.5292400443E+01
   194    0.2432810941E+01
   195    0.2193237741E+01
   196   -0.4920286880E+01
   197    0.2370243807E+01
   198    0.2169269848E+01
   199   -0.4654723279E+01
   200    0.3210299186E+01
   201    0.6618629340E-01
   202   -0.2757562748E+01
   203    0.2396204288E+01
   204    0.8725762257E+00
   205   -0.2233548377E+01
   206    0.1901674434E+01
   207   -0.2466866608E+00
   208   -0.1276310168E+01
   209    0.1852598437E+01
   210   -0.4371655608E+00
   211   -0.7174288809E+00
   212    0.9711884872E+00
   213   -0.1869050150E+00
   214    0.6755489717E+00
   215   -0.8757662139E+00
   216    0.3398839188E+00
   217    0.8970405764E+00
   218   -0.7436219506E+00
   219    0.1858991234E+00
   220    0.1486310469E+00
   221   -0.3413863556E-03
   222    0.3326207022E+00
   223   -0.6929411921E+00
   224   -0.1984388612E+00
   225    0.7990753721E+00
   226   -0.7355509178E-02
   227   -0.1846853292E+00
   228    0.5773822944E+00
   229   -0.4695463683E+00
   230   -0.1615709433E+01
   231    0.1735567313E+01
   232    0.1613642645E+00
   233    0.6315727172E+00
   234   -0.1046451298E+01
   235   -0.4360388708E+00
   236   -0.6903160850E+00
   237    0.9368936571E+00
   238    0.1714949615E+01
   239   -0.2205006025E+01
   240   -0.4625318509E+00
   241    0.6900882774E+00
   242   -0.7624685297E+00
   243    0.8514803405E+00
   244    0.9631796972E+00
   245   -0.1045135292E+01
   246   -0.8295161554E+00
   247    0.6710113744E+00
   248    0.1491535045E+00
   249   -0.2301530016E+00
   250    0.4726397866E-01
   251    0.6092374345E-01
   252   -0.3686713068E-01
   253   -0.9815659693E-01
   254   -0.2622179985E-01
   255    0.1865272128E+00
   256    0.3392698016E-02
   257   -0.3537146297E+00
   258   -0.1805021183E-01
   259    0.3924439574E+00
   260   -0.7865961215E-01
   261   -0.5163517243E+00
   262    0.3218638183E+00
   263    0.2208780524E+00
   264   -0.1471813423E+00
   265   -0.9429949694E-01
   266    0.3134466603E-01
   267    0.2136079570E-01
   268   -0.1687200979E-01
   269    0.7548852215E-02
   270   -0.1314442754E-01
   271   -0.2409227413E-01
   272    0.2545841425E-01
   273    0.6819327863E-02
   274   -0.3369432761E-01
   275   -0.1925651160E-01
   276    0.7186490131E-01
   277    0.5888073072E-01
   278   -0.2601821351E+00
   279    0.4485419041E-01
   280    0.2097402542E+00
   281   -0.3941574784E-01
   282   -0.6027748165E-01
   283    0.1522526546E-01
   284    0.1393912456E-01
   285   -0.1256642312E-01
   286    0.1523440179E-01
   287    0.2152761936E-01
   288   -0.1518949639E-01
   289   -0.5380031560E-02
   290    0.2090061646E-01
   291    0.9919074435E-02
   292   -0.6871315445E-02
   293   -0.7965326509E-03
   294    0.1491932732E-01
   295    0.8095139315E-02
   296   -0.4071747140E-01
   297   -0.4209203168E-02
   298    0.4699335754E-01
   299    0.9127093814E-02
   300   -0.2357425845E-02
   301   -0.4778264494E-02
   302   -0.5728229007E-03
   303    0.4072556400E-02
   304    0.4835833527E-02
   305    0.6567385666E-02
   306    0.2035812776E-02
   307   -0.1360368979E-02
   308    0.1704122341E-02
   309    0.4040593745E-02
   310    0.2496707526E-02
   311    0.3361231593E-03
   312    0.3060325663E-02
   313    0.2382765273E-02
   314   -0.1878570652E-03
   315    0.1228307172E-02
   316    0.2999737901E-02
   317    0.1787759186E-02
   318    0.3147817650E-03
   319    0.1382729335E-02
   320    0.1418622469E-02
   321    0.7979175842E-03
   322    0.1021930837E-02
   323    0.1092765253E-02
   324    0.5851756102E-03
   325    0.3938137804E-03
   326    0.6560254950E-03
   327    0.8513001566E-03
   328    0.8244155931E-03
   329    0.3913020252E-03
   330    0.3405975798E-03
   331    0.4260309233E-03
   332    0.3660285618E-03
   333    0.5266636281E-03
   334    0.3176072448E-03
   335    0.1012513728E-03
   336    0.2573523434E-03
   337    0.2998434929E-03
   338    0.2302728023E-03
   339    0.1707803586E-03
   340    0.8315412411E-04
   341    0.1867059598E-03
   342    0.2011657460E-03
   343    0.8955581862E-04
   344    0.1103699189E-03
   345    0.1296550771E-03
   346    0.4991844816E-04
   347    0.4370310183E-04
   348    0.1041617621E-03
   349    0.5741606288E-04
   350    0.3320102238E-04
   351    0.5342602215E-04
   352    0.4235707694E-04
   353    0.3717569727E-04
   354    0.2930447103E-04
   355    0.2591079896E-04
   356    0.2018750832E-04
   357    0.1928571821E-04
   358    0.1870311984E-04
   359    0.1444955592E-04
   360    0.1821731832E-04
   361    0.1402775523E-04
   362    0.6552988023E-05
   363    0.8015160229E-05
   364    0.9121767234E-05
   365    0.3816443492E-05
   366    0.4496642967E-05
   367    0.6363352843E-05
   368    0.5508080921E-05
   369    0.3509863832E-05
   370    0.2277885240E-05
   371    0.2714698917E-05
   372    0.2080071211E-05
   373    0.1846503897E-05
   374    0.1751280446E-05
   375    0.1714634339E-05
   376    0.1139334058E-05
   377    0.7862002902E-06
   378    0.7777611108E-06
   379    0.7454828079E-06
   380    0.6928735882E-06
   381    0.4478772855E-06
   382    0.3289734517E-06
   383    0.3631037848E-06
   384    0.3880959000E-06
   385    0.2756641154E-06
   386    0.2219434102E-06
   387    0.1803403273E-06
   388    0.1137158000E-06
   389    0.1062234491E-06
   390    0.1139508103E-06
   391    0.1089779446E-06
   392    0.7537776581E-07
   393    0.5049621457E-07
   394    0.3924771552E-07
   395    0.3607353805E-07
   396    0.4054461564E-07
   397    0.3359419179E-07
   398    0.2062113658E-07
   399    0.1823846751E-07
   400    0.1647867776E-07
   401    0.1057755228E-07
   402    0.1067263444E-07
   403    0.9584766536E-08
   404    0.6723817919E-08
   405    0.5341728976E-08
   406    0.5106691098E-08
   407    0.3295868828E-08
   408    0.2431872037E-08
   409    0.3404686699E-08
   410    0.2818744571E-08
   411    0.1178010522E-08
   412    0.1118000581E-08
   413    0.1174222469E-08
   414    0.8471592317E-09
   415    0.7592342310E-09
   416    0.5442763185E-09
   417    0.4524313146E-09
   418    0.4148386079E-09
   419    0.2508246943E-09
   420    0.2701190382E-09
   421    0.2206310690E-09
   422    0.1289988116E-09
   423    0.1043686249E-09
   424    0.1119944137E-09
   425    0.8587450195E-10
   426    0.5199329856E-10
   427    0.4843414558E-10
   428    0.3885047839E-10
   429    0.3262767834E-10
   430    0.2839026236E-10
   431    0.1556929585E-10
   432    0.1398237082E-10
   433    0.1397904015E-10
   434    0.9422684855E-11
   435    0.7454925566E-11
   436    0.5849237761E-11
   437    0.4224370853E-11
   438    0.3849864871E-11
   439    0.2706834756E-11
   440    0.1892985768E-11
   441    0.1898259328E-11
   442    0.1554978368E-11
   443    0.9719169913E-12
   444    0.6881162307E-12
   445    0.5687672555E-12
   446    0.4933831121E-12
   447    0.4303224443E-12
   448    0.2987055048E-12
   449    0.2083888617E-12
   450    0.1705302566E-12
   451    0.1321165399E-12
   452    0.9584000260E-13
   453    0.7771561172E-13
   454    0.6261657859E-13
   455    0.5251354906E-13
   456    0.3796962744E-13
   457    0.2242650510E-13
   458    0.2073341498E-13
   459    0.1709743458E-13
   460    0.1110223025E-13
   461    0.8437694987E-14
   462    0.7577272143E-14
   463    0.5995204333E-14
   464    0.3802513859E-14
   465    0.3330669074E-14
   466    0.2664535259E-14
   467    0.2220446049E-15
   468    0.6106226635E-15
   469    0.1332267630E-14
   470    0.9714451465E-15
   471   -0.7494005416E-15
   472    0.0000000000E+00
   473    0.8881784197E-15
   474    0.8881784197E-15
   475    0.2220446049E-15
   476    0.1332267630E-14
   477   -0.2220446049E-15
   478    0.0000000000E+00
   479   -0.6661338148E-15
   480    0.2220446049E-15
   481    0.0000000000E+00
   482   -0.6661338148E-15
   483    0.0000000000E+00
   484    0.0000000000E+00
   485    0.2220446049E-15
   486    0.0000000000E+00
   487   -0.8881784197E-15
   488    0.0000000000E+00
   489    0.2220446049E-15
   490    0.0000000000E+00
   491   -0.7771561172E-15
   492    0.0000000000E+00
   493    0.2220446049E-15
   494    0.2220446049E-15
   495    0.0000000000E+00
   496    0.2220446049E-15
   497    0.2220446049E-15
   498    0.0000000000E+00
   499    0.2220446049E-15
   500    0.3571428571E+01
   501    0.3571428571E+01
   502    0.0000000000E+00
