    -1   -0.4680512918E+01
     0   -0.2933245796E+00
     1   -0.2924623294E+01
     2    0.2424562430E+01
     3   -0.1252036096E+01
     4    0.2511797160E+00
     5    0.9932425676E+00
     6   -0.1806622801E+01
     7    0.8618500916E+00
     8   -0.1585276459E+00
     9   -0.1095972404E+00
    10   -0.1148825138E+00
    11   -0.4037615956E+00
    12    0.6343317315E+00
    13   -0.8771897707E+00
    14   -0.1826291401E+00
    15    0.8612628448E+00
    16   -0.1409797077E+01
    17    0.1097527745E+01
    18   -0.1131670284E+01
    19    0.1176348549E+00
    20    0.7540320382E+00
    21   -0.1290851462E+01
    22    0.1053858606E+01
    23   -0.4606309447E+00
    24   -0.5658907895E+00
    25    0.1116074634E+01
    26   -0.6767996203E+00
    27    0.2167228124E+00
    28    0.4163989087E+00
    29   -0.1438199937E+00
    30   -0.1165291695E+00
    31    0.6478944209E+00
    32    0.5123280515E-01
    33   -0.6438882559E+00
    34    0.1109900891E+01
    35    0.1683577641E+00
    36   -0.1099321943E+01
    37    0.7225887457E+00
    38    0.1017476348E+01
    39   -0.1406125982E+01
    40    0.8026757613E+00
    41    0.5739793256E+00
    42   -0.7990811431E+00
    43    0.1514953539E+00
    44    0.1234530829E+00
    45    0.3565530541E+00
    46   -0.1169527143E+00
    47   -0.1979660422E+00
    48   -0.1793304634E+00
    49    0.1744205769E+00
    50   -0.9140840352E-01
    51   -0.3159810165E+00
    52    0.5988542601E+00
    53   -0.4572521838E+00
    54   -0.5958317404E+00
    55    0.5416685979E+00
    56   -0.3006852465E-01
    57   -0.8701026008E+00
    58    0.7598528816E+00
    59   -0.5280054014E+00
    60   -0.1598972887E+00
    61   -0.1488524241E+00
    62   -0.6932435445E-01
    63    0.1747147689E-01
    64   -0.2482163146E+00
    65   -0.4393404702E+00
    66    0.1036673382E+01
    67   -0.1269271761E+01
    68    0.1026772143E+01
    69   -0.8281471206E+00
    70    0.6593031783E-01
    71    0.1144081519E+01
    72   -0.1143549833E+01
    73    0.9535375488E+00
    74   -0.3560390100E+00
    75    0.4125989000E-01
    76    0.1602322950E+00
    77    0.4234421565E+00
    78   -0.1397455619E+00
    79    0.2968077007E+00
    80    0.1506285407E+00
    81    0.8716815260E-01
    82   -0.9016237590E-01
    83    0.5234467190E+00
    84   -0.4879929490E+00
    85   -0.6250863093E-01
    86    0.1089014876E+01
    87   -0.1052815679E+01
    88    0.6269972470E+00
    89   -0.1014988110E+00
    90   -0.2714113894E+00
    91    0.5246871420E+00
    92   -0.3935782157E+00
    93    0.1736102501E+00
    94    0.2115740482E+00
    95   -0.6422220139E+00
    96    0.3095743188E-01
    97    0.2121014701E+00
    98   -0.3903340230E+00
    99    0.2656793656E+00
   100   -0.1983406673E+00
   101   -0.3197463299E+00
   102    0.6013949977E-01
   103   -0.1085180414E+00
   104   -0.3933065912E+00
   105   -0.6775898133E-01
   106    0.2255923397E+00
   107   -0.2168781924E+00
   108   -0.4362183700E+00
   109    0.4302882731E+00
   110   -0.7994041162E+00
   111    0.5624160042E+00
   112   -0.2632743102E+00
   113   -0.1548202514E+00
   114    0.5724201539E+00
   115   -0.6468723306E+00
   116    0.3512579642E+00
   117    0.1603598031E+00
   118   -0.6116180504E-01
   119    0.2681099851E+00
   120    0.2036291652E+00
   121   -0.1246314173E+00
   122    0.2943932076E+00
   123    0.1526656226E+00
   124   -0.3478982079E-01
   125    0.2373176650E+00
   126    0.1301530646E+00
   127   -0.3011400159E+00
   128    0.6024497027E+00
   129   -0.8793906239E-01
   130    0.7053824640E-01
   131    0.2816560683E+00
   132   -0.1423439210E+00
   133   -0.3530342820E+00
   134    0.4479340485E+00
   135   -0.1660305821E-01
   136    0.4640339521E-01
   137    0.3267574586E-01
   138   -0.3796824285E+00
   139   -0.2234477986E-02
   140    0.3545280946E-01
   141    0.1259985960E+00
   142   -0.1588374603E-01
   143   -0.3281008603E+00
   144    0.2287970846E-01
   145   -0.8833474464E-01
   146   -0.4057268160E+00
   147    0.1613513684E+00
   148   -0.1546384822E+00
   149   -0.1491933265E+00
   150   -0.1164962490E+00
   151   -0.2420179937E+00
   152   -0.5114857827E-01
   153   -0.8131652242E-01
   154   -0.2263059472E+00
   155    0.1053747665E+00
   156   -0.4432636253E-01
   157   -0.2091005351E+00
   158    0.6955841567E-01
   159   -0.9304168005E-02
   160    0.1747332584E-02
   161    0.3240902246E+00
   162   -0.1896469127E+00
   163    0.2148380077E+00
   164    0.2385088591E+00
   165   -0.1026634647E+00
   166    0.2528454520E+00
   167    0.9990014588E-01
   168    0.1338019351E+00
   169    0.2499137816E+00
   170   -0.4013216304E-01
   171   -0.1885875844E-01
   172    0.3482217258E+00
   173   -0.5067283158E-02
   174    0.1560594573E+00
   175   -0.5348809168E-01
   176    0.1895769090E+00
   177   -0.1046501076E+00
   178   -0.1886896450E-01
   179    0.1803177166E+00
   180    0.6282421486E-01
   181   -0.7134237739E-01
   182   -0.1160579542E+00
   183   -0.2210850636E+00
   184    0.2124955427E-02
   185    0.1575947587E+00
   186   -0.2737261691E+00
   187   -0.3889002013E-01
   188   -0.1069859609E-01
   189   -0.2724370078E+00
   190   -0.9657802231E-01
   191   -0.1070631929E+00
   192   -0.4504072905E+00
   193    0.1676040122E+00
   194   -0.1149691041E+00
   195   -0.8121263444E-01
   196   -0.6602593150E-01
   197   -0.1236937717E+00
   198   -0.4972820562E+00
   199    0.2608892248E+00
   200    0.2521781573E+00
   201    0.7688667803E-01
   202   -0.1885840674E-01
   203   -0.2499823572E-01
   204   -0.3228210077E+00
   205    0.3563388017E+00
   206    0.3641479722E+00
   207    0.3779713988E+00
   208   -0.3943406422E-01
   209   -0.2927850048E-01
   210    0.1815205940E+00
   211    0.1193173045E+00
   212    0.5324408131E-01
   213    0.2133412812E-01
   214    0.2301214387E-01
   215    0.2827519576E+00
   216    0.2756186198E-01
   217    0.9177852449E-01
   218    0.1736161628E-01
   219    0.2740372696E-01
   220   -0.3418653055E+00
   221    0.3806900294E+00
   222   -0.1634235875E+00
   223    0.6695119158E-01
   224    0.2391782826E+00
   225   -0.4641204823E+00
   226   -0.3397953372E+00
   227    0.3003713155E+00
   228    0.2889942275E+00
   229   -0.1076809102E+00
   230   -0.1041463702E+00
   231    0.2510366282E-01
   232   -0.9822983446E+00
   233   -0.3109772128E+00
   234    0.1060885160E+01
   235    0.8526168508E+00
   236   -0.7664835046E+00
   237   -0.6010645786E+00
   238   -0.7916510742E+00
   239    0.2320784321E+00
   240    0.2220127285E+01
   241   -0.6292041349E+00
   242   -0.9547356748E+00
   243    0.2177825646E+00
   244   -0.2402376517E+00
   245   -0.2479074497E-01
   246    0.1001952954E+01
   247   -0.3194618136E+00
   248   -0.6529183106E+00
   249    0.1324043958E+00
   250    0.1138928117E+00
   251   -0.6824272638E-01
   252   -0.3698116784E-01
   253    0.4119658441E-01
   254   -0.1908671077E-01
   255   -0.2972258174E-01
   256   -0.4659782618E-01
   257    0.4789115615E-01
   258    0.6650908363E-01
   259   -0.1493163669E+00
   260   -0.1077149274E+00
   261    0.1145979973E+00
   262    0.1062880699E+00
   263   -0.1873516116E+00
   264   -0.1388040573E+00
   265    0.2564706992E+00
   266    0.1502056134E-01
   267   -0.9703066563E-01
   268   -0.2909049060E-01
   269    0.2309876406E-01
   270    0.6477612624E-02
   271   -0.1626690739E-01
   272   -0.1288967974E-02
   273   -0.3681381871E-02
   274   -0.1412227146E-01
   275    0.9561888213E-02
   276    0.1082695935E-02
   277   -0.2577911708E-01
   278    0.1027422642E-01
   279    0.7174877935E-01
   280   -0.4188118514E-01
   281   -0.1968896921E+00
   282    0.1802797901E+00
   283    0.6121105828E-01
   284   -0.5262935789E-01
   285   -0.1353050074E-01
   286    0.1629923330E-01
   287   -0.3372667092E-02
   288    0.2122357970E-03
   289    0.1972556665E-01
   290    0.2468027380E-02
   291   -0.1051004181E-01
   292    0.8845361030E-02
   293    0.1339542546E-01
   294    0.2159104848E-02
   295   -0.2967224930E-02
   296    0.4992473434E-02
   297    0.1148446872E-01
   298   -0.1444914563E-03
   299   -0.3920144421E-01
   300    0.2408525046E-01
   301    0.2624216070E-01
   302    0.4724092527E-02
   303   -0.2132418110E-02
   304   -0.2352492017E-02
   305    0.1779618263E-02
   306    0.3592418581E-02
   307    0.5381213787E-02
   308    0.5155586869E-02
   309    0.9167133627E-03
   310   -0.6639240622E-03
   311    0.3061855734E-02
   312    0.3689762556E-02
   313    0.1328672881E-02
   314    0.1244288252E-02
   315    0.3234847981E-02
   316    0.1390660101E-02
   317    0.5635448971E-04
   318    0.2190741339E-02
   319    0.2494954735E-02
   320    0.1082483072E-02
   321    0.8042420760E-03
   322    0.1463178250E-02
   323    0.1087523782E-02
   324    0.9344327925E-03
   325    0.1065326651E-02
   326    0.8776817041E-03
   327    0.5858040283E-03
   328    0.4998644598E-03
   329    0.6569246309E-03
   330    0.9053019797E-03
   331    0.6699023340E-03
   332    0.2993994279E-03
   333    0.4460057251E-03
   334    0.3976291330E-03
   335    0.3908154175E-03
   336    0.4831915189E-03
   337    0.2440681504E-03
   338    0.1412221117E-03
   339    0.2882613334E-03
   340    0.2767602898E-03
   341    0.2129916561E-03
   342    0.1359652293E-03
   343    0.1144656320E-03
   344    0.2059131501E-03
   345    0.1554978494E-03
   346    0.8653481381E-04
   347    0.1239669374E-03
   348    0.1086677695E-03
   349    0.3718296930E-04
   350    0.6980222429E-04
   351    0.9436119452E-04
   352    0.3959912895E-04
   353    0.4501311180E-04
   354    0.5036986562E-04
   355    0.3811053148E-04
   356    0.3585229497E-04
   357    0.2767152938E-04
   358    0.2449382962E-04
   359    0.1991980712E-04
   360    0.1946400023E-04
   361    0.1734246973E-04
   362    0.1468369184E-04
   363    0.1765524489E-04
   364    0.1112122534E-04
   365    0.6284804706E-05
   366    0.9676794349E-05
   367    0.7077256627E-05
   368    0.3753162100E-05
   369    0.5636952664E-05
   370    0.5807110610E-05
   371    0.4840048612E-05
   372    0.2948830221E-05
   373    0.2540184471E-05
   374    0.2523253308E-05
   375    0.1996855502E-05
   376    0.1816294995E-05
   377    0.1695283520E-05
   378    0.1574777172E-05
   379    0.9461866970E-06
   380    0.8373632417E-06
   381    0.7644099955E-06
   382    0.7167357903E-06
   383    0.6447744510E-06
   384    0.3797266456E-06
   385    0.3470355408E-06
   386    0.3881075803E-06
   387    0.3308520966E-06
   388    0.2565408828E-06
   389    0.2144113054E-06
   390    0.1495305311E-06
   391    0.1179760439E-06
   392    0.1109237098E-06
   393    0.1086934835E-06
   394    0.9828196323E-07
   395    0.6757233098E-07
   396    0.4534333140E-07
   397    0.3993956343E-07
   398    0.3799986284E-07
   399    0.3784606617E-07
   400    0.2879073863E-07
   401    0.1955614098E-07
   402    0.1815386969E-07
   403    0.1426508534E-07
   404    0.1064575836E-07
   405    0.1063596147E-07
   406    0.8368794324E-08
   407    0.6390142415E-08
   408    0.5151594901E-08
   409    0.4693283318E-08
   410    0.2961453055E-08
   411    0.2627311368E-08
   412    0.3369033552E-08
   413    0.2161992446E-08
   414    0.1087614526E-08
   415    0.1246308862E-08
   416    0.1034267588E-08
   417    0.8244566696E-09
   418    0.6944374242E-09
   419    0.4923125796E-09
   420    0.4628983863E-09
   421    0.3496060663E-09
   422    0.2484773498E-09
   423    0.2654516884E-09
   424    0.1850293252E-09
   425    0.1164378038E-09
   426    0.1114077441E-09
   427    0.1031943975E-09
   428    0.7390779655E-10
   429    0.4962810718E-10
   430    0.4664157949E-10
   431    0.3627942391E-10
   432    0.3079794753E-10
   433    0.2463096394E-10
   434    0.1426836427E-10
   435    0.1449540488E-10
   436    0.1243694037E-10
   437    0.8505030014E-11
   438    0.6969813615E-11
   439    0.5321521002E-11
   440    0.4086952998E-11
   441    0.3490679967E-11
   442    0.2401190358E-11
   443    0.1914579606E-11
   444    0.1777911152E-11
   445    0.1337374655E-11
   446    0.8861800183E-12
   447    0.6400435737E-12
   448    0.5598299602E-12
   449    0.4689582056E-12
   450    0.3850253449E-12
   451    0.2647881914E-12
   452    0.1975919428E-12
   453    0.1581790254E-12
   454    0.1192934640E-12
   455    0.8970602039E-13
   456    0.7327471963E-13
   457    0.5656586310E-13
   458    0.4787836794E-13
   459    0.3122502257E-13
   460    0.2139954880E-13
   461    0.2120525977E-13
   462    0.1443289932E-13
   463    0.9714451465E-14
   464    0.9298117831E-14
   465    0.5995204333E-14
   466    0.4440892099E-14
   467    0.3330669074E-14
   468    0.3136380045E-14
   469    0.2303712776E-14
   470    0.1665334537E-14
   471    0.1110223025E-15
   472    0.2164934898E-14
   473    0.8881784197E-15
   474    0.4996003611E-15
   475    0.9992007222E-15
   476    0.2220446049E-15
   477    0.4440892099E-15
   478   -0.2220446049E-15
   479    0.2220446049E-15
   480    0.0000000000E+00
   481    0.0000000000E+00
   482    0.2220446049E-15
   483    0.0000000000E+00
   484    0.0000000000E+00
   485    0.0000000000E+00
   486    0.0000000000E+00
   487    0.0000000000E+00
   488    0.0000000000E+00
   489    0.0000000000E+00
   490    0.0000000000E+00
   491    0.0000000000E+00
   492    0.2220446049E-15
   493    0.0000000000E+00
   494    0.0000000000E+00
   495    0.1110223025E-15
   496    0.0000000000E+00
   497    0.0000000000E+00
   498    0.4440892099E-15
   499    0.0000000000E+00
   500    0.3571428571E+01
   501    0.3571428571E+01
   502    0.0000000000E+00
