    -1   -0.4375764106E+01
     0   -0.2721829682E+01
     1   -0.1049091482E+00
     2    0.1513248575E+00
     3    0.7893807803E-01
     4   -0.8070717279E-01
     5    0.1649469568E+00
     6    0.2850029457E-01
     7   -0.7512058577E-01
     8    0.1712992104E+00
     9   -0.1999775957E-01
    10   -0.8456225417E-01
    11    0.1681696428E+00
    12   -0.1052058997E+00
    13   -0.1267279722E+00
    14    0.2343205118E+00
    15   -0.4091107564E-01
    16   -0.2418497729E+00
    17    0.1787271863E+00
    18   -0.2267276990E+00
    19    0.1828837438E+00
    20   -0.8873330424E-01
    21   -0.1753332228E+00
    22    0.1360503605E+00
    23   -0.9482197141E-01
    24   -0.1889132722E+00
    25    0.1179071075E+00
    26   -0.6731043757E-01
    27   -0.1934966031E+00
    28    0.7811105470E-01
    29   -0.6697363996E-01
    30   -0.8049439822E-01
    31   -0.6435330649E-01
    32    0.7617992248E-01
    33    0.5878848895E-01
    34   -0.2623567826E+00
    35    0.1764210653E+00
    36   -0.4550697966E-02
    37   -0.3505406061E-01
    38    0.1179336734E+00
    39   -0.2124416660E-01
    40   -0.8120082194E-02
    41    0.1229334126E+00
    42   -0.8053190464E-02
    43    0.2048560686E-01
    44    0.1138023991E+00
    45    0.9645976884E-02
    46    0.3938498832E-01
    47    0.8687894802E-01
    48    0.2965898630E-01
    49    0.4925233847E-01
    50    0.3945118586E-01
    51    0.5118833785E-01
    52    0.5061743070E-01
    53   -0.2626430662E-01
    54    0.7490531147E-01
    55    0.1652111161E-01
    56   -0.1450852773E+00
    57    0.2222426432E+00
    58   -0.1803820107E+00
    59    0.1054878874E+00
    60   -0.1094634652E+00
    61    0.4934538418E-01
    62    0.4901535489E-01
    63   -0.1833155306E+00
    64    0.4922877751E-01
    65   -0.1183313213E-01
    66   -0.1621107936E+00
    67    0.4500367066E-01
    68   -0.4990778308E-01
    69   -0.1404283848E+00
    70    0.5103124407E-01
    71   -0.8683371137E-01
    72   -0.9558174139E-01
    73    0.5242518204E-01
    74   -0.1002930930E+00
    75   -0.5234821753E-01
    76    0.5665211525E-01
    77   -0.1017826432E+00
    78   -0.1344975406E-01
    79    0.6010304543E-01
    80   -0.2180962545E+00
    81    0.1885214015E+00
    82    0.7237689995E-01
    83   -0.1674798815E+00
    84    0.1977744526E+00
    85    0.7253137965E-01
    86   -0.1654208822E+00
    87    0.1825042070E+00
    88    0.3377235212E-01
    89    0.7162636111E-01
    90    0.8310557098E-02
    91    0.8363680730E-01
    92    0.6472660251E-01
    93    0.9504346329E-02
    94    0.7203920027E-01
    95   -0.2981515712E-01
    96    0.9990992031E-01
    97    0.1084262116E+00
    98   -0.1216610725E+00
    99    0.3568431779E-01
   100    0.1265503468E+00
   101   -0.1980485978E+00
   102    0.1754129553E+00
   103    0.3407064212E-01
   104   -0.1083294395E+00
   105    0.4760749057E-01
   106   -0.1404769304E-02
   107   -0.1108877063E+00
   108    0.2953371660E-01
   109   -0.3948802667E-01
   110   -0.1080031024E+00
   111    0.2404101343E-01
   112   -0.7461891713E-01
   113   -0.9841282812E-01
   114    0.3281995097E-01
   115   -0.1033826673E+00
   116   -0.8099676447E-01
   117    0.5150881431E-01
   118   -0.1195388922E+00
   119   -0.5948353091E-01
   120    0.7552525952E-01
   121   -0.1206947530E+00
   122   -0.3869935713E-01
   123    0.1019315503E+00
   124   -0.1095134915E+00
   125   -0.1908794238E-01
   126    0.1245073181E+00
   127   -0.2068126196E+00
   128    0.1267854329E+00
   129    0.5555034786E-01
   130   -0.5048899051E-01
   131    0.2426537072E+00
   132   -0.1645712388E-01
   133   -0.8584053050E-01
   134    0.2288172865E+00
   135    0.8607789723E-02
   136   -0.7135508964E-01
   137    0.2028043291E+00
   138    0.2089271333E-01
   139   -0.5896069359E-01
   140    0.1649873914E+00
   141    0.1888444012E-01
   142   -0.9570101529E-01
   143   -0.3101498506E-01
   144    0.1529682463E+00
   145    0.2530693453E-01
   146    0.6050289553E-01
   147   -0.6102758313E-01
   148    0.1971249910E-02
   149    0.6517065251E-01
   150   -0.1052011183E+00
   151   -0.3049604932E-01
   152    0.7562750788E-01
   153   -0.1402488014E+00
   154   -0.6589568049E-01
   155    0.8976871495E-01
   156   -0.1619681388E+00
   157   -0.9337724321E-01
   158    0.1083450233E+00
   159   -0.1706752459E+00
   160   -0.1135956593E+00
   161    0.1296548733E+00
   162   -0.1608085597E+00
   163   -0.1209686864E+00
   164    0.1538585913E+00
   165   -0.1417637427E+00
   166   -0.1230705372E+00
   167    0.1731261778E+00
   168   -0.1090965790E+00
   169   -0.1298978810E+00
   170    0.1128703855E+00
   171   -0.6601846674E-01
   172    0.3076230942E-01
   173   -0.4031742212E-02
   174   -0.6691259796E-02
   175    0.2252167778E+00
   176   -0.9887546214E-02
   177   -0.8112417169E-02
   178    0.1430718527E+00
   179   -0.9523981305E-02
   180    0.2311338937E-01
   181    0.1114768246E+00
   182    0.7596097441E-03
   183    0.5620604895E-01
   184    0.6021441642E-01
   185   -0.1327416624E-01
   186    0.9084786996E-01
   187    0.2149158058E-01
   188   -0.5881367450E-01
   189    0.3104385211E-01
   190    0.5521546975E-01
   191   -0.8277030889E-01
   192    0.8099373762E-01
   193   -0.5536677150E-01
   194   -0.5646054119E-01
   195    0.7731530142E-02
   196    0.5611340907E-01
   197   -0.1333672728E+00
   198   -0.6254450723E-01
   199    0.6925461705E-01
   200   -0.1278419677E+00
   201   -0.6579630010E-01
   202    0.5678578625E-01
   203   -0.8504409437E-01
   204   -0.1173786661E+00
   205    0.1942025546E-01
   206   -0.9639565084E-01
   207    0.6525655612E-01
   208    0.4724937934E-02
   209   -0.4722576126E-01
   210    0.1993107571E-01
   211   -0.1411241215E+00
   212    0.8148745777E-01
   213    0.1461975806E+00
   214    0.7366350649E-02
   215   -0.4392154985E-01
   216    0.5828832487E-01
   217    0.2722621898E-01
   218    0.2018728466E-01
   219    0.5946922900E-01
   220    0.3436805959E-01
   221    0.5124007688E-01
   222    0.3748750048E-01
   223    0.1093140741E-01
   224    0.9571512385E-01
   225    0.7081843139E-01
   226   -0.1965126222E-01
   227    0.5125887455E-01
   228    0.5804972994E-01
   229   -0.1914827713E-01
   230    0.5123904733E-01
   231   -0.9766677108E-01
   232   -0.1533436173E-01
   233    0.1873739819E+00
   234    0.3685833710E-01
   235    0.4390703223E-01
   236   -0.7397944702E-01
   237   -0.2616170481E+00
   238   -0.4187613515E-01
   239    0.2910905808E+00
   240    0.3176334593E+00
   241   -0.2544570493E+00
   242   -0.2006912856E+00
   243   -0.2031916543E+00
   244   -0.3505414304E-02
   245    0.5248185493E+00
   246    0.3831509485E-02
   247   -0.2825531091E+00
   248   -0.1265832139E+00
   249   -0.3835951456E-01
   250   -0.1134095605E+00
   251    0.1933487940E+00
   252    0.2305284518E+00
   253   -0.2059543422E+00
   254   -0.1483923709E+00
   255    0.7086000371E-01
   256   -0.3264100428E-01
   257   -0.6977989815E-01
   258    0.1671171639E-01
   259   -0.4452003284E-02
   260   -0.5855434130E-01
   261   -0.4616138951E-02
   262    0.2443813589E-01
   263   -0.2299692489E-01
   264   -0.2000977160E-01
   265   -0.2943994048E-01
   266   -0.3137622012E-01
   267    0.2129639471E-01
   268    0.1384897651E-01
   269   -0.8938062961E-01
   270   -0.2386924806E-01
   271    0.9442233048E-01
   272   -0.2692792678E-01
   273   -0.2768390482E-01
   274   -0.1283031157E-02
   275   -0.1504631915E-01
   276    0.5980871190E-02
   277    0.2599357787E-02
   278   -0.2002840938E-01
   279    0.8385658327E-03
   280    0.2741750125E-02
   281   -0.1481128879E-01
   282   -0.1482604347E-02
   283    0.2018713106E-02
   284    0.8785074488E-03
   285    0.2702107961E-01
   286   -0.9377369290E-02
   287   -0.9671675680E-01
   288    0.7780289830E-01
   289    0.2953187963E-01
   290   -0.2134740450E-01
   291   -0.1393163536E-02
   292    0.1039336379E-01
   293   -0.3443209099E-02
   294    0.2259221916E-02
   295    0.1316474243E-01
   296    0.1776980265E-02
   297   -0.4378426886E-02
   298    0.7384807402E-02
   299    0.9194046677E-02
   300    0.1779600039E-02
   301    0.2908942033E-04
   302    0.5296076426E-02
   303    0.6276142145E-02
   304    0.2323078146E-02
   305   -0.1757335983E-01
   306    0.8536318339E-02
   307    0.1775030995E-01
   308    0.5877104573E-02
   309    0.2058624882E-02
   310   -0.4607178827E-03
   311    0.1591609546E-02
   312    0.3753524540E-02
   313    0.4082183226E-02
   314    0.4276898562E-02
   315    0.1890447604E-02
   316    0.6056755119E-03
   317    0.2524383529E-02
   318    0.3091149215E-02
   319    0.1954508482E-02
   320    0.1389325030E-02
   321    0.2587257182E-02
   322    0.1769522431E-02
   323    0.7587705451E-03
   324    0.1668927313E-02
   325    0.2189038189E-02
   326    0.1393665519E-02
   327    0.8050710072E-03
   328    0.1363475246E-02
   329    0.1232024482E-02
   330    0.8646741610E-03
   331    0.1004431030E-02
   332    0.9801795974E-03
   333    0.5976329499E-03
   334    0.5886008596E-03
   335    0.7325863516E-03
   336    0.7062792529E-03
   337    0.6423549213E-03
   338    0.4601574449E-03
   339    0.3983115544E-03
   340    0.4001632083E-03
   341    0.4159404850E-03
   342    0.4238699502E-03
   343    0.2683756638E-03
   344    0.2067169079E-03
   345    0.2738853996E-03
   346    0.2504077882E-03
   347    0.2159754061E-03
   348    0.1646115059E-03
   349    0.1270485748E-03
   350    0.1791706665E-03
   351    0.1531769012E-03
   352    0.9961061702E-04
   353    0.1133583275E-03
   354    0.1048470447E-03
   355    0.5922539956E-04
   356    0.6511079015E-04
   357    0.8359441362E-04
   358    0.5100648720E-04
   359    0.4394719528E-04
   360    0.4818555236E-04
   361    0.3965794081E-04
   362    0.3488819859E-04
   363    0.2871611328E-04
   364    0.2529940670E-04
   365    0.2114416224E-04
   366    0.1980379621E-04
   367    0.1714127326E-04
   368    0.1507066354E-04
   369    0.1582897564E-04
   370    0.1129470608E-04
   371    0.8140019754E-05
   372    0.8845580536E-05
   373    0.7299211749E-05
   374    0.5019891967E-05
   375    0.5396715634E-05
   376    0.5289963247E-05
   377    0.4681391830E-05
   378    0.3250804183E-05
   379    0.2591622967E-05
   380    0.2608111880E-05
   381    0.2085127074E-05
   382    0.1792424592E-05
   383    0.1662445679E-05
   384    0.1497848850E-05
   385    0.1052966169E-05
   386    0.8727863922E-06
   387    0.7863788075E-06
   388    0.7181527786E-06
   389    0.6179291319E-06
   390    0.4382932014E-06
   391    0.3702000002E-06
   392    0.3644294104E-06
   393    0.3289311827E-06
   394    0.2509460476E-06
   395    0.2112234946E-06
   396    0.1652040102E-06
   397    0.1263155454E-06
   398    0.1141801979E-06
   399    0.1062390598E-06
   400    0.9304671883E-07
   401    0.6903671501E-07
   402    0.5183895829E-07
   403    0.4266598114E-07
   404    0.3781192559E-07
   405    0.3654307523E-07
   406    0.2865910542E-07
   407    0.2042957567E-07
   408    0.1843035230E-07
   409    0.1496740623E-07
   410    0.1109501757E-07
   411    0.1055124177E-07
   412    0.8590437917E-08
   413    0.6434794503E-08
   414    0.5408178599E-08
   415    0.4732328585E-08
   416    0.3224118167E-08
   417    0.2782917702E-08
   418    0.2993597675E-08
   419    0.2165777502E-08
   420    0.1317615517E-08
   421    0.1254552462E-08
   422    0.1059744958E-08
   423    0.8308396193E-09
   424    0.7024481830E-09
   425    0.5252329405E-09
   426    0.4498988959E-09
   427    0.3630052092E-09
   428    0.2645932917E-09
   429    0.2491961359E-09
   430    0.1898894098E-09
   431    0.1314997555E-09
   432    0.1109341230E-09
   433    0.1012457895E-09
   434    0.7572975580E-10
   435    0.5327085995E-10
   436    0.4747952032E-10
   437    0.3659389458E-10
   438    0.3050834585E-10
   439    0.2480143868E-10
   440    0.1592798116E-10
   441    0.1451283538E-10
   442    0.1224767510E-10
   443    0.8770650872E-11
   444    0.7114281386E-11
   445    0.5492994948E-11
   446    0.4180072954E-11
   447    0.3528427550E-11
   448    0.2564115587E-11
   449    0.1947109141E-11
   450    0.1740302347E-11
   451    0.1349059753E-11
   452    0.9227896225E-12
   453    0.7011613512E-12
   454    0.5816735982E-12
   455    0.4608535775E-12
   456    0.3803346527E-12
   457    0.2759736883E-12
   458    0.2023381462E-12
   459    0.1622868506E-12
   460    0.1250388681E-12
   461    0.9361955655E-13
   462    0.7441269823E-13
   463    0.5781486401E-13
   464    0.4671263376E-13
   465    0.3391731340E-13
   466    0.2278732758E-13
   467    0.2006728117E-13
   468    0.1390554338E-13
   469    0.1143529715E-13
   470    0.8826273046E-14
   471    0.5800915304E-14
   472    0.4884981308E-14
   473    0.4218847494E-14
   474    0.2220446049E-14
   475    0.1165734176E-14
   476    0.1526556659E-14
   477    0.4163336342E-15
   478    0.2026157020E-14
   479    0.5273559367E-15
   480    0.9436895709E-15
   481    0.1942890293E-15
   482    0.1110223025E-15
   483    0.4440892099E-15
   484   -0.6661338148E-15
   485    0.2220446049E-15
   486    0.0000000000E+00
   487    0.0000000000E+00
   488    0.0000000000E+00
   489    0.0000000000E+00
   490    0.0000000000E+00
   491    0.0000000000E+00
   492    0.0000000000E+00
   493    0.0000000000E+00
   494    0.0000000000E+00
   495    0.0000000000E+00
   496    0.2220446049E-15
   497    0.2220446049E-15
   498    0.0000000000E+00
   499    0.0000000000E+00
   500    0.3571428571E+01
   501    0.3571428571E+01
   502    0.0000000000E+00
