    -1    0.0000000000E+00
     0   -0.4813037450E+01
     1   -0.1184597396E+01
     2   -0.1414558995E+01
     3   -0.2792418409E+00
     4   -0.1111398778E+01
     5    0.4798474071E+01
     6   -0.2483149540E+01
     7    0.4705303026E+00
     8    0.6039336788E-01
     9   -0.2336472925E+00
    10   -0.1653158096E+00
    11   -0.2313442885E+01
    12    0.3082275983E+01
    13   -0.2423489578E+01
    14    0.2277519210E+01
    15   -0.1190544608E+01
    16    0.1626453223E+01
    17   -0.3514793574E+01
    18    0.9156722923E+00
    19    0.1226770411E+00
    20    0.4433257661E+01
    21   -0.1671935400E+01
    22   -0.1811885933E+01
    23   -0.1515016248E+01
    24    0.1303416336E+01
    25    0.9650416274E-01
    26    0.1487642389E+01
    27    0.2237655983E+00
    28   -0.1759843334E+01
    29   -0.2889260675E+00
    30   -0.2823301643E+01
    31    0.6044412503E+01
    32    0.9233826415E+00
    33   -0.4108877447E+01
    34    0.1551264531E+00
    35   -0.9007767356E+00
    36    0.2257943559E+01
    37   -0.2294226292E+01
    38    0.1297063024E+01
    39   -0.1338421746E+01
    40    0.2810485966E+01
    41   -0.4726230830E+01
    42    0.2503781947E+01
    43    0.1676809318E+01
    44   -0.2229341223E+01
    45   -0.2263727307E+00
    46    0.3630733035E+00
    47   -0.4320242949E+00
    48    0.2630497207E+01
    49   -0.1649592131E+01
    50   -0.1780711079E+00
    51    0.7721795327E+00
    52   -0.2297542477E+01
    53    0.4309884955E+01
    54   -0.1214773470E+01
    55   -0.7397680237E+00
    56    0.3008050254E+00
    57    0.5933664831E+00
    58    0.5773542694E+00
    59   -0.2950895025E+01
    60    0.4117722683E+01
    61   -0.1971851483E+01
    62    0.6961687153E+00
    63   -0.1242811789E+01
    64    0.9640707007E+00
    65    0.3905753504E+00
    66   -0.2065919884E+01
    67    0.3011924940E+01
    68   -0.1891830868E+01
    69    0.1498037977E+00
    70   -0.6021074407E+00
    71    0.9347143532E-01
    72   -0.4197399769E+00
    73    0.5856448912E+00
    74   -0.6413297358E+00
    75   -0.1372082620E+01
    76    0.2379517615E+01
    77   -0.1230010936E+01
    78   -0.1618332486E-01
    79    0.9637634915E+00
    80   -0.3645925922E+01
    81    0.4328426438E+01
    82   -0.4136034338E+00
    83   -0.1357039349E+01
    84   -0.7776545360E-02
    85    0.4340349444E+00
    86    0.1567329673E+01
    87   -0.4034346845E+00
    88   -0.1271474343E+01
    89    0.1299118227E+01
    90    0.1014558489E+01
    91    0.2275570918E+00
    92   -0.2070395582E+01
    93    0.1727905352E+00
    94    0.1604000678E+01
    95    0.1327883921E+01
    96   -0.3932046222E+01
    97    0.2078545703E+01
    98   -0.4740739019E+00
    99    0.1419711644E+01
   100   -0.1178714241E+01
   101    0.7795857065E-01
   102   -0.1543834703E+01
   103    0.2397920817E+01
   104   -0.1604378132E+01
   105   -0.3946167634E+00
   106   -0.1716246195E+00
   107    0.7968022244E+00
   108   -0.2317689472E+01
   109    0.1917406554E+01
   110   -0.4936816181E+00
   111   -0.1540261777E+01
   112    0.2005827422E+01
   113   -0.2175905997E+01
   114    0.2245849692E+01
   115   -0.1683565843E+01
   116    0.9506441839E+00
   117    0.1183078309E+01
   118   -0.2390902263E+01
   119    0.1606131758E+01
   120    0.9153009687E+00
   121   -0.1678635860E+01
   122    0.1785097869E+01
   123   -0.1301033019E+00
   124   -0.1389061885E+01
   125    0.1710931055E+01
   126   -0.3326808549E-01
   127   -0.3225867280E-01
   128   -0.1016554997E+01
   129    0.2086234288E+01
   130   -0.5087219872E+00
   131   -0.1363508067E+01
   132    0.1578738489E+00
   133    0.2012898858E+01
   134   -0.1084674487E+01
   135   -0.9716643576E+00
   136    0.8609463112E+00
   137   -0.7496237314E+00
   138    0.1187745370E+01
   139   -0.1342400904E+01
   140    0.6101412440E+00
   141   -0.1448384665E+01
   142    0.1966107618E+01
   143   -0.1783011032E+01
   144   -0.6859214324E+00
   145    0.2373685008E+01
   146   -0.3320188505E+01
   147    0.9945252915E+00
   148    0.7534772305E+00
   149   -0.2092468771E+01
   150    0.1825864099E+01
   151   -0.1118664865E+01
   152    0.6287863433E+00
   153    0.1294320719E+01
   154   -0.8450830747E+00
   155    0.7958796192E+00
   156    0.6987021273E+00
   157   -0.2258439738E-01
   158   -0.3593478833E+00
   159    0.4701037951E+00
   160    0.4313999564E+00
   161    0.8391760080E+00
   162   -0.1181136043E+01
   163    0.3720873902E+00
   164    0.3267381250E-01
   165    0.1305223045E+01
   166   -0.1496866260E+01
   167    0.2820849647E+00
   168    0.4755290349E+00
   169   -0.3773268189E+00
   170    0.4008354591E+00
   171   -0.7847786881E+00
   172    0.1803713462E+00
   173   -0.1791140364E+00
   174    0.1177354460E+00
   175   -0.3232424543E+00
   176   -0.9789994867E+00
   177   -0.6541416344E+00
   178   -0.4925640892E+00
   179   -0.1055462821E+01
   180    0.2654950866E+00
   181   -0.1284425294E+01
   182   -0.2028736114E+00
   183    0.3711158565E+00
   184    0.2179660561E+01
   185    0.2923016994E+00
   186   -0.3235559561E+00
   187   -0.8311563066E+00
   188    0.6527666034E+00
   189    0.2716572874E+00
   190   -0.4430412111E+00
   191    0.6244180809E+00
   192    0.1006540439E+01
   193   -0.6747250653E+00
   194   -0.6918479262E+00
   195   -0.5559428443E+00
   196    0.4033134811E+00
   197    0.1559416118E+01
   198   -0.3757565722E+00
   199    0.1901043857E+00
   200   -0.2793432935E+01
   201    0.4343420518E+00
   202    0.1772925195E+01
   203   -0.8640210557E+00
   204   -0.1158509138E+01
   205   -0.1234108574E+00
   206    0.3423712635E+00
   207    0.8285448506E+00
   208    0.4166858629E+00
   209    0.6139795342E+00
   210    0.6786623837E-01
   211   -0.7948187388E+00
   212   -0.7152838942E+00
   213    0.5995993439E+00
   214    0.1136646124E+01
   215    0.3109260402E+00
   216    0.1316812094E+00
   217   -0.5858852832E-01
   218    0.2413960228E+00
   219   -0.3292321892E+00
   220   -0.7285547971E-01
   221   -0.9017287881E+00
   222    0.9628020532E-01
   223    0.1680030461E+01
   224   -0.2525964066E+00
   225   -0.1754950230E+01
   226   -0.6193997276E+00
   227    0.1636644676E+01
   228    0.1274675069E+00
   229   -0.3866223555E+00
   230    0.5109110871E-01
   231    0.8081503382E+00
   232    0.5886118481E+00
   233   -0.6713521587E+00
   234   -0.4289375904E+00
   235   -0.1417286439E+01
   236    0.4973413830E+00
   237   -0.7192439127E+00
   238    0.1037064817E+01
   239    0.1556615139E+01
   240   -0.2374921837E+01
   241   -0.1073730166E+01
   242    0.1998185064E+01
   243    0.1353077200E+01
   244   -0.1455429112E+01
   245   -0.1831799588E+01
   246    0.5982734859E+00
   247    0.1756163492E+01
   248   -0.8399786334E-01
   249   -0.1185867856E+01
   250   -0.1583108805E+00
   251    0.5124546859E+00
   252    0.2115739093E+00
   253   -0.2048482695E+00
   254   -0.1284162347E-01
   255    0.7656489392E-01
   256   -0.1836920009E+00
   257    0.2854491385E-01
   258    0.3399988174E+00
   259   -0.4349425573E-01
   260   -0.3987836933E+00
   261    0.1973396790E+00
   262    0.4279074374E+00
   263   -0.5570764763E+00
   264   -0.5866954858E+00
   265    0.5495579267E+00
   266    0.1637109031E+00
   267   -0.1285450406E+00
   268    0.6018091535E-01
   269    0.5339314488E-01
   270   -0.4950043952E-01
   271    0.4228653344E-01
   272    0.5961385370E-01
   273   -0.5942026969E-01
   274   -0.3671674612E-01
   275    0.5986488482E-01
   276    0.3740031922E-01
   277   -0.3854034148E-01
   278   -0.2282214418E-01
   279    0.5572170184E-01
   280    0.3430382862E-02
   281   -0.1485531359E+00
   282    0.9961337954E-01
   283    0.6279177029E-01
   284   -0.1027941339E-01
   285   -0.1546805485E-01
   286   -0.8895763620E-02
   287    0.2519917961E-02
   288    0.6172714438E-02
   289    0.9463772693E-02
   290    0.5827051889E-02
   291   -0.2282259858E-02
   292   -0.3282407520E-02
   293    0.4216564807E-02
   294    0.5364232051E-02
   295   -0.3487124511E-03
   296    0.1304222156E-02
   297    0.4594160750E-02
   298   -0.5727138270E-05
   299   -0.1476709882E-02
   300    0.3646196018E-02
   301    0.3562913071E-02
   302    0.6435746741E-04
   303    0.5069746498E-03
   304    0.1984651696E-02
   305    0.8579102292E-03
   306    0.7185215311E-03
   307    0.1450110334E-02
   308    0.7718982365E-03
   309    0.1037485606E-03
   310    0.3620068897E-03
   311    0.8278279972E-03
   312    0.1273860353E-02
   313    0.5347795449E-03
   314    0.8225642583E-04
   315    0.5140188961E-03
   316    0.2613483293E-03
   317    0.5449921535E-03
   318    0.5841431752E-03
   319    0.6913498027E-05
   320    0.7946471961E-04
   321    0.3856911560E-03
   322    0.2705293930E-03
   323    0.2130934268E-03
   324    0.5363055020E-04
   325    0.9875554525E-04
   326    0.2932105319E-03
   327    0.1338964174E-03
   328    0.6672614997E-04
   329    0.1573404267E-03
   330    0.8780308912E-04
   331   -0.5927868733E-05
   332    0.9824692379E-04
   333    0.1030967141E-03
   334    0.1669615610E-04
   335    0.4713803839E-04
   336    0.5160136634E-04
   337    0.4238868414E-04
   338    0.3273712200E-04
   339    0.2424282012E-04
   340    0.2295946444E-04
   341    0.1734762129E-04
   342    0.1826480141E-04
   343    0.1614029377E-04
   344    0.1817723755E-04
   345    0.2078849584E-04
   346    0.7769559723E-05
   347    0.3477549376E-05
   348    0.1204492685E-04
   349    0.4716644483E-05
   350    0.1185789854E-05
   351    0.6906847103E-05
   352    0.7085749851E-05
   353    0.5167785476E-05
   354    0.1816648539E-05
   355    0.2394087934E-05
   356    0.2389995666E-05
   357    0.1796692577E-05
   358    0.1844722718E-05
   359    0.1966290619E-05
   360    0.1589114853E-05
   361    0.6468746241E-06
   362    0.7263453907E-06
   363    0.7378808908E-06
   364    0.7858501939E-06
   365    0.5894206181E-06
   366    0.2466936579E-06
   367    0.3230369667E-06
   368    0.4550393262E-06
   369    0.3399889097E-06
   370    0.2507013672E-06
   371    0.2192203811E-06
   372    0.1117331929E-06
   373    0.8070184390E-07
   374    0.1125530760E-06
   375    0.1333343016E-06
   376    0.9704632320E-07
   377    0.5699348349E-07
   378    0.3235605006E-07
   379    0.3022380901E-07
   380    0.4221305927E-07
   381    0.4375644760E-07
   382    0.2533878685E-07
   383    0.1623457657E-07
   384    0.1920774645E-07
   385    0.1177784026E-07
   386    0.8848425076E-08
   387    0.1138852768E-07
   388    0.8006830532E-08
   389    0.5457856944E-08
   390    0.5047426810E-08
   391    0.4289405720E-08
   392    0.1855512438E-08
   393    0.3040677710E-08
   394    0.4363684081E-08
   395    0.1593712828E-08
   396    0.5701623618E-09
   397    0.1325446641E-08
   398    0.9363625431E-09
   399    0.8179628641E-09
   400    0.6490319393E-09
   401    0.4177218571E-09
   402    0.5029824057E-09
   403    0.2774442898E-09
   404    0.2495866847E-09
   405    0.2935440224E-09
   406    0.1545989170E-09
   407    0.8541406471E-10
   408    0.1142561601E-09
   409    0.1104133174E-09
   410    0.6190425950E-10
   411    0.4175304547E-10
   412    0.4516031993E-10
   413    0.3550484906E-10
   414    0.3327937925E-10
   415    0.2071950944E-10
   416    0.1021716045E-10
   417    0.1597216803E-10
   418    0.1219446766E-10
   419    0.7646883127E-11
   420    0.6768141603E-11
   421    0.4549027821E-11
   422    0.3998357201E-11
   423    0.3380268288E-11
   424    0.1843636355E-11
   425    0.1885602785E-11
   426    0.1967315200E-11
   427    0.1240535452E-11
   428    0.6914468997E-12
   429    0.5122291480E-12
   430    0.5377920331E-12
   431    0.4815314814E-12
   432    0.3865519016E-12
   433    0.2326749904E-12
   434    0.1762756607E-12
   435    0.1487698853E-12
   436    0.1068034550E-12
   437    0.7890910148E-13
   438    0.7149836279E-13
   439    0.5981326545E-13
   440    0.4818367927E-13
   441    0.2498001805E-13
   442    0.1676436767E-13
   443    0.2139954880E-13
   444    0.1282307593E-13
   445    0.9547918012E-14
   446    0.8354428260E-14
   447    0.5412337245E-14
   448    0.4662936703E-14
   449    0.3191891196E-14
   450    0.1332267630E-14
   451    0.2886579864E-14
   452    0.1360023205E-14
   453    0.1998401444E-14
   454    0.1054711873E-14
   455    0.3330669074E-15
   456   -0.4440892099E-15
   457   -0.2220446049E-15
   458    0.0000000000E+00
   459    0.4440892099E-15
   460   -0.6661338148E-15
   461    0.2220446049E-15
   462    0.2220446049E-15
   463    0.0000000000E+00
   464    0.3330669074E-15
   465    0.0000000000E+00
   466    0.0000000000E+00
   467    0.2220446049E-15
   468    0.2220446049E-15
   469    0.2220446049E-15
   470    0.2220446049E-15
   471    0.0000000000E+00
   472   -0.6661338148E-15
   473    0.3330669074E-15
   474    0.0000000000E+00
   475    0.0000000000E+00
   476    0.2220446049E-15
   477    0.1110223025E-15
   478    0.0000000000E+00
   479    0.3330669074E-15
   480    0.2220446049E-15
   481    0.2220446049E-15
   482    0.0000000000E+00
   483    0.0000000000E+00
   484    0.0000000000E+00
   485    0.0000000000E+00
   486    0.0000000000E+00
   487    0.2220446049E-15
   488    0.0000000000E+00
   489   -0.8881784197E-15
   490    0.2220446049E-15
   491    0.2220446049E-15
   492    0.0000000000E+00
   493   -0.8881784197E-15
   494    0.0000000000E+00
   495    0.0000000000E+00
   496    0.4440892099E-15
   497    0.2220446049E-15
   498    0.2220446049E-15
   499   -0.4440892099E-15
   500    0.3571428571E+01
   501    0.3571428571E+01
   502    0.0000000000E+00
