    -1    0.0000000000E+00
     0   -0.3835779811E+01
     1   -0.7782273669E+00
     2   -0.3522929264E+01
     3    0.2918554341E+01
     4   -0.1590999827E+01
     5    0.6110262928E+00
     6    0.2400876880E+01
     7   -0.4765608119E+01
     8    0.3390139445E+01
     9    0.4586709624E+00
    10   -0.3822906046E+01
    11    0.1215887223E+01
    12   -0.3412391924E+00
    13    0.2718038844E+01
    14   -0.4296930905E+01
    15    0.5322802262E+00
    16   -0.4382063385E+00
    17    0.3175886864E+01
    18   -0.4103380176E+01
    19    0.2298334450E+01
    20   -0.1594171613E+01
    21   -0.1386696559E+01
    22    0.2666795635E+01
    23   -0.2278198759E+01
    24    0.3812507110E+01
    25   -0.1107916223E+01
    26   -0.3307732806E+01
    27    0.4824436679E+01
    28   -0.4149788267E+01
    29    0.4042369729E+01
    30   -0.1482893202E+01
    31    0.1619868895E+01
    32   -0.2257614897E+01
    33    0.2195898859E+01
    34    0.2018828226E+01
    35   -0.4843310760E+01
    36    0.3221384941E+01
    37    0.1908040162E+01
    38   -0.3489563535E+01
    39    0.6884318245E+00
    40    0.3420184526E+01
    41   -0.3394350620E+01
    42    0.1650422437E+01
    43   -0.2418054128E+01
    44    0.1700627690E+01
    45    0.2009334691E+01
    46   -0.3112078198E+01
    47    0.8811217810E+00
    48    0.1119360769E+01
    49   -0.6991808562E+00
    50   -0.1128212508E+01
    51    0.1163564889E+00
    52   -0.1178239600E+00
    53    0.2065506227E+01
    54   -0.4599623227E+01
    55    0.4706808367E+01
    56   -0.3097947130E+01
    57    0.1080258402E+01
    58   -0.1064345122E+01
    59   -0.1507115599E+01
    60    0.1017288309E+01
    61    0.1108746166E+01
    62   -0.6570763662E+00
    63   -0.1666683518E+01
    64    0.1058028848E+01
    65   -0.2038478008E+01
    66    0.7642659631E+00
    67    0.1569396384E+01
    68   -0.1687981314E+01
    69    0.3632494795E+00
    70    0.1113220174E+01
    71    0.1338693092E+00
    72    0.7044275745E+00
    73   -0.1950870234E+01
    74    0.5784002746E+00
    75    0.3159067655E+01
    76   -0.2648045417E+01
    77   -0.1363695418E+00
    78    0.3908862025E+01
    79   -0.3370075251E+01
    80    0.1702308584E+01
    81   -0.4401916867E+00
    82    0.6350871036E+00
    83   -0.4336996755E+00
    84    0.2925635859E+00
    85    0.7393450612E+00
    86   -0.2032009390E+00
    87   -0.3477040028E+00
    88   -0.4069107562E+00
    89    0.4082394556E+00
    90    0.1501489784E+01
    91   -0.1396859523E+01
    92   -0.1768222004E+01
    93    0.2216422283E+01
    94   -0.6108468800E+00
    95    0.1915697226E+01
    96   -0.4271443093E+01
    97    0.2551841626E+01
    98   -0.1221552345E+01
    99    0.1818552008E+01
   100   -0.2396403698E+01
   101    0.5604153456E+00
   102   -0.5206702638E+00
   103    0.1429246619E+01
   104   -0.2711040332E+01
   105    0.8482521054E+00
   106    0.1382123936E+01
   107   -0.3765618163E+01
   108    0.2230421175E+01
   109    0.2402080161E+00
   110   -0.1908707643E+01
   111    0.4028871530E+00
   112    0.1482863935E+01
   113   -0.2628222307E+01
   114    0.2923823556E+01
   115   -0.2081718089E+01
   116    0.5349222433E+00
   117    0.1896906736E+01
   118   -0.1528986110E+01
   119    0.4022074860E+00
   120    0.1270214076E+01
   121   -0.7475409160E+00
   122    0.1393912737E+01
   123   -0.1022913093E+01
   124    0.7059867258E+00
   125    0.2862631044E-01
   126    0.4899680930E+00
   127    0.1178271702E+00
   128   -0.8872322987E-01
   129    0.3793996936E+00
   130   -0.5420682479E+00
   131    0.1004760838E+01
   132   -0.5403723093E+00
   133    0.3281433365E+00
   134   -0.6132482129E+00
   135    0.5295826900E+00
   136   -0.1173248097E+00
   137    0.7446062735E+00
   138   -0.1816672318E+01
   139    0.1317856186E+01
   140   -0.4155214783E+00
   141   -0.2915180856E+00
   142    0.4536604308E+00
   143   -0.7761612609E+00
   144   -0.2774532509E+00
   145    0.4335037782E+00
   146   -0.4048085436E+00
   147   -0.6290164797E+00
   148    0.3767616729E+00
   149   -0.6229925875E+00
   150   -0.3688934801E+00
   151    0.4436633870E+00
   152   -0.1362348802E+01
   153    0.5492880847E+00
   154   -0.2165994382E+00
   155   -0.5104107464E+00
   156    0.2618600478E-01
   157   -0.4046873979E-01
   158    0.2873734528E+00
   159   -0.3031123779E+00
   160    0.4520058753E+00
   161    0.3061211621E-01
   162    0.5403049698E+00
   163   -0.3556568455E+00
   164    0.5914550784E+00
   165    0.7183748466E+00
   166   -0.6800097541E+00
   167    0.8586253303E+00
   168    0.5753952295E+00
   169   -0.9400131207E+00
   170    0.1120294297E+01
   171    0.5501600001E+00
   172   -0.1649915987E+01
   173    0.1420461829E+01
   174   -0.5360731222E+00
   175    0.1263695423E+01
   176   -0.1450693006E+01
   177    0.1184352913E+01
   178   -0.2811618233E-02
   179   -0.1286456240E+01
   180    0.1063991013E+01
   181   -0.5170710422E+00
   182    0.5996079295E+00
   183   -0.1408894058E+01
   184    0.1273280651E+01
   185   -0.2645957937E+00
   186   -0.1355117192E+01
   187    0.1002603364E+01
   188   -0.2762823339E+00
   189   -0.1236034696E+01
   190    0.7003741027E+00
   191    0.8920061381E-01
   192   -0.7973521302E+00
   193    0.2599610051E+00
   194   -0.3901610475E+00
   195    0.3987616782E+00
   196   -0.1933899575E+00
   197   -0.5721175715E+00
   198    0.3378407279E+00
   199   -0.4467785582E+00
   200    0.4220710131E+00
   201    0.8487219389E+00
   202   -0.4500028751E+00
   203   -0.5609307963E+00
   204    0.2842567386E+00
   205    0.2871050658E-01
   206    0.2394153110E+00
   207   -0.2549873287E+00
   208    0.3837599053E+00
   209    0.5909234868E+00
   210   -0.4275345571E+00
   211   -0.6598597405E-01
   212    0.5271168077E+00
   213   -0.9369710959E-01
   214   -0.3629544098E+00
   215    0.2348108493E+00
   216    0.3259317728E+00
   217   -0.5873295064E-01
   218    0.3506069752E-01
   219    0.1305526322E+00
   220   -0.4934674661E+00
   221   -0.4949468670E+00
   222    0.1001276033E+01
   223    0.4144969965E+00
   224   -0.4585790285E+00
   225    0.3736547548E+00
   226    0.3496897415E+00
   227   -0.6010096311E+00
   228    0.6540517333E-01
   229    0.7604391621E+00
   230   -0.9217452677E+00
   231   -0.3394592437E+00
   232    0.7097594214E+00
   233    0.1106334868E+01
   234   -0.1064601849E+01
   235   -0.1941608438E+00
   236   -0.1386375886E+01
   237    0.7572971251E-01
   238    0.1211394643E+01
   239   -0.8815009708E+00
   240    0.1117225656E+01
   241    0.6566149862E+00
   242   -0.2290603297E+01
   243   -0.4415632959E-01
   244    0.1200691555E+01
   245   -0.1328494527E-01
   246   -0.4317097012E+00
   247    0.2114500331E+00
   248    0.9629525279E-01
   249   -0.1577644133E+00
   250   -0.1873665134E+00
   251    0.2111991624E+00
   252    0.3008219899E+00
   253   -0.4181385676E+00
   254   -0.4479179856E+00
   255    0.4243751309E+00
   256    0.4514893411E+00
   257   -0.5956087425E+00
   258   -0.3435192268E+00
   259    0.5346165621E+00
   260    0.1311441859E+00
   261   -0.2351335315E+00
   262   -0.7188804758E-01
   263    0.6765821544E-01
   264    0.2287699907E-01
   265   -0.2879762706E-01
   266    0.7335034440E-02
   267   -0.1245848475E-01
   268   -0.2769139199E-01
   269    0.3874159765E-01
   270    0.1523071344E-01
   271   -0.7235678411E-01
   272   -0.1663587108E-01
   273    0.1621930707E+00
   274   -0.2409253950E-01
   275   -0.3950901546E+00
   276    0.2846052100E+00
   277    0.1477793485E+00
   278   -0.8828891681E-01
   279   -0.5020287525E-01
   280    0.2796881993E-01
   281    0.1058571263E-01
   282   -0.1448011010E-01
   283    0.2560437362E-01
   284    0.1769136523E-01
   285   -0.2655125018E-01
   286    0.2165304517E-02
   287    0.2952738616E-01
   288    0.2646997121E-02
   289   -0.1297740840E-01
   290    0.6963694932E-02
   291    0.1973130374E-01
   292   -0.5439564777E-02
   293   -0.6854053642E-01
   294    0.5125787685E-01
   295    0.3454328004E-01
   296   -0.1413175302E-03
   297   -0.5451454623E-02
   298   -0.4851758944E-02
   299    0.1633185862E-02
   300    0.4587256817E-02
   301    0.6524744230E-02
   302    0.5398566264E-02
   303    0.6892960915E-04
   304   -0.1578337712E-02
   305    0.3379095631E-02
   306    0.4170425969E-02
   307    0.9477370984E-03
   308    0.1120701737E-02
   309    0.3630936213E-02
   310    0.1111260815E-02
   311   -0.4409160003E-03
   312    0.2399637561E-02
   313    0.2983255418E-02
   314    0.9313645791E-03
   315    0.4310942969E-03
   316    0.1738480026E-02
   317    0.1119795270E-02
   318    0.7085054725E-03
   319    0.1235539907E-02
   320    0.9193390394E-03
   321    0.3456510372E-03
   322    0.4733963920E-03
   323    0.7371329098E-03
   324    0.9642110185E-03
   325    0.6663774740E-03
   326    0.2610860765E-03
   327    0.4213764027E-03
   328    0.3558854901E-03
   329    0.4553578150E-03
   330    0.5147758932E-03
   331    0.1649934702E-03
   332    0.1217791621E-03
   333    0.3191581989E-03
   334    0.2661873669E-03
   335    0.2232763501E-03
   336    0.1128045436E-03
   337    0.9568031983E-04
   338    0.2391452007E-03
   339    0.1516077225E-03
   340    0.7745367381E-04
   341    0.1357963967E-03
   342    0.1034026071E-03
   343    0.2345509991E-04
   344    0.7411346679E-04
   345    0.1006254589E-03
   346    0.3341318715E-04
   347    0.4305634386E-04
   348    0.5170775001E-04
   349    0.3967344939E-04
   350    0.3473788399E-04
   351    0.2665858482E-04
   352    0.2396274323E-04
   353    0.1891489962E-04
   354    0.1910140157E-04
   355    0.1700120348E-04
   356    0.1543193411E-04
   357    0.1884638715E-04
   358    0.1052326958E-04
   359    0.5039488894E-05
   360    0.1023157578E-04
   361    0.6730291566E-05
   362    0.2714481327E-05
   363    0.5885438501E-05
   364    0.6276591491E-05
   365    0.5051943592E-05
   366    0.2583610923E-05
   367    0.2425167684E-05
   368    0.2527835487E-05
   369    0.1912508158E-05
   370    0.1797491428E-05
   371    0.1779931442E-05
   372    0.1618023146E-05
   373    0.8485668429E-06
   374    0.7747648645E-06
   375    0.7687164241E-06
   376    0.7347126170E-06
   377    0.6241010479E-06
   378    0.3516412890E-06
   379    0.3223356831E-06
   380    0.4018883992E-06
   381    0.3523252221E-06
   382    0.2467538783E-06
   383    0.2134241555E-06
   384    0.1460427885E-06
   385    0.1012623190E-06
   386    0.1075901407E-06
   387    0.1191632999E-06
   388    0.9852088079E-07
   389    0.6360596938E-07
   390    0.4232315018E-07
   391    0.3595577369E-07
   392    0.3796759851E-07
   393    0.4068675508E-07
   394    0.2821760181E-07
   395    0.1769077862E-07
   396    0.1881747069E-07
   397    0.1368037572E-07
   398    0.9556084812E-08
   399    0.1112001535E-07
   400    0.8299330972E-08
   401    0.5933215669E-08
   402    0.5196153952E-08
   403    0.4606928311E-08
   404    0.2516874598E-08
   405    0.2732460341E-08
   406    0.3700698858E-08
   407    0.2035674906E-08
   408    0.9102556486E-09
   409    0.1250294812E-08
   410    0.1003943151E-08
   411    0.8162250598E-09
   412    0.6880180314E-09
   413    0.4650552721E-09
   414    0.4708988754E-09
   415    0.3316659447E-09
   416    0.2455679271E-09
   417    0.2730083937E-09
   418    0.1784392634E-09
   419    0.1067073097E-09
   420    0.1085636026E-09
   421    0.1072806288E-09
   422    0.7063949425E-10
   423    0.4625372307E-10
   424    0.4646655283E-10
   425    0.3522604430E-10
   426    0.3202882404E-10
   427    0.2378763853E-10
   428    0.1242517200E-10
   429    0.1507327596E-10
   430    0.1234634617E-10
   431    0.8205908175E-11
   432    0.6994627100E-11
   433    0.4990979852E-11
   434    0.4029387934E-11
   435    0.3527400594E-11
   436    0.2187583448E-11
   437    0.1862815457E-11
   438    0.1865396726E-11
   439    0.1318056775E-11
   440    0.8142375663E-12
   441    0.5977440765E-12
   442    0.5491440636E-12
   443    0.4667932707E-12
   444    0.3911315716E-12
   445    0.2553512957E-12
   446    0.1854072451E-12
   447    0.1578737141E-12
   448    0.1143529715E-12
   449    0.8476552793E-13
   450    0.7183142969E-13
   451    0.5795364189E-13
   452    0.4718447855E-13
   453    0.2953193246E-13
   454    0.2023381462E-13
   455    0.2031708135E-13
   456    0.1446065490E-13
   457    0.8881784197E-14
   458    0.8909539773E-14
   459    0.6772360450E-14
   460    0.4329869796E-14
   461    0.3330669074E-14
   462    0.2914335440E-14
   463    0.1859623566E-14
   464    0.1332267630E-14
   465    0.1665334537E-14
   466    0.1221245327E-14
   467    0.1776356839E-14
   468    0.2775557562E-15
   469    0.1110223025E-15
   470    0.0000000000E+00
   471    0.1110223025E-14
   472   -0.2220446049E-15
   473    0.2220446049E-15
   474    0.0000000000E+00
   475   -0.8881784197E-15
   476    0.2220446049E-15
   477    0.0000000000E+00
   478    0.0000000000E+00
   479    0.0000000000E+00
   480    0.2220446049E-15
   481    0.0000000000E+00
   482   -0.8881784197E-15
   483    0.0000000000E+00
   484    0.2220446049E-15
   485    0.0000000000E+00
   486   -0.6661338148E-15
   487    0.3330669074E-15
   488    0.2220446049E-15
   489    0.2220446049E-15
   490    0.2220446049E-15
   491    0.0000000000E+00
   492    0.2220446049E-15
   493    0.2220446049E-15
   494    0.0000000000E+00
   495    0.2220446049E-15
   496    0.0000000000E+00
   497    0.0000000000E+00
   498    0.0000000000E+00
   499    0.0000000000E+00
   500    0.3571428571E+01
   501    0.3571428571E+01
   502    0.0000000000E+00
