    -1    0.0000000000E+00
     0   -0.2330123716E+01
     1   -0.4823822414E+01
     2   -0.4455709347E-01
     3    0.1596035696E+00
     4    0.3184309148E-01
     5   -0.3771660260E-01
     6    0.1133544042E+00
     7   -0.1178834096E-01
     8    0.1114976717E-01
     9    0.1372920879E+00
    10   -0.1015685060E+00
    11    0.1161787745E-01
    12    0.2029790942E+00
    13   -0.3708793106E+00
    14    0.2595710455E+00
    15    0.1204858619E+00
    16   -0.3323664852E+00
    17    0.1960294339E+00
    18    0.1012071007E+00
    19   -0.3702726443E+00
    20    0.1599847594E+00
    21    0.8661598465E-01
    22   -0.2922756785E+00
    23    0.3474563572E-01
    24    0.9161220379E-01
    25   -0.1846936001E+00
    26   -0.8700993775E-01
    27    0.1934468940E+00
    28   -0.3612168948E+00
    29    0.1066510230E+00
    30    0.1217018687E+00
    31   -0.3226890508E+00
    32    0.1102800243E+00
    33    0.1163353413E+00
    34   -0.2801333916E+00
    35    0.1212300825E+00
    36    0.1163494866E+00
    37   -0.3530950521E+00
    38    0.2316588831E+00
    39    0.9549134584E-01
    40   -0.1181728555E+00
    41    0.9152169165E-01
    42    0.1390796667E-01
    43    0.1576934705E+00
    44   -0.5156266672E-01
    45    0.9676931033E-03
    46    0.1952057889E+00
    47   -0.5520541492E-01
    48   -0.1767762577E-01
    49    0.2249454875E+00
    50   -0.6581415801E-01
    51   -0.4765490696E-01
    52    0.2487329527E+00
    53   -0.1378168916E+00
    54    0.1681000995E-02
    55    0.4918556001E-01
    56    0.3808737524E-01
    57    0.7001510219E-02
    58    0.1091843092E-01
    59    0.4668690208E-02
    60    0.5204118871E-01
    61   -0.5750348181E-01
    62   -0.3507236640E-01
    63    0.1495945301E-01
    64   -0.3341359404E-01
    65   -0.7697343079E-01
    66   -0.1324472150E-01
    67   -0.8072355636E-02
    68   -0.1091902785E+00
    69   -0.3273149359E-01
    70    0.1971358358E-01
    71   -0.1280991431E+00
    72   -0.4495187390E-01
    73    0.5366809203E-01
    74   -0.1393826745E+00
    75   -0.4239095627E-01
    76    0.8624921707E-01
    77   -0.1425482869E+00
    78   -0.2976740080E-01
    79    0.1209363807E+00
    80   -0.1448794902E+00
    81   -0.9790508282E-02
    82    0.1535152055E+00
    83   -0.2029308740E+00
    84    0.1867718034E-01
    85    0.1447614274E+00
    86    0.3447257129E-01
    87   -0.6137469795E-01
    88    0.2250320713E+00
    89   -0.4275921901E-01
    90   -0.4148700636E-01
    91    0.1969773828E+00
    92   -0.1055811904E-01
    93   -0.3163308672E-01
    94    0.1600296005E+00
    95    0.1886760945E-01
    96   -0.3545194991E-01
    97    0.1045091030E+00
    98   -0.5349864068E-01
    99    0.9333395895E-01
   100   -0.5706340430E-01
   101    0.3869070635E-01
   102    0.9756750793E-02
   103    0.1664332542E+00
   104   -0.1494151730E+00
   105   -0.7848488343E-02
   106    0.1183174257E+00
   107   -0.1448423369E+00
   108   -0.2070067437E-01
   109    0.6987775899E-01
   110   -0.1394784272E+00
   111   -0.2416467818E-01
   112    0.2874731693E-01
   113   -0.1355495217E+00
   114   -0.1415750080E-01
   115   -0.1309835806E-02
   116   -0.1319583972E+00
   117    0.7985347478E-02
   118   -0.1711172857E-01
   119   -0.1285142845E+00
   120    0.3896497906E-01
   121   -0.1947534635E-01
   122   -0.1240128772E+00
   123    0.7389412468E-01
   124   -0.1195164410E-01
   125   -0.1167253720E+00
   126    0.1075134860E+00
   127   -0.3877088848E-01
   128   -0.9316258212E-01
   129    0.1675871702E+00
   130   -0.9792228160E-01
   131    0.5222181735E-01
   132    0.2309683651E+00
   133   -0.2191557991E+00
   134    0.2186526764E+00
   135    0.5911683202E-01
   136   -0.1612033236E+00
   137    0.2943802899E+00
   138   -0.3354319550E-01
   139   -0.2889486883E-01
   140    0.4947127851E-01
   141    0.1723423500E+00
   142   -0.8926309980E-01
   143    0.2294141483E-01
   144    0.7553620856E-01
   145   -0.2525213658E-01
   146    0.7808994430E-01
   147   -0.4408689003E-01
   148   -0.4779455903E-02
   149    0.7664703197E-01
   150   -0.9215876875E-02
   151   -0.1086062251E+00
   152    0.8537601322E-01
   153   -0.3944737222E-01
   154   -0.1417259328E+00
   155    0.8950675112E-01
   156   -0.5854591986E-01
   157   -0.1685867232E+00
   158    0.9567242624E-01
   159   -0.6405129253E-01
   160   -0.1846170893E+00
   161    0.9909696618E-01
   162   -0.5838235181E-01
   163   -0.1838459023E+00
   164    0.1049890223E+00
   165   -0.4157803863E-01
   166   -0.1694447056E+00
   167    0.1041472240E+00
   168   -0.2177465852E-01
   169   -0.1900354238E+00
   170    0.1298092476E+00
   171   -0.3774009062E-02
   172   -0.9720576803E-01
   173    0.1262518053E+00
   174   -0.1373384377E+00
   175    0.1238688684E+00
   176    0.1198019724E+00
   177   -0.1156176746E+00
   178    0.1493895530E+00
   179    0.4567454028E-01
   180    0.2024935088E-01
   181    0.7141719234E-01
   182    0.1089232229E-01
   183    0.6995720106E-01
   184    0.5782989809E-01
   185   -0.3439161078E-01
   186    0.1037717268E+00
   187    0.1369283466E-01
   188   -0.2032523184E-01
   189    0.1951098255E-01
   190    0.9824136723E-01
   191   -0.7507579710E-01
   192   -0.6518675893E-02
   193    0.9584099800E-01
   194   -0.1160282519E+00
   195   -0.2652407621E-01
   196    0.5153137171E-01
   197   -0.2540206043E-01
   198   -0.1199326194E+00
   199    0.6555364838E-01
   200   -0.6074017057E-01
   201   -0.1156734287E+00
   202    0.5862995286E-01
   203   -0.7363825983E-01
   204   -0.9155987166E-01
   205    0.5218471925E-01
   206   -0.1174848189E+00
   207   -0.4270802509E-01
   208    0.8692183154E-01
   209   -0.1116200059E+00
   210    0.6050443623E-01
   211    0.2106418845E-01
   212   -0.1447546363E+00
   213    0.1821180143E-01
   214    0.1523360174E+00
   215   -0.1169836144E-01
   216    0.4762364179E-01
   217   -0.2543587169E-01
   218    0.2936807987E-01
   219    0.9415158554E-01
   220   -0.4844048718E-01
   221    0.6898260344E-01
   222    0.1237116082E+00
   223   -0.8906972969E-01
   224    0.6610005690E-01
   225    0.1544918071E+00
   226   -0.6420576669E-01
   227    0.5980622443E-01
   228    0.1181326810E+00
   229   -0.9261415738E-01
   230    0.2697643575E-01
   231    0.1924628000E+00
   232   -0.2092489171E+00
   233   -0.6771974205E-01
   234    0.2786571290E+00
   235   -0.1765764983E-01
   236    0.1108085517E-02
   237    0.9092619235E-01
   238   -0.2891439530E+00
   239   -0.1573009397E+00
   240    0.3138158056E+00
   241    0.2745385080E+00
   242   -0.1365943348E+00
   243   -0.1825397082E+00
   244   -0.2058023019E+00
   245   -0.9897979803E-01
   246    0.4524499084E+00
   247    0.1069508790E+00
   248   -0.2218811587E+00
   249   -0.1205101432E+00
   250   -0.7869855313E-01
   251   -0.1369765661E+00
   252    0.1555992195E+00
   253    0.2318888114E+00
   254   -0.1432022783E+00
   255   -0.1226756640E+00
   256    0.2070660676E-01
   257   -0.4901540312E-01
   258   -0.1440061695E-01
   259    0.1413430348E-02
   260   -0.5820310521E-01
   261   -0.1430424560E-02
   262    0.6403552340E-03
   263   -0.3980308005E-01
   264    0.1881720470E-01
   265    0.8724499275E-02
   266   -0.8230522218E-01
   267   -0.7555491644E-02
   268    0.3527646485E-01
   269   -0.2731269390E-01
   270   -0.3995926780E-01
   271   -0.3661065352E-01
   272    0.3781104400E-01
   273    0.2978384779E-01
   274   -0.2492725059E-01
   275   -0.3842068566E-01
   276    0.1332018211E-01
   277    0.5231003140E-02
   278   -0.2385725232E-01
   279    0.9056113847E-02
   280   -0.1805833314E-02
   281   -0.2291189823E-01
   282    0.1156859979E-01
   283   -0.2236496424E-02
   284   -0.2142652203E-01
   285    0.1635472064E-01
   286    0.2502058730E-01
   287   -0.1095355750E-01
   288   -0.6394167957E-01
   289    0.2355541499E-01
   290    0.4544495747E-01
   291   -0.7821097537E-02
   292   -0.6728568111E-02
   293    0.4997973077E-02
   294    0.3037170356E-02
   295    0.5202481863E-03
   296    0.7406679482E-02
   297    0.8071627346E-02
   298   -0.3060847649E-02
   299    0.1454362925E-02
   300    0.1044915192E-01
   301    0.5020719338E-02
   302   -0.9540798838E-03
   303    0.2750471825E-02
   304    0.8154316184E-02
   305    0.2923143907E-02
   306   -0.9721204318E-02
   307   -0.5657493918E-02
   308    0.2131262270E-01
   309    0.7922190579E-02
   310    0.2897660344E-02
   311   -0.3702485523E-03
   312    0.1504778730E-02
   313    0.3201884352E-02
   314    0.3569033221E-02
   315    0.4733613505E-02
   316    0.2541853547E-02
   317    0.7367393751E-03
   318    0.1816501041E-02
   319    0.3281996184E-02
   320    0.2362589488E-02
   321    0.1120503479E-02
   322    0.2515289982E-02
   323    0.2159984942E-02
   324    0.7552645331E-03
   325    0.1432713170E-02
   326    0.2249483205E-02
   327    0.1492567910E-02
   328    0.9202447076E-03
   329    0.1315678322E-02
   330    0.1186185550E-02
   331    0.9757150998E-03
   332    0.1028911674E-02
   333    0.9127375563E-03
   334    0.7327826042E-03
   335    0.6383840598E-03
   336    0.6128897813E-03
   337    0.7213437940E-03
   338    0.7455387237E-03
   339    0.4418385053E-03
   340    0.3961207535E-03
   341    0.4609872051E-03
   342    0.3679884283E-03
   343    0.4227786010E-03
   344    0.3426246137E-03
   345    0.2023323443E-03
   346    0.2447617305E-03
   347    0.2740436120E-03
   348    0.2245847643E-03
   349    0.1778888682E-03
   350    0.1302209982E-03
   351    0.1665656592E-03
   352    0.1692042713E-03
   353    0.1059299506E-03
   354    0.1072310105E-03
   355    0.1161341957E-03
   356    0.6712608820E-04
   357    0.5831132601E-04
   358    0.8647705782E-04
   359    0.5765632150E-04
   360    0.4279181137E-04
   361    0.5048168839E-04
   362    0.4039045909E-04
   363    0.3632336106E-04
   364    0.3057921774E-04
   365    0.2624349100E-04
   366    0.2229384210E-04
   367    0.1969788030E-04
   368    0.1851372967E-04
   369    0.1531806145E-04
   370    0.1519685398E-04
   371    0.1332857255E-04
   372    0.8669000928E-05
   373    0.8051106089E-05
   374    0.8595628826E-05
   375    0.5361293188E-05
   376    0.4929417699E-05
   377    0.5676575056E-05
   378    0.4852146039E-05
   379    0.3501542769E-05
   380    0.2776536784E-05
   381    0.2687824335E-05
   382    0.2126430358E-05
   383    0.1925235840E-05
   384    0.1680471265E-05
   385    0.1539107967E-05
   386    0.1194507615E-05
   387    0.8915739098E-06
   388    0.8221416010E-06
   389    0.7293302336E-06
   390    0.6530709420E-06
   391    0.4898528006E-06
   392    0.3800012792E-06
   393    0.3634274165E-06
   394    0.3445475593E-06
   395    0.2699917815E-06
   396    0.2207651563E-06
   397    0.1784574796E-06
   398    0.1352288649E-06
   399    0.1179747099E-06
   400    0.1070120775E-06
   401    0.9800013320E-07
   402    0.7585355027E-07
   403    0.5570241363E-07
   404    0.4464284109E-07
   405    0.3940094181E-07
   406    0.3692519632E-07
   407    0.3080545716E-07
   408    0.2265683116E-07
   409    0.1876799308E-07
   410    0.1593018542E-07
   411    0.1208398601E-07
   412    0.1076972608E-07
   413    0.9044091115E-08
   414    0.7036175892E-08
   415    0.5693394589E-08
   416    0.4860596287E-08
   417    0.3703401835E-08
   418    0.2814601358E-08
   419    0.2910724967E-08
   420    0.2496796270E-08
   421    0.1478527328E-08
   422    0.1247497522E-08
   423    0.1138934225E-08
   424    0.8796087470E-09
   425    0.7480674691E-09
   426    0.5631060895E-09
   427    0.4646560914E-09
   428    0.4008309518E-09
   429    0.2759832085E-09
   430    0.2559405743E-09
   431    0.2116220810E-09
   432    0.1415963458E-09
   433    0.1154012441E-09
   434    0.1060864729E-09
   435    0.8196229806E-10
   436    0.5868586173E-10
   437    0.4903238926E-10
   438    0.3940950344E-10
   439    0.3197361820E-10
   440    0.2661831866E-10
   441    0.1807540229E-10
   442    0.1462996391E-10
   443    0.1306452169E-10
   444    0.9636486054E-11
   445    0.7507439115E-11
   446    0.5925232527E-11
   447    0.4483413640E-11
   448    0.3745198596E-11
   449    0.2792821530E-11
   450    0.2085942530E-11
   451    0.1818156736E-11
   452    0.1446509579E-11
   453    0.1029232255E-11
   454    0.7652489753E-12
   455    0.5986044993E-12
   456    0.4961864253E-12
   457    0.4081179839E-12
   458    0.2968458812E-12
   459    0.2200462035E-12
   460    0.1741662370E-12
   461    0.1345312750E-12
   462    0.1008915174E-12
   463    0.8151812558E-13
   464    0.6070144387E-13
   465    0.4890532423E-13
   466    0.3663735981E-13
   467    0.2567390744E-13
   468    0.2089994844E-13
   469    0.1704192343E-13
   470    0.1285083151E-13
   471    0.9631184739E-14
   472    0.6883382753E-14
   473    0.5578870699E-14
   474    0.3552713679E-14
   475    0.3386180225E-14
   476    0.1332267630E-14
   477    0.1720845688E-14
   478    0.2164934898E-14
   479    0.3608224830E-15
   480    0.5273559367E-15
   481   -0.3053113318E-15
   482   -0.6938893904E-15
   483    0.4440892099E-15
   484    0.5551115123E-15
   485    0.3330669074E-15
   486    0.1110223025E-14
   487    0.0000000000E+00
   488    0.0000000000E+00
   489    0.0000000000E+00
   490    0.0000000000E+00
   491    0.0000000000E+00
   492    0.0000000000E+00
   493    0.0000000000E+00
   494    0.0000000000E+00
   495    0.0000000000E+00
   496    0.2220446049E-15
   497    0.2220446049E-15
   498    0.0000000000E+00
   499    0.0000000000E+00
   500    0.3571428571E+01
   501    0.3571428571E+01
   502    0.0000000000E+00
