    -1   -0.7358552423E+00
     0   -0.4470844681E+01
     1   -0.3047810851E+01
     2    0.4055635632E+01
     3   -0.8035019693E+00
     4    0.9503456440E+00
     5   -0.6656817359E+00
     6   -0.1653048531E+01
     7   -0.6730406534E+00
     8   -0.1002406265E+00
     9    0.5061312521E+01
    10    0.3922439999E-01
    11   -0.1454662540E+01
    12   -0.3460777853E+01
    13   -0.3858060224E+00
    14    0.1074007898E+01
    15   -0.1975550759E+01
    16    0.5646453854E+00
    17    0.2852728756E+01
    18   -0.3478976256E+01
    19   -0.3872301569E+00
    20    0.3889378757E+01
    21   -0.3921462923E+01
    22   -0.5600190630E+01
    23    0.3914147622E+01
    24    0.2464247988E+01
    25    0.8442652350E+00
    26    0.3031749444E+00
    27   -0.2684293984E+00
    28    0.1301514270E+01
    29   -0.3395971317E+01
    30   -0.7156173124E+00
    31    0.9951618125E+00
    32   -0.6182370079E+00
    33    0.2821379801E+01
    34   -0.1002301725E+01
    35    0.7778607786E+00
    36   -0.8925383445E+00
    37    0.2533006586E+01
    38    0.1286600517E+01
    39   -0.6861336439E+00
    40   -0.2622997159E+01
    41    0.2945687482E+01
    42   -0.4113133477E+00
    43    0.3511618145E+01
    44   -0.5947673277E+01
    45   -0.5031939935E+00
    46    0.3800437243E+01
    47   -0.1331581903E+01
    48    0.5028746793E+00
    49    0.4400993797E+00
    50   -0.2374107430E+01
    51    0.3438924579E+01
    52   -0.3505222402E+01
    53    0.4154234702E+01
    54   -0.4275939977E+01
    55    0.1943852875E+01
    56   -0.1050630734E+01
    57   -0.1756637269E+01
    58   -0.2340377377E+01
    59    0.1238962157E+01
    60    0.2625334181E+01
    61   -0.3383641553E+00
    62   -0.2887608519E+01
    63    0.3098897519E+01
    64   -0.2507272613E+01
    65    0.1229535647E+01
    66   -0.9547870972E+00
    67   -0.3898010608E+01
    68   -0.3726611343E+00
    69    0.6096917524E+01
    70    0.7466843496E+00
    71   -0.6817775014E+01
    72   -0.3057950239E+00
    73    0.6009232530E+01
    74    0.2908652753E+01
    75   -0.2708147092E+01
    76    0.6781318531E+00
    77    0.6092744187E+00
    78    0.1181966967E+01
    79   -0.1477091563E+01
    80   -0.2903026262E+01
    81    0.2742195253E+01
    82    0.1728541255E+01
    83    0.6466998181E+00
    84   -0.3983913655E+01
    85    0.6070806192E+01
    86   -0.2784610804E+01
    87   -0.1987694498E+01
    88    0.6432994838E+00
    89    0.1017090381E+01
    90   -0.6228212743E+00
    91    0.7463341479E+00
    92   -0.2529457237E+01
    93   -0.7826434930E+00
    94    0.2830151957E+01
    95   -0.3546984399E+01
    96    0.5633971345E+01
    97   -0.1999923215E+01
    98    0.2300542509E+01
    99   -0.2757742233E+01
   100    0.6711121645E+00
   101   -0.4690755518E+01
   102   -0.8511314876E+00
   103    0.2562353621E+01
   104    0.5333920464E+01
   105   -0.2980553780E+01
   106   -0.5282600454E+01
   107    0.8334172676E+00
   108   -0.3503780528E+01
   109    0.3748391324E+01
   110    0.1935783188E+01
   111   -0.2666815787E+01
   112    0.1757725227E+01
   113   -0.2753259595E+01
   114    0.1792506258E+01
   115    0.3142245952E+01
   116   -0.3627878939E+01
   117    0.3296730816E+01
   118   -0.2828799907E+00
   119   -0.2186574780E+01
   120    0.1289292954E+01
   121    0.1573165192E+01
   122   -0.1848609563E+00
   123    0.2074765999E+01
   124   -0.8010042651E+00
   125    0.1004004123E+01
   126   -0.3583373573E+01
   127    0.4301769549E+01
   128   -0.8440953987E+00
   129    0.1990350843E+00
   130    0.2838233032E+01
   131   -0.7597426481E+01
   132    0.2897050310E+01
   133    0.6170771309E+00
   134    0.1488459103E+01
   135   -0.1844385291E+01
   136    0.2836594123E-01
   137    0.2443152480E+01
   138   -0.1427954926E+01
   139   -0.1685721291E+01
   140    0.1486763395E+01
   141   -0.3968890324E+00
   142    0.7416273580E+00
   143   -0.4763187085E+00
   144   -0.5056824541E+00
   145    0.1987795348E+01
   146    0.8112682562E+00
   147   -0.6410437288E+01
   148    0.8233203621E+00
   149    0.2003762933E+01
   150   -0.3324548677E+01
   151   -0.1834079769E+00
   152    0.1103225758E+01
   153    0.1050304521E+01
   154   -0.7580838007E+01
   155    0.5944907779E+01
   156   -0.3561383171E+01
   157    0.5349120571E+01
   158   -0.6490260680E+00
   159   -0.3518877735E+01
   160    0.4291365483E+01
   161   -0.2358095549E+00
   162   -0.2471978026E+01
   163    0.1420317542E+01
   164    0.3068982855E+01
   165   -0.2141225198E+01
   166    0.1393664423E+01
   167    0.9345731593E+00
   168    0.2461495914E+01
   169   -0.5781541959E+01
   170    0.3568582052E+01
   171    0.4976302696E+00
   172    0.1521199291E+01
   173   -0.3021499625E+01
   174    0.9529928245E+00
   175    0.1042710792E+01
   176   -0.2161749004E+01
   177    0.1389244092E+01
   178    0.1083940309E+01
   179   -0.1044696917E+01
   180    0.1062712738E+01
   181   -0.3202560045E+01
   182    0.3836359983E+01
   183   -0.2984320689E+01
   184    0.2311975977E+01
   185   -0.4716741304E+01
   186    0.4716999156E+01
   187   -0.2256725367E+01
   188    0.1960822029E+01
   189   -0.4036824113E+01
   190    0.1597834937E+01
   191    0.8541793759E+00
   192   -0.1302853387E+01
   193   -0.1256264865E+01
   194    0.6188917140E+00
   195   -0.4511709707E+00
   196   -0.2007690330E+01
   197    0.4575937335E+01
   198   -0.3596981567E+01
   199   -0.1878969052E+01
   200    0.3364898244E+01
   201   -0.3072465128E+01
   202    0.1706756042E+01
   203    0.6470003837E+00
   204   -0.1032979341E+01
   205    0.1738103588E+01
   206    0.4053543250E+00
   207   -0.2789568243E+00
   208   -0.4975886072E+00
   209    0.2083616888E+01
   210   -0.8752180398E+00
   211   -0.1031582160E+00
   212    0.9200418413E+00
   213   -0.2381433302E+00
   214    0.4321927767E+00
   215    0.8495193430E-01
   216    0.2332308161E+00
   217   -0.4933168823E+00
   218    0.1369802711E-01
   219    0.1148898958E+01
   220   -0.1452155326E+01
   221    0.5687945574E+00
   222    0.2583325207E+00
   223    0.1013487059E+01
   224   -0.8343979475E+00
   225   -0.9719784557E-01
   226   -0.5736565866E+00
   227    0.3731938119E+00
   228   -0.7276519532E+00
   229    0.1230179449E+01
   230    0.7238211490E+00
   231   -0.1733307269E+01
   232   -0.2878086002E+01
   233    0.2644388256E+00
   234    0.2214098010E+01
   235    0.4069135844E+00
   236   -0.7268979454E+00
   237    0.9167677791E+00
   238   -0.2246353568E+01
   239   -0.7148722390E+00
   240    0.1844731566E+01
   241    0.1252041426E+01
   242   -0.1314995071E+01
   243   -0.1664155397E+00
   244    0.6576215156E+00
   245   -0.1540385650E+00
   246   -0.5187415882E+00
   247    0.2028085745E+00
   248    0.6208444982E+00
   249   -0.3878694726E+00
   250   -0.9001617837E+00
   251    0.3982536889E+00
   252    0.8629998435E+00
   253   -0.4666795722E+00
   254   -0.9027905339E+00
   255    0.4553010181E+00
   256    0.5925122042E+00
   257   -0.2668523404E+00
   258   -0.2728103702E+00
   259    0.8782243056E-01
   260    0.9740752159E-01
   261   -0.4946276952E-01
   262    0.1942413138E-02
   263    0.9505738115E-02
   264   -0.5929958172E-01
   265    0.2245566638E-01
   266    0.7167812199E-01
   267   -0.4643368130E-01
   268   -0.1306297133E+00
   269    0.1219443673E+00
   270    0.2356923705E+00
   271   -0.4383735278E+00
   272   -0.1160695591E+00
   273    0.4332338934E+00
   274   -0.2886730452E-01
   275   -0.1244574405E+00
   276    0.2388984856E-01
   277    0.2707261623E-01
   278   -0.2208828982E-01
   279    0.2189748853E-01
   280    0.3183990449E-01
   281   -0.2293568007E-01
   282   -0.1361820209E-01
   283    0.2518561149E-01
   284    0.1885243719E-01
   285   -0.8800773412E-02
   286   -0.9459960976E-02
   287    0.1850910849E-01
   288    0.1821516085E-01
   289   -0.7120963502E-01
   290    0.2994747536E-02
   291    0.6892501092E-01
   292    0.6625280992E-02
   293   -0.8656486276E-02
   294   -0.6642913607E-02
   295   -0.1055533528E-02
   296    0.3910141713E-02
   297    0.6537016784E-02
   298    0.7474121955E-02
   299    0.1230024731E-02
   300   -0.2742772761E-02
   301    0.1975140007E-02
   302    0.4789827302E-02
   303    0.1969873662E-02
   304    0.4653509750E-04
   305    0.3830402760E-02
   306    0.2016827364E-02
   307   -0.9617983614E-03
   308    0.1731833685E-02
   309    0.3315304790E-02
   310    0.1520248801E-02
   311    0.3459199436E-03
   312    0.1418258588E-02
   313    0.1263492004E-02
   314    0.9196719530E-03
   315    0.1029802500E-02
   316    0.1029139607E-02
   317    0.5950971299E-03
   318    0.2468932081E-03
   319    0.6090642858E-03
   320    0.1038474693E-02
   321    0.8494138864E-03
   322    0.2717654382E-03
   323    0.3493379464E-03
   324    0.4154813526E-03
   325    0.3728147162E-03
   326    0.5654981745E-03
   327    0.2909425247E-03
   328    0.5839585695E-04
   329    0.2502413642E-03
   330    0.3222547391E-03
   331    0.2440798579E-03
   332    0.1396101909E-03
   333    0.6027168231E-04
   334    0.2167140471E-03
   335    0.2095347065E-03
   336    0.7280970596E-04
   337    0.1167634883E-03
   338    0.1399215333E-03
   339    0.2784025648E-04
   340    0.4201005708E-04
   341    0.1203709693E-03
   342    0.4625300663E-04
   343    0.3045476128E-04
   344    0.5793826803E-04
   345    0.4071391745E-04
   346    0.3749758829E-04
   347    0.2858319144E-04
   348    0.2535152682E-04
   349    0.1877262055E-04
   350    0.1892447671E-04
   351    0.1875015029E-04
   352    0.1403815788E-04
   353    0.2023250312E-04
   354    0.1376905903E-04
   355    0.4847181063E-05
   356    0.8643107188E-05
   357    0.9000331005E-05
   358    0.2641001575E-05
   359    0.4528527328E-05
   360    0.6867700556E-05
   361    0.5770624776E-05
   362    0.3260161619E-05
   363    0.2137169715E-05
   364    0.2625504833E-05
   365    0.2026975223E-05
   366    0.1860775831E-05
   367    0.1756474464E-05
   368    0.1819554829E-05
   369    0.1037281956E-05
   370    0.7402631383E-06
   371    0.7456851371E-06
   372    0.7528690847E-06
   373    0.7237025976E-06
   374    0.3783229532E-06
   375    0.3122132486E-06
   376    0.3904426817E-06
   377    0.3793912098E-06
   378    0.2831894833E-06
   379    0.2342060368E-06
   380    0.1565795553E-06
   381    0.1060397281E-06
   382    0.1066298065E-06
   383    0.1116624317E-06
   384    0.1159863181E-06
   385    0.7559450158E-07
   386    0.4238523665E-07
   387    0.3648757430E-07
   388    0.3620428454E-07
   389    0.4213303093E-07
   390    0.3364241752E-07
   391    0.1960473855E-07
   392    0.1805986927E-07
   393    0.1591380572E-07
   394    0.9890138458E-08
   395    0.1074756298E-07
   396    0.9511455790E-08
   397    0.6558691062E-08
   398    0.5067369635E-08
   399    0.5173093565E-08
   400    0.2967747159E-08
   401    0.2210535061E-08
   402    0.3840521567E-08
   403    0.2845455316E-08
   404    0.9010436841E-09
   405    0.1107130748E-08
   406    0.1168247055E-08
   407    0.8246465732E-09
   408    0.7576999861E-09
   409    0.5127380187E-09
   410    0.4574944590E-09
   411    0.4091202932E-09
   412    0.2291351553E-09
   413    0.2861947346E-09
   414    0.2191478665E-09
   415    0.1124820237E-09
   416    0.1029873131E-09
   417    0.1149405016E-09
   418    0.8494227544E-10
   419    0.4681591226E-10
   420    0.4812178434E-10
   421    0.3867542397E-10
   422    0.3246269920E-10
   423    0.2869549043E-10
   424    0.1361932789E-10
   425    0.1382072234E-10
   426    0.1439834363E-10
   427    0.9019757163E-11
   428    0.7296135918E-11
   429    0.5778488799E-11
   430    0.4033329226E-11
   431    0.3816974514E-11
   432    0.2591954429E-11
   433    0.1809913330E-11
   434    0.1928568416E-11
   435    0.1571631714E-11
   436    0.9217071550E-12
   437    0.6232792060E-12
   438    0.5547229343E-12
   439    0.4886091531E-12
   440    0.4396483178E-12
   441    0.2931821452E-12
   442    0.1982858322E-12
   443    0.1660893645E-12
   444    0.1299516050E-12
   445    0.8890110870E-13
   446    0.7727152251E-13
   447    0.6017408793E-13
   448    0.5329070518E-13
   449    0.3708144902E-13
   450    0.1909583602E-13
   451    0.2065014826E-13
   452    0.1598721155E-13
   453    0.8965050924E-14
   454    0.1088018564E-13
   455    0.6078471060E-14
   456    0.4107825191E-14
   457    0.5107025913E-14
   458    0.1970645869E-14
   459    0.2470246230E-14
   460    0.2442490654E-14
   461    0.1415534356E-14
   462   -0.4440892099E-15
   463    0.1304512054E-14
   464   -0.7494005416E-15
   465   -0.1554312234E-14
   466    0.2220446049E-15
   467    0.1332267630E-14
   468   -0.6661338148E-15
   469    0.1110223025E-14
   470    0.0000000000E+00
   471    0.1110223025E-15
   472    0.0000000000E+00
   473    0.2220446049E-15
   474    0.2220446049E-15
   475    0.2220446049E-15
   476    0.0000000000E+00
   477    0.0000000000E+00
   478    0.3330669074E-15
   479    0.0000000000E+00
   480    0.1110223025E-15
   481    0.2220446049E-15
   482    0.2220446049E-15
   483    0.0000000000E+00
   484    0.2220446049E-15
   485    0.2220446049E-15
   486    0.0000000000E+00
   487    0.2220446049E-15
   488    0.2220446049E-15
   489    0.2220446049E-15
   490    0.0000000000E+00
   491    0.1110223025E-15
   492    0.2220446049E-15
   493   -0.4440892099E-15
   494    0.9992007222E-15
   495   -0.1110223025E-15
   496    0.0000000000E+00
   497    0.0000000000E+00
   498    0.6661338148E-15
   499    0.0000000000E+00
   500    0.3571428571E+01
   501    0.3571428571E+01
   502    0.0000000000E+00
