    -1    0.0000000000E+00
     0   -0.3038293440E+01
     1   -0.4016706929E+01
     2   -0.6354710299E+00
     3    0.2528204720E+01
     4   -0.2358295231E+01
     5    0.2606512255E+01
     6   -0.2888634335E+01
     7   -0.2257921065E-01
     8    0.2925276873E+01
     9   -0.1503349892E+01
    10    0.3763859916E+00
    11   -0.2622813200E+01
    12    0.1941685826E+01
    13    0.6791077825E+00
    14   -0.2135637416E+01
    15    0.4584985940E+01
    16   -0.7118238119E+01
    17    0.4023206194E+01
    18   -0.1860621048E+00
    19   -0.1470823624E+01
    20    0.2161049586E+01
    21   -0.1984201795E+01
    22   -0.7651244885E-01
    23    0.2710461110E+01
    24   -0.5528428705E+01
    25    0.5303374694E+01
    26   -0.3115422433E+01
    27    0.2582207363E+01
    28   -0.4153096266E+01
    29    0.4053791965E+01
    30    0.1383079409E-01
    31   -0.1919697994E+01
    32    0.1698616739E+00
    33    0.6822578076E+00
    34    0.7688961091E+00
    35   -0.2221328468E+01
    36    0.3780201276E+01
    37   -0.2462972383E+01
    38   -0.6471844536E+00
    39    0.1106067651E+01
    40    0.2964016326E+01
    41   -0.5316706143E+01
    42    0.4520892983E+01
    43   -0.3391772821E+01
    44    0.3664903771E+01
    45   -0.4275045490E+01
    46    0.2933225803E+01
    47    0.1121302689E+01
    48   -0.2887960109E+01
    49    0.9205643451E+00
    50    0.1936089788E+01
    51   -0.2487999044E+01
    52    0.8114834357E-01
    53    0.5204881554E+00
    54    0.9092542048E+00
    55   -0.1164729774E+01
    56   -0.4663220357E+00
    57    0.3829359473E+01
    58   -0.6914953320E+01
    59    0.3309270208E+01
    60    0.2208839919E+01
    61   -0.2129230948E+01
    62   -0.2108907944E+00
    63   -0.1066664426E+01
    64    0.2619481151E+00
    65    0.1833805690E+01
    66   -0.5187796765E+00
    67   -0.1168027611E+01
    68   -0.3632927224E+00
    69    0.1489862217E+01
    70   -0.1204305627E+01
    71    0.1496531055E+01
    72   -0.1982940046E+01
    73    0.9332109214E-01
    74    0.3653835433E+01
    75   -0.5655918378E+01
    76    0.3381634311E+01
    77    0.1138852205E+01
    78   -0.1928396138E+01
    79    0.2544776947E-01
    80    0.2323391277E+01
    81   -0.3075473566E+01
    82    0.1558623930E+01
    83    0.1527382865E+01
    84   -0.2476770915E+01
    85    0.1388335249E+01
    86    0.4908834456E+00
    87   -0.1678123543E+00
    88   -0.1911705481E+01
    89    0.3009804660E+01
    90   -0.1586603360E+01
    91    0.8255939741E-01
    92   -0.6332143001E-01
    93    0.9548957723E+00
    94   -0.5787109044E+00
    95   -0.1321440367E+01
    96    0.2566585729E+01
    97   -0.1813383250E+01
    98   -0.4567703934E+00
    99    0.1279069969E+01
   100   -0.6939534596E-01
   101   -0.1655125188E+01
   102    0.1478541731E+01
   103    0.2237639084E+00
   104   -0.2126821350E+01
   105    0.1700458849E+01
   106    0.2352149662E+00
   107   -0.2257869704E+01
   108    0.1708721895E+01
   109    0.5122279099E+00
   110   -0.2490973056E+01
   111    0.1719352012E+01
   112    0.2843796235E+00
   113   -0.1940422036E+01
   114    0.1897055005E+01
   115   -0.5265988355E+00
   116   -0.1126056942E+01
   117    0.1752374104E+01
   118   -0.8208660874E+00
   119   -0.9027164919E+00
   120    0.2047303853E+01
   121   -0.9679296477E+00
   122   -0.8719345903E+00
   123    0.2093420692E+01
   124   -0.9233344183E+00
   125   -0.1058084912E+01
   126    0.2228256250E+01
   127   -0.8326547500E+00
   128   -0.1207016796E+01
   129    0.2240253247E+01
   130   -0.1131075047E+01
   131   -0.5507168458E-01
   132    0.4211132871E+00
   133    0.2136984059E+00
   134   -0.3326373692E+00
   135    0.2486748368E-01
   136    0.3932527610E+00
   137    0.1735172219E+00
   138   -0.1380886716E+01
   139    0.1540906780E+01
   140   -0.4513000407E+00
   141   -0.4023136736E+00
   142   -0.3943951428E-01
   143    0.7922209294E+00
   144   -0.8858323626E+00
   145   -0.1610787482E+00
   146    0.8319264762E+00
   147   -0.8381549231E+00
   148   -0.2695902684E+00
   149    0.7931354261E+00
   150   -0.7829421738E+00
   151   -0.9632422730E-01
   152    0.4490823167E+00
   153   -0.5903720904E+00
   154    0.1294445945E+00
   155    0.6216665324E-01
   156   -0.2553487969E+00
   157   -0.2692679161E+00
   158    0.3991991426E+00
   159   -0.1934896459E+00
   160   -0.2614115479E+00
   161    0.4881869992E+00
   162   -0.1081347130E+00
   163   -0.3861069189E+00
   164    0.4845678990E+00
   165   -0.8011580501E-01
   166    0.4765509136E-01
   167    0.3462013219E+00
   168   -0.1849377164E+00
   169   -0.5515367321E-01
   170    0.4398766080E+00
   171   -0.8226351556E-01
   172   -0.2918716531E-01
   173    0.3318414231E+00
   174    0.8671554349E-01
   175   -0.2578774478E+00
   176    0.2004980766E+00
   177    0.2623593234E+00
   178   -0.2451223044E+00
   179   -0.2972916586E-01
   180    0.3757834295E+00
   181   -0.2303608745E+00
   182   -0.1320352389E+00
   183    0.2270067524E+00
   184    0.1496458837E+00
   185   -0.4599026413E+00
   186    0.1170025692E+00
   187    0.1807305656E+00
   188   -0.4784895141E+00
   189    0.4427961179E-01
   190    0.7464364839E-01
   191   -0.1785757643E+00
   192   -0.1919229211E+00
   193   -0.4412443003E-01
   194    0.8473668443E-01
   195   -0.4559247629E+00
   196    0.3647509774E-01
   197    0.5388062232E-01
   198   -0.1383536086E+00
   199    0.1050479127E+00
   200    0.4783955964E-01
   201   -0.3476601826E+00
   202    0.9306913572E-01
   203    0.3123826092E+00
   204   -0.1775239308E+00
   205    0.9187039087E-01
   206   -0.1139223251E-02
   207    0.2537242755E-01
   208    0.3383416370E+00
   209    0.2798259276E+00
   210   -0.1303232806E+00
   211   -0.5724353248E-01
   212    0.2870092277E+00
   213    0.3675605342E-01
   214   -0.6863870889E-01
   215    0.1916467377E+00
   216    0.6744566717E-01
   217   -0.1640515965E+00
   218    0.1353883123E+00
   219    0.1168665271E+00
   220    0.8931359536E-01
   221    0.3594100442E-01
   222   -0.2796366133E-01
   223   -0.1165865266E+00
   224   -0.1938047721E-01
   225   -0.3416102907E-01
   226    0.1522810498E+00
   227   -0.3389220441E+00
   228   -0.6216805455E-01
   229    0.2561490881E+00
   230    0.3821434716E-01
   231   -0.1026040956E+00
   232   -0.3655966450E-02
   233   -0.3136436711E+00
   234   -0.6333007246E+00
   235    0.2078804366E+00
   236    0.1339977132E+01
   237   -0.1619910812E+00
   238   -0.7110027482E+00
   239   -0.4199848325E+00
   240   -0.5797285402E+00
   241    0.1541542082E+01
   242    0.5849788942E+00
   243   -0.1045969051E+01
   244   -0.2057442325E+00
   245    0.1505065747E+00
   246   -0.3443945920E+00
   247    0.5060222547E+00
   248    0.5363250823E+00
   249   -0.7229781004E+00
   250   -0.1975176883E+00
   251    0.2241978828E+00
   252   -0.3630327391E-01
   253   -0.1100775414E+00
   254    0.5198548894E-01
   255    0.1611846970E-01
   256   -0.6444343053E-01
   257   -0.7767983652E-02
   258    0.3036998495E-02
   259    0.3943810626E-01
   260   -0.2708699840E-01
   261   -0.1330078497E+00
   262   -0.3022424569E-02
   263    0.1236138831E+00
   264   -0.1929727454E-01
   265   -0.2350972006E+00
   266    0.1173369726E+00
   267    0.1303551228E+00
   268   -0.6356683473E-01
   269   -0.5282472356E-01
   270   -0.2063535486E-02
   271    0.1219473498E-01
   272   -0.1071971301E-03
   273   -0.1124639405E-01
   274   -0.6177693285E-02
   275   -0.4151584357E-02
   276   -0.3240059104E-02
   277    0.1360743627E-02
   278   -0.7894272322E-02
   279   -0.1160960645E-01
   280    0.3579265031E-01
   281    0.4131991636E-01
   282   -0.1354719834E+00
   283   -0.2665704063E-01
   284    0.1483956248E+00
   285   -0.9267592272E-02
   286   -0.3745185473E-01
   287    0.7082502133E-02
   288    0.9044917094E-02
   289   -0.6526953959E-02
   290    0.9716925992E-02
   291    0.1659469840E-01
   292   -0.7657875100E-02
   293   -0.3825398906E-02
   294    0.1541513007E-01
   295    0.7659622165E-02
   296   -0.2459256560E-02
   297    0.8988035091E-03
   298    0.8978549302E-02
   299    0.7689010753E-02
   300   -0.1438849866E-01
   301   -0.2361155254E-01
   302    0.3762377225E-01
   303    0.1220898904E-01
   304    0.1896066115E-02
   305   -0.2690356079E-02
   306   -0.7386739911E-03
   307    0.3519581564E-02
   308    0.3712150810E-02
   309    0.5847806489E-02
   310    0.3310634615E-02
   311   -0.1921566352E-03
   312    0.8551592852E-03
   313    0.3718065558E-02
   314    0.2893693696E-02
   315    0.7042313379E-03
   316    0.2367191553E-02
   317    0.2708179113E-02
   318    0.5502622853E-03
   319    0.7654983404E-03
   320    0.2669310284E-02
   321    0.1970647946E-02
   322    0.6174274092E-03
   323    0.1198574287E-02
   324    0.1428941478E-02
   325    0.9015141288E-03
   326    0.9797541669E-03
   327    0.1078742870E-02
   328    0.6982415691E-03
   329    0.5231566260E-03
   330    0.6150365322E-03
   331    0.7113910798E-03
   332    0.8650506119E-03
   333    0.5035655727E-03
   334    0.3047917098E-03
   335    0.4695785790E-03
   336    0.3677166718E-03
   337    0.4518735759E-03
   338    0.3915185627E-03
   339    0.1682193450E-03
   340    0.2091690481E-03
   341    0.2989482848E-03
   342    0.2418458679E-03
   343    0.1893658538E-03
   344    0.1096520878E-03
   345    0.1539840109E-03
   346    0.2023741091E-03
   347    0.1121259657E-03
   348    0.9717971798E-04
   349    0.1299687842E-03
   350    0.7346939038E-04
   351    0.4055707053E-04
   352    0.9250644735E-04
   353    0.6993161141E-04
   354    0.3529797351E-04
   355    0.5163042334E-04
   356    0.4379015590E-04
   357    0.3754047160E-04
   358    0.3179333071E-04
   359    0.2639139516E-04
   360    0.2230449319E-04
   361    0.1962001746E-04
   362    0.1899834471E-04
   363    0.1545555061E-04
   364    0.1617792858E-04
   365    0.1530338253E-04
   366    0.8484131149E-05
   367    0.7157564146E-05
   368    0.9644923332E-05
   369    0.5140877444E-05
   370    0.4244289113E-05
   371    0.6093065863E-05
   372    0.5371024391E-05
   373    0.3996192817E-05
   374    0.2541743099E-05
   375    0.2695131659E-05
   376    0.2244090564E-05
   377    0.1910424945E-05
   378    0.1739479264E-05
   379    0.1669283043E-05
   380    0.1313075076E-05
   381    0.8421918998E-06
   382    0.8200046568E-06
   383    0.7427672295E-06
   384    0.6970500004E-06
   385    0.5280760844E-06
   386    0.3497607730E-06
   387    0.3585466759E-06
   388    0.3819122022E-06
   389    0.2877057581E-06
   390    0.2337738845E-06
   391    0.1921809261E-06
   392    0.1288656344E-06
   393    0.1149182588E-06
   394    0.1100538270E-06
   395    0.1065096340E-06
   396    0.8321062617E-07
   397    0.5744218656E-07
   398    0.4234318185E-07
   399    0.3814871108E-07
   400    0.3905063098E-07
   401    0.3435608592E-07
   402    0.2361508816E-07
   403    0.1869102295E-07
   404    0.1710073452E-07
   405    0.1207483269E-07
   406    0.1064956745E-07
   407    0.9907789256E-08
   408    0.7280583719E-08
   409    0.5772647138E-08
   410    0.5076208565E-08
   411    0.3897827755E-08
   412    0.2643500974E-08
   413    0.2997908893E-08
   414    0.3000057064E-08
   415    0.1528928317E-08
   416    0.1117244963E-08
   417    0.1225731378E-08
   418    0.9008455093E-09
   419    0.7830829318E-09
   420    0.5993081587E-09
   421    0.4602038195E-09
   422    0.4384650421E-09
   423    0.2813345112E-09
   424    0.2588785020E-09
   425    0.2374703489E-09
   426    0.1482399759E-09
   427    0.1095528668E-09
   428    0.1118991566E-09
   429    0.9057118944E-10
   430    0.6042802370E-10
   431    0.4891576033E-10
   432    0.4168554391E-10
   433    0.3340225319E-10
   434    0.2895927942E-10
   435    0.1915401171E-10
   436    0.1393374305E-10
   437    0.1415931261E-10
   438    0.1042455011E-10
   439    0.7723488515E-11
   440    0.6288469745E-11
   441    0.4613864846E-11
   442    0.3909483848E-11
   443    0.3006483951E-11
   444    0.2079003636E-11
   445    0.1882938250E-11
   446    0.1612404654E-11
   447    0.1094957458E-11
   448    0.7745748487E-12
   449    0.5975220319E-12
   450    0.5157818617E-12
   451    0.4407585408E-12
   452    0.3275990590E-12
   453    0.2270128530E-12
   454    0.1797451077E-12
   455    0.1412203687E-12
   456    0.1046940312E-12
   457    0.8404388296E-13
   458    0.6536438057E-13
   459    0.5284661597E-13
   460    0.4241051954E-13
   461    0.2570166302E-13
   462    0.2153832668E-13
   463    0.1901256930E-13
   464    0.1154631946E-13
   465    0.9603429163E-14
   466    0.7993605777E-14
   467    0.5717648577E-14
   468    0.5551115123E-14
   469    0.3330669074E-14
   470    0.1887379142E-14
   471    0.1110223025E-14
   472    0.1693090113E-14
   473    0.1665334537E-14
   474    0.1082467449E-14
   475    0.6661338148E-15
   476   -0.1665334537E-15
   477    0.1776356839E-14
   478    0.6661338148E-15
   479    0.2220446049E-15
   480    0.2220446049E-15
   481    0.2220446049E-15
   482    0.0000000000E+00
   483    0.0000000000E+00
   484    0.4440892099E-15
   485    0.0000000000E+00
   486    0.0000000000E+00
   487    0.2220446049E-15
   488    0.0000000000E+00
   489   -0.8881784197E-15
   490    0.0000000000E+00
   491    0.2220446049E-15
   492    0.0000000000E+00
   493   -0.7771561172E-15
   494    0.0000000000E+00
   495   -0.2220446049E-15
   496    0.0000000000E+00
   497    0.3330669074E-15
   498    0.0000000000E+00
   499    0.2220446049E-15
   500    0.3571428571E+01
   501    0.3571428571E+01
   502    0.0000000000E+00
