    -1    0.0000000000E+00
     0   -0.1981671349E+01
     1   -0.4444951644E+01
     2    0.7000192352E+00
     3    0.4032297464E+00
     4   -0.1811712162E+01
     5    0.2406189487E+01
     6    0.1420959021E+01
     7   -0.2051363529E+01
     8    0.1883203125E+01
     9   -0.2208535517E+01
    10   -0.1270006264E+01
    11    0.2814361769E+01
    12   -0.2127480545E+01
    13    0.2065338207E+00
    14   -0.2376456722E+01
    15    0.4147084120E+00
    16    0.2985845996E+01
    17    0.2665227450E+01
    18   -0.8129798960E+01
    19    0.4123472734E+01
    20   -0.4273076352E+01
    21    0.4720074049E+01
    22    0.1309809296E+01
    23   -0.9201253310E+00
    24   -0.5889876510E+01
    25   -0.2697873366E+01
    26    0.4130499279E+01
    27    0.8010739871E+01
    28   -0.2796527132E+01
    29   -0.1874397284E+01
    30   -0.1353180016E+01
    31    0.4009865885E+01
    32   -0.7389861153E+01
    33    0.5952776802E+01
    34    0.3026117328E+01
    35   -0.9580425645E+01
    36    0.5236137702E+01
    37    0.3123611630E+01
    38   -0.2289304824E+01
    39    0.8793180161E+00
    40   -0.7585389023E+00
    41   -0.2643600378E+01
    42    0.1478426640E+00
    43    0.5218835536E+01
    44   -0.2543437798E+01
    45    0.3467287506E+01
    46   -0.5074808217E+00
    47   -0.3652211499E+01
    48   -0.8331159844E+00
    49    0.1461978726E+01
    50    0.3513812962E+01
    51   -0.2936340637E+01
    52    0.1385569582E+00
    53   -0.4988907072E+00
    54    0.1501944881E+01
    55   -0.4439337444E+01
    56    0.4794265805E+01
    57   -0.7231434027E+00
    58   -0.1521409147E+00
    59    0.3425672591E+01
    60   -0.2745514578E+01
    61   -0.6362649174E+01
    62    0.2480258309E+01
    63    0.1215233762E+01
    64    0.1250429838E+00
    65    0.1961345105E+01
    66   -0.3931830608E+00
    67   -0.4949657869E+01
    68    0.2552153132E+01
    69   -0.2413914844E+01
    70    0.4383908525E-01
    71    0.1118649271E+01
    72    0.5361918761E-01
    73   -0.5656071080E+01
    74    0.8181226812E+01
    75   -0.3356497191E+01
    76    0.1818863631E+01
    77    0.1101574220E+01
    78   -0.1552091059E+01
    79    0.1404815651E+01
    80   -0.1109262546E+01
    81    0.3275834836E+01
    82   -0.2259793679E+01
    83    0.2048872707E+01
    84   -0.7270042773E+00
    85    0.9623811221E+00
    86   -0.1065237757E+01
    87    0.3733051266E+01
    88   -0.2950494961E+01
    89   -0.9439101431E+00
    90    0.2355504198E+01
    91    0.4762870057E+00
    92    0.2004722472E+00
    93   -0.2430719545E+01
    94    0.2393764768E+01
    95   -0.2013701567E+00
    96   -0.2021970594E+01
    97    0.2259586563E+01
    98   -0.8975811812E+00
    99   -0.1398168802E+01
   100    0.4734681148E+01
   101   -0.4398759511E+01
   102    0.9058468073E+00
   103   -0.1109310083E+01
   104    0.2067450997E+01
   105   -0.2842664098E+01
   106    0.3276117683E+01
   107   -0.1278236827E+01
   108   -0.1581654526E+01
   109    0.2011060734E+01
   110   -0.9597036943E+00
   111   -0.1155617159E+01
   112    0.6136675814E-01
   113   -0.6358717806E+00
   114    0.5231560797E+00
   115   -0.1945426016E+01
   116    0.2268498956E+01
   117   -0.2241665150E+01
   118   -0.4263929983E+01
   119    0.1998630071E+01
   120    0.1259098634E+01
   121   -0.1354247725E+02
   122    0.1144986207E+02
   123   -0.4795602601E+01
   124    0.3907177272E+01
   125    0.4443565210E+00
   126   -0.2128954545E+01
   127    0.3341078342E+01
   128    0.4211757808E+01
   129   -0.3357208725E+01
   130    0.1781102310E+01
   131    0.1713819184E+01
   132   -0.9230380047E+00
   133    0.2649146606E+01
   134   -0.3979904606E+01
   135    0.5134677734E+01
   136   -0.1213211210E+01
   137   -0.1632973501E+00
   138    0.4713986136E-01
   139   -0.1298074820E+01
   140    0.2956775460E+01
   141   -0.9238766545E+00
   142   -0.7297318203E+00
   143    0.1274505185E+01
   144   -0.1070248306E+01
   145    0.1027678599E-01
   146    0.5588129833E+00
   147    0.9676825009E+00
   148   -0.2981112137E+00
   149   -0.9295190345E+00
   150   -0.2102443334E+01
   151    0.3129795779E+01
   152    0.5334769482E+00
   153   -0.1016596315E+01
   154   -0.6457575857E+00
   155   -0.4380863694E+00
   156    0.2181700681E+01
   157   -0.5232808601E+00
   158   -0.1947781521E+01
   159    0.1724844856E+01
   160   -0.1266828912E+01
   161    0.2210398522E+01
   162   -0.5366284691E+00
   163   -0.2781759383E+01
   164    0.1197792867E+01
   165    0.8593573356E+00
   166    0.3517380782E+00
   167   -0.4324972306E+00
   168   -0.2184001971E+01
   169    0.1907988793E+01
   170   -0.2070156720E+01
   171    0.3001513114E+01
   172   -0.2125179386E+01
   173   -0.8203380058E+00
   174   -0.3063567683E+01
   175    0.4852479142E+01
   176   -0.1923098192E+01
   177   -0.2189257930E+01
   178    0.8392661451E+00
   179   -0.3313850786E+01
   180    0.3322451876E+01
   181   -0.9617725795E+00
   182   -0.5227079259E+01
   183   -0.4018123394E+01
   184    0.1331483964E+01
   185   -0.1630738106E+01
   186   -0.3489202965E+00
   187    0.4485029928E+01
   188    0.4032156721E+01
   189   -0.1523180972E+01
   190    0.4305454426E+01
   191   -0.2501583352E+01
   192    0.6397945618E+00
   193    0.2678353529E+01
   194   -0.9674563439E+00
   195    0.4492660920E+00
   196   -0.1146034605E+01
   197    0.1699901882E+01
   198   -0.5961987493E-01
   199    0.7966855327E+00
   200   -0.2209855798E+00
   201    0.2717992088E+00
   202   -0.5564420530E-02
   203    0.8768488995E+00
   204   -0.3164663983E+00
   205   -0.7604041413E+00
   206    0.1178896502E+01
   207   -0.5355499463E+00
   208   -0.2381735985E+00
   209    0.9023405063E+00
   210   -0.1401055430E+01
   211    0.1316009646E+01
   212    0.1711625474E+00
   213   -0.1873035265E+01
   214    0.1725334529E+01
   215   -0.4686678444E+00
   216   -0.4190886238E+00
   217    0.4754923460E+00
   218   -0.1085129099E+01
   219   -0.5817303267E+00
   220    0.1229986052E+01
   221   -0.6331212990E+00
   222   -0.7158796903E+00
   223   -0.6544273302E+00
   224   -0.1124700940E+01
   225   -0.3654756658E+01
   226    0.1747732610E+01
   227   -0.1553321072E+01
   228   -0.1529224913E+01
   229    0.4045011518E+00
   230    0.1690222549E+01
   231    0.2572374150E+01
   232    0.5648839291E+00
   233   -0.1098378499E+00
   234   -0.1029910228E+01
   235   -0.3854245072E+00
   236    0.1450656250E+01
   237    0.1564807759E+01
   238   -0.1159239170E+01
   239   -0.1276390098E+01
   240    0.2221262110E+00
   241    0.1133472929E+01
   242    0.2579037662E+00
   243   -0.1785470221E+01
   244   -0.4859749040E+00
   245    0.9874947356E+00
   246    0.8577709042E+00
   247   -0.4307075506E+00
   248   -0.3719133791E+00
   249    0.3504417528E+00
   250   -0.7153212220E-01
   251   -0.3872272276E+00
   252    0.3852117993E+00
   253    0.5516838268E+00
   254   -0.2078880334E+00
   255   -0.4795434414E+00
   256    0.9201169765E-01
   257    0.2086375299E+00
   258   -0.4422890916E+00
   259   -0.4357198658E+00
   260    0.9521638627E-01
   261    0.2657598820E+00
   262    0.1312779458E+00
   263    0.1300032064E+00
   264   -0.6586659978E-01
   265   -0.1066660704E-01
   266    0.1203513192E+00
   267   -0.2411833828E-01
   268   -0.1074996400E+00
   269    0.2871454561E-01
   270    0.1032200099E+00
   271   -0.1518243765E-01
   272   -0.7681227971E-01
   273    0.3571866977E-01
   274    0.8439280639E-01
   275   -0.1536477927E+00
   276   -0.2452680759E-01
   277    0.1385054413E+00
   278    0.8219097669E-02
   279   -0.2362239923E-01
   280   -0.1291710383E-01
   281   -0.7977614781E-03
   282    0.6223418380E-02
   283    0.1098078624E-01
   284    0.8037268593E-02
   285   -0.1329321644E-02
   286   -0.5361087983E-02
   287    0.2642027354E-02
   288    0.6459119404E-02
   289    0.9354712690E-03
   290   -0.2741968141E-03
   291    0.4896679791E-02
   292    0.1314918048E-02
   293   -0.2661035818E-02
   294    0.2828319586E-02
   295    0.4579142666E-02
   296    0.6264187183E-03
   297   -0.1762715885E-03
   298    0.2035956636E-02
   299    0.1088784185E-02
   300    0.5610966432E-03
   301    0.1460211078E-02
   302    0.9889501764E-03
   303    0.1003441706E-03
   304    0.1445546485E-03
   305    0.7240598651E-03
   306    0.1408305677E-02
   307    0.7630666212E-03
   308   -0.4936143702E-04
   309    0.4859435092E-03
   310    0.3139055125E-03
   311    0.4422239773E-03
   312    0.6971989127E-03
   313    0.8349943142E-04
   314   -0.3606950348E-04
   315    0.3629247139E-03
   316    0.3206580618E-03
   317    0.2351269792E-03
   318    0.6234123598E-04
   319    0.4153997656E-04
   320    0.3091807473E-03
   321    0.1812965254E-03
   322    0.4502261061E-04
   323    0.1539063002E-03
   324    0.1211562366E-03
   325   -0.2018486952E-04
   326    0.7615297730E-04
   327    0.1295672911E-03
   328    0.1580503648E-04
   329    0.3883979018E-04
   330    0.5728077219E-04
   331    0.4216646725E-04
   332    0.3665157053E-04
   333    0.2382381056E-04
   334    0.2412646348E-04
   335    0.1683126572E-04
   336    0.1749556520E-04
   337    0.1757382816E-04
   338    0.1636229813E-04
   339    0.2382166079E-04
   340    0.1023857606E-04
   341    0.1274168013E-05
   342    0.1186338451E-04
   343    0.6747334160E-05
   344   -0.1885233886E-06
   345    0.6032124954E-05
   346    0.7826617791E-05
   347    0.6116025862E-05
   348    0.2012126026E-05
   349    0.1971042901E-05
   350    0.2611738754E-05
   351    0.1775710395E-05
   352    0.1832221483E-05
   353    0.2028616598E-05
   354    0.1842001624E-05
   355    0.6449489877E-06
   356    0.7012764679E-06
   357    0.7203470462E-06
   358    0.7811083418E-06
   359    0.6934139720E-06
   360    0.2345425762E-06
   361    0.2926703233E-06
   362    0.4573702631E-06
   363    0.3760588087E-06
   364    0.2697159416E-06
   365    0.2333271987E-06
   366    0.1250139112E-06
   367    0.7077448916E-07
   368    0.1029734056E-06
   369    0.1391533839E-06
   370    0.1119496844E-06
   371    0.6188234164E-07
   372    0.3140365612E-07
   373    0.2784587116E-07
   374    0.3927093448E-07
   375    0.4807719445E-07
   376    0.2947560665E-07
   377    0.1540937955E-07
   378    0.1966118779E-07
   379    0.1336726974E-07
   380    0.7802634011E-08
   381    0.1171948605E-07
   382    0.8857542477E-08
   383    0.5677031956E-08
   384    0.4869739834E-08
   385    0.4845190832E-08
   386    0.1823524443E-08
   387    0.2561648005E-08
   388    0.4833671907E-08
   389    0.2161808843E-08
   390    0.3639775148E-09
   391    0.1245111125E-08
   392    0.1036792457E-08
   393    0.8187410749E-09
   394    0.7190408269E-09
   395    0.4125694786E-09
   396    0.5051509488E-09
   397    0.3336184662E-09
   398    0.2180189362E-09
   399    0.3187754505E-09
   400    0.1828108775E-09
   401    0.8064038326E-10
   402    0.1059780874E-09
   403    0.1208142475E-09
   404    0.7267053626E-10
   405    0.3685096672E-10
   406    0.4780487117E-10
   407    0.3693445549E-10
   408    0.3431258055E-10
   409    0.2483058203E-10
   410    0.8961359432E-11
   411    0.1553845941E-10
   412    0.1391278759E-10
   413    0.7919331857E-11
   414    0.7106537581E-11
   415    0.4879430193E-11
   416    0.3910649582E-11
   417    0.3744365928E-11
   418    0.1941835581E-11
   419    0.1784905557E-11
   420    0.2104982855E-11
   421    0.1422556517E-11
   422    0.7329692409E-12
   423    0.4879152637E-12
   424    0.5380140777E-12
   425    0.4900524431E-12
   426    0.4365396933E-12
   427    0.2518818487E-12
   428    0.1760813717E-12
   429    0.1583455589E-12
   430    0.1146860384E-12
   431    0.7860379014E-13
   432    0.7346900865E-13
   433    0.6106226635E-13
   434    0.5390132785E-13
   435    0.2930988785E-13
   436    0.1532107774E-13
   437    0.2220446049E-13
   438    0.1440514374E-13
   439    0.8076872504E-14
   440    0.9325873407E-14
   441    0.5995204333E-14
   442    0.5578870699E-14
   443    0.4218847494E-14
   444    0.3136380045E-14
   445    0.1776356839E-14
   446    0.1332267630E-14
   447    0.8881784197E-15
   448    0.1387778781E-14
   449    0.0000000000E+00
   450    0.3885780586E-15
   451    0.8881784197E-15
   452    0.0000000000E+00
   453    0.8881784197E-15
   454   -0.6661338148E-15
   455    0.4440892099E-15
   456    0.2220446049E-15
   457    0.0000000000E+00
   458    0.2220446049E-15
   459    0.0000000000E+00
   460    0.0000000000E+00
   461    0.0000000000E+00
   462    0.2220446049E-15
   463    0.2220446049E-15
   464    0.2220446049E-15
   465    0.1110223025E-15
   466   -0.8881784197E-15
   467    0.1110223025E-15
   468    0.2220446049E-15
   469    0.0000000000E+00
   470   -0.6661338148E-15
   471    0.0000000000E+00
   472   -0.6661338148E-15
   473    0.0000000000E+00
   474    0.2220446049E-15
   475    0.0000000000E+00
   476   -0.8881784197E-15
   477    0.2220446049E-15
   478    0.1110223025E-15
   479   -0.8881784197E-15
   480    0.2220446049E-15
   481    0.0000000000E+00
   482    0.2220446049E-15
   483    0.2220446049E-15
   484    0.3330669074E-15
   485    0.2220446049E-15
   486    0.2220446049E-15
   487    0.0000000000E+00
   488   -0.8881784197E-15
   489    0.2220446049E-15
   490    0.0000000000E+00
   491   -0.8881784197E-15
   492    0.2220446049E-15
   493    0.0000000000E+00
   494    0.2220446049E-15
   495    0.2220446049E-15
   496    0.0000000000E+00
   497   -0.2220446049E-15
   498    0.2220446049E-15
   499    0.6661338148E-15
   500    0.3571428571E+01
   501    0.3571428571E+01
   502    0.0000000000E+00
