    -1   -0.4540550477E+01
     0   -0.2753620584E+01
     1    0.1031374367E+00
     2    0.1945641466E-01
     3   -0.4136360497E-01
     4    0.8555026778E-01
     5    0.1870693932E-01
     6   -0.1150071048E-01
     7    0.5443552196E-01
     8    0.1600042253E-01
     9    0.1872937385E-01
    10    0.1328099694E-01
    11    0.1209551646E-01
    12    0.4481967882E-01
    13   -0.3100016895E-01
    14    0.6075771752E-02
    15    0.6541972406E-01
    16   -0.7325456635E-01
    17   -0.1079603696E-02
    18    0.7930845986E-01
    19   -0.1080828341E+00
    20   -0.7883586519E-02
    21    0.8547021711E-01
    22   -0.1310023273E+00
    23   -0.1173651668E-01
    24    0.8095961708E-01
    25   -0.1365431630E+00
    26   -0.9063591290E-02
    27    0.6099621357E-01
    28   -0.1123288362E+00
    29   -0.2488383384E-01
    30    0.5974265185E-01
    31   -0.9911499293E-01
    32   -0.1507735305E-01
    33    0.4373400067E-01
    34   -0.6835661986E-01
    35   -0.1281490109E-01
    36    0.3711787901E-01
    37   -0.4059521763E-01
    38   -0.7948922821E-02
    39    0.3822324834E-01
    40   -0.1988436666E-01
    41   -0.2802762914E-02
    42    0.4801542037E-01
    43   -0.9506487479E-02
    44    0.1776617509E-02
    45    0.6436962843E-01
    46   -0.1142658407E-01
    47    0.7608217967E-02
    48    0.8064116077E-01
    49   -0.2321254804E-01
    50    0.1457755832E-01
    51    0.9129896156E-01
    52   -0.4151459898E-01
    53    0.2167015863E-01
    54    0.9370556700E-01
    55   -0.6315129948E-01
    56    0.2739810399E-01
    57    0.8759978332E-01
    58   -0.8368363760E-01
    59    0.2882074627E-01
    60    0.7633520896E-01
    61   -0.1008779164E+00
    62    0.2663409887E-01
    63    0.6100810573E-01
    64   -0.1114830506E+00
    65    0.2188804023E-01
    66    0.4407919515E-01
    67   -0.1140502084E+00
    68   -0.4163912205E-02
    69    0.8898203571E-01
    70   -0.2010433921E+00
    71    0.8255121667E-01
    72    0.5283160246E-01
    73   -0.2117181836E+00
    74    0.8933252753E-01
    75   -0.5287904182E-02
    76   -0.9747675353E-01
    77    0.2410141998E-01
    78   -0.9060208539E-02
    79   -0.3941365494E-01
    80    0.1108540681E-01
    81   -0.1872129109E-01
    82   -0.5010499332E-02
    83    0.1493668237E-01
    84   -0.2880922266E-01
    85    0.3142696282E-01
    86    0.1943116046E-01
    87   -0.3978197596E-01
    88    0.6537766885E-01
    89    0.2514754796E-01
    90   -0.5230672642E-01
    91    0.9251382666E-01
    92    0.3200521344E-01
    93   -0.6639792974E-01
    94    0.1095273519E+00
    95    0.3913336693E-01
    96   -0.8162065764E-01
    97    0.1149936119E+00
    98    0.4565479489E-01
    99   -0.9830577995E-01
   100    0.1104413505E+00
   101    0.5099231683E-01
   102   -0.1172243160E+00
   103    0.9946402850E-01
   104    0.5527973641E-01
   105   -0.1389307274E+00
   106    0.8725430889E-01
   107    0.5746346273E-01
   108   -0.1618154723E+00
   109    0.7976275216E-01
   110    0.5297367184E-01
   111   -0.1790339474E+00
   112    0.7909810979E-01
   113   -0.2208805013E-01
   114   -0.5404589361E-01
   115    0.4768577650E-01
   116   -0.1252950752E+00
   117    0.2784820216E-01
   118    0.3791245259E-01
   119   -0.1504700014E+00
   120    0.3108415445E-01
   121    0.6610908856E-02
   122   -0.2566884448E-01
   123   -0.1180207254E+00
   124    0.1388034850E+00
   125   -0.7497142822E-01
   126   -0.9153990826E-01
   127    0.1607474384E+00
   128   -0.1043556569E+00
   129   -0.5357424386E-01
   130    0.1786171236E+00
   131   -0.1254617506E+00
   132   -0.1992757664E-01
   133    0.1891585663E+00
   134   -0.1358784518E+00
   135    0.7353480000E-02
   136    0.1864921050E+00
   137   -0.1326583534E+00
   138    0.2673897016E-01
   139    0.1665708843E+00
   140   -0.1156939482E+00
   141    0.3919031032E-01
   142    0.1265553269E+00
   143   -0.8539265201E-01
   144    0.4380215692E-01
   145    0.7097005106E-01
   146   -0.4667128870E-01
   147    0.4138992988E-01
   148    0.7601602540E-02
   149   -0.6965035349E-02
   150    0.3504718564E-01
   151   -0.5422191522E-01
   152    0.2652598528E-01
   153    0.2912423658E-01
   154   -0.1093804541E+00
   155    0.5138220768E-01
   156    0.2408612919E-01
   157   -0.1441940374E+00
   158    0.5756096805E-01
   159   -0.1999366686E-01
   160   -0.5288234538E-01
   161   -0.6973358829E-02
   162   -0.1751847628E-01
   163   -0.6364977615E-01
   164   -0.3646479048E-01
   165    0.8614854302E-01
   166   -0.2088122187E+00
   167    0.9578088483E-01
   168    0.5357807909E-01
   169   -0.2039469210E+00
   170    0.1008027961E+00
   171    0.6065259372E-01
   172   -0.1880109154E+00
   173    0.1093054241E+00
   174    0.6318013824E-01
   175   -0.1697911107E+00
   176    0.8148214065E-01
   177    0.1052592787E+00
   178   -0.1640237726E+00
   179    0.1280559130E+00
   180    0.9964010459E-01
   181   -0.1642289627E+00
   182    0.1328670672E+00
   183    0.7425396937E-01
   184   -0.1187443179E+00
   185    0.9397144151E-01
   186    0.6584308981E-01
   187   -0.5144842754E-01
   188    0.3964077479E-01
   189    0.5219799221E-01
   190   -0.4299669741E-01
   191    0.3004982237E-01
   192    0.5077935105E-01
   193   -0.8110678467E-01
   194    0.5588251667E-01
   195    0.8305467884E-02
   196   -0.5131527444E-01
   197    0.3622857663E-01
   198   -0.7769474463E-02
   199   -0.4364678287E-01
   200   -0.1556045548E-02
   201   -0.3482513289E-01
   202   -0.1320190976E-01
   203   -0.1450337065E-01
   204   -0.4688641277E-01
   205    0.1528565598E-01
   206   -0.2452997524E-01
   207   -0.7184253395E-01
   208    0.6565145255E-01
   209   -0.6245047325E-01
   210   -0.2969904065E-01
   211    0.6353837746E-01
   212   -0.5298028600E-01
   213   -0.9791541662E-02
   214    0.6164166844E-01
   215   -0.7175585418E-01
   216   -0.4680334349E-02
   217    0.1304616036E+00
   218   -0.5597015742E-01
   219    0.2305968190E-01
   220    0.7245106055E-01
   221   -0.3583514451E-01
   222    0.3775675930E-01
   223    0.6580809030E-01
   224   -0.1587294833E-01
   225    0.4369496542E-01
   226    0.4546560918E-01
   227   -0.9667657460E-02
   228    0.6957540999E-01
   229    0.3244298773E-01
   230   -0.1751053281E-01
   231    0.5196897877E-01
   232    0.8738553164E-01
   233   -0.3087852152E-01
   234   -0.2581229584E-01
   235   -0.3352365537E-02
   236    0.1477059506E-01
   237    0.7037569325E-01
   238    0.9054639679E-01
   239   -0.4452345553E-01
   240   -0.5284450831E-01
   241   -0.8163593949E-01
   242   -0.1354714556E-02
   243    0.2077713288E+00
   244    0.4664270237E-03
   245   -0.5667388384E-01
   246   -0.9534431768E-01
   247   -0.1314523806E+00
   248    0.1063394478E+00
   249    0.1435195630E+00
   250   -0.3763120890E-01
   251   -0.5960254677E-01
   252   -0.4339767987E-01
   253   -0.1164140336E+00
   254   -0.7089901606E-02
   255    0.9236687845E-01
   256    0.5927093870E-01
   257   -0.1026003323E+00
   258   -0.3815552123E-01
   259    0.3491978080E-01
   260   -0.6063513758E-01
   261   -0.3872846962E-01
   262    0.3349465063E-01
   263   -0.3954859273E-01
   264   -0.4439592195E-01
   265    0.9401242153E-02
   266    0.1567196619E-02
   267   -0.3247717980E-01
   268   -0.7949212654E-02
   269   -0.2398806480E-01
   270   -0.1469159514E-01
   271    0.8059250624E-02
   272   -0.1944131901E-01
   273   -0.4402304834E-01
   274    0.5170100713E-02
   275    0.1522948008E-01
   276   -0.5152543481E-02
   277   -0.1449141479E-01
   278   -0.1532129352E-01
   279   -0.1438432606E-02
   280    0.1748777190E-02
   281   -0.1181117621E-01
   282   -0.3754828252E-02
   283    0.9891695144E-03
   284   -0.1040673485E-01
   285   -0.3503087577E-02
   286    0.1180906232E-03
   287   -0.7411323283E-02
   288    0.5590124113E-02
   289    0.1476420794E-01
   290   -0.9377807793E-02
   291   -0.4783427850E-01
   292    0.4291549600E-01
   293    0.9249720932E-02
   294   -0.6576145614E-02
   295    0.2984285614E-02
   296    0.5728197435E-02
   297   -0.1119078634E-02
   298    0.3133738193E-02
   299    0.8736304415E-02
   300    0.1850440252E-02
   301   -0.1049404659E-02
   302    0.6332214679E-02
   303    0.6430144818E-02
   304    0.2085850023E-02
   305    0.2012043185E-02
   306    0.4541202247E-02
   307    0.4333834786E-02
   308    0.3127708245E-02
   309   -0.1047385540E-01
   310    0.6981433565E-02
   311    0.1295044443E-01
   312    0.5117215014E-02
   313    0.2879439667E-02
   314    0.1310562838E-02
   315    0.2061369950E-02
   316    0.3360138318E-02
   317    0.3743242878E-02
   318    0.3524367814E-02
   319    0.2149309040E-02
   320    0.1476874857E-02
   321    0.2417442797E-02
   322    0.2746482823E-02
   323    0.2051753250E-02
   324    0.1605250617E-02
   325    0.2348255151E-02
   326    0.1745829399E-02
   327    0.1119027018E-02
   328    0.1691832955E-02
   329    0.1845996476E-02
   330    0.1375165273E-02
   331    0.1029637580E-02
   332    0.1261684459E-02
   333    0.1177313087E-02
   334    0.9526251826E-03
   335    0.9474614592E-03
   336    0.9275290836E-03
   337    0.7054308811E-03
   338    0.6188604618E-03
   339    0.7069023881E-03
   340    0.6942586339E-03
   341    0.5799426927E-03
   342    0.4751591801E-03
   343    0.4456067311E-03
   344    0.3949236019E-03
   345    0.3981595143E-03
   346    0.4006118299E-03
   347    0.2800128389E-03
   348    0.2330704996E-03
   349    0.2704293844E-03
   350    0.2420819608E-03
   351    0.2064862529E-03
   352    0.1716872643E-03
   353    0.1455197708E-03
   354    0.1640526203E-03
   355    0.1424597664E-03
   356    0.1076134369E-03
   357    0.1091322420E-03
   358    0.9871836339E-04
   359    0.6786416737E-04
   360    0.6884529699E-04
   361    0.7514846208E-04
   362    0.5235934203E-04
   363    0.4682198229E-04
   364    0.4639564723E-04
   365    0.3857882149E-04
   366    0.3442244927E-04
   367    0.2925814067E-04
   368    0.2514278610E-04
   369    0.2160197838E-04
   370    0.2001764870E-04
   371    0.1695958466E-04
   372    0.1485951117E-04
   373    0.1484178800E-04
   374    0.1108938139E-04
   375    0.8672201831E-05
   376    0.8836394447E-05
   377    0.7166172163E-05
   378    0.5465254206E-05
   379    0.5479241828E-05
   380    0.5015990242E-05
   381    0.4327450181E-05
   382    0.3309566129E-05
   383    0.2761349254E-05
   384    0.2521647902E-05
   385    0.2108330101E-05
   386    0.1814807711E-05
   387    0.1599058256E-05
   388    0.1425834970E-05
   389    0.1072146978E-05
   390    0.9059318178E-06
   391    0.7917767554E-06
   392    0.6987684188E-06
   393    0.6031341842E-06
   394    0.4516255439E-06
   395    0.3852486940E-06
   396    0.3578777440E-06
   397    0.3097936354E-06
   398    0.2472846269E-06
   399    0.2072290738E-06
   400    0.1655362779E-06
   401    0.1330096010E-06
   402    0.1157665082E-06
   403    0.1027132659E-06
   404    0.8849198943E-07
   405    0.6831384405E-07
   406    0.5345023230E-07
   407    0.4457862957E-07
   408    0.3813424518E-07
   409    0.3457099421E-07
   410    0.2775717298E-07
   411    0.2095317347E-07
   412    0.1816827860E-07
   413    0.1483314818E-07
   414    0.1157648527E-07
   415    0.1026876278E-07
   416    0.8360704351E-08
   417    0.6567525079E-08
   418    0.5380202228E-08
   419    0.4611202337E-08
   420    0.3394685533E-08
   421    0.2834331686E-08
   422    0.2755119133E-08
   423    0.2063915844E-08
   424    0.1417672979E-08
   425    0.1264648941E-08
   426    0.1044972803E-08
   427    0.8339268720E-09
   428    0.6840998878E-09
   429    0.5319646945E-09
   430    0.4454463187E-09
   431    0.3534247894E-09
   432    0.2723003489E-09
   433    0.2394356657E-09
   434    0.1836978347E-09
   435    0.1367189695E-09
   436    0.1127678229E-09
   437    0.9656048183E-10
   438    0.7453926365E-10
   439    0.5494690813E-10
   440    0.4673780807E-10
   441    0.3656258629E-10
   442    0.2969741120E-10
   443    0.2391387088E-10
   444    0.1677025185E-10
   445    0.1438055230E-10
   446    0.1178376841E-10
   447    0.8776646077E-11
   448    0.7012085357E-11
   449    0.5459410701E-11
   450    0.4216543781E-11
   451    0.3429145856E-11
   452    0.2572969615E-11
   453    0.1998373689E-11
   454    0.1664918203E-11
   455    0.1299543806E-11
   456    0.9403033907E-12
   457    0.7139011604E-12
   458    0.5818956428E-12
   459    0.4577727086E-12
   460    0.3644029523E-12
   461    0.2725042414E-12
   462    0.2031985691E-12
   463    0.1617594947E-12
   464    0.1251776460E-12
   465    0.9320322292E-13
   466    0.7474576513E-13
   467    0.5670464098E-13
   468    0.4415912080E-13
   469    0.3463895837E-13
   470    0.2306488334E-13
   471    0.1892930257E-13
   472    0.1582067810E-13
   473    0.1057487431E-13
   474    0.8604228441E-14
   475    0.6578071421E-14
   476    0.5218048216E-14
   477    0.4218847494E-14
   478    0.3774758284E-14
   479    0.1970645869E-14
   480    0.9714451465E-15
   481   -0.4718447855E-15
   482    0.1942890293E-14
   483    0.5273559367E-15
   484    0.9436895709E-15
   485    0.1110223025E-15
   486    0.0000000000E+00
   487    0.4440892099E-15
   488   -0.6661338148E-15
   489    0.2220446049E-15
   490    0.0000000000E+00
   491    0.0000000000E+00
   492    0.0000000000E+00
   493    0.0000000000E+00
   494    0.2220446049E-15
   495    0.2220446049E-15
   496    0.0000000000E+00
   497    0.0000000000E+00
   498    0.0000000000E+00
   499    0.0000000000E+00
   500    0.3571428571E+01
   501    0.3571428571E+01
   502    0.0000000000E+00
