    -1    0.0000000000E+00
     0   -0.4029310528E+01
     1   -0.3142121680E+01
     2   -0.6192165288E-02
     3   -0.9531102092E-03
     4    0.4457795626E-01
     5   -0.1253699513E-01
     6   -0.6702907284E-02
     7    0.5906881100E-01
     8   -0.2062338668E-01
     9   -0.1563672162E-01
    10    0.7324195567E-01
    11   -0.3194477164E-01
    12   -0.2421581002E-01
    13    0.8348778726E-01
    14   -0.4424618574E-01
    15   -0.3078296529E-01
    16    0.8743438887E-01
    17   -0.5387591634E-01
    18   -0.3681059470E-01
    19    0.8713438239E-01
    20   -0.6012580856E-01
    21   -0.4302841691E-01
    22    0.8581826625E-01
    23   -0.6349412866E-01
    24   -0.4940095156E-01
    25    0.8548408194E-01
    26   -0.6358347822E-01
    27   -0.5636487161E-01
    28    0.8846570961E-01
    29   -0.6278128578E-01
    30   -0.6092592361E-01
    31    0.9462102428E-01
    32   -0.6505131550E-01
    33   -0.5607408521E-01
    34    0.9681036987E-01
    35   -0.6621646177E-01
    36   -0.4386958188E-01
    37    0.9419418065E-01
    38   -0.6527218270E-01
    39   -0.2624808387E-01
    40    0.8516671815E-01
    41   -0.5886434450E-01
    42   -0.8876781961E-02
    43    0.7106188474E-01
    44   -0.4559764075E-01
    45    0.3299175951E-02
    46    0.5408026884E-01
    47   -0.2587372627E-01
    48    0.5824089393E-02
    49    0.4009061736E-01
    50   -0.7474244128E-02
    51    0.3978509181E-02
    52    0.2579725698E-01
    53    0.1040174985E-01
    54   -0.3901065484E-02
    55    0.1486911583E-01
    56    0.2227079925E-01
    57   -0.1243594273E-01
    58    0.5287566128E-02
    59    0.2682430317E-01
    60   -0.1590341132E-01
    61   -0.1001655302E-01
    62    0.3371475438E-01
    63   -0.2227791852E-01
    64   -0.2342054291E-01
    65    0.3936655483E-01
    66   -0.2837621878E-01
    67   -0.3535661089E-01
    68    0.4573437374E-01
    69   -0.3519205497E-01
    70   -0.4293697973E-01
    71    0.5199648361E-01
    72   -0.4224606418E-01
    73   -0.4475918585E-01
    74    0.5821327320E-01
    75   -0.5017538228E-01
    76   -0.3902588346E-01
    77    0.6216943952E-01
    78   -0.5578720876E-01
    79   -0.3002315412E-01
    80    0.6719445315E-01
    81   -0.6169923939E-01
    82   -0.1656427179E-01
    83    0.6970804712E-01
    84   -0.6348858815E-01
    85   -0.4426028082E-02
    86    0.7142903181E-01
    87   -0.6085089539E-01
    88    0.2345582193E-02
    89    0.7574427133E-01
    90   -0.5907622724E-01
    91    0.7613898706E-02
    92    0.7827293733E-01
    93   -0.5742015008E-01
    94    0.1208806886E-01
    95    0.7576093363E-01
    96   -0.5414952205E-01
    97    0.1448954044E-01
    98    0.6819964002E-01
    99   -0.4982970848E-01
   100    0.1591334031E-01
   101    0.5323748970E-01
   102   -0.4039853721E-01
   103    0.1214641883E-01
   104    0.3506286773E-01
   105   -0.2721862015E-01
   106    0.3090839862E-02
   107    0.1739777462E-01
   108   -0.1326238775E-01
   109   -0.8591963100E-02
   110    0.2625394001E-02
   111   -0.2072247677E-02
   112   -0.1700056571E-01
   113   -0.1251487002E-01
   114    0.1047182805E-01
   115   -0.2561147153E-01
   116   -0.2161259057E-01
   117    0.1864786141E-01
   118   -0.2851874251E-01
   119   -0.2835641214E-01
   120    0.2551884211E-01
   121   -0.2692191152E-01
   122   -0.3369499772E-01
   123    0.3486577425E-01
   124   -0.2683167111E-01
   125   -0.3204635319E-01
   126    0.4136840066E-01
   127   -0.2438399980E-01
   128   -0.2833324146E-01
   129    0.4852714639E-01
   130   -0.2339435168E-01
   131   -0.2177110561E-01
   132    0.5562684450E-01
   133   -0.2547501618E-01
   134   -0.1200219388E-01
   135    0.6022308442E-01
   136   -0.2906191359E-01
   137   -0.1831670909E-02
   138    0.6241504782E-01
   139   -0.3417695359E-01
   140    0.7440857267E-02
   141    0.6119601871E-01
   142   -0.3903847086E-01
   143    0.1307547550E-01
   144    0.5761472730E-01
   145   -0.4316998004E-01
   146    0.1359815076E-01
   147    0.5337056691E-01
   148   -0.4761074969E-01
   149    0.1089245004E-01
   150    0.4811393208E-01
   151   -0.5250123643E-01
   152    0.7877598533E-02
   153    0.3979011727E-01
   154   -0.5501323668E-01
   155    0.4982521413E-02
   156    0.2932508888E-01
   157   -0.5521153118E-01
   158    0.4230368652E-02
   159    0.1579205948E-01
   160   -0.4918491207E-01
   161    0.2573679983E-02
   162    0.2215877384E-02
   163   -0.3793440441E-01
   164    0.6160785075E-04
   165   -0.7824439123E-02
   166   -0.2319548566E-01
   167   -0.4590055388E-02
   168   -0.1302709294E-01
   169   -0.8624758449E-02
   170   -0.6174382032E-02
   171   -0.1567030756E-01
   172    0.6188766042E-02
   173   -0.7178243778E-02
   174   -0.1708535291E-01
   175    0.1846122914E-01
   176   -0.5013918547E-02
   177   -0.2440852114E-01
   178    0.1299046221E-01
   179    0.2505006246E-01
   180   -0.2018083817E-01
   181    0.3291666804E-01
   182    0.7746060111E-02
   183   -0.2304139806E-01
   184    0.3556333882E-01
   185    0.1538199470E-01
   186   -0.2487451213E-01
   187    0.3010411119E-01
   188    0.1748478441E-01
   189   -0.2834887732E-01
   190    0.2836060756E-01
   191    0.1827544828E-01
   192   -0.3489262260E-01
   193    0.2386908700E-01
   194    0.1917742181E-01
   195   -0.3824481120E-01
   196    0.1464412045E-01
   197    0.1406296261E-01
   198   -0.4084775230E-01
   199    0.1005773852E-01
   200    0.1418624590E-01
   201   -0.3790510329E-01
   202    0.5377721680E-02
   203    0.4545923010E-02
   204   -0.4033614984E-01
   205    0.4449663066E-03
   206   -0.2173257322E-01
   207   -0.3478662137E-02
   208   -0.5364720900E-03
   209   -0.1751853248E-02
   210   -0.8441663946E-02
   211    0.7769447518E-03
   212   -0.6169363226E-02
   213   -0.3710840838E-02
   214    0.3189124575E-02
   215    0.1101655371E-02
   216    0.1023392119E-01
   217    0.8533139149E-02
   218   -0.2403375102E-02
   219    0.3844369753E-02
   220    0.3280767990E-01
   221    0.2261974872E-01
   222    0.2238294036E-01
   223    0.4053465430E-02
   224    0.2967197497E-01
   225    0.2443152241E-01
   226    0.8301341623E-02
   227    0.3088246554E-01
   228    0.2603911048E-01
   229    0.1458703031E-01
   230   -0.5868936722E-04
   231    0.4724471686E-01
   232    0.2881597854E-01
   233    0.2409798466E-01
   234    0.1137941539E-01
   235    0.2625864052E-01
   236    0.2624821029E-01
   237   -0.2185058548E-02
   238   -0.1326042652E-01
   239   -0.4860301143E-02
   240    0.6621740080E-01
   241    0.5931687750E-02
   242    0.2135619476E-01
   243   -0.4398630731E-02
   244   -0.4084056344E-01
   245   -0.3190342643E-01
   246    0.8811708803E-01
   247   -0.1439082284E-01
   248    0.1553440459E-01
   249   -0.5517219483E-02
   250   -0.7684834919E-01
   251   -0.1544572679E-01
   252    0.6926618052E-01
   253   -0.2497655443E-01
   254    0.1875480569E-02
   255   -0.4234478116E-02
   256   -0.4587830358E-01
   257   -0.5395110168E-01
   258    0.2392908383E-01
   259    0.9094038470E-02
   260   -0.2111955466E-01
   261   -0.8333012775E-02
   262   -0.1687240093E-01
   263   -0.2361096168E-01
   264   -0.1168737462E-01
   265   -0.2021615072E-01
   266   -0.1909995858E-01
   267   -0.6370074923E-02
   268   -0.2387261083E-01
   269   -0.1375300989E-01
   270   -0.8204635322E-02
   271   -0.1531170542E-01
   272   -0.2516429834E-01
   273   -0.3456307957E-02
   274   -0.9094459701E-02
   275   -0.1696155141E-01
   276   -0.1343245051E-01
   277   -0.1644241400E-01
   278   -0.6008871182E-02
   279    0.2565730104E-02
   280   -0.1144007077E-01
   281   -0.1121728682E-01
   282   -0.5475053955E-02
   283   -0.7161891941E-02
   284   -0.4483458686E-02
   285   -0.3602605783E-02
   286   -0.6640023344E-02
   287   -0.3713927009E-02
   288   -0.1468809791E-02
   289   -0.5826746963E-02
   290   -0.3735876948E-02
   291    0.1198426465E-02
   292    0.5805362794E-03
   293    0.7806733312E-03
   294   -0.4187709291E-02
   295   -0.2296065733E-01
   296    0.2738976377E-01
   297    0.1797617720E-02
   298   -0.4229200687E-03
   299    0.2927358248E-02
   300    0.3751482436E-02
   301    0.1048790767E-02
   302    0.3200048001E-02
   303    0.5228987904E-02
   304    0.2141170872E-02
   305    0.1756073622E-02
   306    0.4918565064E-02
   307    0.4611032306E-02
   308    0.2557213733E-02
   309    0.2758224145E-02
   310    0.4632781509E-02
   311    0.3397119724E-02
   312    0.2929265386E-02
   313   -0.1119851724E-01
   314    0.1617832754E-01
   315    0.6048836169E-02
   316    0.4234820553E-02
   317    0.2619878915E-02
   318    0.2534275387E-02
   319    0.2967663642E-02
   320    0.2926856958E-02
   321    0.3313721852E-02
   322    0.2924264183E-02
   323    0.2222771584E-02
   324    0.2116517988E-02
   325    0.2499651497E-02
   326    0.2381103627E-02
   327    0.1945624376E-02
   328    0.1934178765E-02
   329    0.2044631620E-02
   330    0.1650765803E-02
   331    0.1432537480E-02
   332    0.1697899541E-02
   333    0.1563110999E-02
   334    0.1241683751E-02
   335    0.1217280330E-02
   336    0.1215574878E-02
   337    0.1045917716E-02
   338    0.9839751222E-03
   339    0.9543092008E-03
   340    0.8155638154E-03
   341    0.7359343549E-03
   342    0.7083335086E-03
   343    0.6425811001E-03
   344    0.6316875108E-03
   345    0.5608455776E-03
   346    0.4592040574E-03
   347    0.4452391271E-03
   348    0.4098848689E-03
   349    0.3780003238E-03
   350    0.3463020488E-03
   351    0.2871905565E-03
   352    0.2584109511E-03
   353    0.2534508669E-03
   354    0.2246806105E-03
   355    0.1986561514E-03
   356    0.1687297061E-03
   357    0.1537193353E-03
   358    0.1524498625E-03
   359    0.1268919456E-03
   360    0.1078817000E-03
   361    0.1052682589E-03
   362    0.8867601053E-04
   363    0.7167410928E-04
   364    0.7189413151E-04
   365    0.6450649587E-04
   366    0.5147173229E-04
   367    0.4777539927E-04
   368    0.4278060838E-04
   369    0.3712420030E-04
   370    0.3235939471E-04
   371    0.2810698886E-04
   372    0.2454476818E-04
   373    0.2139936934E-04
   374    0.1880823585E-04
   375    0.1642257483E-04
   376    0.1456179618E-04
   377    0.1282687308E-04
   378    0.1063414610E-04
   379    0.8957328330E-05
   380    0.8199682372E-05
   381    0.6829208309E-05
   382    0.5708724747E-05
   383    0.5223393256E-05
   384    0.4621471524E-05
   385    0.3893230699E-05
   386    0.3135727121E-05
   387    0.2786740337E-05
   388    0.2383831661E-05
   389    0.2007487115E-05
   390    0.1745383474E-05
   391    0.1506171847E-05
   392    0.1280725131E-05
   393    0.1038948598E-05
   394    0.8874522118E-06
   395    0.7656277095E-06
   396    0.6571217711E-06
   397    0.5478237803E-06
   398    0.4468054444E-06
   399    0.3811346026E-06
   400    0.3347163136E-06
   401    0.2801635845E-06
   402    0.2307212545E-06
   403    0.1932575227E-06
   404    0.1576083428E-06
   405    0.1315622834E-06
   406    0.1115313459E-06
   407    0.9563424994E-07
   408    0.7936564131E-07
   409    0.6412711850E-07
   410    0.5200461872E-07
   411    0.4340915474E-07
   412    0.3707922880E-07
   413    0.3116418648E-07
   414    0.2509237337E-07
   415    0.2039861766E-07
   416    0.1709593347E-07
   417    0.1377268247E-07
   418    0.1133085356E-07
   419    0.9568803333E-08
   420    0.7670193675E-08
   421    0.6242354189E-08
   422    0.5158607624E-08
   423    0.4184785241E-08
   424    0.3309975516E-08
   425    0.2795105869E-08
   426    0.2392767817E-08
   427    0.1819956907E-08
   428    0.1427958973E-08
   429    0.1208667250E-08
   430    0.9635483800E-09
   431    0.7874002006E-09
   432    0.6331874469E-09
   433    0.5008907733E-09
   434    0.4165631451E-09
   435    0.3244703672E-09
   436    0.2614498340E-09
   437    0.2172194091E-09
   438    0.1675681260E-09
   439    0.1309077569E-09
   440    0.1083920453E-09
   441    0.8716813382E-10
   442    0.6763545279E-10
   443    0.5348690935E-10
   444    0.4307218471E-10
   445    0.3405262183E-10
   446    0.2746008976E-10
   447    0.2132727328E-10
   448    0.1636765723E-10
   449    0.1348243739E-10
   450    0.1055364129E-10
   451    0.8190365053E-11
   452    0.6497469229E-11
   453    0.5031280947E-11
   454    0.3972933094E-11
   455    0.3135741666E-11
   456    0.2385452946E-11
   457    0.1897593194E-11
   458    0.1516092807E-11
   459    0.1153133145E-11
   460    0.8839040611E-12
   461    0.6848133172E-12
   462    0.5365152767E-12
   463    0.4252986852E-12
   464    0.3274325255E-12
   465    0.2487454687E-12
   466    0.1927347171E-12
   467    0.1481870182E-12
   468    0.1137701044E-12
   469    0.8809619700E-13
   470    0.6764033778E-13
   471    0.5404010572E-13
   472    0.3924638392E-13
   473    0.3008704397E-13
   474    0.2217670492E-13
   475    0.1745825706E-13
   476    0.1385003223E-13
   477    0.1101896352E-13
   478    0.7688294446E-14
   479    0.5523359548E-14
   480    0.4440892099E-14
   481    0.3524958103E-14
   482    0.1165734176E-14
   483    0.2442490654E-14
   484    0.1582067810E-14
   485    0.7771561172E-15
   486    0.7216449660E-15
   487    0.1554312234E-14
   488   -0.2775557562E-15
   489    0.0000000000E+00
   490   -0.8881784197E-15
   491    0.4440892099E-15
   492   -0.6661338148E-15
   493    0.2220446049E-15
   494    0.0000000000E+00
   495    0.0000000000E+00
   496    0.0000000000E+00
   497    0.0000000000E+00
   498    0.0000000000E+00
   499    0.2220446049E-15
   500    0.3571428571E+01
   501    0.3571428571E+01
   502    0.0000000000E+00
