    -1    0.0000000000E+00
     0   -0.2621505404E+01
     1   -0.3531294968E+01
     2   -0.3228205798E+01
     3   -0.7816033860E+00
     4    0.5518976687E+01
     5   -0.4916810142E+01
     6    0.4344547672E+01
     7   -0.4224351233E+01
     8    0.1359770592E+00
     9    0.5431152360E+01
    10   -0.4449547016E+01
    11    0.3277647192E+01
    12    0.1534955551E+01
    13    0.5019685756E-01
    14   -0.5108105944E+01
    15    0.3697474663E+01
    16    0.1080256209E+01
    17   -0.6801572870E+00
    18   -0.1837228115E+01
    19   -0.1455922826E+01
    20   -0.1905579731E+01
    21    0.3787750929E+01
    22    0.2384561744E+01
    23   -0.1781942659E+01
    24   -0.4216086913E+01
    25    0.4491256848E+00
    26    0.3278721114E+01
    27    0.3099739633E+01
    28   -0.8649741086E+00
    29   -0.3443211223E+01
    30    0.3861279572E+01
    31   -0.3303527229E+01
    32   -0.5197452435E+01
    33    0.6825425896E+01
    34   -0.1913113000E+01
    35    0.4555350275E-02
    36    0.2889016377E+01
    37   -0.1517319340E+01
    38    0.1630111935E+01
    39   -0.1395530117E+01
    40   -0.3173995390E+01
    41    0.2265239507E+01
    42   -0.4407166957E+01
    43   -0.4769651157E+01
    44    0.3137773835E+01
    45    0.2893981358E+01
    46    0.2525416383E+01
    47    0.2275501064E+01
    48   -0.1283599596E+01
    49   -0.5760663436E+01
    50    0.7659044390E+01
    51    0.7089472903E+00
    52   -0.2000298653E+01
    53   -0.2752268892E+01
    54    0.3200126779E+01
    55    0.1832821314E+01
    56   -0.4941377993E+01
    57    0.2149868752E+01
    58   -0.2741198622E+00
    59   -0.1318101220E+01
    60    0.2041000049E+01
    61   -0.6281925611E+00
    62   -0.1141601829E+01
    63    0.2798349024E+01
    64    0.8516380804E+00
    65   -0.2931963836E+01
    66    0.1768444734E+01
    67   -0.3837884054E+00
    68   -0.3022287453E+00
    69    0.3321896497E+01
    70   -0.4415304764E+01
    71   -0.1140528545E+01
    72    0.6348437062E+00
    73   -0.2165991196E+01
    74   -0.6326126765E+00
    75    0.1531095266E+01
    76   -0.8073990768E+00
    77    0.1938740052E+01
    78    0.4160304426E+01
    79   -0.7194390691E+00
    80   -0.1981413253E+01
    81   -0.3301534579E+00
    82   -0.1638559234E+01
    83    0.1176586440E+01
    84   -0.1010192317E+01
    85   -0.5086774183E+01
    86    0.8062446050E+01
    87   -0.1485681707E+01
    88   -0.5313330835E+00
    89   -0.2117184087E+01
    90    0.2795474895E+01
    91   -0.7342367740E+00
    92    0.2986535832E+00
    93   -0.6815907601E+01
    94    0.5892880082E+01
    95    0.3311722164E+01
    96   -0.9602622440E+00
    97   -0.2489942341E+01
    98    0.3576930987E+01
    99   -0.4820014910E+01
   100    0.2559696369E+01
   101   -0.4934948251E+01
   102    0.4964809315E+01
   103   -0.3591019968E+01
   104    0.1505030571E+01
   105    0.1541566848E+01
   106   -0.2718369917E+01
   107    0.1513162884E+01
   108   -0.1386160841E+01
   109    0.1741166368E+01
   110    0.4986663746E+01
   111   -0.3441445640E+01
   112    0.4704424312E+00
   113   -0.5686442916E+00
   114    0.3853177609E+00
   115    0.3203834560E+01
   116   -0.3321500081E+01
   117    0.7133698850E+00
   118    0.2063312358E+00
   119    0.8247674758E+00
   120    0.1110984148E+01
   121   -0.1984708661E+01
   122    0.3760897347E+01
   123   -0.3850698627E+01
   124    0.1080635692E+01
   125   -0.4319250957E+01
   126    0.6167712765E+01
   127   -0.1287500585E+01
   128    0.2411916403E+00
   129   -0.3920774186E+01
   130    0.2199290582E+01
   131   -0.4891941478E+00
   132   -0.5485131012E+00
   133    0.1298926775E+01
   134   -0.4781817271E+00
   135   -0.5437789616E+00
   136    0.2304244253E+01
   137   -0.9658344791E+00
   138    0.1542731716E+01
   139    0.5247675666E+00
   140   -0.3719133236E+01
   141    0.7453734840E+00
   142    0.1976226145E+01
   143    0.4779767951E-01
   144   -0.2071700099E+01
   145   -0.3030207625E+01
   146   -0.1857151961E+01
   147    0.2948987413E+01
   148    0.2672676921E+00
   149   -0.8083853230E+00
   150   -0.4392316953E+01
   151    0.6049491701E+00
   152    0.3447389102E+01
   153   -0.1226716030E+01
   154   -0.1316141817E+01
   155    0.1370360532E+01
   156    0.3649608206E+01
   157   -0.1794685942E+01
   158   -0.1569031803E+01
   159    0.4451004877E+01
   160   -0.3151243826E+01
   161    0.3008559681E+01
   162   -0.1318992403E+01
   163   -0.2193695935E+00
   164    0.1906691265E+01
   165   -0.1181415754E+01
   166   -0.7612078718E-01
   167    0.1747723894E+00
   168    0.1274297424E+01
   169   -0.2215617408E+01
   170    0.1786869609E+01
   171   -0.1620870535E+00
   172   -0.4483754640E+00
   173   -0.5161104194E+00
   174    0.1231133970E+01
   175   -0.1091833537E+01
   176   -0.6746596900E+00
   177    0.7387999943E+00
   178   -0.6985749004E-01
   179   -0.2882192277E+00
   180   -0.1642119342E+01
   181   -0.8850295156E-01
   182    0.2762345257E+00
   183   -0.1406376171E+01
   184   -0.7708661063E+00
   185   -0.1204300136E+01
   186    0.2286208908E+01
   187   -0.5915739653E+00
   188    0.1168328004E+01
   189   -0.7763754079E+00
   190   -0.5933785467E+00
   191   -0.6806173898E+00
   192    0.7774214970E+00
   193    0.2976754709E+01
   194   -0.9885230425E+00
   195   -0.6407145445E+00
   196    0.2259090768E+00
   197   -0.3115417095E+01
   198    0.3986397519E+01
   199   -0.1658039001E+01
   200    0.1765111553E+01
   201    0.1201234982E+00
   202   -0.4528225111E+01
   203    0.2282808878E+01
   204   -0.6482473224E-01
   205    0.2478983663E+01
   206   -0.3038516333E+01
   207    0.9877905253E-01
   208    0.1945860925E+01
   209   -0.1189864641E+01
   210   -0.2155296343E+00
   211    0.1481226904E+01
   212    0.9980917674E+00
   213   -0.2074291556E+01
   214    0.1016191618E+01
   215    0.2899776742E+00
   216   -0.9586720849E+00
   217    0.9128470696E+00
   218    0.1222172433E+01
   219   -0.1083316636E+00
   220   -0.2964954461E+00
   221   -0.1107370271E+01
   222    0.5261506141E+00
   223   -0.1104686321E+01
   224    0.1589515080E+01
   225    0.1178545102E+01
   226   -0.2736693578E+01
   227   -0.2411576521E+01
   228    0.1933912381E+01
   229    0.2891533016E+01
   230   -0.1393934170E+01
   231   -0.8404455559E+00
   232    0.1181508583E+01
   233   -0.3843559567E+00
   234   -0.1100248530E+00
   235    0.6103877565E+00
   236    0.8740011310E-01
   237   -0.1546047403E+01
   238    0.1359514220E+01
   239   -0.1036760122E+01
   240   -0.6774723334E+00
   241    0.2012701228E+01
   242   -0.8066233722E+00
   243   -0.2267280587E+01
   244    0.1009482794E+01
   245    0.1830873522E+01
   246   -0.3623484511E+00
   247   -0.1989922805E+01
   248   -0.2423832307E-01
   249    0.1419874157E+01
   250    0.3772758311E+00
   251   -0.9130279640E+00
   252   -0.2710069384E+00
   253    0.3243157746E+00
   254    0.1969412865E+00
   255   -0.1240666727E+00
   256   -0.2933416432E-01
   257    0.4486646578E-01
   258   -0.1179626842E+00
   259    0.1313191885E-01
   260    0.2388085140E+00
   261   -0.5071791210E-01
   262   -0.3557081434E+00
   263    0.2363980844E+00
   264    0.4406806420E+00
   265   -0.6732265716E+00
   266   -0.3826136282E+00
   267    0.6222806701E+00
   268    0.3179816649E-01
   269   -0.1389009103E+00
   270    0.5019212868E-01
   271    0.4346564517E-01
   272   -0.3799206042E-01
   273    0.3540629249E-01
   274    0.4976982573E-01
   275   -0.4609292724E-01
   276   -0.3010797681E-01
   277    0.4822479353E-01
   278    0.3248840788E-01
   279   -0.2957483152E-01
   280   -0.1804232299E-01
   281    0.4247208247E-01
   282    0.9857530732E-02
   283   -0.1293925457E+00
   284    0.7339131320E-01
   285    0.6789776110E-01
   286   -0.7734383413E-02
   287   -0.1414013927E-01
   288   -0.7344280941E-02
   289    0.5770674929E-03
   290    0.5247894688E-02
   291    0.9560488599E-02
   292    0.6180563372E-02
   293   -0.1611304226E-02
   294   -0.3218152371E-02
   295    0.3927447776E-02
   296    0.4979021082E-02
   297    0.1554056751E-03
   298    0.1312133873E-02
   299    0.4219810030E-02
   300    0.3717999981E-03
   301   -0.1033184464E-02
   302    0.2938421059E-02
   303    0.3338705894E-02
   304    0.8469076827E-03
   305    0.2674682275E-03
   306    0.1676442956E-02
   307    0.1216971362E-02
   308    0.6939638663E-03
   309    0.1214192603E-02
   310    0.1008766873E-02
   311    0.1917451100E-03
   312    0.2441959812E-03
   313    0.8354931251E-03
   314    0.1190020702E-02
   315    0.6475877247E-03
   316    0.1237225810E-03
   317    0.4358823615E-03
   318    0.3375571246E-03
   319    0.4862351554E-03
   320    0.5680239223E-03
   321    0.1134436808E-03
   322    0.5191102632E-04
   323    0.3371536756E-03
   324    0.3010418651E-03
   325    0.2271218152E-03
   326    0.6683364040E-04
   327    0.7743906546E-04
   328    0.2882906088E-03
   329    0.1541386885E-03
   330    0.5609744017E-04
   331    0.1554839309E-03
   332    0.1064200436E-03
   333   -0.8964713997E-05
   334    0.8670890839E-04
   335    0.1149493396E-03
   336    0.1548578918E-04
   337    0.4574135268E-04
   338    0.5612711347E-04
   339    0.3723611490E-04
   340    0.3637373472E-04
   341    0.2641568170E-04
   342    0.2130653361E-04
   343    0.1853706289E-04
   344    0.1912930341E-04
   345    0.1576420391E-04
   346    0.1695152740E-04
   347    0.2163237629E-04
   348    0.9037343587E-05
   349    0.3347523676E-05
   350    0.1152404305E-04
   351    0.5934955924E-05
   352    0.1233620009E-05
   353    0.6360330731E-05
   354    0.6979669053E-05
   355    0.5469009245E-05
   356    0.2199460862E-05
   357    0.2185879614E-05
   358    0.2512577112E-05
   359    0.1886446425E-05
   360    0.1782185360E-05
   361    0.1906117377E-05
   362    0.1727638841E-05
   363    0.6976570941E-06
   364    0.7208820680E-06
   365    0.7507270521E-06
   366    0.7751854105E-06
   367    0.6263051384E-06
   368    0.2752068295E-06
   369    0.3251020194E-06
   370    0.4247537029E-06
   371    0.3560806794E-06
   372    0.2703075093E-06
   373    0.2103213215E-06
   374    0.1253103321E-06
   375    0.9461264469E-07
   376    0.1004549235E-06
   377    0.1292765314E-06
   378    0.1079681422E-06
   379    0.5771214928E-07
   380    0.3492286499E-07
   381    0.3298683976E-07
   382    0.3867391563E-07
   383    0.4426921718E-07
   384    0.2813985889E-07
   385    0.1607399169E-07
   386    0.1936125241E-07
   387    0.1296808438E-07
   388    0.8528333817E-08
   389    0.1164782848E-07
   390    0.8348487901E-08
   391    0.5533368208E-08
   392    0.5155887522E-08
   393    0.4643421092E-08
   394    0.1922687565E-08
   395    0.2811613081E-08
   396    0.4367469331E-08
   397    0.1881016509E-08
   398    0.6054567958E-09
   399    0.1305742625E-08
   400    0.9773455378E-09
   401    0.8079523717E-09
   402    0.6973943645E-09
   403    0.4298435219E-09
   404    0.4884792570E-09
   405    0.3178590724E-09
   406    0.2361604245E-09
   407    0.2955937439E-09
   408    0.1724383414E-09
   409    0.8986722477E-10
   410    0.1097446578E-09
   411    0.1133668714E-09
   412    0.6826808563E-10
   413    0.4106490148E-10
   414    0.4718136992E-10
   415    0.3538813687E-10
   416    0.3327826903E-10
   417    0.2335373561E-10
   418    0.1022848473E-10
   419    0.1573141617E-10
   420    0.1276401207E-10
   421    0.7827211101E-11
   422    0.7075673381E-11
   423    0.4783617946E-11
   424    0.3915534563E-11
   425    0.3600897358E-11
   426    0.1988686993E-11
   427    0.1821959250E-11
   428    0.1990407839E-11
   429    0.1328437360E-11
   430    0.7449318939E-12
   431    0.5329070518E-12
   432    0.5385969448E-12
   433    0.4822808819E-12
   434    0.4047318036E-12
   435    0.2458033777E-12
   436    0.1789679516E-12
   437    0.1560973573E-12
   438    0.1114663917E-12
   439    0.8104628080E-13
   440    0.7135958491E-13
   441    0.5984102103E-13
   442    0.4907185769E-13
   443    0.2714495295E-13
   444    0.1867950239E-13
   445    0.2176037128E-13
   446    0.1376676551E-13
   447    0.8659739592E-14
   448    0.9769962617E-14
   449    0.6022959909E-14
   450    0.4968248035E-14
   451    0.3552713679E-14
   452    0.2664535259E-14
   453    0.1332267630E-14
   454    0.1998401444E-14
   455    0.8881784197E-15
   456    0.1054711873E-14
   457    0.6661338148E-15
   458   -0.8326672685E-15
   459    0.0000000000E+00
   460   -0.4440892099E-15
   461    0.4440892099E-15
   462   -0.6661338148E-15
   463    0.2220446049E-15
   464    0.0000000000E+00
   465    0.2220446049E-15
   466    0.0000000000E+00
   467    0.2220446049E-15
   468    0.2220446049E-15
   469    0.2220446049E-15
   470    0.2220446049E-15
   471    0.0000000000E+00
   472   -0.6661338148E-15
   473    0.0000000000E+00
   474    0.0000000000E+00
   475    0.0000000000E+00
   476    0.0000000000E+00
   477    0.2220446049E-15
   478    0.0000000000E+00
   479    0.2220446049E-15
   480    0.2220446049E-15
   481    0.1110223025E-15
   482    0.0000000000E+00
   483    0.2220446049E-15
   484    0.2220446049E-15
   485    0.2220446049E-15
   486    0.2220446049E-15
   487    0.2220446049E-15
   488   -0.8881784197E-15
   489   -0.8881784197E-15
   490    0.2220446049E-15
   491    0.0000000000E+00
   492    0.1110223025E-15
   493    0.0000000000E+00
   494    0.0000000000E+00
   495    0.0000000000E+00
   496    0.0000000000E+00
   497   -0.2220446049E-15
   498    0.2220446049E-15
   499    0.2220446049E-15
   500    0.3571428571E+01
   501    0.3571428571E+01
   502    0.0000000000E+00
