    -1    0.0000000000E+00
     0   -0.3385437778E+01
     1   -0.3865544329E+01
     2    0.7346370152E-01
     3    0.6118453556E-02
     4    0.3681351255E-01
     5    0.6640258075E-01
     6   -0.2150395732E-01
     7    0.2994116809E-01
     8    0.8712605008E-01
     9   -0.2395392578E-01
    10    0.2166188911E-01
    11    0.9772377623E-01
    12   -0.7094824483E-01
    13    0.2361153495E-01
    14    0.9712290608E-01
    15   -0.1072826710E+00
    16    0.1445002945E-01
    17    0.9690483526E-01
    18   -0.1361659048E+00
    19   -0.3352335524E-01
    20    0.1408127864E+00
    21   -0.1770754872E+00
    22   -0.6020313836E-01
    23    0.2197250905E+00
    24   -0.2384941635E+00
    25   -0.8510010628E-01
    26    0.2192792274E+00
    27   -0.2263674296E+00
    28   -0.9949793679E-01
    29    0.2144950402E+00
    30   -0.2038480827E+00
    31   -0.1019985448E+00
    32    0.2044444783E+00
    33   -0.2299773652E+00
    34    0.6616523160E-02
    35    0.8074938176E-01
    36   -0.4192654307E-01
    37   -0.6465806886E-01
    38    0.8001245778E-01
    39   -0.7673165497E-02
    40   -0.5416997003E-01
    41    0.7717356035E-01
    42    0.2210551636E-01
    43   -0.3824164870E-01
    44    0.6904855218E-01
    45    0.4547558638E-01
    46   -0.1886340336E-01
    47    0.5135642459E-01
    48    0.5205683242E-01
    49    0.4500251910E-01
    50   -0.1592175614E-01
    51    0.7526237425E-01
    52    0.3192313829E-01
    53   -0.5696523913E-03
    54    0.4879620145E-01
    55    0.5513894902E-01
    56   -0.3608726612E-01
    57    0.3139194942E-01
    58    0.7140781767E-01
    59   -0.6917731612E-01
    60    0.8124969978E-02
    61    0.8099954218E-01
    62   -0.9695991684E-01
    63   -0.1711351245E-01
    64    0.3175547403E-01
    65   -0.2617890583E-01
    66   -0.9675245760E-01
    67    0.8279773197E-01
    68   -0.4638047201E-01
    69   -0.1184290548E+00
    70    0.6704753181E-01
    71   -0.6035472653E-01
    72   -0.9777218977E-01
    73    0.5144200828E-01
    74   -0.7046163340E-01
    75   -0.6362562859E-01
    76    0.3820865716E-01
    77   -0.7915263365E-01
    78   -0.5376734544E-01
    79    0.5177535997E-01
    80   -0.7716846630E-01
    81    0.1350299996E-01
    82    0.6235392379E-01
    83   -0.1021062460E+00
    84    0.5697059218E-01
    85    0.5783828187E-01
    86   -0.1031211802E+00
    87    0.1040925660E+00
    88    0.5390996758E-01
    89   -0.1096191978E+00
    90    0.1487753744E+00
    91    0.4673713781E-01
    92   -0.1166747741E+00
    93    0.1824464056E+00
    94    0.3793032793E-01
    95   -0.1253576457E+00
    96    0.2008939523E+00
    97    0.2756294397E-01
    98   -0.1336509670E+00
    99    0.2007686020E+00
   100    0.1613230023E-01
   101   -0.1399420814E+00
   102    0.1838195454E+00
   103    0.3439023214E-02
   104   -0.1428424600E+00
   105    0.1555567106E+00
   106   -0.1165912419E-01
   107   -0.1402760634E+00
   108    0.1235709940E+00
   109   -0.9817192913E-01
   110   -0.2784046835E-01
   111    0.5701449036E-01
   112   -0.7310042529E-01
   113   -0.4154354221E-01
   114    0.2318581140E-01
   115   -0.1031124364E+00
   116   -0.2761664762E-02
   117    0.5849987830E-02
   118   -0.1335143356E+00
   119    0.3990326713E-01
   120    0.3219978194E-02
   121   -0.1623551195E+00
   122    0.8320790710E-01
   123   -0.8549274920E-02
   124   -0.1842509665E+00
   125    0.1195943051E+00
   126    0.5182989065E-01
   127   -0.1815506590E+00
   128    0.1272395757E+00
   129    0.6666267379E-01
   130   -0.1967885933E+00
   131    0.1652963986E+00
   132    0.8215415541E-01
   133   -0.2012104448E+00
   134    0.1862935168E+00
   135    0.9612351873E-01
   136   -0.1939140254E+00
   137    0.1872617992E+00
   138    0.1034298582E+00
   139   -0.1730086532E+00
   140    0.1672547712E+00
   141    0.9887222051E-01
   142   -0.1378249050E+00
   143    0.1275010996E+00
   144    0.8045524466E-01
   145   -0.9083723533E-01
   146    0.7507418166E-01
   147    0.4706567536E-01
   148   -0.3710381707E-01
   149    0.1918299310E-01
   150    0.2510600500E-02
   151    0.1804081213E-01
   152   -0.3232487749E-01
   153   -0.4906499873E-01
   154    0.9400754139E-02
   155    0.1839874966E-02
   156   -0.5944141044E-01
   157   -0.1355485616E-01
   158    0.1606763759E-01
   159   -0.1151582484E+00
   160   -0.5065322962E-02
   161    0.2439187287E-01
   162   -0.1379386140E+00
   163   -0.6123463641E-02
   164    0.4198444291E-01
   165   -0.1418806970E+00
   166   -0.9470305250E-02
   167    0.4500821164E-01
   168   -0.2233449486E+00
   169    0.1995205778E+00
   170   -0.4019177567E-01
   171   -0.1829014313E+00
   172    0.1816711934E+00
   173   -0.2085971311E-01
   174   -0.1538059937E+00
   175    0.1755361373E+00
   176   -0.2683064366E-01
   177   -0.1627851038E+00
   178    0.2262493484E+00
   179    0.1842879364E-01
   180   -0.1005350776E+00
   181    0.1960132792E+00
   182    0.1213468020E-01
   183   -0.1008951311E+00
   184    0.1572998351E+00
   185    0.3855854325E-01
   186   -0.7574239509E-01
   187    0.1040858712E+00
   188    0.4478261451E-01
   189   -0.4796430154E-01
   190    0.5858492383E-01
   191    0.3401278027E-01
   192   -0.3682944479E-01
   193    0.4370526743E-02
   194    0.2234434946E-01
   195   -0.6194798330E-01
   196    0.9550030387E-01
   197   -0.7668790479E-01
   198   -0.1330474927E-01
   199    0.2057911611E-01
   200   -0.9512352031E-01
   201   -0.1076702860E-01
   202    0.1550981521E-01
   203   -0.8558058921E-01
   204   -0.1466425675E-01
   205    0.1175308132E-01
   206   -0.5060397190E-01
   207   -0.2858303756E-01
   208   -0.6539245801E-01
   209    0.1718158840E-01
   210    0.1111695806E-01
   211   -0.6053417136E-01
   212    0.5781081354E-01
   213   -0.1572623396E-01
   214   -0.8031884845E-01
   215    0.4625826655E-01
   216    0.6852757550E-01
   217    0.5849184143E-02
   218    0.1810604896E-01
   219    0.2489223245E-01
   220    0.1383160209E-01
   221    0.5094982796E-01
   222    0.1468131329E-02
   223    0.4728521501E-01
   224    0.7306565053E-01
   225   -0.3943524621E-01
   226    0.5329185453E-01
   227    0.1091490308E+00
   228   -0.2983358588E-01
   229    0.4016736975E-01
   230    0.4008875316E-01
   231    0.4225244058E-01
   232   -0.1261329038E-01
   233    0.1045981897E+00
   234   -0.1614905359E+00
   235    0.1037022432E-01
   236    0.1887300484E+00
   237    0.1665697545E-01
   238   -0.1800452724E-01
   239    0.2119753952E-01
   240   -0.2259394461E+00
   241   -0.3047320301E-02
   242    0.2446096001E+00
   243    0.1173072448E+00
   244   -0.1136901811E+00
   245   -0.1174198423E+00
   246   -0.2050665786E+00
   247    0.6904113043E-01
   248    0.2960415588E+00
   249   -0.3990927444E-01
   250   -0.8730742561E-01
   251   -0.8125873200E-01
   252   -0.1405722950E+00
   253   -0.2493316738E-01
   254    0.1389948891E+00
   255    0.8234207776E-01
   256   -0.8466933621E-01
   257   -0.7360821955E-01
   258   -0.1347455903E-01
   259   -0.2519190060E-02
   260   -0.3929977829E-01
   261   -0.2558815346E-01
   262    0.3718506246E-02
   263   -0.2888425910E-01
   264   -0.3437756707E-01
   265    0.1037694156E-01
   266    0.1169407460E-01
   267   -0.4955285210E-01
   268   -0.2326991104E-01
   269    0.5161585807E-02
   270   -0.1558407612E-01
   271   -0.1215201187E-02
   272   -0.3753564133E-01
   273   -0.4030256443E-01
   274    0.5639040410E-01
   275    0.8684833286E-03
   276   -0.3663513091E-01
   277   -0.2106421906E-02
   278   -0.1521205734E-02
   279   -0.1172624541E-01
   280    0.5081505538E-02
   281   -0.5994949679E-02
   282   -0.1445915634E-01
   283    0.5536850218E-02
   284   -0.3595942198E-02
   285   -0.1499839730E-01
   286    0.4431087475E-02
   287    0.7730552854E-02
   288    0.7772026573E-02
   289    0.6550525400E-03
   290   -0.5652752310E-01
   291    0.2967767534E-01
   292    0.3078374519E-01
   293   -0.9162653440E-02
   294   -0.4303539493E-02
   295    0.8783933725E-02
   296    0.1273459864E-02
   297   -0.1121891704E-02
   298    0.1017488744E-01
   299    0.5711529419E-02
   300   -0.4445596452E-02
   301    0.4900466364E-02
   302    0.9815947654E-02
   303    0.2108865520E-02
   304   -0.6767296948E-04
   305    0.5341516527E-02
   306    0.5576201724E-02
   307    0.2059826192E-02
   308   -0.8933494420E-02
   309    0.3900751841E-03
   310    0.1727491836E-01
   311    0.6435642101E-02
   312    0.2437571942E-02
   313    0.7996917075E-03
   314    0.1863037506E-02
   315    0.3083029340E-02
   316    0.3806007984E-02
   317    0.4214190922E-02
   318    0.2211789892E-02
   319    0.9396453975E-03
   320    0.2400979871E-02
   321    0.2978650789E-02
   322    0.2015868043E-02
   323    0.1526045855E-02
   324    0.2454611978E-02
   325    0.1819808691E-02
   326    0.9878832473E-03
   327    0.1642673324E-02
   328    0.1960430429E-02
   329    0.1442011532E-02
   330    0.1034549806E-02
   331    0.1226439763E-02
   332    0.1177887476E-02
   333    0.1028903930E-02
   334    0.9357356912E-03
   335    0.9111122176E-03
   336    0.7669006420E-03
   337    0.5893580803E-03
   338    0.6527283743E-03
   339    0.7551229688E-03
   340    0.6364914898E-03
   341    0.4358670164E-03
   342    0.4526090637E-03
   343    0.4210796401E-03
   344    0.3700839493E-03
   345    0.4255068834E-03
   346    0.3093140712E-03
   347    0.2089630189E-03
   348    0.2629565035E-03
   349    0.2610102555E-03
   350    0.2144229455E-03
   351    0.1700298186E-03
   352    0.1396965152E-03
   353    0.1707161930E-03
   354    0.1503683463E-03
   355    0.1065469451E-03
   356    0.1121652212E-03
   357    0.1047291839E-03
   358    0.6596539806E-04
   359    0.6637480980E-04
   360    0.8029677260E-04
   361    0.5341706959E-04
   362    0.4641258702E-04
   363    0.4792908579E-04
   364    0.3925652815E-04
   365    0.3572381544E-04
   366    0.2948361319E-04
   367    0.2621631527E-04
   368    0.2144613183E-04
   369    0.1987894262E-04
   370    0.1832257851E-04
   371    0.1436793820E-04
   372    0.1541940672E-04
   373    0.1235287692E-04
   374    0.8117438609E-05
   375    0.8850577938E-05
   376    0.7883162678E-05
   377    0.5129829056E-05
   378    0.5429290866E-05
   379    0.5368281790E-05
   380    0.4482658615E-05
   381    0.3440995702E-05
   382    0.2786016436E-05
   383    0.2564177826E-05
   384    0.2141771244E-05
   385    0.1872531960E-05
   386    0.1628150291E-05
   387    0.1499516929E-05
   388    0.1111806906E-05
   389    0.9059986306E-06
   390    0.8109929993E-06
   391    0.7075831558E-06
   392    0.6335261856E-06
   393    0.4674704670E-06
   394    0.3807661682E-06
   395    0.3634479900E-06
   396    0.3279388718E-06
   397    0.2573529435E-06
   398    0.2133759247E-06
   399    0.1721135934E-06
   400    0.1338481001E-06
   401    0.1167564855E-06
   402    0.1053299519E-06
   403    0.9350066366E-07
   404    0.7168216842E-07
   405    0.5398310024E-07
   406    0.4514935439E-07
   407    0.3874879906E-07
   408    0.3557963030E-07
   409    0.2946814465E-07
   410    0.2172470381E-07
   411    0.1833992766E-07
   412    0.1542851516E-07
   413    0.1188086229E-07
   414    0.1046470388E-07
   415    0.8694218012E-08
   416    0.6863364099E-08
   417    0.5450272900E-08
   418    0.4775226436E-08
   419    0.3553368266E-08
   420    0.2790524783E-08
   421    0.2876149596E-08
   422    0.2263903093E-08
   423    0.1429963564E-08
   424    0.1267269012E-08
   425    0.1088120261E-08
   426    0.8606816926E-09
   427    0.7136073676E-09
   428    0.5445086049E-09
   429    0.4597182912E-09
   430    0.3742071653E-09
   431    0.2724831472E-09
   432    0.2515030684E-09
   433    0.1952392970E-09
   434    0.1380378034E-09
   435    0.1158319551E-09
   436    0.1006239536E-09
   437    0.7816280956E-10
   438    0.5676603632E-10
   439    0.4786754326E-10
   440    0.3803446447E-10
   441    0.3077738064E-10
   442    0.2530370358E-10
   443    0.1729527632E-10
   444    0.1455280341E-10
   445    0.1244035430E-10
   446    0.9187706151E-11
   447    0.7237765942E-11
   448    0.5690420357E-11
   449    0.4364453243E-11
   450    0.3570033158E-11
   451    0.2676747712E-11
   452    0.2054800774E-11
   453    0.1733946320E-11
   454    0.1368155589E-11
   455    0.9921230504E-12
   456    0.7303047056E-12
   457    0.5933586955E-12
   458    0.4803935028E-12
   459    0.3854694341E-12
   460    0.2842170943E-12
   461    0.2138011990E-12
   462    0.1656452753E-12
   463    0.1296185381E-12
   464    0.9725553696E-13
   465    0.7654987755E-13
   466    0.5925815394E-13
   467    0.4662936703E-13
   468    0.3508304758E-13
   469    0.2475797345E-13
   470    0.1978972541E-13
   471    0.1532107774E-13
   472    0.1076916334E-13
   473    0.8937295348E-14
   474    0.6439293543E-14
   475    0.5273559367E-14
   476    0.3941291737E-14
   477    0.4662936703E-14
   478    0.2914335440E-14
   479    0.1970645869E-14
   480    0.1332267630E-14
   481    0.9159339953E-15
   482    0.1748601264E-14
   483   -0.2220446049E-15
   484    0.8326672685E-16
   485   -0.7771561172E-15
   486    0.1110223025E-14
   487   -0.6661338148E-15
   488   -0.6661338148E-15
   489    0.2220446049E-15
   490    0.0000000000E+00
   491    0.0000000000E+00
   492    0.0000000000E+00
   493    0.0000000000E+00
   494    0.0000000000E+00
   495    0.0000000000E+00
   496    0.0000000000E+00
   497    0.0000000000E+00
   498    0.2220446049E-15
   499    0.2220446049E-15
   500    0.3571428571E+01
   501    0.3571428571E+01
   502    0.0000000000E+00
