    -1   -0.2790686383E+01
     0   -0.3526443750E+01
     1   -0.1964873890E+00
     2    0.6607689103E-02
     3    0.2179291204E+01
     4   -0.2037018942E+01
     5   -0.2271433583E+01
     6    0.3661472606E+01
     7   -0.2162394382E+00
     8   -0.1727826286E+01
     9    0.7629177748E+00
    10   -0.1762978142E+01
    11    0.3548840168E+01
    12   -0.5737137343E+01
    13    0.9469975781E+00
    14    0.3319785061E+01
    15   -0.2195962642E+01
    16    0.1381856123E+01
    17   -0.2147943093E+01
    18   -0.6861005788E+00
    19   -0.5413926817E+00
    20    0.3450443880E+01
    21   -0.2421092398E+01
    22   -0.1387770164E+01
    23    0.1181858531E+01
    24    0.4479129994E+01
    25   -0.4537073692E+01
    26   -0.1350817738E+01
    27    0.2840460350E+01
    28   -0.2483101866E+00
    29    0.3592870206E+01
    30   -0.4842760096E+01
    31   -0.5443772695E+00
    32    0.3804426449E+01
    33    0.3320321965E+01
    34   -0.7135041439E+01
    35    0.3343347341E+01
    36    0.1376449628E+01
    37   -0.1039645474E+01
    38    0.8753308354E+00
    39    0.9239485494E+00
    40   -0.2318658219E+01
    41   -0.1782421401E+01
    42    0.3323382075E+01
    43    0.3446694977E+00
    44   -0.2545432902E+01
    45    0.2789117605E+01
    46   -0.5347358327E+00
    47   -0.2893738559E+01
    48    0.5561492940E+01
    49   -0.4915687868E+01
    50   -0.1763290435E+01
    51    0.3099074863E+01
    52    0.3348157194E+01
    53   -0.5343139737E+01
    54    0.8170491554E+00
    55    0.1732161113E+01
    56   -0.5059414686E+01
    57    0.4451675651E+01
    58    0.1638651777E+01
    59   -0.4620896023E+01
    60    0.4904583651E+00
    61   -0.1551547489E+00
    62    0.1754781067E+01
    63   -0.4788685338E+01
    64    0.3619028222E+01
    65    0.7319633811E+00
    66   -0.2331810279E+01
    67    0.3220347297E+01
    68   -0.3000781496E+01
    69   -0.2105689085E+01
    70    0.5467479008E+01
    71   -0.3395587754E+01
    72    0.2807667010E+01
    73   -0.5658830002E+00
    74    0.1199935847E+01
    75   -0.3741603073E+01
    76    0.3163413883E+01
    77   -0.1981819312E+01
    78    0.3924440705E+01
    79   -0.9963561515E+00
    80   -0.3563087247E+01
    81    0.2814196889E+01
    82    0.3205100071E+01
    83   -0.3227431690E+01
    84   -0.5382866821E+00
    85    0.1198805568E+01
    86    0.8395684102E+00
    87   -0.7773101731E+00
    88    0.9155758208E+00
    89   -0.4439759085E+01
    90    0.5975284434E+01
    91   -0.2133447383E+01
    92   -0.1736316356E+01
    93    0.5499450619E+00
    94    0.3860550534E+01
    95   -0.5651630631E+01
    96    0.1535883065E+01
    97    0.2537229830E+01
    98   -0.2110222135E+01
    99   -0.3311698061E+01
   100    0.6422836015E+01
   101   -0.3863144477E+01
   102   -0.3246511983E+01
   103    0.6236193458E+01
   104   -0.2888166152E+01
   105   -0.3969452462E+01
   106    0.5300294228E+01
   107   -0.3071008900E+01
   108    0.2399153378E+00
   109    0.3953380101E+00
   110   -0.2086605352E+01
   111    0.3874067263E+01
   112   -0.5580521368E+01
   113    0.6949375669E+01
   114   -0.5798276467E+01
   115    0.1382699766E+01
   116    0.3752603016E+01
   117   -0.4951531167E+01
   118    0.5264079986E+01
   119   -0.3855768903E+01
   120    0.1436336285E+01
   121    0.2370223963E+01
   122   -0.2369136230E+01
   123    0.4517058148E+00
   124    0.1611291110E+01
   125   -0.3354390674E+00
   126   -0.1282053817E+01
   127    0.1409199481E+01
   128    0.5725579483E+00
   129   -0.1181785407E+01
   130    0.8445490700E+00
   131    0.1352839567E-01
   132    0.4041989882E-01
   133   -0.3798021314E+00
   134   -0.2091801241E+00
   135    0.1280393410E+01
   136   -0.7830338682E+00
   137   -0.5404771987E+00
   138    0.1095864768E+00
   139    0.1151700545E+01
   140   -0.1269290367E+01
   141   -0.4769279153E+00
   142    0.8425935579E+00
   143    0.2969021027E+00
   144   -0.2438377673E+01
   145    0.1826363854E+01
   146    0.6062864015E+00
   147   -0.3272154154E+01
   148    0.2110482222E+01
   149    0.4527956666E+00
   150   -0.2842166731E+01
   151    0.1382516452E+01
   152   -0.2198650125E+00
   153   -0.8670611969E+00
   154    0.9233739034E+00
   155   -0.1295661318E+01
   156    0.1153435448E+01
   157   -0.1830353690E+01
   158    0.1871630408E+01
   159   -0.3618568579E+00
   160   -0.6039752824E+00
   161    0.9600792549E+00
   162   -0.5829426459E+00
   163    0.1218701527E+01
   164   -0.1494542935E+00
   165   -0.2630702589E+00
   166    0.5870557725E+00
   167    0.6509170765E+00
   168   -0.2210648495E+00
   169   -0.4923179061E+00
   170    0.1778044454E+01
   171   -0.6737316948E+00
   172   -0.1064414304E+01
   173    0.1470191325E+01
   174    0.5777552829E+00
   175   -0.1415178301E+01
   176    0.7502591733E+00
   177    0.6567410178E+00
   178   -0.7248842890E+00
   179   -0.5320738408E+00
   180    0.5665691698E+00
   181    0.1476684206E+01
   182   -0.2598435538E+01
   183    0.1149268953E+01
   184   -0.4680633697E+00
   185    0.6364364052E+00
   186   -0.9302841770E+00
   187   -0.1864201173E+00
   188    0.1253946259E+01
   189   -0.2192552067E+01
   190    0.6013467281E+00
   191    0.2462046623E+00
   192   -0.9098623278E+00
   193   -0.1061503953E-01
   194    0.1604582481E+00
   195   -0.6227212804E+00
   196    0.2053964020E+00
   197   -0.7108469228E+00
   198    0.4648938907E+00
   199    0.1858263018E+00
   200   -0.6218818643E+00
   201    0.5006638776E+00
   202    0.1687955594E+00
   203   -0.9650514411E+00
   204    0.1399698879E+01
   205    0.4418691149E+00
   206   -0.4387112984E+00
   207    0.9605236396E-01
   208    0.2762114489E+00
   209    0.3974883242E+00
   210   -0.5574717225E+00
   211    0.9183154463E+00
   212    0.1252992675E+00
   213   -0.6395888091E+00
   214    0.9213016126E+00
   215   -0.4201621676E+00
   216    0.6223656022E+00
   217   -0.9273984484E+00
   218    0.9937490852E+00
   219    0.1118950136E+00
   220   -0.5602521105E+00
   221   -0.1988305292E+00
   222    0.5139933704E+00
   223    0.5507847395E+00
   224   -0.1481024295E+01
   225    0.4096811080E+00
   226    0.2673257675E+00
   227    0.6480056676E+00
   228   -0.7824606080E+00
   229    0.4657769292E+00
   230   -0.8754177052E+00
   231   -0.1511892222E+01
   232    0.1602278379E+01
   233    0.1033011067E+01
   234   -0.5717975738E+00
   235   -0.6982034293E+00
   236   -0.1296673776E+01
   237   -0.3452429779E+00
   238    0.2862230071E+01
   239    0.3186727383E+00
   240   -0.1989362236E+01
   241    0.1843730245E+00
   242    0.1855787012E+00
   243   -0.5494166644E+00
   244    0.1131305727E+01
   245    0.2274586485E+00
   246   -0.8039030647E+00
   247   -0.4004767911E+00
   248    0.4830097839E+00
   249   -0.1113489801E-01
   250   -0.1666272081E+00
   251    0.8512258738E-01
   252    0.3848232304E-01
   253   -0.8492328578E-01
   254   -0.5597290083E-01
   255    0.3885285655E-01
   256    0.1162361127E+00
   257   -0.1090047296E+00
   258   -0.2059064084E+00
   259    0.6469590588E-01
   260    0.2276038615E+00
   261   -0.1287914376E+00
   262   -0.3364854738E+00
   263    0.3276951658E+00
   264    0.9579177697E-01
   265   -0.1354195399E+00
   266   -0.4802435503E-01
   267    0.2942431693E-01
   268    0.3036692695E-02
   269   -0.4554801080E-02
   270   -0.1961470357E-02
   271   -0.1708213739E-01
   272   -0.3498489197E-02
   273    0.1094669352E-01
   274   -0.3383560378E-02
   275   -0.2008356001E-01
   276   -0.8512644149E-02
   277    0.7577526630E-01
   278    0.8961545271E-02
   279   -0.2504553449E+00
   280    0.1437423239E+00
   281    0.1280468178E+00
   282   -0.5681621260E-01
   283   -0.3201779153E-01
   284    0.1824751413E-01
   285    0.2274152665E-02
   286   -0.5502565063E-02
   287    0.1894471297E-01
   288    0.1108553008E-01
   289   -0.1393146574E-01
   290    0.2122390287E-02
   291    0.1905292994E-01
   292    0.4931311598E-02
   293   -0.6998763313E-02
   294    0.4944663333E-02
   295    0.1288660876E-01
   296    0.2300006431E-02
   297   -0.3972198824E-01
   298    0.1142592105E-01
   299    0.3620539954E-01
   300    0.6568830886E-02
   301   -0.2398775365E-02
   302   -0.3605093468E-02
   303    0.7615976358E-03
   304    0.3916401062E-02
   305    0.5105575068E-02
   306    0.5798386751E-02
   307    0.1548458764E-02
   308   -0.1123545147E-02
   309    0.2309133418E-02
   310    0.4124555046E-02
   311    0.1803119385E-02
   312    0.6379620858E-03
   313    0.3351137134E-02
   314    0.1856280024E-02
   315   -0.1976788569E-03
   316    0.1772608318E-02
   317    0.2862916588E-02
   318    0.1322962849E-02
   319    0.5239839254E-03
   320    0.1525020231E-02
   321    0.1206808650E-02
   322    0.8359082646E-03
   323    0.1091990223E-02
   324    0.9804428535E-03
   325    0.5420587618E-03
   326    0.4828563129E-03
   327    0.6592612362E-03
   328    0.8514349029E-03
   329    0.7775936503E-03
   330    0.3410362473E-03
   331    0.3656928225E-03
   332    0.4295769545E-03
   333    0.3922573675E-03
   334    0.4873303881E-03
   335    0.2784258832E-03
   336    0.1346857354E-03
   337    0.2635783564E-03
   338    0.2857807114E-03
   339    0.2338715882E-03
   340    0.1436997322E-03
   341    0.9667257548E-04
   342    0.2043449271E-03
   343    0.1745569601E-03
   344    0.8776171238E-04
   345    0.1168448299E-03
   346    0.1210320468E-03
   347    0.4221617524E-04
   348    0.5430294348E-04
   349    0.1041252936E-03
   350    0.4604092510E-04
   351    0.3759635986E-04
   352    0.5453858069E-04
   353    0.3916153576E-04
   354    0.3613817829E-04
   355    0.2901754121E-04
   356    0.2499006114E-04
   357    0.1998949184E-04
   358    0.1937079356E-04
   359    0.1815705477E-04
   360    0.1449188412E-04
   361    0.1792726262E-04
   362    0.1274776249E-04
   363    0.6119029209E-05
   364    0.8926802715E-05
   365    0.8265581162E-05
   366    0.3576780489E-05
   367    0.5104590013E-05
   368    0.6182860139E-05
   369    0.5174561322E-05
   370    0.3129791616E-05
   371    0.2454932018E-05
   372    0.2633143721E-05
   373    0.2004935093E-05
   374    0.1854168009E-05
   375    0.1713042131E-05
   376    0.1663637542E-05
   377    0.1022337940E-05
   378    0.8046189075E-06
   379    0.7930866900E-06
   380    0.7149289902E-06
   381    0.6737379335E-06
   382    0.4190459739E-06
   383    0.3240646080E-06
   384    0.3863161062E-06
   385    0.3616032352E-06
   386    0.2565195506E-06
   387    0.2257112081E-06
   388    0.1634384048E-06
   389    0.1112557378E-06
   390    0.1124342011E-06
   391    0.1116180336E-06
   392    0.1018703674E-06
   393    0.7249485123E-07
   394    0.4776904561E-07
   395    0.3875817761E-07
   396    0.3750451638E-07
   397    0.3974273532E-07
   398    0.3065104071E-07
   399    0.1991912368E-07
   400    0.1868713717E-07
   401    0.1503376421E-07
   402    0.1050417911E-07
   403    0.1095844426E-07
   404    0.8809754704E-08
   405    0.6529188884E-08
   406    0.5324491958E-08
   407    0.4852520080E-08
   408    0.3117866854E-08
   409    0.2542101529E-08
   410    0.3404358601E-08
   411    0.2484099815E-08
   412    0.1109245307E-08
   413    0.1196691218E-08
   414    0.1098088620E-08
   415    0.8364774984E-09
   416    0.7331972807E-09
   417    0.5090641242E-09
   418    0.4610776483E-09
   419    0.3841543195E-09
   420    0.2460862625E-09
   421    0.2685554001E-09
   422    0.2049851400E-09
   423    0.1199798316E-09
   424    0.1076753964E-09
   425    0.1094826729E-09
   426    0.7877667962E-10
   427    0.5057798624E-10
   428    0.4785766228E-10
   429    0.3738362397E-10
   430    0.3189018494E-10
   431    0.2641473151E-10
   432    0.1473532407E-10
   433    0.1440647601E-10
   434    0.1314701126E-10
   435    0.8972378396E-11
   436    0.7210093633E-11
   437    0.5535127912E-11
   438    0.4197586723E-11
   439    0.3673783500E-11
   440    0.2511546526E-11
   441    0.1923072812E-11
   442    0.1849465026E-11
   443    0.1433297925E-11
   444    0.9260647804E-12
   445    0.6671607711E-12
   446    0.5632161404E-12
   447    0.4775346785E-12
   448    0.4116706975E-12
   449    0.2776667785E-12
   450    0.2036149027E-12
   451    0.1649513859E-12
   452    0.1258160243E-12
   453    0.9214851104E-13
   454    0.7782663403E-13
   455    0.5839773110E-13
   456    0.4959921363E-13
   457    0.3597122600E-13
   458    0.2065014826E-13
   459    0.2065014826E-13
   460    0.1637578961E-13
   461    0.9769962617E-14
   462    0.8326672685E-14
   463    0.7549516567E-14
   464    0.4329869796E-14
   465    0.2664535259E-14
   466    0.3413935801E-14
   467    0.1276756478E-14
   468    0.2414735079E-14
   469    0.1776356839E-14
   470    0.1582067810E-14
   471    0.1193489751E-14
   472   -0.7494005416E-15
   473   -0.2220446049E-15
   474    0.2220446049E-15
   475    0.4440892099E-15
   476   -0.2220446049E-15
   477    0.4440892099E-15
   478    0.3330669074E-15
   479    0.0000000000E+00
   480    0.2220446049E-15
   481    0.0000000000E+00
   482    0.0000000000E+00
   483    0.2220446049E-15
   484    0.3330669074E-15
   485    0.0000000000E+00
   486    0.1110223025E-15
   487    0.2220446049E-15
   488    0.0000000000E+00
   489   -0.6661338148E-15
   490    0.2220446049E-15
   491    0.2220446049E-15
   492    0.0000000000E+00
   493    0.0000000000E+00
   494   -0.5551115123E-15
   495    0.2220446049E-15
   496    0.0000000000E+00
   497    0.0000000000E+00
   498    0.5551115123E-15
   499    0.0000000000E+00
   500    0.3571428571E+01
   501    0.3571428571E+01
   502    0.0000000000E+00
