    -1   -0.1793570623E+01
     0   -0.5466926400E+01
     1    0.4164153971E-01
     2    0.1490253014E+00
     3   -0.1004540249E+00
     4    0.9399700021E-01
     5    0.4395235128E-01
     6    0.5734567630E-01
     7   -0.6224012895E-01
     8    0.7858388891E-01
     9    0.1572241766E-01
    10    0.2401044078E-01
    11    0.5858723562E-01
    12   -0.3349985973E-01
    13    0.2772328665E-01
    14    0.3650546120E-01
    15   -0.7837695812E-01
    16   -0.4047442363E-01
    17    0.1628051815E+00
    18   -0.2244213935E+00
    19    0.6661493126E-01
    20    0.1194688700E+00
    21   -0.2643493871E+00
    22    0.3195369994E-01
    23    0.1482536968E+00
    24   -0.2814232362E+00
    25    0.1906633398E-02
    26    0.1755166616E+00
    27   -0.2848874182E+00
    28   -0.1644496844E-01
    29    0.1960436708E+00
    30   -0.2741892960E+00
    31   -0.2146000808E-01
    32    0.2076596510E+00
    33   -0.2604986091E+00
    34   -0.6579335882E-02
    35    0.1193699422E+00
    36   -0.1222072119E+00
    37    0.7529621483E-01
    38    0.3353342506E-01
    39   -0.8011306009E-01
    40    0.8664522586E-01
    41    0.1941595163E-01
    42   -0.7459396351E-01
    43    0.1641088384E+00
    44   -0.4983119018E-01
    45    0.6492664213E-01
    46    0.9288816556E-01
    47   -0.6909610565E-01
    48    0.1087472758E+00
    49    0.7966785245E-01
    50   -0.9416309407E-01
    51    0.1420496650E+00
    52    0.1654525459E-01
    53   -0.6240917177E-01
    54    0.1104020336E+00
    55    0.5951727407E-01
    56   -0.9105685168E-01
    57    0.8918251791E-01
    58    0.3917736113E-01
    59   -0.1087976479E+00
    60    0.7497462169E-01
    61   -0.6735738773E-01
    62    0.3436013164E-01
    63   -0.6245932805E-01
    64    0.5708765736E-01
    65   -0.6834450718E-01
    66   -0.6471813757E-01
    67    0.3594057123E-01
    68   -0.7426543347E-01
    69   -0.6407687779E-01
    70    0.1876015425E-01
    71   -0.7021452487E-01
    72   -0.5809495652E-01
    73    0.8514222383E-02
    74   -0.6015670382E-01
    75   -0.4368740318E-01
    76    0.3531556624E-02
    77   -0.4662348955E-01
    78   -0.2017737034E-01
    79   -0.5247260069E-01
    80    0.1020213380E-01
    81    0.2793566855E-01
    82   -0.3107779777E-01
    83    0.3504129901E-01
    84    0.2253109705E-01
    85   -0.3284536703E-01
    86    0.5880406713E-01
    87    0.4656186372E-01
    88   -0.5701318632E-01
    89    0.8160622366E-01
    90    0.9910982153E-01
    91   -0.5223544863E-01
    92    0.7994827364E-01
    93    0.9018232554E-01
    94   -0.6159291671E-01
    95    0.8883131146E-01
    96    0.4869210408E-01
    97   -0.3612768094E-01
    98    0.7456751920E-01
    99    0.8518151234E-01
   100   -0.7863761251E-01
   101    0.6159418818E-01
   102    0.6423711084E-01
   103   -0.8529621457E-01
   104    0.4603274353E-01
   105    0.1216076727E-01
   106   -0.8471280267E-01
   107    0.7586094821E-02
   108    0.6471549317E-01
   109   -0.8641824753E-01
   110   -0.2352114294E-01
   111    0.9355150143E-02
   112   -0.9045799767E-01
   113    0.4687853922E-02
   114   -0.3983147054E-01
   115   -0.9207074850E-01
   116    0.4136299504E-01
   117   -0.7817283686E-01
   118   -0.9183672183E-01
   119    0.8313438080E-01
   120   -0.1004491021E+00
   121   -0.9376258937E-01
   122    0.1287537556E+00
   123   -0.1115587415E+00
   124   -0.1257067225E+00
   125    0.1509419817E+00
   126   -0.4019609089E-01
   127   -0.6101293553E-01
   128    0.1061817924E+00
   129   -0.8459078791E-02
   130   -0.7874914841E-01
   131    0.1335862956E+00
   132    0.2916531519E-01
   133   -0.1002658501E+00
   134    0.1503647292E+00
   135    0.2504155311E-01
   136   -0.1630585667E-01
   137    0.9755307881E-01
   138    0.4047791541E-01
   139   -0.2303580908E-01
   140    0.4662987104E-01
   141    0.1514698993E+00
   142   -0.1337910461E+00
   143    0.9321782572E-01
   144    0.1283362688E+00
   145   -0.1192072031E+00
   146    0.3815102886E-01
   147    0.1189929811E+00
   148   -0.9242631374E-01
   149   -0.2376354849E-01
   150    0.9754234262E-01
   151   -0.1500972042E+00
   152    0.1041288100E+00
   153   -0.8574778158E-01
   154   -0.1490261300E-01
   155    0.5301767253E-01
   156   -0.1479798654E+00
   157    0.1131928794E-01
   158    0.2774341133E-01
   159   -0.1691615085E+00
   160    0.3194868408E-01
   161    0.1522811675E-01
   162   -0.1801235702E+00
   163    0.4690761811E-01
   164    0.1888311767E-01
   165   -0.1747211177E+00
   166    0.5592364561E-01
   167   -0.2078043475E-01
   168   -0.1680308458E+00
   169    0.2084447438E+00
   170   -0.1332275298E+00
   171   -0.5113482193E-01
   172    0.1581905528E+00
   173   -0.1066577605E+00
   174   -0.2879919183E-01
   175    0.9593987109E-01
   176   -0.1057114723E+00
   177    0.1194616222E+00
   178    0.9794858658E-01
   179   -0.2192574203E-01
   180    0.3036666108E-01
   181    0.6866893959E-01
   182    0.2029365192E-01
   183    0.1494449817E-01
   184    0.5238658048E-01
   185    0.5802083054E-01
   186   -0.1402353527E-01
   187    0.2483453910E-01
   188    0.8970122972E-01
   189   -0.3444366646E-01
   190   -0.1739610161E-01
   191    0.9644125253E-01
   192   -0.6427075546E-01
   193   -0.3442043191E-01
   194    0.6009356250E-01
   195   -0.3683470884E-01
   196    0.2166269914E-01
   197   -0.5171519095E-01
   198   -0.3236277198E-01
   199   -0.1671114938E-01
   200   -0.4267147933E-01
   201   -0.4006829392E-01
   202   -0.1084544588E-01
   203   -0.3924293971E-01
   204   -0.4113864124E-01
   205    0.1148461996E-01
   206   -0.4964592547E-01
   207   -0.9588176384E-01
   208    0.1901637666E-01
   209    0.5050753298E-01
   210   -0.7294781435E-01
   211    0.1495111689E-01
   212    0.4057751137E-01
   213   -0.1118854048E+00
   214    0.1099893554E-01
   215    0.1719567669E+00
   216   -0.5109113208E-01
   217   -0.4057164237E-02
   218    0.9148172206E-01
   219   -0.3865544930E-01
   220    0.3851252117E-01
   221    0.9506026962E-01
   222   -0.3934068554E-01
   223    0.6614325659E-01
   224    0.7365125523E-01
   225   -0.5599079252E-01
   226    0.1166996717E+00
   227    0.9019294530E-01
   228   -0.8542902380E-01
   229    0.2934430843E-01
   230    0.1676909434E+00
   231   -0.5880313424E-01
   232   -0.5866119506E-01
   233    0.3507847598E-01
   234   -0.6547524271E-02
   235    0.6960225208E-01
   236    0.1550255289E+00
   237   -0.4166652192E-01
   238   -0.1438478180E+00
   239   -0.1188855760E+00
   240    0.5415151121E-01
   241    0.2301173750E+00
   242    0.1074764737E+00
   243   -0.1319325242E+00
   244   -0.2303267029E+00
   245   -0.1280921660E+00
   246    0.1645049071E+00
   247    0.2894728667E+00
   248   -0.1092316231E+00
   249   -0.1102699570E+00
   250   -0.9553257932E-01
   251   -0.1020562441E+00
   252   -0.4968050331E-01
   253    0.2423707289E+00
   254    0.3807442218E-01
   255   -0.1816470828E+00
   256    0.4314956101E-02
   257    0.3124916234E-03
   258   -0.7889803078E-01
   259    0.2142137513E-01
   260   -0.8865211499E-02
   261   -0.6701360659E-01
   262    0.8224061085E-02
   263    0.1016310892E-03
   264   -0.3224617780E-01
   265    0.1471379081E-01
   266   -0.2052955167E-01
   267   -0.6031488601E-01
   268    0.1835537507E-01
   269    0.1121748929E-01
   270   -0.3846733785E-01
   271   -0.4213223105E-01
   272    0.6409742371E-02
   273    0.2697436143E-01
   274    0.3512737738E-02
   275   -0.2823947925E-01
   276   -0.2064923612E-01
   277    0.1560549149E-01
   278   -0.7202984667E-02
   279   -0.1623018538E-01
   280    0.1018209668E-01
   281   -0.1032980580E-01
   282   -0.1333302107E-01
   283    0.1004614502E-01
   284   -0.1041014480E-01
   285   -0.1029948065E-01
   286    0.2228437983E-01
   287    0.1323936043E-01
   288   -0.2674462397E-01
   289   -0.5283548902E-01
   290    0.6282706624E-01
   291    0.8561528708E-02
   292   -0.9705795664E-02
   293    0.2042390729E-02
   294    0.4542332346E-02
   295    0.5453477777E-04
   296    0.4278449788E-02
   297    0.8472865165E-02
   298    0.2099904784E-02
   299   -0.1563135476E-02
   300    0.6266420159E-02
   301    0.7934668195E-02
   302    0.2295285042E-02
   303   -0.1100266226E-04
   304    0.5498615621E-02
   305    0.6291871236E-02
   306    0.6739429625E-03
   307   -0.1645227943E-01
   308    0.1468656590E-01
   309    0.1196620326E-01
   310    0.5868572377E-02
   311    0.1598577545E-02
   312    0.1822440181E-03
   313    0.2590329568E-02
   314    0.3375460916E-02
   315    0.4025616898E-02
   316    0.3780977388E-02
   317    0.1826572568E-02
   318    0.9773228521E-03
   319    0.2602757702E-02
   320    0.3075727357E-02
   321    0.1684125453E-02
   322    0.1571657088E-02
   323    0.2606807542E-02
   324    0.1552969804E-02
   325    0.8475193238E-03
   326    0.1901368165E-02
   327    0.2018607887E-02
   328    0.1141204572E-02
   329    0.1011104447E-02
   330    0.1399824535E-02
   331    0.1051423697E-02
   332    0.9302113832E-03
   333    0.1057236576E-02
   334    0.8337221806E-03
   335    0.6380625453E-03
   336    0.6742463300E-03
   337    0.6555298977E-03
   338    0.7118348002E-03
   339    0.6343684306E-03
   340    0.4100641338E-03
   341    0.4187910817E-03
   342    0.4174285454E-03
   343    0.4050499359E-03
   344    0.3901613016E-03
   345    0.2662218660E-03
   346    0.2240538980E-03
   347    0.2688468122E-03
   348    0.2411385374E-03
   349    0.2127315988E-03
   350    0.1560691398E-03
   351    0.1348081650E-03
   352    0.1800770571E-03
   353    0.1398720604E-03
   354    0.9783482274E-04
   355    0.1156052429E-03
   356    0.9805743335E-04
   357    0.5714223203E-04
   358    0.7160569108E-04
   359    0.7862008299E-04
   360    0.4681130973E-04
   361    0.4643231750E-04
   362    0.4711654883E-04
   363    0.3795455262E-04
   364    0.3393400237E-04
   365    0.2823397345E-04
   366    0.2468206164E-04
   367    0.2139870878E-04
   368    0.1894990471E-04
   369    0.1700691159E-04
   370    0.1525908176E-04
   371    0.1443097141E-04
   372    0.1113844277E-04
   373    0.8157200200E-05
   374    0.8604536770E-05
   375    0.7144144339E-05
   376    0.5043925796E-05
   377    0.5352554628E-05
   378    0.5235688959E-05
   379    0.4371650311E-05
   380    0.3009577825E-05
   381    0.2756189215E-05
   382    0.2497785907E-05
   383    0.2003288922E-05
   384    0.1805094220E-05
   385    0.1607870865E-05
   386    0.1418813817E-05
   387    0.1020225223E-05
   388    0.8631009505E-06
   389    0.7876955478E-06
   390    0.6969472511E-06
   391    0.5829288533E-06
   392    0.4331814861E-06
   393    0.3705989059E-06
   394    0.3596044782E-06
   395    0.3100876871E-06
   396    0.2425076769E-06
   397    0.2041635520E-06
   398    0.1576872520E-06
   399    0.1272359125E-06
   400    0.1131244161E-06
   401    0.1032572465E-06
   402    0.8780160299E-07
   403    0.6654230156E-07
   404    0.5045944765E-07
   405    0.4217643701E-07
   406    0.3827761375E-07
   407    0.3469487214E-07
   408    0.2674926325E-07
   409    0.2033182039E-07
   410    0.1805574931E-07
   411    0.1405030803E-07
   412    0.1116283010E-07
   413    0.1036603148E-07
   414    0.8002337903E-08
   415    0.6346523418E-08
   416    0.5356853405E-08
   417    0.4409009435E-08
   418    0.3200156529E-08
   419    0.2827773682E-08
   420    0.2822324818E-08
   421    0.1979768238E-08
   422    0.1319302112E-08
   423    0.1253876725E-08
   424    0.1002756156E-08
   425    0.8173220711E-09
   426    0.6735028091E-09
   427    0.5040075024E-09
   428    0.4443363733E-09
   429    0.3410078886E-09
   430    0.2613433081E-09
   431    0.2403451604E-09
   432    0.1790361193E-09
   433    0.1267484451E-09
   434    0.1113111270E-09
   435    0.9668332801E-10
   436    0.7069192454E-10
   437    0.5306563522E-10
   438    0.4565392508E-10
   439    0.3534386672E-10
   440    0.2961356160E-10
   441    0.2303868207E-10
   442    0.1574709807E-10
   443    0.1432418073E-10
   444    0.1146718831E-10
   445    0.8481271241E-11
   446    0.6876749170E-11
   447    0.5206279852E-11
   448    0.4110739527E-11
   449    0.3378297642E-11
   450    0.2416067346E-11
   451    0.1941252714E-11
   452    0.1677546990E-11
   453    0.1245226144E-11
   454    0.8968659149E-12
   455    0.6902811656E-12
   456    0.5568878692E-12
   457    0.4505285034E-12
   458    0.3602951271E-12
   459    0.2619016115E-12
   460    0.1978139874E-12
   461    0.1557087792E-12
   462    0.1191269305E-12
   463    0.9112155475E-13
   464    0.7105427358E-13
   465    0.5612177389E-13
   466    0.4418687638E-13
   467    0.3141931160E-13
   468    0.2328692794E-13
   469    0.2065014826E-13
   470    0.1310063169E-13
   471    0.9103828802E-14
   472    0.9547918012E-14
   473    0.5329070518E-14
   474    0.3719247132E-14
   475    0.3996802889E-14
   476    0.2248201625E-14
   477    0.2081668171E-14
   478    0.1554312234E-14
   479    0.1776356839E-14
   480    0.8326672685E-15
   481    0.1776356839E-14
   482    0.2775557562E-15
   483    0.9992007222E-15
   484    0.2220446049E-15
   485    0.4440892099E-15
   486   -0.6661338148E-15
   487    0.2220446049E-15
   488    0.0000000000E+00
   489    0.0000000000E+00
   490    0.2220446049E-15
   491    0.0000000000E+00
   492    0.0000000000E+00
   493    0.2220446049E-15
   494    0.0000000000E+00
   495    0.0000000000E+00
   496    0.2220446049E-15
   497    0.0000000000E+00
   498    0.0000000000E+00
   499    0.0000000000E+00
   500    0.3571428571E+01
   501    0.3571428571E+01
   502    0.0000000000E+00
