    -1    0.0000000000E+00
     0   -0.3972176648E+01
     1   -0.1468534263E+01
     2    0.1800711141E+00
     3   -0.1290759108E+01
     4   -0.1771449586E+00
     5   -0.7130404760E+00
     6   -0.2320245059E+00
     7    0.1130666433E+00
     8    0.1610112814E+01
     9   -0.5321066688E+00
    10    0.4146778389E+01
    11   -0.7856621064E+00
    12   -0.2175499109E+01
    13   -0.2393370476E+01
    14    0.1390939166E+01
    15   -0.3901290579E+00
    16   -0.1276254352E+00
    17   -0.2520163362E+01
    18    0.5561553015E+01
    19   -0.2456830022E+01
    20   -0.5207833577E+01
    21    0.3840303737E+01
    22    0.2713033854E+01
    23    0.1863338038E+01
    24   -0.3317637964E+01
    25    0.6336065330E+00
    26    0.4831599867E+00
    27   -0.4390675331E+01
    28   -0.4286010397E+00
    29    0.3210197474E+01
    30    0.2011769211E+01
    31   -0.1095906832E+01
    32   -0.2157456165E+01
    33    0.4837499573E+01
    34   -0.3734030881E+00
    35    0.1341630542E+01
    36   -0.7502359780E+01
    37    0.2655564887E+01
    38    0.3589536744E+00
    39   -0.9381480225E+00
    40    0.1901262442E+01
    41   -0.3917558736E+00
    42    0.5889632094E+00
    43   -0.1129490433E+01
    44    0.8795348715E+00
    45   -0.6572650520E+00
    46    0.9267453996E+00
    47   -0.8166041684E+00
    48    0.1241366526E+01
    49   -0.1086028122E+01
    50    0.1555515409E+01
    51   -0.3062808907E+01
    52    0.7049729144E+00
    53    0.3268435844E+01
    54   -0.2732513954E+01
    55    0.3917221311E+01
    56   -0.3173219662E+01
    57   -0.1156235374E+01
    58    0.1004650124E+01
    59   -0.1782989374E+01
    60   -0.5660344195E+00
    61   -0.3824631717E+01
    62    0.6091504252E+01
    63    0.5619356947E+00
    64   -0.3388397026E+01
    65   -0.2897193016E+01
    66    0.2730472924E+01
    67    0.2465502420E+01
    68   -0.3441695004E+01
    69   -0.1287419849E+01
    70    0.2851282547E+01
    71   -0.1500024341E+00
    72    0.2705143218E+01
    73   -0.2183624329E+01
    74    0.3344659501E+01
    75   -0.2129371208E+01
    76    0.9818503632E+00
    77   -0.1720840699E+00
    78   -0.1580818252E+01
    79    0.2541395357E+01
    80   -0.3849243185E+01
    81    0.6114879599E+01
    82   -0.3128886278E+01
    83   -0.3602479509E+00
    84   -0.5310457173E+00
    85    0.3912983849E+01
    86   -0.1014901119E+00
    87   -0.1029661849E+01
    88   -0.3345935417E+01
    89    0.4727823126E+01
    90   -0.1336915075E+01
    91    0.1773731708E+01
    92   -0.2307013756E+01
    93    0.1518515663E+01
    94   -0.2464798311E+01
    95    0.3155330251E+01
    96   -0.3625854958E+01
    97    0.1767082119E+01
    98   -0.1246541198E+01
    99   -0.2297805208E+00
   100    0.2037395994E+01
   101    0.2811370185E+00
   102   -0.1255946593E+01
   103   -0.2152607186E+01
   104    0.1706572722E+00
   105    0.1931037733E+01
   106   -0.4339342834E+01
   107    0.2381977711E+01
   108   -0.1099915761E+01
   109    0.1110426055E+01
   110   -0.3315107328E+01
   111    0.2421341193E+00
   112    0.2479378652E+01
   113    0.5166928454E+00
   114   -0.3151770945E+01
   115    0.2527118673E+01
   116   -0.2301814505E+01
   117    0.4884241601E+01
   118    0.3115293990E+01
   119   -0.5087677279E+01
   120   -0.2277932734E+01
   121   -0.2760264096E+01
   122    0.5466243025E+01
   123    0.5400457495E+00
   124    0.2358142855E+01
   125   -0.2779952120E+01
   126   -0.2719389857E+00
   127   -0.3189002761E+01
   128    0.1963954178E+01
   129    0.8978640451E+00
   130    0.6459572751E+00
   131   -0.3028714341E+01
   132   -0.1001795944E+01
   133    0.4331747470E+01
   134    0.3264106863E+01
   135   -0.4128426013E+01
   136   -0.8380139827E+00
   137   -0.1382800393E+01
   138    0.4037088117E+00
   139   -0.6428745635E+00
   140    0.3991350155E+01
   141    0.2893519102E+00
   142    0.1812664293E+01
   143   -0.1286126210E+01
   144   -0.6501275509E+00
   145   -0.2448912787E+01
   146    0.3394936867E+01
   147   -0.3542883190E+01
   148    0.1518795470E+01
   149    0.1558873604E+01
   150    0.1818186247E+01
   151   -0.1610525819E+01
   152   -0.3417246711E+01
   153    0.4818667799E+01
   154   -0.2504154187E+00
   155   -0.6455482165E+00
   156   -0.7135017761E+00
   157    0.1246868078E+01
   158    0.1583697673E+01
   159   -0.7254917610E+00
   160   -0.2174767348E+00
   161   -0.2826927801E+00
   162   -0.3813856734E+01
   163    0.5743274028E+01
   164   -0.1071639432E+01
   165   -0.1722696167E+01
   166    0.2356932602E+00
   167   -0.1092793628E+01
   168    0.2353038176E+01
   169   -0.8053786621E+00
   170    0.5376635113E+00
   171   -0.6456801365E+00
   172   -0.1317523049E+01
   173    0.7603342783E+00
   174    0.2108844231E+01
   175   -0.3942452506E+01
   176    0.1441665779E+01
   177   -0.1223788908E+01
   178    0.7897780827E+00
   179   -0.2453696485E+01
   180   -0.1551619992E+01
   181    0.1814006055E+01
   182    0.2175861859E+01
   183   -0.2072059458E+01
   184    0.1965431597E+01
   185   -0.1220108243E+01
   186    0.6638543546E+00
   187   -0.1369609938E+02
   188    0.3239216774E+01
   189    0.4733209870E+01
   190    0.2475243065E+01
   191   -0.3664600375E+01
   192    0.4079944220E+01
   193   -0.4139479374E+01
   194    0.3833575740E+01
   195   -0.7594272890E+00
   196    0.3232874347E+01
   197    0.1152097181E+01
   198   -0.1158313513E+01
   199   -0.1841650940E+01
   200   -0.4193045768E+00
   201    0.3691501353E+01
   202    0.8941985044E+00
   203   -0.2505402571E+01
   204    0.2547203012E+00
   205   -0.7892101689E+00
   206    0.1696077721E+01
   207    0.2727555003E+00
   208    0.2018325758E+00
   209   -0.1867202813E+01
   210    0.5378119828E+00
   211    0.5672557484E+00
   212    0.1180529394E+01
   213   -0.5922364022E+00
   214   -0.2515887082E+01
   215    0.7363924036E+00
   216    0.1948033517E+01
   217    0.1204281098E+00
   218   -0.2673343509E+01
   219    0.1940810543E+01
   220   -0.2118927398E+00
   221    0.1328399175E+01
   222   -0.2091131597E+01
   223   -0.7970259309E+00
   224   -0.1025748691E+01
   225    0.1094415782E+01
   226    0.1285055212E+01
   227   -0.1199428564E+01
   228   -0.4534125498E+01
   229   -0.4618902113E+00
   230    0.4412334578E+01
   231    0.1324761445E+01
   232   -0.1361519576E+01
   233   -0.6558165330E+00
   234    0.1066415967E+01
   235   -0.3519172302E+00
   236    0.9548167769E+00
   237    0.9663926178E+00
   238   -0.2112925383E+01
   239    0.4758691315E+00
   240    0.1204641024E+01
   241   -0.1949282852E+01
   242    0.6652332142E+00
   243    0.1490924703E+01
   244   -0.1797115003E+01
   245   -0.1187336287E+01
   246    0.1419160775E+01
   247    0.1237769226E+01
   248   -0.1080784346E+01
   249   -0.1440760956E+01
   250    0.6666605111E+00
   251    0.1195422239E+01
   252   -0.3599970995E+00
   253   -0.6479614043E+00
   254    0.5698163925E-01
   255    0.2746673146E+00
   256    0.2045760070E-01
   257   -0.8970380717E-01
   258    0.2294823035E-01
   259   -0.3117328830E-01
   260   -0.7561703918E-01
   261    0.1212188151E+00
   262    0.1456341479E+00
   263   -0.2717690701E+00
   264   -0.1158387294E+00
   265    0.5098236723E+00
   266   -0.1095158109E+00
   267   -0.7933500795E+00
   268    0.3882129854E+00
   269    0.3388181819E+00
   270   -0.1651267775E+00
   271   -0.4091567610E-01
   272    0.7158394698E-01
   273   -0.7064254635E-02
   274   -0.1555952315E-01
   275    0.5816458337E-01
   276    0.6654833686E-02
   277   -0.5514857054E-01
   278    0.1189001187E-01
   279    0.5279444089E-01
   280   -0.3691117908E-02
   281   -0.3049128745E-01
   282    0.1147790697E-01
   283    0.4373533535E-01
   284   -0.6362820452E-01
   285   -0.5913494150E-01
   286    0.1030065267E+00
   287    0.2380047518E-01
   288   -0.1375044466E-01
   289   -0.1174318409E-01
   290   -0.2923045824E-02
   291    0.3457992025E-02
   292    0.6161663231E-02
   293    0.9707586667E-02
   294    0.2672996559E-02
   295   -0.3923168430E-02
   296    0.1301614998E-03
   297    0.5419261360E-02
   298    0.3076572671E-02
   299   -0.8980485586E-03
   300    0.3774417537E-02
   301    0.2955032743E-02
   302   -0.1397949229E-02
   303    0.8811744624E-03
   304    0.3758012022E-02
   305    0.2133450265E-02
   306    0.1130424256E-03
   307    0.1212403902E-02
   308    0.1458356804E-02
   309    0.8835598480E-03
   310    0.9926167608E-03
   311    0.1156794701E-02
   312    0.6471234867E-03
   313    0.1429205925E-03
   314    0.4808641565E-03
   315    0.1041325034E-02
   316    0.1056229746E-02
   317    0.3031871740E-03
   318    0.2495795422E-03
   319    0.4501321583E-03
   320    0.3187778609E-03
   321    0.6103544769E-03
   322    0.3806754881E-03
   323    0.4007560057E-05
   324    0.1990267612E-03
   325    0.3536781103E-03
   326    0.2552922360E-03
   327    0.1720380379E-03
   328    0.3351846075E-04
   329    0.1795760852E-03
   330    0.2623256833E-03
   331    0.8379301289E-04
   332    0.9152582586E-04
   333    0.1612622052E-03
   334    0.4396634892E-04
   335    0.1052692767E-04
   336    0.1276574842E-03
   337    0.6733089469E-04
   338    0.1528370871E-04
   339    0.6008893220E-04
   340    0.4586298770E-04
   341    0.3684199379E-04
   342    0.3112535414E-04
   343    0.2582888251E-04
   344    0.1813883649E-04
   345    0.1891332985E-04
   346    0.1934993814E-04
   347    0.1357145603E-04
   348    0.2091165387E-04
   349    0.1686766018E-04
   350    0.4688252904E-05
   351    0.6766244473E-05
   352    0.1087682774E-04
   353    0.2561790699E-05
   354    0.3109165181E-05
   355    0.7396544400E-05
   356    0.6384834188E-05
   357    0.3901229180E-05
   358    0.1863625568E-05
   359    0.2599286275E-05
   360    0.2105300784E-05
   361    0.1875478982E-05
   362    0.1794199457E-05
   363    0.1927118609E-05
   364    0.1224971709E-05
   365    0.6776765071E-06
   366    0.7225581582E-06
   367    0.7496600716E-06
   368    0.7866532632E-06
   369    0.4262110490E-06
   370    0.2687467818E-06
   371    0.3837732202E-06
   372    0.4149819619E-06
   373    0.2970132446E-06
   374    0.2546269364E-06
   375    0.1742175784E-06
   376    0.9573776083E-07
   377    0.1035099571E-06
   378    0.1110693695E-06
   379    0.1249596264E-06
   380    0.8634092019E-07
   381    0.4401971151E-07
   382    0.3309975338E-07
   383    0.3441948881E-07
   384    0.4343818269E-07
   385    0.3813999627E-07
   386    0.2095685603E-07
   387    0.1715505293E-07
   388    0.1765788377E-07
   389    0.1000707364E-07
   390    0.9975885590E-08
   391    0.1060414179E-07
   392    0.7008080949E-08
   393    0.4923549568E-08
   394    0.5395265373E-08
   395    0.3371897650E-08
   396    0.1815870537E-08
   397    0.3805529447E-08
   398    0.3578108004E-08
   399    0.9499512288E-09
   400    0.8752236158E-09
   401    0.1297997765E-08
   402    0.8354790193E-09
   403    0.7890463283E-09
   404    0.5603661979E-09
   405    0.4363531758E-09
   406    0.4579570889E-09
   407    0.2306997926E-09
   408    0.2822604372E-09
   409    0.2517452913E-09
   410    0.1215208489E-09
   411    0.9290054837E-10
   412    0.1189499610E-09
   413    0.9608255858E-10
   414    0.4902134254E-10
   415    0.4624067795E-10
   416    0.4142752807E-10
   417    0.3361919076E-10
   418    0.3132138993E-10
   419    0.1512923120E-10
   420    0.1228983582E-10
   421    0.1568753460E-10
   422    0.9975575921E-11
   423    0.7362499499E-11
   424    0.6239453398E-11
   425    0.4102246320E-11
   426    0.3955530348E-11
   427    0.2864153359E-11
   428    0.1760591672E-11
   429    0.1955102746E-11
   430    0.1761923940E-11
   431    0.1010747042E-11
   432    0.6281641873E-12
   433    0.5350997423E-12
   434    0.5022371408E-12
   435    0.4725941860E-12
   436    0.3247679903E-12
   437    0.2056410597E-12
   438    0.1705302566E-12
   439    0.1376121439E-12
   440    0.9414691249E-13
   441    0.7882583475E-13
   442    0.6489253579E-13
   443    0.5595524044E-13
   444    0.4185540803E-13
   445    0.1970645869E-13
   446    0.2042810365E-13
   447    0.1776356839E-13
   448    0.9797718192E-14
   449    0.9547918012E-14
   450    0.7327471963E-14
   451    0.4662936703E-14
   452    0.4440892099E-14
   453    0.3108624469E-14
   454    0.2220446049E-14
   455    0.1332267630E-14
   456    0.1387778781E-14
   457    0.1249000903E-14
   458    0.1332267630E-14
   459    0.1387778781E-15
   460    0.4440892099E-15
   461    0.8881784197E-15
   462    0.1554312234E-14
   463    0.8881784197E-15
   464    0.2220446049E-15
   465    0.2220446049E-15
   466    0.2220446049E-15
   467    0.2220446049E-15
   468   -0.6661338148E-15
   469   -0.6661338148E-15
   470    0.0000000000E+00
   471    0.0000000000E+00
   472    0.2220446049E-15
   473    0.0000000000E+00
   474    0.0000000000E+00
   475    0.2220446049E-15
   476    0.2220446049E-15
   477    0.0000000000E+00
   478    0.2220446049E-15
   479    0.0000000000E+00
   480    0.1110223025E-15
   481    0.2220446049E-15
   482    0.0000000000E+00
   483    0.3330669074E-15
   484    0.2220446049E-15
   485    0.0000000000E+00
   486   -0.5551115123E-15
   487    0.0000000000E+00
   488    0.2220446049E-15
   489    0.2220446049E-15
   490    0.0000000000E+00
   491   -0.8881784197E-15
   492    0.3330669074E-15
   493    0.2220446049E-15
   494    0.2220446049E-15
   495    0.0000000000E+00
   496    0.2220446049E-15
   497   -0.1110223025E-15
   498    0.2220446049E-15
   499    0.4440892099E-15
   500    0.3571428571E+01
   501    0.3571428571E+01
   502    0.0000000000E+00
