    -1    0.0000000000E+00
     0   -0.2892836502E+01
     1   -0.5858314987E+00
     2   -0.5837258832E+00
     3   -0.1901190001E+01
     4    0.2097157083E+01
     5   -0.5786159226E+01
     6    0.2969209243E+00
     7    0.6320704536E+01
     8    0.1658377442E+01
     9   -0.3937518715E+01
    10   -0.3162613004E+01
    11    0.1920543830E+01
    12    0.9526126867E+00
    13    0.1147703420E+01
    14   -0.1789396824E+01
    15   -0.1238682979E+01
    16    0.2808451811E+01
    17   -0.7472541044E+01
    18   -0.2366102622E+01
    19    0.1291385275E+01
    20    0.7131112878E+01
    21   -0.5046863658E+01
    22   -0.2039695239E+01
    23    0.4236463635E+01
    24    0.5814751083E-02
    25    0.1826453431E+01
    26    0.1972253571E+01
    27   -0.5555431607E+01
    28    0.6612793656E+01
    29   -0.2987414009E+01
    30   -0.3272796136E+01
    31    0.3112170214E+01
    32   -0.1493165173E+01
    33    0.2378308413E+01
    34    0.7832897278E+00
    35    0.1099809494E+01
    36   -0.4265378318E+00
    37   -0.2611657820E+00
    38    0.2187605660E+01
    39   -0.2587987877E+01
    40    0.2201024030E+01
    41   -0.3649681515E+01
    42    0.2427056845E+01
    43   -0.1012656274E+00
    44   -0.2401869670E+01
    45    0.4321561467E+01
    46    0.4416969173E+00
    47   -0.1238470860E+01
    48   -0.3214419946E+01
    49   -0.2301955653E+01
    50    0.7124676238E+01
    51   -0.3320229721E+01
    52    0.1836736481E+01
    53   -0.8469781690E-01
    54   -0.1331402798E+01
    55    0.9281825378E+00
    56   -0.2187059179E+00
    57   -0.2276900554E+01
    58   -0.9503058835E+00
    59    0.4254655682E+01
    60   -0.4055027946E+01
    61    0.4434628407E+01
    62   -0.5083701250E+00
    63   -0.1870841649E+01
    64   -0.1651013373E+01
    65   -0.1658240869E+00
    66   -0.4080739393E+01
    67    0.5931606305E+01
    68   -0.2357384093E+01
    69   -0.5094066922E+01
    70    0.2858859319E+01
    71   -0.1554328893E+01
    72   -0.6517025268E-01
    73   -0.2741513609E+01
    74    0.3753857216E+01
    75    0.2494710669E+00
    76   -0.2498048292E+00
    77    0.5732982206E+01
    78   -0.3588513487E+01
    79   -0.4838803843E+00
    80   -0.1363115437E+01
    81    0.5217833158E+01
    82    0.1957701804E+01
    83   -0.3332992811E+01
    84   -0.1116983084E+01
    85    0.1716208935E+01
    86    0.6184677473E+00
    87   -0.1792870062E+01
    88    0.4837900527E+01
    89   -0.2292854264E+01
    90   -0.8874178317E+00
    91   -0.1299361227E+00
    92    0.2415792281E+01
    93   -0.8306300350E+00
    94    0.1207043515E+00
    95   -0.1584321369E+00
    96    0.8964484518E+00
    97   -0.8575208844E+00
    98   -0.4612792480E+00
    99    0.6954424215E+00
   100   -0.4377730451E+00
   101    0.1988402856E+01
   102   -0.7945567204E+00
   103   -0.2692494639E+01
   104    0.2941851678E+01
   105   -0.1229829092E+01
   106   -0.1235735911E+01
   107    0.2529650526E+01
   108   -0.1325456295E+01
   109    0.1525757818E+00
   110   -0.4999806554E+00
   111    0.5634061275E+00
   112   -0.9522703655E+00
   113   -0.3757817168E+00
   114    0.2022751271E+01
   115    0.6482046766E+00
   116   -0.4620205555E+01
   117    0.1076579851E-01
   118    0.5445471788E+01
   119   -0.4670467166E+01
   120    0.1085931079E+00
   121   -0.6246738371E+01
   122    0.4933312892E+01
   123    0.1342442669E+01
   124   -0.2067119732E+01
   125   -0.6256715637E+00
   126   -0.1087651242E+01
   127    0.1498535561E+01
   128   -0.6412732305E+01
   129   -0.1632899807E+01
   130    0.3173694233E+01
   131    0.1493293547E+01
   132    0.7880434128E+00
   133    0.3076694041E+01
   134   -0.3427174619E-02
   135   -0.2943237526E+00
   136   -0.2839742920E+01
   137    0.4200738906E+01
   138   -0.2192674602E+01
   139    0.2570235945E+01
   140    0.1555215244E+01
   141   -0.2720532548E+01
   142    0.2851853842E+01
   143   -0.1088233636E+01
   144    0.1721227473E+01
   145   -0.1462426165E+01
   146    0.1959483393E+01
   147   -0.1760380382E+01
   148    0.1167352301E+01
   149   -0.2500957312E+00
   150   -0.1322730295E-02
   151    0.3994692042E+00
   152    0.1674294857E+00
   153   -0.3136614229E+00
   154    0.6571101314E+00
   155   -0.7003646311E+00
   156    0.8623970861E+00
   157    0.2892613108E+00
   158   -0.1348217903E+01
   159    0.2030382140E+01
   160   -0.1774872093E+01
   161    0.1147563707E+01
   162   -0.1949726915E+00
   163   -0.6058348185E+00
   164    0.1154759777E+01
   165   -0.1291051345E+01
   166    0.4617061252E+00
   167    0.4532188880E+00
   168   -0.9171529461E+00
   169    0.8831518351E+00
   170   -0.7091754054E-01
   171   -0.2895662784E+01
   172    0.3088689782E+01
   173   -0.2006300408E+01
   174    0.7814997551E+00
   175   -0.3034882394E+01
   176    0.3098113957E+01
   177   -0.1031129940E+01
   178   -0.1847753005E+01
   179    0.2014332278E+00
   180    0.8257048878E+00
   181   -0.2226562092E+01
   182    0.1152622597E+01
   183    0.6049942853E+00
   184   -0.4237724486E+01
   185   -0.8362812879E+00
   186   -0.9699710376E+00
   187   -0.5603478365E+01
   188    0.1895160295E+01
   189    0.3638292233E+01
   190    0.2394566982E+01
   191    0.2861799590E+00
   192   -0.4830402708E+00
   193    0.2274967347E+01
   194    0.6776569070E+00
   195   -0.3083245046E+00
   196    0.6072180110E-02
   197   -0.4455287451E+00
   198    0.6857628392E+00
   199    0.1635554433E+01
   200    0.4693589586E+00
   201   -0.4507227595E+00
   202    0.7197130026E+00
   203    0.4685046546E+00
   204    0.4285975503E+00
   205   -0.9231120275E-01
   206   -0.7080947583E+00
   207    0.1340361267E+01
   208   -0.5344992823E+00
   209   -0.8910933744E+00
   210    0.1960084270E+01
   211   -0.1039081991E+01
   212   -0.2871655129E+00
   213    0.1731494179E+01
   214   -0.2387172957E+01
   215    0.1666911882E+01
   216    0.4940794518E+00
   217   -0.2731270008E+01
   218    0.2531273774E+01
   219   -0.1021084905E+01
   220   -0.1910197381E+01
   221    0.2613743528E+01
   222   -0.7078624163E+00
   223   -0.1927201818E+01
   224    0.1040767396E+01
   225   -0.1002946002E+01
   226   -0.1380283963E+01
   227    0.8904933679E+00
   228   -0.3753059461E+00
   229   -0.2435802136E+01
   230   -0.5184386473E+01
   231    0.1537006841E+00
   232    0.5734397675E+01
   233    0.1525356329E+01
   234    0.4382150887E+00
   235   -0.1070061020E+01
   236   -0.1375278069E+01
   237    0.6352027750E+00
   238    0.2435130136E+01
   239    0.1682034396E+00
   240   -0.1886428502E+01
   241   -0.5515321754E+00
   242    0.9440916887E+00
   243    0.1085429523E+01
   244   -0.7868565870E+00
   245   -0.1458582893E+01
   246    0.2165439421E+00
   247    0.1091250945E+01
   248    0.1472002698E+00
   249   -0.4726362158E+00
   250    0.1659085539E-01
   251    0.2371172851E+00
   252   -0.3501931827E+00
   253   -0.3389816906E-01
   254    0.6137258017E+00
   255    0.1068750361E+00
   256   -0.4555348710E+00
   257   -0.1414067256E+00
   258    0.3469324629E+00
   259   -0.2338211186E+00
   260   -0.5696154498E+00
   261   -0.9471758508E-01
   262    0.3878617086E+00
   263    0.5266661445E-01
   264    0.1125998956E+00
   265    0.4699625421E-01
   266   -0.7266044183E-01
   267    0.6787532823E-01
   268    0.7375594289E-01
   269   -0.9147140809E-01
   270   -0.4964179963E-01
   271    0.8700477451E-01
   272    0.4907128391E-01
   273   -0.5916763696E-01
   274   -0.3470188052E-01
   275    0.8745730316E-01
   276   -0.1289994901E-01
   277   -0.1771566548E+00
   278    0.1321807810E+00
   279    0.6451117657E-01
   280   -0.1843314087E-01
   281   -0.1906313375E-01
   282   -0.6370812250E-02
   283    0.3107214444E-02
   284    0.7495284909E-02
   285    0.1177312327E-01
   286    0.3552855555E-02
   287   -0.4907976123E-02
   288   -0.1541305544E-02
   289    0.5178866750E-02
   290    0.4475538723E-02
   291   -0.1009395835E-02
   292    0.2843755854E-02
   293    0.3802484713E-02
   294   -0.1238045187E-02
   295   -0.4806510619E-03
   296    0.4170660528E-02
   297    0.3208691152E-02
   298   -0.4366500054E-03
   299    0.8901541380E-03
   300    0.1901531094E-02
   301    0.7051425474E-03
   302    0.8642614817E-03
   303    0.1448691929E-02
   304    0.5930162618E-03
   305   -0.6022402761E-04
   306    0.4407415641E-03
   307    0.1050662271E-02
   308    0.1263738919E-02
   309    0.3008213055E-03
   310    0.1157291957E-03
   311    0.5195641046E-03
   312    0.2596624945E-03
   313    0.6340027980E-03
   314    0.4836186489E-03
   315   -0.7777157476E-04
   316    0.1384686917E-03
   317    0.4046734507E-03
   318    0.2678646211E-03
   319    0.1737551732E-03
   320    0.6214329658E-05
   321    0.1684418262E-03
   322    0.2993617195E-03
   323    0.8418481721E-04
   324    0.8388430030E-04
   325    0.1741381578E-03
   326    0.4312679863E-04
   327   -0.5349665948E-05
   328    0.1356773602E-03
   329    0.7338571008E-04
   330    0.9611208075E-05
   331    0.6131415806E-04
   332    0.4449828049E-04
   333    0.4159731073E-04
   334    0.3172335360E-04
   335    0.2276952839E-04
   336    0.2014188555E-04
   337    0.1795565418E-04
   338    0.1807695836E-04
   339    0.1449654961E-04
   340    0.2207851662E-04
   341    0.1861993575E-04
   342    0.4304202346E-05
   343    0.5255492763E-05
   344    0.1215260896E-04
   345    0.2153318165E-05
   346    0.1814076815E-05
   347    0.7897348722E-05
   348    0.7096506817E-05
   349    0.4349197403E-05
   350    0.1441328333E-05
   351    0.2552230405E-05
   352    0.2188470211E-05
   353    0.1788224482E-05
   354    0.1852556111E-05
   355    0.2091433689E-05
   356    0.1283924860E-05
   357    0.5895465482E-06
   358    0.7119261295E-06
   359    0.7394471664E-06
   360    0.8187723925E-06
   361    0.4531876954E-06
   362    0.2265009023E-06
   363    0.3684034229E-06
   364    0.4521618324E-06
   365    0.3150186557E-06
   366    0.2550986089E-06
   367    0.1882305900E-06
   368    0.9046319180E-07
   369    0.8445744193E-07
   370    0.1154615340E-06
   371    0.1395277748E-06
   372    0.8724127457E-07
   373    0.4381701491E-07
   374    0.3021211092E-07
   375    0.3031677975E-07
   376    0.4576152285E-07
   377    0.4215870081E-07
   378    0.2065233715E-07
   379    0.1643761258E-07
   380    0.1880496781E-07
   381    0.9471596202E-08
   382    0.9475603635E-08
   383    0.1121398358E-07
   384    0.7149411757E-08
   385    0.4905987422E-08
   386    0.5413089310E-08
   387    0.3377367275E-08
   388    0.1572398045E-08
   389    0.3915344882E-08
   390    0.4079805160E-08
   391    0.9128475753E-09
   392    0.6752067239E-09
   393    0.1354230506E-08
   394    0.8319120948E-09
   395    0.8234946336E-09
   396    0.5725870889E-09
   397    0.4094791450E-09
   398    0.4971492107E-09
   399    0.2206609340E-09
   400    0.2809876776E-09
   401    0.2759541484E-09
   402    0.1207058897E-09
   403    0.8326628276E-10
   404    0.1217739243E-09
   405    0.1034423658E-09
   406    0.4851191671E-10
   407    0.4417732846E-10
   408    0.4235564677E-10
   409    0.3500721935E-10
   410    0.3304911900E-10
   411    0.1504771308E-10
   412    0.1119845883E-10
   413    0.1646016656E-10
   414    0.1054217824E-10
   415    0.7439382443E-11
   416    0.6361300375E-11
   417    0.4013012145E-11
   418    0.4092948203E-11
   419    0.2968292279E-11
   420    0.1632721736E-11
   421    0.2001954158E-11
   422    0.1900368751E-11
   423    0.1051020382E-11
   424    0.5944134074E-12
   425    0.5002664949E-12
   426    0.5155875726E-12
   427    0.4935496456E-12
   428    0.3457234499E-12
   429    0.2041700142E-12
   430    0.1723066134E-12
   431    0.1407207684E-12
   432    0.9162115511E-13
   433    0.7882583475E-13
   434    0.6750155990E-13
   435    0.5778710843E-13
   436    0.4465872117E-13
   437    0.1953992523E-13
   438    0.1820765760E-13
   439    0.2065014826E-13
   440    0.1043609643E-13
   441    0.9103828802E-14
   442    0.7549516567E-14
   443    0.4440892099E-14
   444    0.4662936703E-14
   445    0.3330669074E-14
   446    0.2553512957E-14
   447    0.1387778781E-14
   448    0.1110223025E-14
   449    0.6661338148E-15
   450    0.1332267630E-14
   451    0.2498001805E-15
   452    0.4440892099E-15
   453    0.1110223025E-14
   454    0.6661338148E-15
   455   -0.5551115123E-15
   456    0.2220446049E-15
   457    0.0000000000E+00
   458    0.2220446049E-15
   459    0.1110223025E-15
   460    0.3330669074E-15
   461    0.1110223025E-15
   462    0.0000000000E+00
   463    0.3330669074E-15
   464    0.0000000000E+00
   465    0.0000000000E+00
   466    0.2220446049E-15
   467    0.2220446049E-15
   468   -0.7771561172E-15
   469   -0.8881784197E-15
   470    0.0000000000E+00
   471    0.2220446049E-15
   472    0.2220446049E-15
   473    0.0000000000E+00
   474   -0.6661338148E-15
   475    0.0000000000E+00
   476    0.0000000000E+00
   477    0.0000000000E+00
   478    0.2220446049E-15
   479    0.0000000000E+00
   480   -0.8881784197E-15
   481    0.0000000000E+00
   482    0.3330669074E-15
   483    0.2220446049E-15
   484    0.2220446049E-15
   485    0.3330669074E-15
   486    0.2220446049E-15
   487    0.3330669074E-15
   488    0.2220446049E-15
   489    0.2220446049E-15
   490    0.0000000000E+00
   491   -0.8881784197E-15
   492   -0.6661338148E-15
   493    0.2220446049E-15
   494    0.2220446049E-15
   495    0.2220446049E-15
   496    0.2220446049E-15
   497   -0.8881784197E-15
   498   -0.6661338148E-15
   499   -0.2220446049E-15
   500    0.3571428571E+01
   501    0.3571428571E+01
   502    0.0000000000E+00
