    -1   -0.3115965847E+01
     0   -0.6062078932E+01
     1    0.5593365007E+01
     2   -0.2243971163E+01
     3    0.1805743262E+01
     4    0.4903708862E+00
     5   -0.2852864514E+01
     6   -0.9723665038E+00
     7    0.2936213739E+01
     8    0.3607134833E+01
     9   -0.4557885825E+01
    10   -0.1550299491E+01
    11    0.2191041557E+01
    12   -0.3842987994E-01
    13   -0.9785423996E+00
    14    0.1205748756E+01
    15    0.5002340395E+00
    16    0.3529819670E+00
    17   -0.2105384432E+01
    18    0.2533009451E+01
    19   -0.9727441504E+00
    20   -0.3226212297E+01
    21    0.3989563281E+01
    22   -0.2914398915E+01
    23    0.4971559418E+01
    24   -0.1673259448E+01
    25   -0.4560195547E+01
    26    0.7365334545E+00
    27    0.1853003492E+01
    28    0.5470736422E+00
    29    0.3983368928E+00
    30   -0.4522779755E+01
    31    0.5395266682E+01
    32   -0.2879588600E+01
    33   -0.4331998730E+01
    34    0.1888457133E+01
    35    0.1481391544E-01
    36    0.5379193517E-01
    37    0.1364760751E+01
    38    0.4751055026E+00
    39    0.6335899098E+00
    40   -0.7217447378E+01
    41    0.1274992815E+00
    42    0.3540133220E+01
    43    0.1920849681E+01
    44    0.2602342617E+01
    45   -0.2044220705E+00
    46   -0.3066503155E+01
    47    0.1951190262E+01
    48   -0.1817768700E+01
    49    0.2425059243E+00
    50    0.3171742602E+01
    51   -0.1636208785E+01
    52    0.3669988126E+01
    53   -0.2717400642E+01
    54    0.3606998819E+00
    55    0.1631379316E+01
    56   -0.9722005328E-01
    57    0.3479815197E+00
    58   -0.3550899345E+01
    59    0.3919780515E+01
    60   -0.7515638766E+00
    61   -0.3130147673E+00
    62   -0.1753656049E+00
    63   -0.1425988120E+01
    64    0.2438940087E+01
    65   -0.1074116858E+01
    66    0.1808938302E+00
    67    0.1953768867E+01
    68   -0.2055743166E+01
    69   -0.1207452951E-01
    70   -0.9712485795E+00
    71    0.1928082089E+01
    72   -0.1594828046E+01
    73   -0.4160134568E-01
    74    0.1236504280E+01
    75   -0.1504271389E+01
    76    0.9390651462E+00
    77   -0.3091507019E+00
    78   -0.2262329669E+01
    79    0.1397050899E+01
    80   -0.6425621637E+00
    81   -0.3011266663E+01
    82   -0.6887052867E+00
    83    0.2858137113E+01
    84    0.3588901181E+01
    85   -0.3195411690E+01
    86   -0.1339820757E+01
    87    0.2408456627E+01
    88   -0.7412835015E+00
    89   -0.1826308042E+01
    90   -0.1329767736E+01
    91    0.5393191171E+01
    92   -0.7090863580E+01
    93    0.7250139345E+01
    94   -0.7177055347E+00
    95   -0.6291587927E+01
    96    0.4168582740E+01
    97    0.2657066268E+01
    98   -0.2367994718E+01
    99   -0.1905531199E+01
   100   -0.9325596807E+00
   101    0.5261992594E+01
   102   -0.1109060067E+01
   103    0.1620572128E+00
   104    0.1643528112E+01
   105   -0.5671453581E+01
   106    0.2547931931E+01
   107    0.1531405567E+01
   108   -0.1350687795E+01
   109   -0.8892820930E-01
   110   -0.2409445796E+01
   111    0.1668154936E+01
   112    0.2350119175E+01
   113   -0.2200586318E+01
   114   -0.3157111196E+01
   115   -0.5833392660E+00
   116    0.6009023937E+01
   117   -0.3196965177E+01
   118   -0.3718587502E+01
   119    0.6792073416E+01
   120   -0.4698783959E+01
   121    0.1295297276E+01
   122    0.1979144567E+01
   123    0.2361859451E+01
   124   -0.3069720797E+01
   125   -0.2874926797E+00
   126    0.2479791638E+01
   127   -0.1339107276E+01
   128   -0.1032148038E+00
   129    0.3697412224E+00
   130    0.2067030395E+01
   131   -0.6691797782E+00
   132   -0.1926848561E+01
   133    0.3426250310E+01
   134   -0.2706623141E+00
   135    0.2045438153E+00
   136   -0.1162603009E+01
   137    0.4860016981E+00
   138   -0.2843976395E+00
   139    0.1946627523E+01
   140   -0.1185556262E+01
   141    0.9674593899E-01
   142    0.1348774389E+00
   143   -0.1127200567E+01
   144    0.2474149665E+01
   145   -0.1701242721E+01
   146    0.8645439679E+00
   147   -0.8763167267E+00
   148    0.2843556926E+00
   149    0.1432887986E+00
   150    0.3147444013E+00
   151    0.2298505024E+00
   152   -0.1041236472E+01
   153    0.4190635997E+00
   154   -0.2425325175E+00
   155    0.1114037513E+01
   156   -0.4776768241E+00
   157    0.3041385214E+00
   158   -0.1523235064E+01
   159    0.8129095440E+00
   160    0.4447643267E+00
   161    0.5941364013E+00
   162   -0.2158990338E+00
   163   -0.1680701440E+01
   164   -0.1015763332E+00
   165    0.7215740854E+00
   166    0.1735075428E+01
   167   -0.1888665424E+01
   168   -0.4947155895E+00
   169   -0.6158427603E+00
   170   -0.5107007459E+00
   171    0.2247613423E+01
   172   -0.2641980363E+01
   173   -0.9285117196E+00
   174   -0.6726089555E+00
   175    0.2308595702E+01
   176   -0.3299902662E+01
   177   -0.2853145109E+01
   178    0.4618506481E+01
   179   -0.3975000819E+01
   180   -0.3163984528E+01
   181   -0.3661673004E+01
   182    0.4679579703E+01
   183   -0.2056802832E+01
   184   -0.1514530776E+01
   185    0.1834693070E+01
   186    0.5620513577E+01
   187    0.6124688496E+00
   188    0.9043698383E+00
   189    0.5455502398E+00
   190   -0.9740953728E+00
   191    0.1528187626E+01
   192    0.4883756130E+00
   193   -0.7592615966E+00
   194    0.6402189453E+00
   195   -0.6679682023E-02
   196    0.1121062853E+00
   197    0.1041991624E+01
   198   -0.2803803875E+00
   199   -0.3080395607E+00
   200    0.1452281095E+01
   201   -0.1428780651E+01
   202    0.9323715985E+00
   203    0.9820066738E+00
   204   -0.2522495642E+01
   205    0.2550995804E+01
   206   -0.3620383116E+00
   207   -0.1953637778E+01
   208    0.2773417977E+01
   209   -0.1937554753E+01
   210    0.8072202497E+00
   211    0.9386792850E+00
   212   -0.2376189098E+01
   213    0.2404598005E+01
   214   -0.1079717140E+01
   215   -0.4872474261E+00
   216    0.1305781025E+01
   217   -0.2182359347E+01
   218    0.4152514931E+00
   219    0.7811809558E+00
   220   -0.1341087321E+01
   221   -0.7363465134E+00
   222   -0.4889104654E+00
   223   -0.5300313792E+01
   224   -0.2278412052E+01
   225    0.2866072063E+01
   226    0.2336154481E+01
   227   -0.1754160434E+01
   228   -0.1432583992E+01
   229    0.2425925816E+01
   230    0.2343237617E+01
   231    0.3110352917E+00
   232   -0.3013025410E+00
   233   -0.7327795433E+00
   234    0.2605488052E-02
   235    0.1698464067E+01
   236    0.3681001106E+00
   237   -0.1565435769E+01
   238   -0.4816132252E+00
   239    0.6870686783E+00
   240    0.9630895911E+00
   241   -0.1127071542E+01
   242   -0.1412170795E+01
   243    0.4053455266E+00
   244    0.1454199029E+01
   245    0.1172688754E+00
   246   -0.7280826837E+00
   247    0.3127398988E-01
   248    0.4193336022E+00
   249   -0.4545453071E+00
   250   -0.1417724316E+00
   251    0.7550278866E+00
   252    0.2215385393E+00
   253   -0.4428532768E+00
   254   -0.3480495592E+00
   255    0.2539209759E+00
   256   -0.6634126808E-01
   257   -0.4532470692E+00
   258   -0.3160934667E+00
   259    0.1603737957E+00
   260    0.2847496782E+00
   261    0.1881041363E+00
   262    0.2789961399E-01
   263   -0.8831958989E-01
   264    0.8225300771E-01
   265    0.8428800847E-01
   266   -0.1092261193E+00
   267   -0.6411290347E-01
   268    0.1073757791E+00
   269    0.6056940233E-01
   270   -0.7855735855E-01
   271   -0.3891367774E-01
   272    0.1094888489E+00
   273   -0.2539370983E-01
   274   -0.1924190443E+00
   275    0.1463092419E+00
   276    0.6580472256E-01
   277   -0.2033516380E-01
   278   -0.2038866907E-01
   279   -0.6599377746E-02
   280    0.5003831919E-02
   281    0.8450212343E-02
   282    0.1123416598E-01
   283    0.3316537705E-02
   284   -0.5821259899E-02
   285   -0.1571443958E-02
   286    0.6137804070E-02
   287    0.4431106442E-02
   288   -0.1995911931E-02
   289    0.3624054321E-02
   290    0.4082217287E-02
   291   -0.2556655045E-02
   292    0.1238230077E-03
   293    0.5005066476E-02
   294    0.2426014618E-02
   295   -0.6452978745E-03
   296    0.1444616052E-02
   297    0.1593306874E-02
   298    0.5896309490E-03
   299    0.1141826559E-02
   300    0.1300135394E-02
   301    0.4852699530E-03
   302   -0.3664588305E-04
   303    0.3938814161E-03
   304    0.1240219909E-02
   305    0.1233246062E-02
   306    0.9302351886E-04
   307    0.2528615815E-03
   308    0.4786739027E-03
   309    0.2292852519E-03
   310    0.7398738448E-03
   311    0.3838031246E-03
   312   -0.1287558923E-03
   313    0.2171791042E-03
   314    0.3912248352E-03
   315    0.2538641094E-03
   316    0.1606398244E-03
   317   -0.8158383500E-05
   318    0.2041833016E-03
   319    0.2893231735E-03
   320    0.6745002051E-04
   321    0.9735587283E-04
   322    0.1694767338E-03
   323    0.2649358059E-04
   324    0.3992509607E-05
   325    0.1415696745E-03
   326    0.6338567607E-04
   327    0.1022849340E-04
   328    0.6070463787E-04
   329    0.4698129451E-04
   330    0.4017208423E-04
   331    0.2781683340E-04
   332    0.2558118637E-04
   333    0.1798450535E-04
   334    0.1681177777E-04
   335    0.1968399707E-04
   336    0.1340814400E-04
   337    0.2349305771E-04
   338    0.1779836301E-04
   339    0.2199164491E-05
   340    0.6785017179E-05
   341    0.1174346260E-04
   342    0.8408584937E-06
   343    0.2481214032E-05
   344    0.8306448883E-05
   345    0.7085239981E-05
   346    0.3724730722E-05
   347    0.1445511745E-05
   348    0.2660679511E-05
   349    0.1979145089E-05
   350    0.1822947302E-05
   351    0.1944018488E-05
   352    0.2065350846E-05
   353    0.1107526255E-05
   354    0.6220159595E-06
   355    0.6884105360E-06
   356    0.7380077294E-06
   357    0.8345929713E-06
   358    0.3827577624E-06
   359    0.2167588163E-06
   360    0.4032375764E-06
   361    0.4480005014E-06
   362    0.2919363539E-06
   363    0.2619119339E-06
   364    0.1790133161E-06
   365    0.6897496774E-07
   366    0.9155509254E-07
   367    0.1251722323E-06
   368    0.1320036931E-06
   369    0.8460049211E-07
   370    0.3995792719E-07
   371    0.2611006145E-07
   372    0.3272613847E-07
   373    0.4788782504E-07
   374    0.3948259977E-07
   375    0.1919064241E-07
   376    0.1694094717E-07
   377    0.1786744264E-07
   378    0.8770828064E-08
   379    0.9876262697E-08
   380    0.1083189050E-07
   381    0.6953111559E-08
   382    0.4635939854E-08
   383    0.5392734037E-08
   384    0.3053391012E-08
   385    0.1555839679E-08
   386    0.4268646159E-08
   387    0.3853303093E-08
   388    0.6410925124E-09
   389    0.7397363277E-09
   390    0.1332135513E-08
   391    0.8280083008E-09
   392    0.7991112216E-09
   393    0.5261895086E-09
   394    0.4345591942E-09
   395    0.4711724344E-09
   396    0.2003615329E-09
   397    0.3024900330E-09
   398    0.2587563497E-09
   399    0.1058715338E-09
   400    0.8493694637E-10
   401    0.1251996284E-09
   402    0.9843340032E-10
   403    0.4240094387E-10
   404    0.4590774982E-10
   405    0.4108735574E-10
   406    0.3477973465E-10
   407    0.3230504753E-10
   408    0.1272115746E-10
   409    0.1177630216E-10
   410    0.1655031667E-10
   411    0.9845235738E-11
   412    0.7268186053E-11
   413    0.6088268778E-11
   414    0.3927969061E-11
   415    0.4059863556E-11
   416    0.2708167024E-11
   417    0.1623368107E-11
   418    0.2053690551E-11
   419    0.1829064677E-11
   420    0.9665879208E-12
   421    0.5531131109E-12
   422    0.5031530748E-12
   423    0.5044853424E-12
   424    0.4969635814E-12
   425    0.3217703881E-12
   426    0.1951772077E-12
   427    0.1699751451E-12
   428    0.1348643419E-12
   429    0.8820721931E-13
   430    0.7827072324E-13
   431    0.6497580252E-13
   432    0.5972999872E-13
   433    0.4196643033E-13
   434    0.1595945598E-13
   435    0.2031708135E-13
   436    0.1865174681E-13
   437    0.9298117831E-14
   438    0.8881784197E-14
   439    0.7882583475E-14
   440    0.5551115123E-14
   441    0.3108624469E-14
   442    0.4662936703E-14
   443    0.1998401444E-14
   444    0.1776356839E-14
   445    0.1054711873E-14
   446    0.1026956298E-14
   447    0.6383782392E-15
   448    0.3330669074E-15
   449    0.6383782392E-15
   450    0.2220446049E-15
   451    0.1110223025E-14
   452    0.3330669074E-15
   453   -0.2220446049E-15
   454    0.0000000000E+00
   455    0.0000000000E+00
   456    0.2220446049E-15
   457    0.0000000000E+00
   458    0.2220446049E-15
   459    0.2220446049E-15
   460    0.2220446049E-15
   461    0.2220446049E-15
   462    0.2220446049E-15
   463    0.2220446049E-15
   464    0.2220446049E-15
   465    0.0000000000E+00
   466   -0.6661338148E-15
   467    0.0000000000E+00
   468   -0.8881784197E-15
   469    0.2220446049E-15
   470    0.0000000000E+00
   471    0.0000000000E+00
   472    0.0000000000E+00
   473    0.2220446049E-15
   474    0.0000000000E+00
   475   -0.5551115123E-15
   476    0.3330669074E-15
   477    0.0000000000E+00
   478    0.0000000000E+00
   479    0.2220446049E-15
   480    0.3330669074E-15
   481    0.2220446049E-15
   482    0.0000000000E+00
   483   -0.8881784197E-15
   484    0.2220446049E-15
   485    0.0000000000E+00
   486    0.2220446049E-15
   487    0.0000000000E+00
   488   -0.8881784197E-15
   489    0.0000000000E+00
   490    0.3330669074E-15
   491    0.3330669074E-15
   492    0.0000000000E+00
   493    0.2220446049E-15
   494    0.2220446049E-15
   495    0.0000000000E+00
   496    0.0000000000E+00
   497    0.4440892099E-15
   498    0.0000000000E+00
   499    0.0000000000E+00
   500    0.3571428571E+01
   501    0.3571428571E+01
   502    0.0000000000E+00
