    -1   -0.3640903559E+01
     0   -0.6877985613E+00
     1   -0.4277858670E+01
     2    0.1512786789E+01
     3    0.5681966676E+00
     4   -0.9339782792E+00
     5    0.1836651618E+01
     6   -0.3411352922E+01
     7    0.2478737574E+01
     8   -0.7500675450E-01
     9   -0.8937924478E+00
    10   -0.3390655739E+01
    11    0.5984600682E+01
    12    0.1597407331E+01
    13   -0.2406926591E+01
    14   -0.1863461622E+01
    15   -0.5215702822E+01
    16    0.7323170738E+01
    17   -0.3988242401E+00
    18   -0.2568291125E+01
    19    0.2406564408E+01
    20   -0.2873558603E+01
    21    0.1917287949E+01
    22   -0.3118195067E+00
    23    0.4921181357E+00
    24   -0.1216601903E-01
    25    0.1312919077E+01
    26   -0.3305912207E+00
    27   -0.5354934314E+01
    28    0.6435453296E+01
    29   -0.6542883132E+00
    30   -0.1945302602E-01
    31   -0.4171795907E+01
    32    0.1764218552E+01
    33    0.3139216046E+01
    34   -0.2275494678E+01
    35    0.7556610415E+00
    36   -0.1196476685E+01
    37   -0.6778380049E+00
    38    0.1914905987E+01
    39    0.1472579481E+01
    40   -0.2495820224E+01
    41    0.1656864692E+01
    42   -0.3918158930E+01
    43    0.3243106379E+01
    44    0.5214103042E+00
    45   -0.2022675351E+01
    46    0.2370367112E+01
    47   -0.2765261694E+01
    48   -0.6629796688E+00
    49    0.5143232333E+01
    50   -0.2409289029E+01
    51   -0.1604711855E+01
    52   -0.3844350401E+00
    53    0.2434755065E+01
    54   -0.1041991821E+01
    55   -0.4964509491E+00
    56    0.3610801528E+01
    57   -0.1727222675E+01
    58   -0.2435018518E+01
    59    0.3236303861E+01
    60   -0.3009983758E+01
    61    0.3950197205E+00
    62    0.1306180233E+01
    63    0.2209209894E+01
    64   -0.3464368125E+01
    65   -0.1375525123E+01
    66    0.1984041601E+01
    67    0.4535158114E+00
    68    0.8356247188E+00
    69   -0.3203052857E+01
    70   -0.2016618003E+01
    71    0.5489302734E+01
    72   -0.4038691296E+01
    73    0.1665303874E+01
    74    0.4043724823E+00
    75    0.2092281968E+01
    76   -0.6576522394E+01
    77    0.5644836328E+01
    78   -0.1615726837E+01
    79   -0.1679166229E+01
    80    0.1781777938E+01
    81    0.2148856271E+01
    82   -0.2605225428E+01
    83    0.9108766185E+00
    84    0.1613392422E+01
    85   -0.3213933430E+01
    86    0.4893386179E+01
    87   -0.2723821426E+01
    88   -0.6672070130E+00
    89    0.4427751203E+01
    90   -0.3260198955E+01
    91   -0.2074847054E+01
    92    0.2265376071E+01
    93    0.1702366288E+01
    94   -0.7410437162E+00
    95    0.4752822792E+00
    96    0.5516500552E-01
    97   -0.4618278217E+01
    98    0.5261944906E+01
    99   -0.6960673535E+00
   100   -0.1923581145E+01
   101    0.3276649124E+00
   102   -0.3702103603E+01
   103    0.2181067900E+01
   104    0.7159033324E+01
   105   -0.6794335970E+01
   106   -0.2649702660E+01
   107    0.4772260248E+01
   108   -0.2905505834E+01
   109    0.5925726615E+00
   110    0.2313387794E+01
   111   -0.2961491010E+01
   112   -0.1977971780E+01
   113    0.2356887795E+00
   114    0.5538173274E+01
   115   -0.4300937817E+01
   116    0.3740155117E+00
   117    0.5716337509E+00
   118    0.2334943340E+01
   119   -0.2512914511E+01
   120    0.8048924924E+00
   121    0.9442718230E-01
   122   -0.2170144893E+00
   123    0.5555190394E+00
   124   -0.1079927704E+01
   125   -0.9800770602E+00
   126    0.3037220135E+01
   127    0.1163916289E+00
   128   -0.2627451818E+01
   129    0.4284545039E+01
   130   -0.4502525762E+01
   131    0.1132727549E+01
   132    0.2216636648E+01
   133    0.1467322082E+00
   134   -0.2575738160E+01
   135    0.3124974110E+00
   136    0.2521578034E+00
   137    0.1488830101E+01
   138   -0.1608123324E+01
   139   -0.1331746682E+01
   140    0.4226297537E+01
   141   -0.2545457606E+01
   142   -0.8886571089E+00
   143   -0.1985021526E+00
   144    0.4062516147E+00
   145    0.1485696221E-01
   146   -0.6100269154E+00
   147    0.3188190666E+01
   148   -0.4812965516E+01
   149   -0.2421052778E+01
   150    0.6656649872E+01
   151   -0.3058540495E+01
   152   -0.4947128295E+00
   153    0.2348410085E+01
   154    0.6517723841E+00
   155   -0.2011087132E+01
   156    0.2470577186E+01
   157   -0.1803751029E+01
   158    0.1030181258E+01
   159    0.1283915243E+01
   160   -0.9646224468E+00
   161   -0.3743045975E+00
   162    0.1227303839E+01
   163   -0.2286414623E+00
   164    0.3313436106E+00
   165   -0.2079960180E+01
   166    0.3706273775E+01
   167   -0.2849545174E+00
   168   -0.3703923006E+01
   169   -0.7416329776E+00
   170    0.3771773088E+01
   171    0.2262726577E+01
   172   -0.4677349390E+01
   173   -0.1728930405E+01
   174    0.4230020021E+01
   175   -0.3176455812E+01
   176   -0.1559449063E+01
   177   -0.4452887773E+00
   178    0.9691312145E+00
   179   -0.2220967815E+00
   180   -0.9633749694E+00
   181    0.1127246463E+00
   182    0.2234272749E+01
   183   -0.8226607755E+00
   184   -0.6870407317E+00
   185    0.2984294058E+01
   186   -0.3935216065E+01
   187    0.1558402308E+01
   188    0.2320011147E+01
   189   -0.3765885347E+01
   190    0.2543254166E+01
   191    0.8677174107E-01
   192   -0.2493971561E+01
   193    0.3544277093E+01
   194   -0.4503928830E+01
   195    0.3956369331E+01
   196   -0.1846510832E-02
   197   -0.8768319008E+00
   198   -0.1358610131E+01
   199   -0.7477914262E+00
   200   -0.5754760854E+00
   201    0.2526197643E+01
   202   -0.1594600261E+01
   203   -0.1692331387E+01
   204    0.6002398799E+00
   205    0.3061454620E+01
   206   -0.8903759273E+00
   207    0.2588889128E+00
   208    0.1749686316E+01
   209   -0.1707340953E+01
   210   -0.7110345606E+00
   211    0.1138735852E+01
   212    0.2601195091E+00
   213    0.6442459956E+00
   214    0.9608599230E-01
   215   -0.7700982768E+00
   216    0.8468673673E+00
   217    0.2980998995E+00
   218   -0.3310539739E+00
   219   -0.3360842261E+00
   220   -0.9452635539E+00
   221   -0.2492413713E+00
   222    0.2518402273E+01
   223   -0.3730943233E+00
   224   -0.2065612122E+01
   225    0.8705799122E+00
   226   -0.1660983608E+00
   227   -0.5496714823E+00
   228    0.8712006969E+00
   229    0.4858755084E+00
   230    0.4327931446E+00
   231   -0.7235289882E+00
   232   -0.5747422043E+00
   233   -0.9012575921E+00
   234   -0.1533722146E+01
   235    0.5826690994E+00
   236    0.1004843691E+01
   237    0.1900303503E+01
   238   -0.1206002028E+01
   239   -0.2150897344E+01
   240    0.1237970103E+01
   241    0.2117112609E+01
   242   -0.5252754164E+00
   243   -0.2338939637E+01
   244   -0.1346738935E+00
   245    0.1625616304E+01
   246    0.8784069534E+00
   247   -0.1214090047E+01
   248   -0.7327353828E+00
   249    0.4104791713E+00
   250    0.5278851102E+00
   251   -0.1186340284E+00
   252   -0.1679606714E+00
   253    0.1141631394E+00
   254   -0.7398839600E-01
   255   -0.1629644908E+00
   256    0.2526079223E+00
   257    0.2979733114E+00
   258   -0.3247918936E+00
   259   -0.2280710212E+00
   260    0.4430817157E+00
   261    0.5081314712E-02
   262   -0.7354795675E+00
   263   -0.1429089693E+00
   264    0.5516223495E+00
   265   -0.3925313074E-01
   266   -0.3324205113E-01
   267    0.1085687199E+00
   268   -0.3066043279E-01
   269   -0.1329943835E-01
   270    0.8607780204E-01
   271   -0.8516619849E-02
   272   -0.7559061484E-01
   273    0.1971835379E-01
   274    0.7197352944E-01
   275   -0.8081785564E-02
   276   -0.4853016214E-01
   277    0.1895268663E-01
   278    0.6252844890E-01
   279   -0.1074247292E+00
   280   -0.3675893202E-01
   281    0.1188206301E+00
   282    0.1502419123E-01
   283   -0.1771345738E-01
   284   -0.1408799194E-01
   285   -0.1764449717E-02
   286    0.5435763737E-02
   287    0.7605401768E-02
   288    0.9481180774E-02
   289    0.1310443900E-02
   290   -0.5502535723E-02
   291    0.1442703816E-02
   292    0.6219587739E-02
   293    0.2060536749E-02
   294   -0.1035875539E-02
   295    0.4662303630E-02
   296    0.2360769752E-02
   297   -0.2422716615E-02
   298    0.1845415561E-02
   299    0.4356289573E-02
   300    0.1401772660E-02
   301   -0.1966492519E-03
   302    0.1745146543E-02
   303    0.1269721737E-02
   304    0.6441806667E-03
   305    0.1276281569E-02
   306    0.1102833269E-02
   307    0.3523893357E-03
   308    0.1354475793E-03
   309    0.5708025825E-03
   310    0.1234485712E-02
   311    0.9615355736E-03
   312    0.8998852908E-04
   313    0.3682473170E-03
   314    0.3931839947E-03
   315    0.3484217218E-03
   316    0.6888571332E-03
   317    0.2382047433E-03
   318   -0.4519604501E-04
   319    0.2906089279E-03
   320    0.3391353828E-03
   321    0.2450088217E-03
   322    0.1261413535E-03
   323    0.2128748154E-04
   324    0.2464500870E-03
   325    0.2313085341E-03
   326    0.5946150144E-04
   327    0.1193965612E-03
   328    0.1486432667E-03
   329    0.1102557773E-04
   330    0.3360432992E-04
   331    0.1372708868E-03
   332    0.4214252939E-04
   333    0.2190744262E-04
   334    0.6140751015E-04
   335    0.4395158287E-04
   336    0.3653024850E-04
   337    0.2718932119E-04
   338    0.2580161225E-04
   339    0.1676313196E-04
   340    0.1802212287E-04
   341    0.1914777091E-04
   342    0.1381090716E-04
   343    0.2312093848E-04
   344    0.1401700046E-04
   345    0.2330093107E-05
   346    0.9288744858E-05
   347    0.9307903616E-05
   348    0.8586248517E-06
   349    0.4354659556E-05
   350    0.7741979312E-05
   351    0.6398218776E-05
   352    0.2919566861E-05
   353    0.1834231879E-05
   354    0.2678090683E-05
   355    0.1877936262E-05
   356    0.1860838778E-05
   357    0.1900130676E-05
   358    0.1932676548E-05
   359    0.9127351870E-06
   360    0.6890941275E-06
   361    0.7137329323E-06
   362    0.7533495232E-06
   363    0.7685199643E-06
   364    0.3224289450E-06
   365    0.2629266592E-06
   366    0.4245653881E-06
   367    0.4066103877E-06
   368    0.2724219743E-06
   369    0.2503617402E-06
   370    0.1536858189E-06
   371    0.7515407896E-07
   372    0.1042822210E-06
   373    0.1250166128E-06
   374    0.1191669321E-06
   375    0.7592664161E-07
   376    0.3669403942E-07
   377    0.2959349626E-07
   378    0.3619944641E-07
   379    0.4633755774E-07
   380    0.3436448859E-07
   381    0.1779433889E-07
   382    0.1820402751E-07
   383    0.1582806858E-07
   384    0.8675580504E-08
   385    0.1079088086E-07
   386    0.9788242911E-08
   387    0.6452442830E-08
   388    0.4678338300E-08
   389    0.5275574200E-08
   390    0.2609941707E-08
   391    0.1970170249E-08
   392    0.4408345217E-08
   393    0.3006219496E-08
   394    0.5641473400E-09
   395    0.1028548247E-08
   396    0.1201442945E-08
   397    0.8126699313E-09
   398    0.7601819174E-09
   399    0.4823052513E-09
   400    0.4656043051E-09
   401    0.4072667759E-09
   402    0.2097930718E-09
   403    0.3065390164E-09
   404    0.2209485372E-09
   405    0.9758083230E-10
   406    0.9684697488E-10
   407    0.1217924928E-09
   408    0.8580150479E-10
   409    0.4072564508E-10
   410    0.4774819429E-10
   411    0.3868261267E-10
   412    0.3381331326E-10
   413    0.2912717290E-10
   414    0.1116248760E-10
   415    0.1377542524E-10
   416    0.1515521042E-10
   417    0.8797185203E-11
   418    0.7223721621E-11
   419    0.5600186981E-11
   420    0.3921613034E-11
   421    0.3900435530E-11
   422    0.2398303778E-11
   423    0.1719957510E-11
   424    0.2041478098E-11
   425    0.1620037438E-11
   426    0.8634482018E-12
   427    0.5488942634E-12
   428    0.5357658761E-12
   429    0.4896083539E-12
   430    0.4632128014E-12
   431    0.2875477634E-12
   432    0.1871836020E-12
   433    0.1654787418E-12
   434    0.1247890680E-12
   435    0.8437694987E-13
   436    0.7824296766E-13
   437    0.6061817714E-13
   438    0.5584421814E-13
   439    0.3597122600E-13
   440    0.1620925616E-13
   441    0.2178812686E-13
   442    0.1601496713E-13
   443    0.9575673587E-14
   444    0.1132427485E-13
   445    0.7521760992E-14
   446    0.3524958103E-14
   447    0.5551115123E-14
   448    0.2636779683E-14
   449    0.1110223025E-14
   450    0.1554312234E-14
   451    0.1526556659E-14
   452    0.2026157020E-14
   453    0.2220446049E-15
   454   -0.6661338148E-15
   455    0.1110223025E-14
   456    0.1110223025E-15
   457    0.1998401444E-14
   458   -0.6661338148E-15
   459    0.4440892099E-15
   460    0.0000000000E+00
   461   -0.6661338148E-15
   462    0.0000000000E+00
   463   -0.8881784197E-15
   464    0.3330669074E-15
   465    0.2220446049E-15
   466    0.2220446049E-15
   467    0.0000000000E+00
   468    0.0000000000E+00
   469    0.0000000000E+00
   470    0.0000000000E+00
   471    0.0000000000E+00
   472    0.2220446049E-15
   473    0.0000000000E+00
   474    0.2220446049E-15
   475    0.3330669074E-15
   476    0.2220446049E-15
   477    0.0000000000E+00
   478    0.2220446049E-15
   479    0.0000000000E+00
   480   -0.6661338148E-15
   481    0.0000000000E+00
   482    0.0000000000E+00
   483    0.0000000000E+00
   484    0.0000000000E+00
   485    0.0000000000E+00
   486    0.2220446049E-15
   487    0.0000000000E+00
   488   -0.8881784197E-15
   489    0.2220446049E-15
   490    0.2220446049E-15
   491    0.1110223025E-15
   492    0.0000000000E+00
   493    0.2220446049E-15
   494    0.2220446049E-15
   495    0.1110223025E-15
   496    0.0000000000E+00
   497    0.0000000000E+00
   498    0.0000000000E+00
   499    0.0000000000E+00
   500    0.3571428571E+01
   501    0.3571428571E+01
   502    0.0000000000E+00
