    -1    0.0000000000E+00
     0   -0.3904571648E+01
     1   -0.3256703257E+01
     2    0.9376708818E-02
     3    0.8584393925E-02
     4    0.1732347750E-02
     5    0.1136843326E-01
     6    0.8115797311E-02
     7   -0.3639252932E-03
     8    0.1183548906E-01
     9    0.6624183558E-02
    10   -0.3153735260E-02
    11    0.1058890278E-01
    12    0.4400785206E-02
    13   -0.6184769481E-02
    14    0.7703940421E-02
    15    0.2243206828E-02
    16   -0.9289435792E-02
    17    0.3497226936E-02
    18    0.1356482291E-02
    19   -0.1323245086E-01
    20    0.5021939437E-03
    21   -0.2904929202E-03
    22   -0.1510542897E-01
    23   -0.2847002076E-02
    24   -0.3926072286E-03
    25   -0.1631041383E-01
    26   -0.4852902930E-02
    27    0.4700450510E-03
    28   -0.1631960175E-01
    29   -0.5281375393E-02
    30    0.2190944979E-02
    31   -0.1563538588E-01
    32   -0.2779738109E-02
    33    0.2529237243E-02
    34   -0.1210403729E-01
    35   -0.1294152286E-03
    36    0.3482758508E-02
    37   -0.7724062597E-02
    38    0.2787243092E-02
    39    0.5122879756E-02
    40   -0.4355021296E-02
    41    0.7748047103E-02
    42    0.3742648289E-02
    43    0.1452519818E-02
    44    0.1015535341E-01
    45    0.2388720366E-02
    46    0.7305208679E-02
    47    0.9418845538E-02
    48    0.2644736152E-02
    49    0.1053542112E-01
    50    0.6727302925E-02
    51    0.4529366614E-02
    52    0.9058192608E-02
    53    0.5568732774E-02
    54    0.3495433973E-02
    55    0.7684608368E-02
    56    0.2109361546E-02
    57    0.2701951045E-02
    58    0.4696738829E-02
    59   -0.1926080431E-02
    60    0.1786637553E-02
    61    0.6887064357E-03
    62   -0.5698784258E-02
    63    0.7057372114E-03
    64   -0.3446067652E-02
    65   -0.8576020163E-02
    66   -0.6654053776E-03
    67   -0.6268822037E-02
    68   -0.1097082232E-01
    69   -0.1315482706E-02
    70   -0.7619850014E-02
    71   -0.1281385350E-01
    72   -0.1499165089E-04
    73   -0.9031835305E-02
    74   -0.1147875366E-01
    75    0.2401836013E-04
    76   -0.6776923904E-02
    77   -0.1066982958E-01
    78    0.1893893448E-02
    79   -0.4046990807E-02
    80   -0.8029446593E-02
    81    0.3076519702E-02
    82    0.8069756356E-03
    83   -0.6207724712E-02
    84    0.5524423921E-02
    85    0.4902258724E-02
    86   -0.3438860037E-02
    87    0.6834796312E-02
    88    0.9350852623E-02
    89   -0.2015019589E-02
    90    0.8881130836E-02
    91    0.1107659141E-01
    92    0.1684021905E-03
    93    0.9040014326E-02
    94    0.1173208538E-01
    95    0.1431836264E-02
    96    0.7805779331E-02
    97    0.1120107244E-01
    98    0.1109522653E-02
    99    0.6362524349E-02
   100    0.8121763542E-02
   101    0.6330343763E-03
   102    0.4155229266E-02
   103    0.3015501450E-02
   104    0.8848439074E-03
   105    0.2154424218E-03
   106   -0.1946534445E-02
   107    0.1327690517E-02
   108   -0.5393684983E-02
   109   -0.4295803171E-02
   110   -0.3862749604E-03
   111   -0.9029906221E-02
   112   -0.6242452582E-02
   113   -0.1912033270E-02
   114   -0.1116435527E-01
   115   -0.7290231485E-02
   116   -0.2493546479E-02
   117   -0.1218937858E-01
   118   -0.6474670697E-02
   119   -0.2774829525E-02
   120   -0.1141999705E-01
   121   -0.4067536122E-02
   122   -0.2899425728E-02
   123   -0.8635627509E-02
   124   -0.1198634999E-02
   125   -0.1635534498E-02
   126   -0.5828989734E-02
   127    0.3050782168E-02
   128   -0.2820949247E-03
   129   -0.2837811209E-02
   130    0.7830898717E-02
   131    0.6702474834E-03
   132    0.2137511183E-03
   133    0.1194223226E-01
   134    0.1385813700E-02
   135    0.2818147048E-02
   136    0.1407286249E-01
   137    0.2800621458E-02
   138    0.3219799723E-02
   139    0.1538417168E-01
   140    0.2846339854E-02
   141    0.3183262033E-02
   142    0.1392658682E-01
   143    0.3065339337E-02
   144    0.1167331068E-02
   145    0.1137537729E-01
   146    0.2192534299E-02
   147   -0.1725027398E-02
   148    0.7826621822E-02
   149    0.3512103465E-03
   150   -0.4809587794E-02
   151    0.3630467326E-02
   152   -0.2095268287E-02
   153   -0.7142591906E-02
   154   -0.1398635987E-02
   155   -0.3859690651E-02
   156   -0.8938285174E-02
   157   -0.5839090905E-02
   158   -0.5167143460E-02
   159   -0.9755758220E-02
   160   -0.8758378078E-02
   161   -0.6407792062E-02
   162   -0.8431718599E-02
   163   -0.1078082102E-01
   164   -0.6935726772E-02
   165   -0.5246559410E-02
   166   -0.1204335127E-01
   167   -0.5599878715E-02
   168   -0.1573872935E-02
   169   -0.1240673173E-01
   170   -0.2723857611E-02
   171    0.1465571670E-02
   172   -0.1042295896E-01
   173   -0.1389673007E-03
   174    0.4684360974E-02
   175   -0.7846970300E-02
   176    0.1806304049E-02
   177    0.7138964747E-02
   178   -0.6299987628E-02
   179   -0.1261969915E-01
   180    0.2796316786E-01
   181   -0.3717602511E-02
   182    0.4566548076E-02
   183    0.1033115558E-01
   184   -0.2441655400E-02
   185    0.3133092947E-02
   186    0.9928615073E-02
   187   -0.1454004324E-02
   188    0.1575874758E-02
   189    0.6472218952E-02
   190   -0.2625305269E-02
   191    0.2207725881E-03
   192    0.2887010885E-02
   193   -0.4257586136E-02
   194   -0.2204078805E-02
   195   -0.1058532159E-02
   196   -0.5563771751E-02
   197   -0.3742786228E-02
   198   -0.6245163167E-02
   199   -0.6966108855E-02
   200   -0.5137116947E-02
   201   -0.8836176310E-02
   202   -0.6338959925E-02
   203   -0.4526290285E-02
   204   -0.1058543366E-01
   205   -0.7074946707E-02
   206   -0.3132311646E-01
   207    0.1071271183E-01
   208    0.3747774708E-02
   209   -0.5809203542E-02
   210   -0.7746476027E-02
   211    0.4351056449E-02
   212   -0.1437910627E-03
   213   -0.3348762782E-02
   214    0.6665729088E-02
   215    0.3153234629E-02
   216    0.1894938155E-02
   217    0.1170687161E-01
   218    0.9149154276E-02
   219   -0.7453435208E-02
   220    0.2632081028E-01
   221    0.2131731727E-01
   222    0.1569021410E-01
   223    0.1832555040E-01
   224    0.1749372260E-01
   225    0.1849775848E-01
   226    0.2029346209E-01
   227    0.2019693292E-01
   228    0.1996564519E-01
   229    0.2033128385E-01
   230    0.1179984281E-01
   231    0.1167633888E-01
   232    0.3689627646E-01
   233    0.1867060252E-01
   234    0.2150460169E-01
   235    0.2009706407E-01
   236    0.1512926268E-01
   237    0.1798166675E-01
   238    0.1559112130E-01
   239    0.2958813876E-02
   240   -0.3561097732E-01
   241    0.6859330788E-01
   242    0.5402433899E-02
   243    0.1042474375E-01
   244    0.8983984257E-02
   245    0.3170085291E-03
   246   -0.5427299775E-01
   247    0.4256897741E-01
   248    0.1647848176E-01
   249   -0.9662532797E-03
   250    0.1198472960E-02
   251   -0.7342780935E-02
   252   -0.5545931385E-01
   253    0.1838509967E-01
   254    0.1592474648E-01
   255   -0.8549676690E-02
   256   -0.6466755446E-02
   257   -0.1459021338E-01
   258   -0.1400458147E-01
   259   -0.5015869848E-01
   260    0.1213289325E-01
   261    0.2799139965E-02
   262   -0.1458118139E-01
   263   -0.1522089041E-01
   264   -0.1292101046E-01
   265   -0.1522819721E-01
   266   -0.1841632152E-01
   267   -0.1439331455E-01
   268   -0.1314489571E-01
   269   -0.1759481002E-01
   270   -0.1521771542E-01
   271   -0.1096596025E-01
   272   -0.1482682615E-01
   273   -0.1619358875E-01
   274   -0.1447803249E-01
   275   -0.9600434589E-02
   276   -0.1320407503E-01
   277   -0.1149141716E-01
   278   -0.1225610618E-01
   279   -0.1095508748E-01
   280   -0.8513235435E-02
   281   -0.7818085593E-02
   282   -0.8232824375E-02
   283   -0.8404025413E-02
   284   -0.7655019325E-02
   285   -0.5529638020E-02
   286   -0.5684750614E-02
   287   -0.5521377155E-02
   288   -0.3850882269E-02
   289   -0.4030005904E-02
   290   -0.3605527735E-02
   291   -0.2414371234E-02
   292   -0.2484634164E-02
   293   -0.1651974703E-02
   294    0.1617291381E-03
   295   -0.1131532894E-03
   296   -0.8739227525E-02
   297   -0.1176374793E-01
   298    0.2181395902E-01
   299    0.9532478184E-03
   300    0.1685851175E-02
   301    0.2421297908E-02
   302    0.2373805372E-02
   303    0.2274766362E-02
   304    0.3061531908E-02
   305    0.3409501305E-02
   306    0.2784258156E-02
   307    0.3023993485E-02
   308    0.3832043072E-02
   309    0.3600205289E-02
   310    0.3266954553E-02
   311    0.3502334074E-02
   312    0.3712073586E-02
   313    0.3483281063E-02
   314    0.3055579534E-02
   315   -0.1166352068E-01
   316    0.1967541561E-01
   317    0.3586315214E-02
   318    0.3472160748E-02
   319    0.3101993498E-02
   320    0.2971028645E-02
   321    0.2981083490E-02
   322    0.2959322289E-02
   323    0.2911464780E-02
   324    0.2703575140E-02
   325    0.2479071634E-02
   326    0.2359963072E-02
   327    0.2373477786E-02
   328    0.2239952798E-02
   329    0.2022168148E-02
   330    0.1980748567E-02
   331    0.1890538934E-02
   332    0.1686720008E-02
   333    0.1603882033E-02
   334    0.1567301190E-02
   335    0.1436356571E-02
   336    0.1309481072E-02
   337    0.1230702341E-02
   338    0.1147093019E-02
   339    0.1058447681E-02
   340    0.9821484017E-03
   341    0.9017850796E-03
   342    0.8277657273E-03
   343    0.7588796397E-03
   344    0.6919150268E-03
   345    0.6439860077E-03
   346    0.5993140995E-03
   347    0.5306123767E-03
   348    0.4803757776E-03
   349    0.4448868301E-03
   350    0.3984914261E-03
   351    0.3674643178E-03
   352    0.3325886177E-03
   353    0.2910753196E-03
   354    0.2658894655E-03
   355    0.2436468121E-03
   356    0.2170589045E-03
   357    0.1946751689E-03
   358    0.1713269404E-03
   359    0.1554286241E-03
   360    0.1419480852E-03
   361    0.1229782776E-03
   362    0.1098667014E-03
   363    0.9967174183E-04
   364    0.8608431075E-04
   365    0.7574026134E-04
   366    0.6920505411E-04
   367    0.6050268748E-04
   368    0.5251249715E-04
   369    0.4698328166E-04
   370    0.4122045328E-04
   371    0.3619642522E-04
   372    0.3169007989E-04
   373    0.2767132781E-04
   374    0.2419383901E-04
   375    0.2108448464E-04
   376    0.1847709329E-04
   377    0.1606988264E-04
   378    0.1400750936E-04
   379    0.1224837765E-04
   380    0.1045314717E-04
   381    0.8990234294E-05
   382    0.7927590383E-05
   383    0.6731493040E-05
   384    0.5767600962E-05
   385    0.5075008947E-05
   386    0.4367191674E-05
   387    0.3711037163E-05
   388    0.3159848329E-05
   389    0.2721762482E-05
   390    0.2316828780E-05
   391    0.1984336480E-05
   392    0.1693060048E-05
   393    0.1445941712E-05
   394    0.1229108432E-05
   395    0.1030824586E-05
   396    0.8764999795E-06
   397    0.7458543501E-06
   398    0.6324566371E-06
   399    0.5309193943E-06
   400    0.4449484972E-06
   401    0.3760596575E-06
   402    0.3194818476E-06
   403    0.2678275370E-06
   404    0.2233620770E-06
   405    0.1870682533E-06
   406    0.1555697872E-06
   407    0.1298532089E-06
   408    0.1088518007E-06
   409    0.9135032061E-07
   410    0.7576544456E-07
   411    0.6244210832E-07
   412    0.5161596717E-07
   413    0.4289101380E-07
   414    0.3571400325E-07
   415    0.2963018014E-07
   416    0.2429847951E-07
   417    0.1994550322E-07
   418    0.1649226897E-07
   419    0.1349395168E-07
   420    0.1108996858E-07
   421    0.9142247598E-08
   422    0.7452188755E-08
   423    0.6083205717E-08
   424    0.4983305130E-08
   425    0.4055151687E-08
   426    0.3279085115E-08
   427    0.2700304785E-08
   428    0.2215574779E-08
   429    0.1763704044E-08
   430    0.1423990703E-08
   431    0.1162815955E-08
   432    0.9369992282E-09
   433    0.7588023265E-09
   434    0.6094661165E-09
   435    0.4902768747E-09
   436    0.3968099460E-09
   437    0.3153893813E-09
   438    0.2544845168E-09
   439    0.2049640180E-09
   440    0.1620959478E-09
   441    0.1293129770E-09
   442    0.1039954511E-09
   443    0.8289846587E-10
   444    0.6557324128E-10
   445    0.5206943210E-10
   446    0.4146435972E-10
   447    0.3285599570E-10
   448    0.2611280636E-10
   449    0.2051672721E-10
   450    0.1612732170E-10
   451    0.1284689022E-10
   452    0.1008870765E-10
   453    0.7915834654E-11
   454    0.6226658078E-11
   455    0.4871825166E-11
   456    0.3828048989E-11
   457    0.2994049453E-11
   458    0.2328887083E-11
   459    0.1826844231E-11
   460    0.1430078278E-11
   461    0.1109085046E-11
   462    0.8565648191E-12
   463    0.6666334151E-12
   464    0.5177802631E-12
   465    0.4034550471E-12
   466    0.3112232694E-12
   467    0.2373934382E-12
   468    0.1865174681E-12
   469    0.1420807916E-12
   470    0.1099120794E-12
   471    0.8401612739E-13
   472    0.6572520306E-13
   473    0.4854450175E-13
   474    0.3871902798E-13
   475    0.2917110997E-13
   476    0.2220446049E-13
   477    0.1657007864E-13
   478    0.1318389842E-13
   479    0.9575673587E-14
   480    0.7327471963E-14
   481    0.6911138328E-14
   482    0.5384581669E-14
   483    0.3080868893E-14
   484    0.2192690474E-14
   485    0.1471045508E-14
   486    0.1137978600E-14
   487    0.1110223025E-14
   488    0.1304512054E-14
   489    0.6938893904E-15
   490   -0.1665334537E-15
   491    0.4440892099E-15
   492   -0.2220446049E-15
   493    0.3330669074E-15
   494    0.2220446049E-15
   495    0.0000000000E+00
   496    0.0000000000E+00
   497    0.2220446049E-15
   498    0.0000000000E+00
   499    0.0000000000E+00
   500    0.3571428571E+01
   501    0.3571428571E+01
   502    0.0000000000E+00
