    -1    0.0000000000E+00
     0   -0.1314863147E+01
     1   -0.5337681244E+01
     2    0.1450175308E+00
     3   -0.4228731203E+01
     4    0.1666056354E+01
     5    0.1944973009E+01
     6    0.6636028272E+00
     7    0.1830646689E+01
     8   -0.1367305544E+01
     9   -0.3200490324E+01
    10    0.4137604319E+01
    11   -0.2182415797E+01
    12    0.6967864266E+00
    13   -0.1329133374E+01
    14    0.1126276242E+01
    15   -0.6010104752E+00
    16    0.1481973829E+01
    17   -0.5595343876E+00
    18   -0.7170304009E+00
    19   -0.9368427582E+00
    20    0.3247397628E+01
    21   -0.1870262819E+01
    22    0.1498341153E+01
    23   -0.4785467373E+00
    24    0.2070589882E+01
    25   -0.4807462568E+00
    26   -0.4121460181E+01
    27    0.2023708245E+01
    28    0.1564824457E+01
    29   -0.2377665204E+00
    30   -0.2720650531E+01
    31    0.1974671298E+01
    32   -0.6587198808E+00
    33   -0.9767981246E+00
    34   -0.3472949597E+01
    35    0.6830268514E+01
    36   -0.3794809593E+01
    37    0.3375325394E+01
    38   -0.3257388959E+01
    39   -0.1107819495E+01
    40   -0.2213059877E+01
    41    0.4514478308E+01
    42    0.6645642891E+00
    43   -0.4349084582E+01
    44    0.9384773737E-01
    45    0.4448296553E+01
    46   -0.1916988159E+01
    47    0.1156532432E+01
    48   -0.4531072783E+01
    49    0.3261331428E+01
    50   -0.1719360304E+01
    51    0.1872187812E+01
    52    0.7757167102E+00
    53    0.1412658554E+01
    54   -0.1411895947E+01
    55    0.1863357471E+01
    56   -0.2246185862E+01
    57    0.1553717878E+01
    58   -0.2680044242E+00
    59   -0.4522372621E+01
    60    0.7686477964E+01
    61   -0.2099218157E+01
    62   -0.6845003577E+00
    63    0.1305282962E+01
    64    0.1493203587E+01
    65   -0.2566210858E+01
    66   -0.2476640042E+00
    67   -0.1492046222E+01
    68    0.2312127622E+01
    69    0.5540836182E+00
    70   -0.3438969254E+01
    71   -0.1537591240E+01
    72    0.5075744780E+01
    73   -0.1419022472E+01
    74    0.1636951657E+01
    75   -0.2038461290E+01
    76    0.2045610798E+01
    77   -0.3695528174E+00
    78   -0.5791228790E+01
    79    0.2039562820E+01
    80   -0.7896531604E-01
    81    0.3174990490E+01
    82   -0.2633357054E+01
    83    0.1350486734E+01
    84   -0.2467192714E+01
    85    0.2672829945E+01
    86   -0.1042862590E+01
    87    0.2139106467E+01
    88   -0.9423380133E-01
    89   -0.4333108945E+01
    90    0.3933454987E+01
    91   -0.6661953156E+00
    92   -0.1187083367E+01
    93    0.2296377939E+01
    94   -0.2885782654E+01
    95    0.3499436141E+01
    96   -0.6548243563E+01
    97    0.4302727233E+01
    98   -0.1732936097E+01
    99    0.4937701972E+01
   100   -0.1751026047E+01
   101   -0.6089710613E+01
   102    0.4574135067E+01
   103   -0.1277771301E+00
   104    0.1363567434E+01
   105   -0.1579794313E+01
   106   -0.3388137326E+01
   107    0.5085963231E+01
   108   -0.1636002373E+01
   109   -0.2694572873E+01
   110    0.3665857081E+01
   111   -0.1585249220E+01
   112    0.2418564413E+01
   113   -0.6861071724E+00
   114   -0.1308543923E+00
   115   -0.2607139621E+01
   116    0.2449002012E+01
   117    0.6141132393E+00
   118    0.1330978912E+01
   119   -0.4795735154E+00
   120   -0.5755900376E+00
   121    0.2786436418E+01
   122   -0.9264517242E+00
   123   -0.1456104080E+01
   124   -0.4310330167E+00
   125   -0.1725291007E+01
   126    0.2550352379E+01
   127    0.1630484213E+01
   128   -0.4880070278E+01
   129    0.3869001554E+01
   130   -0.1534825879E+01
   131    0.2264462642E+01
   132   -0.1621000934E+01
   133    0.3153965706E+00
   134    0.9784999035E+00
   135   -0.2953958411E+01
   136    0.1674319895E+01
   137    0.6225807186E+00
   138    0.2622333225E-01
   139   -0.1448678207E+01
   140    0.1324740974E+01
   141   -0.1997611022E+01
   142    0.1832779408E+01
   143   -0.6162395071E+01
   144   -0.3086976760E+01
   145    0.8792203238E+01
   146   -0.3254667048E-01
   147   -0.3683512671E+01
   148    0.2272470592E+01
   149   -0.6360860890E+01
   150    0.4904365596E+01
   151   -0.3157683531E+01
   152    0.2178819437E+01
   153    0.7667211503E-01
   154    0.1298235998E+01
   155   -0.2232546093E+01
   156    0.2291919155E+01
   157    0.1949780200E+01
   158    0.1887915908E+01
   159   -0.5290297409E+01
   160    0.1875831006E+01
   161    0.2624187951E+01
   162   -0.4528028084E+00
   163    0.8370087653E+00
   164   -0.5415363214E+00
   165    0.1945360425E+00
   166   -0.3373832147E+01
   167    0.3287771617E+01
   168   -0.4476771462E+00
   169   -0.4261254074E+00
   170    0.2724285519E+00
   171    0.3992835927E+00
   172    0.4215825954E+00
   173   -0.9752143042E+00
   174    0.1651214971E+01
   175   -0.9178909927E+00
   176   -0.1946641293E+01
   177   -0.1355837318E+01
   178    0.2125698017E+01
   179    0.1916252967E+01
   180   -0.2850946384E+00
   181   -0.1264210584E+01
   182   -0.7033779524E+01
   183    0.4931298289E+01
   184   -0.2497363069E+01
   185   -0.3411556002E+01
   186    0.5285233430E+01
   187    0.5353661683E+00
   188   -0.1285578422E+01
   189    0.1047971012E+01
   190   -0.2444790201E+01
   191    0.1253459376E+01
   192    0.4396228773E+00
   193   -0.7312818159E+00
   194    0.2369180173E+01
   195   -0.4508928228E+00
   196   -0.3019454658E+01
   197    0.1153176164E+00
   198    0.2644400367E+01
   199    0.1285770160E+00
   200    0.8217423410E+00
   201   -0.1088001951E+01
   202   -0.2037286437E+01
   203    0.1758628612E+01
   204    0.1182955618E+01
   205   -0.2419121403E+01
   206   -0.1450521704E+00
   207    0.2407660542E+01
   208   -0.6720969112E+00
   209   -0.1483799976E+01
   210    0.1558786686E+01
   211    0.1125528561E+01
   212   -0.4636101427E+00
   213   -0.2234532756E+01
   214    0.2876948951E+01
   215   -0.1329218473E+01
   216   -0.1378529864E+00
   217    0.3133151669E+01
   218   -0.1057860731E+01
   219   -0.2684490460E+01
   220    0.2721969515E+01
   221    0.4514211304E+00
   222   -0.3652634650E+01
   223    0.1555259275E+01
   224    0.1361441448E+01
   225    0.4364286192E-01
   226   -0.2514984153E+01
   227   -0.1209943150E+01
   228    0.1623982691E+01
   229    0.1908427133E+01
   230   -0.2027438434E+00
   231   -0.7349460823E+00
   232    0.1150108803E+01
   233   -0.1064197993E+01
   234    0.3422359254E+00
   235    0.3632284116E+00
   236   -0.3461430608E+00
   237   -0.1003131261E+01
   238    0.1141539000E+01
   239   -0.1799003380E+01
   240    0.6754551025E+00
   241    0.1657191119E+01
   242   -0.2065587551E+01
   243   -0.1301237067E+01
   244    0.1810302003E+01
   245    0.1318529025E+01
   246   -0.1241353743E+01
   247   -0.1705288265E+01
   248    0.6179425847E+00
   249    0.1535758081E+01
   250   -0.2565625880E+00
   251   -0.9273274316E+00
   252    0.7117266809E-03
   253    0.3856815596E+00
   254    0.6947594529E-01
   255   -0.1269137418E+00
   256    0.2369944256E-01
   257   -0.8456708622E-02
   258   -0.1250016298E+00
   259    0.1031980520E+00
   260    0.2372104749E+00
   261   -0.1966863171E+00
   262   -0.2697849438E+00
   263    0.4035034678E+00
   264    0.2028060217E+00
   265   -0.7833661221E+00
   266   -0.9694190708E-01
   267    0.5588513582E+00
   268   -0.5640195048E-01
   269   -0.9575223521E-01
   270    0.7426348685E-01
   271    0.1767923952E-01
   272   -0.3148141355E-01
   273    0.5251890290E-01
   274    0.3116805730E-01
   275   -0.5858832425E-01
   276   -0.1245590136E-01
   277    0.5955790870E-01
   278    0.1719932916E-01
   279   -0.3974787409E-01
   280   -0.3771245124E-02
   281    0.5517163592E-01
   282   -0.3618100690E-01
   283   -0.1063810327E+00
   284    0.1091433745E+00
   285    0.4035009167E-01
   286   -0.1215721029E-01
   287   -0.1477830718E-01
   288   -0.5524191981E-02
   289    0.3916682316E-02
   290    0.5332423790E-02
   291    0.9890815217E-02
   292    0.4481841722E-02
   293   -0.3456110511E-02
   294   -0.1669996588E-02
   295    0.4977385778E-02
   296    0.4546008257E-02
   297   -0.1107020644E-02
   298    0.2565471620E-02
   299    0.4272586640E-02
   300   -0.1167463398E-02
   301   -0.3848755765E-03
   302    0.4132782857E-02
   303    0.2668848523E-02
   304   -0.1063118951E-03
   305    0.1100580309E-02
   306    0.1678385527E-02
   307    0.7402073626E-03
   308    0.9925295030E-03
   309    0.1279735571E-02
   310    0.6487438243E-03
   311    0.1794299223E-03
   312    0.3899450402E-03
   313    0.9394458509E-03
   314    0.1203470533E-02
   315    0.3660139455E-03
   316    0.1975485897E-03
   317    0.4813030471E-03
   318    0.2533077116E-03
   319    0.6296666986E-03
   320    0.4643030282E-03
   321   -0.1949849785E-04
   322    0.1669303253E-03
   323    0.3644194890E-03
   324    0.2538453908E-03
   325    0.2030520912E-03
   326    0.3861076873E-04
   327    0.1360674279E-03
   328    0.2833417524E-03
   329    0.1083162930E-03
   330    0.7657067039E-04
   331    0.1599407880E-03
   332    0.6754027410E-04
   333    0.1041344839E-06
   334    0.1126439755E-03
   335    0.8779416985E-04
   336    0.1500786010E-04
   337    0.5159584386E-04
   338    0.5067542488E-04
   339    0.4034008791E-04
   340    0.2973183259E-04
   341    0.2627191705E-04
   342    0.2092867160E-04
   343    0.1686917676E-04
   344    0.1967518650E-04
   345    0.1486285434E-04
   346    0.1913083681E-04
   347    0.1927012914E-04
   348    0.6060936687E-05
   349    0.4840914421E-05
   350    0.1184661072E-04
   351    0.3466768276E-05
   352    0.2011436418E-05
   353    0.7340656366E-05
   354    0.6753636270E-05
   355    0.4456736725E-05
   356    0.1821859292E-05
   357    0.2558730519E-05
   358    0.2183883022E-05
   359    0.1859698723E-05
   360    0.1836136764E-05
   361    0.1934589657E-05
   362    0.1407241707E-05
   363    0.6579306245E-06
   364    0.7286774442E-06
   365    0.7317585222E-06
   366    0.8001022987E-06
   367    0.5115285747E-06
   368    0.2388994871E-06
   369    0.3605748251E-06
   370    0.4475715079E-06
   371    0.3030937552E-06
   372    0.2571142494E-06
   373    0.2044502416E-06
   374    0.9206678120E-07
   375    0.9536416390E-07
   376    0.1161790534E-06
   377    0.1248584911E-06
   378    0.9306179929E-07
   379    0.5156812941E-07
   380    0.3056254735E-07
   381    0.3303594098E-07
   382    0.4338336235E-07
   383    0.4067199985E-07
   384    0.2314887337E-07
   385    0.1653222548E-07
   386    0.1851518094E-07
   387    0.1095006605E-07
   388    0.9264621070E-08
   389    0.1103817993E-07
   390    0.7630343440E-08
   391    0.5059657193E-08
   392    0.5212129395E-08
   393    0.3917907804E-08
   394    0.1759625806E-08
   395    0.3414175831E-08
   396    0.4056599612E-08
   397    0.1219208096E-08
   398    0.6953510268E-09
   399    0.1340642930E-08
   400    0.8820724151E-09
   401    0.8037287502E-09
   402    0.5987770280E-09
   403    0.4291912381E-09
   404    0.4856042790E-09
   405    0.2454716430E-09
   406    0.2703768320E-09
   407    0.2736300075E-09
   408    0.1356468271E-09
   409    0.8883024871E-10
   410    0.1176436726E-09
   411    0.1030882046E-09
   412    0.5525385705E-10
   413    0.4383338137E-10
   414    0.4322431302E-10
   415    0.3475922328E-10
   416    0.3235389734E-10
   417    0.1777644698E-10
   418    0.1104899505E-10
   419    0.1607658451E-10
   420    0.1107111625E-10
   421    0.7394584944E-11
   422    0.6531997165E-11
   423    0.4339084647E-11
   424    0.3967298712E-11
   425    0.3112315961E-11
   426    0.1799616012E-11
   427    0.1920935633E-11
   428    0.1874278510E-11
   429    0.1121769344E-11
   430    0.6525890939E-12
   431    0.5249134460E-12
   432    0.5220823773E-12
   433    0.4781730567E-12
   434    0.3563815909E-12
   435    0.2175759573E-12
   436    0.1725286580E-12
   437    0.1443012376E-12
   438    0.9919842725E-13
   439    0.8060219159E-13
   440    0.6608602554E-13
   441    0.6014633236E-13
   442    0.4518607710E-13
   443    0.2281508316E-13
   444    0.1834643548E-13
   445    0.2139954880E-13
   446    0.1054711873E-13
   447    0.8909539773E-14
   448    0.8548717290E-14
   449    0.4440892099E-14
   450    0.5828670879E-14
   451    0.2997602166E-14
   452    0.1970645869E-14
   453    0.1471045508E-14
   454    0.8881784197E-15
   455    0.1554312234E-14
   456    0.2220446049E-15
   457    0.6938893904E-15
   458   -0.1665334537E-15
   459    0.8881784197E-15
   460    0.6661338148E-15
   461   -0.4440892099E-15
   462   -0.2220446049E-15
   463    0.2220446049E-15
   464    0.2220446049E-15
   465    0.0000000000E+00
   466   -0.6661338148E-15
   467    0.0000000000E+00
   468   -0.6661338148E-15
   469    0.0000000000E+00
   470    0.0000000000E+00
   471    0.2220446049E-15
   472    0.2220446049E-15
   473    0.0000000000E+00
   474    0.0000000000E+00
   475    0.0000000000E+00
   476    0.2220446049E-15
   477    0.2220446049E-15
   478    0.0000000000E+00
   479   -0.8881784197E-15
   480    0.0000000000E+00
   481    0.2220446049E-15
   482    0.0000000000E+00
   483    0.2220446049E-15
   484    0.0000000000E+00
   485    0.0000000000E+00
   486    0.2220446049E-15
   487    0.0000000000E+00
   488    0.0000000000E+00
   489    0.2220446049E-15
   490    0.2220446049E-15
   491    0.2220446049E-15
   492    0.2220446049E-15
   493    0.0000000000E+00
   494    0.2220446049E-15
   495    0.0000000000E+00
   496   -0.5551115123E-15
   497    0.0000000000E+00
   498    0.0000000000E+00
   499    0.0000000000E+00
   500    0.3571428571E+01
   501    0.3571428571E+01
   502    0.0000000000E+00
