    -1    0.0000000000E+00
     0   -0.1953208477E+01
     1   -0.1358633967E+01
     2   -0.3045023225E+01
     3    0.2726433056E+01
     4   -0.3885978518E+01
     5   -0.4529522557E+00
     6   -0.1302206418E+00
     7    0.3130237295E+01
     8   -0.1102448053E+01
     9   -0.1253252586E+01
    10    0.2303810986E+01
    11   -0.2959321185E+01
    12    0.1120085362E+00
    13    0.2082912544E+01
    14    0.9711936815E-01
    15   -0.6156465116E+01
    16   -0.1864193627E+01
    17    0.3121746381E+01
    18    0.4379599117E+01
    19   -0.2013800348E+01
    20   -0.6163522817E+00
    21   -0.4788784389E+01
    22    0.6522694924E+01
    23   -0.4910755960E+00
    24   -0.3574155439E+01
    25    0.1053120921E+01
    26    0.1926516339E+01
    27    0.5592374378E+00
    28    0.1243863698E+01
    29    0.2418937542E+01
    30   -0.2686232741E+01
    31    0.2784552287E+00
    32    0.1543750091E+01
    33   -0.3561713510E+01
    34    0.3870723963E+01
    35   -0.2402284260E+01
    36    0.2783806803E+01
    37   -0.2226774662E+01
    38    0.1142125428E+01
    39    0.1902615249E+01
    40   -0.3766831079E+01
    41    0.3897423881E+01
    42   -0.3467394971E+01
    43    0.3794690718E+01
    44   -0.4324145531E+01
    45   -0.5280802918E+00
    46    0.3828636061E+01
    47    0.5215036285E+00
    48    0.4352188404E+00
    49   -0.2537049070E+01
    50   -0.4158393835E+01
    51    0.3605192806E+01
    52    0.1685628399E+01
    53   -0.8372374378E-01
    54   -0.4489232091E+01
    55   -0.2434040634E+00
    56    0.3424242650E+01
    57    0.6592084674E+00
    58   -0.3435511027E+01
    59   -0.3280922926E+01
    60    0.7818068321E+00
    61    0.1165139286E+01
    62    0.1110759258E+01
    63   -0.1899185468E+01
    64    0.1684065114E+01
    65   -0.1675792620E+01
    66    0.8273807365E+00
    67    0.4404156193E+00
    68    0.6432031738E+00
    69   -0.2452974237E+00
    70    0.2526403173E+01
    71   -0.1159913417E+01
    72   -0.6851166039E+00
    73    0.3182077741E+01
    74   -0.2730854569E+01
    75    0.2334578641E+01
    76   -0.1034821641E+01
    77   -0.1342309302E+00
    78   -0.1729188854E+01
    79    0.5393566075E+01
    80   -0.2169886823E+01
    81    0.7145410085E+00
    82   -0.2563916451E+00
    83   -0.3319541954E+01
    84    0.4701597865E+01
    85   -0.3959851121E+01
    86    0.3222714543E+01
    87    0.4810382713E-01
    88   -0.1273850035E+01
    89   -0.1924715179E+01
    90    0.4339130613E+01
    91   -0.8954090094E+00
    92   -0.4313954575E+01
    93    0.4109742250E+01
    94   -0.5379618615E+00
    95   -0.2403930217E+01
    96    0.1310726273E+01
    97    0.5278447240E+00
    98   -0.2800869963E+01
    99    0.7630108205E+00
   100    0.6831283133E+00
   101   -0.2597268879E+00
   102   -0.3009339403E+01
   103    0.1699980686E+01
   104    0.2252093094E-01
   105   -0.4153008660E+00
   106   -0.1435922372E+01
   107   -0.4274634936E+00
   108   -0.1702581076E-01
   109    0.1633364258E+01
   110   -0.3369603366E+01
   111    0.4298708395E+01
   112   -0.5795174669E+01
   113    0.7080106247E+01
   114   -0.1147679199E+01
   115   -0.3550112960E+01
   116    0.3165216867E+01
   117    0.2362894138E+01
   118   -0.1794725596E+01
   119   -0.8982048345E+00
   120    0.2976173529E+01
   121   -0.1263175165E+01
   122   -0.1794021604E+00
   123    0.1340369013E+01
   124    0.3370058913E+00
   125   -0.1836120066E+01
   126    0.2326145806E+01
   127   -0.5920943788E+00
   128    0.1981853365E+00
   129   -0.1402204028E+01
   130    0.2576166657E+01
   131   -0.6824472052E+00
   132   -0.1211631823E+01
   133   -0.1973842227E-01
   134    0.1013535639E+01
   135    0.1109962034E+01
   136   -0.3901185299E+01
   137    0.3394946235E+01
   138   -0.2995020930E+00
   139   -0.1679389393E+01
   140    0.9508478240E+00
   141   -0.9196519819E+00
   142    0.1442221132E+01
   143   -0.2222526871E+01
   144   -0.1030259747E+01
   145    0.7411850367E+00
   146    0.8912267942E+00
   147    0.7654851256E+00
   148   -0.5511954252E+01
   149    0.4477437817E+01
   150   -0.2468700377E+01
   151   -0.8476363475E-01
   152   -0.5594989841E+00
   153   -0.1944256212E+00
   154   -0.1529722462E+00
   155    0.4259870335E+00
   156   -0.1188167161E+01
   157    0.1086830383E+01
   158   -0.1163676202E+01
   159    0.2792394719E+01
   160   -0.2930496942E+01
   161    0.3838469855E+01
   162   -0.9216940539E+00
   163   -0.1054297408E+01
   164    0.3440820643E+01
   165   -0.8427751241E+00
   166   -0.2328479762E+01
   167    0.3762723080E+01
   168    0.1716979261E+00
   169   -0.2970000068E+01
   170    0.2864576087E+01
   171    0.2840034041E+00
   172   -0.8082347579E+00
   173   -0.8481787661E+00
   174    0.1706093063E+01
   175   -0.1682394910E-01
   176   -0.9147160216E+00
   177    0.4386215283E+00
   178   -0.4078375723E+00
   179    0.1195924042E+01
   180   -0.1560221412E+01
   181    0.5309716507E+00
   182    0.1366940639E+00
   183    0.1148798746E-01
   184   -0.1165469445E+01
   185    0.4900261894E+00
   186   -0.1318122458E+00
   187    0.9475964067E-01
   188   -0.1507767812E+01
   189    0.8503553880E+00
   190    0.4662449143E+00
   191   -0.2103334714E+01
   192    0.7406772408E+00
   193    0.6011682138E+00
   194   -0.1973636545E+01
   195    0.1268250904E+01
   196   -0.1257671145E+01
   197   -0.5001696139E+00
   198    0.8507464648E+00
   199    0.6107684418E+00
   200   -0.1497225361E+00
   201   -0.2048148820E+01
   202    0.1442480898E+01
   203    0.1256954135E+00
   204   -0.5410610881E+00
   205   -0.8211771288E-01
   206    0.1035497270E+01
   207    0.6479588797E+00
   208   -0.2973981673E+00
   209   -0.3267026718E+00
   210    0.6662372648E+00
   211    0.4621853135E+00
   212   -0.1878079459E+00
   213   -0.4406145959E+00
   214    0.1170318096E+01
   215    0.3138819697E+00
   216   -0.6042898574E+00
   217    0.7073780732E+00
   218   -0.1235665379E+00
   219   -0.1026391901E+01
   220    0.1508672140E+01
   221   -0.1845624168E+00
   222   -0.1184563123E+01
   223    0.3058184015E+00
   224    0.1267617472E+01
   225    0.6877513008E+00
   226   -0.8478044047E+00
   227   -0.8061448188E+00
   228    0.3656574492E+00
   229   -0.1240971354E+00
   230    0.3533738217E+00
   231    0.1375094831E+01
   232   -0.1427269243E+01
   233   -0.1774669705E+01
   234   -0.8664901953E+00
   235    0.8273572800E+00
   236    0.1527895400E+01
   237   -0.6803819216E+00
   238    0.6840557422E+00
   239   -0.8266128362E-02
   240   -0.2473010434E+01
   241    0.2850886112E+00
   242    0.2018390275E+01
   243   -0.1953829271E+00
   244   -0.8429433527E+00
   245    0.3767498026E+00
   246    0.2674401234E+00
   247   -0.3538664418E+00
   248   -0.2479827180E+00
   249    0.4318481079E+00
   250    0.3070199744E+00
   251   -0.7092440898E+00
   252   -0.4405694367E+00
   253    0.7134911112E+00
   254    0.4702064094E+00
   255   -0.1017699705E+01
   256   -0.1582819342E+00
   257    0.6336607087E+00
   258    0.1199346950E+00
   259   -0.2980403564E+00
   260   -0.7911580927E-01
   261    0.9187953064E-01
   262    0.3433206200E-01
   263   -0.3337293963E-01
   264    0.7919206349E-03
   265   -0.1384906323E-01
   266   -0.2563814144E-01
   267    0.4188271441E-01
   268    0.2983776927E-01
   269   -0.9496511711E-01
   270   -0.4228661934E-01
   271    0.2316831590E+00
   272   -0.3220887057E-01
   273   -0.5057619310E+00
   274    0.3619187626E+00
   275    0.1779560416E+00
   276   -0.1253149376E+00
   277   -0.4818613370E-01
   278    0.4244361458E-01
   279   -0.1771174220E-02
   280   -0.1194185355E-01
   281    0.3854793515E-01
   282    0.7042343341E-02
   283   -0.2972613037E-01
   284    0.9244088306E-02
   285    0.2746857389E-01
   286    0.3133698304E-02
   287   -0.1321890926E-01
   288    0.4878127368E-02
   289    0.2432234430E-01
   290   -0.1205385674E-01
   291   -0.7910949079E-01
   292    0.7151295558E-01
   293    0.3234902790E-01
   294   -0.3711690467E-02
   295   -0.8049595115E-02
   296   -0.4147360919E-02
   297    0.2262394964E-02
   298    0.4237960201E-02
   299    0.7807029409E-02
   300    0.4968914800E-02
   301   -0.1022177235E-02
   302   -0.1456996126E-02
   303    0.3941736277E-02
   304    0.4241060508E-02
   305    0.1848860529E-03
   306    0.1633783712E-02
   307    0.3923233835E-02
   308    0.3143069142E-03
   309   -0.4596015854E-03
   310    0.3136860384E-02
   311    0.2709286157E-02
   312    0.5113314997E-03
   313    0.8677452795E-03
   314    0.1613335201E-02
   315    0.9190268984E-03
   316    0.9460679763E-03
   317    0.1171416411E-02
   318    0.7819773139E-03
   319    0.4076862035E-03
   320    0.4116198261E-03
   321    0.7564453271E-03
   322    0.1072776262E-02
   323    0.5659026923E-03
   324    0.2264462216E-03
   325    0.4539490062E-03
   326    0.3241325101E-03
   327    0.5037483237E-03
   328    0.4914804656E-03
   329    0.1176584974E-03
   330    0.1407161645E-03
   331    0.3218288397E-03
   332    0.2656792091E-03
   333    0.2206236813E-03
   334    0.8707019180E-04
   335    0.1068473393E-03
   336    0.2529921140E-03
   337    0.1390291777E-03
   338    0.7331052773E-04
   339    0.1432889543E-03
   340    0.9584125369E-04
   341    0.1291032108E-04
   342    0.8661416166E-04
   343    0.9776128279E-04
   344    0.2607562403E-04
   345    0.4630254088E-04
   346    0.5133433471E-04
   347    0.3937190608E-04
   348    0.3324484632E-04
   349    0.2635182051E-04
   350    0.2310823878E-04
   351    0.1841645562E-04
   352    0.1913773085E-04
   353    0.1624302409E-04
   354    0.1642844673E-04
   355    0.1890500149E-04
   356    0.9035855608E-05
   357    0.5052386634E-05
   358    0.1079851219E-04
   359    0.5618689766E-05
   360    0.2597547021E-05
   361    0.6320474551E-05
   362    0.6313361110E-05
   363    0.4837366079E-05
   364    0.2363712548E-05
   365    0.2494799330E-05
   366    0.2365192998E-05
   367    0.1923940635E-05
   368    0.1805315775E-05
   369    0.1779087508E-05
   370    0.1575325504E-05
   371    0.7804427361E-06
   372    0.7643778221E-06
   373    0.7478539445E-06
   374    0.7567930295E-06
   375    0.5949081032E-06
   376    0.3024162292E-06
   377    0.3409897993E-06
   378    0.4189390974E-06
   379    0.3228152629E-06
   380    0.2540605909E-06
   381    0.2138131576E-06
   382    0.1218547752E-06
   383    0.1039794009E-06
   384    0.1109822279E-06
   385    0.1164703501E-06
   386    0.9761113817E-07
   387    0.6099798866E-07
   388    0.3741260327E-07
   389    0.3535882473E-07
   390    0.3984183694E-07
   391    0.4006583487E-07
   392    0.2632237539E-07
   393    0.1762647184E-07
   394    0.1854206189E-07
   395    0.1267008931E-07
   396    0.9618307040E-08
   397    0.1100527225E-07
   398    0.7986090761E-08
   399    0.5723602037E-08
   400    0.5126648217E-08
   401    0.4419338395E-08
   402    0.2298889523E-08
   403    0.2846872071E-08
   404    0.3831535311E-08
   405    0.1776697678E-08
   406    0.8186982203E-09
   407    0.1294879315E-08
   408    0.9582430405E-09
   409    0.8063108514E-09
   410    0.6591085455E-09
   411    0.4489897343E-09
   412    0.4766955719E-09
   413    0.3033226170E-09
   414    0.2477468231E-09
   415    0.2750271677E-09
   416    0.1644172576E-09
   417    0.9891532038E-10
   418    0.1124752236E-09
   419    0.1045719622E-09
   420    0.6619127468E-10
   421    0.4482081373E-10
   422    0.4533151632E-10
   423    0.3516492653E-10
   424    0.3149547290E-10
   425    0.2208189187E-10
   426    0.1195338273E-10
   427    0.1518574155E-10
   428    0.1199040867E-10
   429    0.7843559136E-11
   430    0.6777467476E-11
   431    0.4848815793E-11
   432    0.3951727834E-11
   433    0.3364197809E-11
   434    0.2081473882E-11
   435    0.1869393529E-11
   436    0.1842415109E-11
   437    0.1252109527E-11
   438    0.7663869539E-12
   439    0.5708211681E-12
   440    0.5415667914E-12
   441    0.4647393581E-12
   442    0.3763100942E-12
   443    0.2435551760E-12
   444    0.1831867991E-12
   445    0.1496580637E-12
   446    0.1111333248E-12
   447    0.8393286066E-13
   448    0.6930567231E-13
   449    0.5773159728E-13
   450    0.4884981308E-13
   451    0.2642330799E-13
   452    0.1909583602E-13
   453    0.2131628207E-13
   454    0.1232347557E-13
   455    0.9520162436E-14
   456    0.8881784197E-14
   457    0.4746203430E-14
   458    0.2969846591E-14
   459    0.3719247132E-14
   460    0.2275957200E-14
   461    0.1665334537E-14
   462    0.1554312234E-14
   463    0.1776356839E-14
   464    0.1609823386E-14
   465    0.6661338148E-15
   466   -0.2220446049E-15
   467    0.0000000000E+00
   468    0.2220446049E-15
   469    0.8881784197E-15
   470   -0.6661338148E-15
   471    0.6661338148E-15
   472    0.2220446049E-15
   473    0.2220446049E-15
   474    0.2220446049E-15
   475    0.2220446049E-15
   476    0.0000000000E+00
   477   -0.8881784197E-15
   478    0.2220446049E-15
   479    0.0000000000E+00
   480    0.0000000000E+00
   481    0.2220446049E-15
   482    0.2220446049E-15
   483    0.0000000000E+00
   484    0.2220446049E-15
   485    0.0000000000E+00
   486   -0.6661338148E-15
   487    0.2220446049E-15
   488    0.2220446049E-15
   489    0.2220446049E-15
   490    0.2220446049E-15
   491    0.3330669074E-15
   492    0.2220446049E-15
   493    0.0000000000E+00
   494    0.2220446049E-15
   495    0.0000000000E+00
   496   -0.6661338148E-15
   497    0.2220446049E-15
   498    0.1110223025E-15
   499   -0.2220446049E-15
   500    0.3571428571E+01
   501    0.3571428571E+01
   502    0.0000000000E+00
