    -1    0.0000000000E+00
     0   -0.2537007267E+01
     1   -0.6301985434E+01
     2    0.1874757619E+01
     3   -0.4416127228E+01
     4    0.5905223196E+01
     5   -0.2669099114E+00
     6   -0.7161684302E+00
     7    0.2444069649E+01
     8    0.1213092766E+01
     9   -0.5098589740E+00
    10   -0.1907142196E+01
    11    0.1169213348E+01
    12   -0.8843024824E+00
    13    0.1967418836E+01
    14    0.7519013967E+00
    15   -0.1610361846E+01
    16    0.2955258313E+01
    17   -0.4848615678E+01
    18    0.4089690468E+01
    19   -0.1705014015E+01
    20    0.8175854543E+00
    21   -0.1155064599E+01
    22    0.2883524595E+01
    23   -0.2464575103E+01
    24    0.6746575221E+00
    25    0.9333512009E+00
    26   -0.1465189087E+01
    27    0.2218310052E+00
    28   -0.2454669662E+00
    29   -0.3079504336E+01
    30    0.2942586710E+01
    31   -0.3664003523E+01
    32    0.4188944688E+01
    33   -0.5067315994E+01
    34    0.2170059938E+01
    35    0.3836969273E+01
    36   -0.5541706804E+00
    37   -0.7488601067E+01
    38    0.3089416255E+01
    39   -0.1442208170E+01
    40    0.5524406855E+01
    41   -0.2504614325E+01
    42    0.2141949468E+01
    43    0.1073526874E+01
    44    0.5460722622E+00
    45   -0.3441179684E+01
    46   -0.2305133782E+01
    47    0.2399586925E+01
    48    0.1107030845E+01
    49    0.7366645478E+00
    50    0.3416223999E+00
    51   -0.6946525548E+01
    52   -0.1404358131E+00
    53    0.2340331073E+01
    54    0.4366495174E+01
    55    0.5721493116E+00
    56   -0.2088015114E+01
    57   -0.7629348397E+00
    58   -0.3400104623E+01
    59    0.2593519834E+01
    60    0.5915057726E+00
    61    0.3516449912E+01
    62   -0.2338128514E+01
    63    0.1475062106E+01
    64   -0.5601531096E-01
    65    0.5056763760E-01
    66    0.3262599483E+00
    67   -0.1517362635E+01
    68   -0.2679712494E+01
    69   -0.4940651434E+00
    70    0.2309884152E+01
    71   -0.3826912522E+01
    72   -0.2358112518E-01
    73   -0.1659653174E+01
    74    0.3984788043E+01
    75    0.1825577934E+01
    76    0.1369177220E+01
    77   -0.3298194423E+01
    78    0.3196336994E+01
    79   -0.9475389409E+00
    80    0.4114775519E+01
    81   -0.1380891127E+01
    82   -0.1724441375E+01
    83    0.7722613549E+00
    84   -0.8978715621E+00
    85   -0.4494695325E+01
    86   -0.1580824190E+01
    87    0.3429585895E+01
    88   -0.8349388491E+00
    89    0.5786055686E+00
    90   -0.1172607480E+01
    91   -0.3355355678E+01
    92    0.2628979004E+01
    93    0.6104797100E+01
    94   -0.2809543326E+01
    95   -0.4860157344E+00
    96    0.1697014229E+01
    97   -0.1713585890E+01
    98   -0.2841730907E-01
    99    0.3693025716E+01
   100   -0.2729309743E+01
   101    0.1245662475E+01
   102   -0.1201774165E+01
   103    0.1868848258E+01
   104    0.3710664766E+00
   105   -0.8917656334E+00
   106   -0.9311649768E+00
   107    0.1173828786E+01
   108    0.6892075355E+00
   109    0.2612218918E+00
   110   -0.3168738169E+00
   111   -0.6540943874E+00
   112    0.1429863092E+01
   113   -0.1426577547E+00
   114   -0.8897960718E-01
   115   -0.1278382557E+01
   116    0.9435236394E+00
   117    0.4381576681E+00
   118   -0.1283680725E+01
   119    0.1127738797E+01
   120   -0.9750476403E+00
   121   -0.9470539512E+00
   122    0.1979537226E+01
   123   -0.2260521696E+00
   124   -0.2772828353E+00
   125    0.2027420365E+00
   126    0.4647880767E+00
   127    0.6067322410E+00
   128   -0.2053554262E+01
   129    0.2185059371E+01
   130   -0.2044710022E+01
   131    0.1302659584E+01
   132    0.8428823277E+00
   133   -0.1609061117E+01
   134    0.1180420631E+01
   135   -0.6225156433E+00
   136    0.7594718742E+00
   137   -0.5061851560E+00
   138    0.3240532441E+00
   139    0.2763691580E-01
   140   -0.7525045169E+00
   141    0.1757903607E+01
   142   -0.1247640358E+01
   143    0.5935727543E-01
   144   -0.8548026335E+00
   145   -0.7601124532E-01
   146    0.1691546893E+01
   147    0.3197799163E+00
   148   -0.8446210353E+00
   149   -0.1911226388E+01
   150    0.5921219785E+00
   151    0.1072649100E+01
   152    0.1008453361E+01
   153   -0.1599963619E+01
   154   -0.1714083357E+00
   155   -0.1395401313E+01
   156    0.1473386690E+01
   157    0.9949142256E+00
   158   -0.3149658793E+00
   159    0.9110708488E+00
   160   -0.9534959171E+00
   161   -0.1158116975E+01
   162    0.1427555119E+01
   163    0.1027790155E+01
   164   -0.1519630306E+01
   165   -0.1252922938E+00
   166   -0.2490789787E+01
   167    0.2258765896E+01
   168   -0.2722644330E+00
   169    0.6750989681E+00
   170   -0.2689132973E+01
   171    0.1162855282E+01
   172   -0.1321135558E+01
   173   -0.2665223811E+01
   174    0.3577631194E-01
   175   -0.4160047699E+01
   176   -0.7477647622E+01
   177   -0.6683197069E+00
   178   -0.1089456514E+01
   179    0.5812997374E+00
   180    0.3151472808E+01
   181    0.4736875240E+01
   182    0.7034368540E+01
   183   -0.1334259009E+01
   184   -0.4861882197E+01
   185    0.5157573515E+01
   186    0.3838050963E+01
   187   -0.3194954366E+01
   188   -0.7203066317E+00
   189    0.1816169872E+01
   190    0.1850835673E+01
   191   -0.7815603738E+00
   192   -0.1283390700E+01
   193   -0.3947267526E+00
   194    0.2120517958E+01
   195   -0.4273959026E+00
   196    0.8640382562E+00
   197   -0.2484064356E+01
   198    0.1249454227E+01
   199    0.1421467467E+01
   200   -0.1463594402E+01
   201    0.1776979077E+01
   202   -0.2898893323E+01
   203    0.1026671629E+01
   204    0.1996315220E+01
   205   -0.1526184850E+01
   206    0.1291244191E+01
   207   -0.3537512071E+01
   208    0.2306808960E+01
   209    0.6308094639E+00
   210   -0.1869270019E+00
   211    0.3387555701E+00
   212   -0.3412192013E+01
   213    0.2755578797E+01
   214   -0.5643899129E-01
   215    0.4883761103E+00
   216   -0.6618874640E+00
   217   -0.3683786257E+01
   218    0.3516397299E+01
   219   -0.6481867557E+00
   220   -0.9315201301E+00
   221   -0.6062068839E+01
   222   -0.3033510153E+01
   223    0.7588371021E+00
   224    0.2816471150E+01
   225    0.1726385501E+01
   226    0.1890889119E+00
   227   -0.2983440651E+01
   228    0.8883007820E+00
   229    0.3157100386E+01
   230    0.7891363241E+00
   231    0.4332140600E+00
   232   -0.4200267970E+00
   233   -0.9312707912E+00
   234    0.8728102834E+00
   235    0.9670756771E+00
   236   -0.8587196758E+00
   237   -0.1109091194E+01
   238    0.3584441554E+00
   239    0.1065866893E+01
   240   -0.6173462874E+00
   241   -0.1870667317E+01
   242    0.8023526163E-01
   243    0.1855935065E+01
   244    0.5667482702E+00
   245   -0.9460210235E+00
   246   -0.2865513803E+00
   247    0.6633838786E+00
   248   -0.2485657210E+00
   249   -0.5356137411E+00
   250    0.7695286749E+00
   251    0.3845170608E+00
   252   -0.2052952270E+00
   253   -0.5480750608E+00
   254    0.3511078126E-02
   255    0.1230051227E+00
   256   -0.2629826907E+00
   257   -0.3823773790E+00
   258   -0.3129638402E+00
   259    0.4396356493E+00
   260    0.3301285083E+00
   261    0.8756643116E-01
   262   -0.1197067968E+00
   263    0.3932774952E-01
   264    0.1377873168E+00
   265   -0.8597426262E-01
   266   -0.1195491059E+00
   267    0.8973356833E-01
   268    0.1101290525E+00
   269   -0.6835965514E-01
   270   -0.7566562570E-01
   271    0.9742479800E-01
   272    0.4107247623E-01
   273   -0.2180893990E+00
   274    0.7779304839E-01
   275    0.1160153011E+00
   276   -0.1289981523E-01
   277   -0.2440919691E-01
   278   -0.8833542764E-02
   279    0.3096351758E-02
   280    0.8174483963E-02
   281    0.1253551308E-01
   282    0.4675497699E-02
   283   -0.5169431674E-02
   284   -0.3192297378E-02
   285    0.5237886682E-02
   286    0.5573833935E-02
   287   -0.1462592169E-02
   288    0.2425779618E-02
   289    0.4544959315E-02
   290   -0.1448845618E-02
   291   -0.1172801311E-02
   292    0.4576254456E-02
   293    0.3525297604E-02
   294   -0.6328796464E-03
   295    0.8848841811E-03
   296    0.1921453593E-02
   297    0.6396314263E-03
   298    0.9330512020E-03
   299    0.1458521635E-02
   300    0.5966571122E-03
   301   -0.6703155001E-04
   302    0.3069759351E-03
   303    0.1074103290E-02
   304    0.1416458446E-02
   305    0.2525761346E-03
   306    0.7253457439E-04
   307    0.5598838179E-03
   308    0.2058343312E-03
   309    0.6624134418E-03
   310    0.5328728177E-03
   311   -0.1217233297E-03
   312    0.1153204105E-03
   313    0.4235849914E-03
   314    0.2713061922E-03
   315    0.1801256236E-03
   316   -0.4106689775E-05
   317    0.1557659210E-03
   318    0.3170958119E-03
   319    0.9087798005E-04
   320    0.7753804053E-04
   321    0.1756341944E-03
   322    0.4990152403E-04
   323   -0.1411782974E-04
   324    0.1332087015E-03
   325    0.8338953718E-04
   326    0.5219757305E-05
   327    0.5797668460E-04
   328    0.4871932934E-04
   329    0.4201093472E-04
   330    0.3044549219E-04
   331    0.2407725076E-04
   332    0.1996215153E-04
   333    0.1651878813E-04
   334    0.1897392739E-04
   335    0.1435588669E-04
   336    0.2195313145E-04
   337    0.2047407223E-04
   338    0.3875993066E-05
   339    0.4199132858E-05
   340    0.1307535380E-04
   341    0.1957653393E-05
   342    0.1021276966E-05
   343    0.8188743086E-05
   344    0.7456852093E-05
   345    0.4540799557E-05
   346    0.1296357708E-05
   347    0.2528129750E-05
   348    0.2178927540E-05
   349    0.1755798198E-05
   350    0.1919072682E-05
   351    0.2135338973E-05
   352    0.1319839845E-05
   353    0.5637507257E-06
   354    0.7000901507E-06
   355    0.7241489897E-06
   356    0.8403245945E-06
   357    0.4732848140E-06
   358    0.1931866183E-06
   359    0.3704885061E-06
   360    0.4720481743E-06
   361    0.3104790034E-06
   362    0.2654637370E-06
   363    0.1991480040E-06
   364    0.7827556264E-07
   365    0.8005240451E-07
   366    0.1195893161E-06
   367    0.1412269777E-06
   368    0.9080270980E-07
   369    0.4514177443E-07
   370    0.2618988626E-07
   371    0.2941730784E-07
   372    0.4714499224E-07
   373    0.4326080019E-07
   374    0.2121617346E-07
   375    0.1600086574E-07
   376    0.1908795344E-07
   377    0.9619811614E-08
   378    0.8935497897E-08
   379    0.1148799456E-07
   380    0.7439542232E-08
   381    0.4765547956E-08
   382    0.5356909138E-08
   383    0.3526585690E-08
   384    0.1403830163E-08
   385    0.3892259015E-08
   386    0.4390356301E-08
   387    0.9175567806E-09
   388    0.5417449267E-09
   389    0.1381134346E-08
   390    0.8501904458E-09
   391    0.8268085938E-09
   392    0.5776107925E-09
   393    0.4055000780E-09
   394    0.5094007993E-09
   395    0.2174886937E-09
   396    0.2811990640E-09
   397    0.2863067561E-09
   398    0.1225276547E-09
   399    0.7781264522E-10
   400    0.1221636958E-09
   401    0.1079831780E-09
   402    0.4847397483E-10
   403    0.4240363616E-10
   404    0.4337852300E-10
   405    0.3559130768E-10
   406    0.3362154999E-10
   407    0.1548799977E-10
   408    0.1034849983E-10
   409    0.1684127837E-10
   410    0.1098054980E-10
   411    0.7356892873E-11
   412    0.6438849454E-11
   413    0.4038325230E-11
   414    0.4100692008E-11
   415    0.3028605144E-11
   416    0.1594724353E-11
   417    0.2004396649E-11
   418    0.1969979735E-11
   419    0.1077749001E-11
   420    0.5794253966E-12
   421    0.4843347945E-12
   422    0.5198064201E-12
   423    0.5011824289E-12
   424    0.3587408148E-12
   425    0.2045030811E-12
   426    0.1725286580E-12
   427    0.1425526364E-12
   428    0.9267586698E-13
   429    0.7815970093E-13
   430    0.6800116026E-13
   431    0.5950795412E-13
   432    0.4773959006E-13
   433    0.1837419106E-13
   434    0.1931788063E-13
   435    0.2020605905E-13
   436    0.9547918012E-14
   437    0.8881784197E-14
   438    0.9353628982E-14
   439    0.5107025913E-14
   440    0.3996802889E-14
   441    0.3552713679E-14
   442    0.2747801986E-14
   443    0.6661338148E-15
   444    0.1110223025E-14
   445    0.8881784197E-15
   446    0.1082467449E-14
   447    0.0000000000E+00
   448    0.2220446049E-15
   449    0.1776356839E-14
   450    0.0000000000E+00
   451    0.8881784197E-15
   452   -0.4440892099E-15
   453    0.2220446049E-15
   454   -0.8881784197E-15
   455   -0.6661338148E-15
   456    0.2220446049E-15
   457    0.1110223025E-15
   458    0.3330669074E-15
   459    0.2220446049E-15
   460    0.2220446049E-15
   461    0.2220446049E-15
   462    0.0000000000E+00
   463    0.0000000000E+00
   464    0.0000000000E+00
   465   -0.8881784197E-15
   466    0.2220446049E-15
   467    0.2220446049E-15
   468    0.2220446049E-15
   469    0.2220446049E-15
   470    0.0000000000E+00
   471   -0.8881784197E-15
   472    0.2220446049E-15
   473    0.2220446049E-15
   474    0.1110223025E-15
   475    0.2220446049E-15
   476    0.2220446049E-15
   477    0.2220446049E-15
   478    0.0000000000E+00
   479   -0.7771561172E-15
   480    0.2220446049E-15
   481    0.1110223025E-15
   482    0.0000000000E+00
   483    0.0000000000E+00
   484    0.2220446049E-15
   485    0.2220446049E-15
   486    0.0000000000E+00
   487   -0.6661338148E-15
   488    0.0000000000E+00
   489   -0.6661338148E-15
   490    0.2220446049E-15
   491    0.2220446049E-15
   492    0.2220446049E-15
   493    0.2220446049E-15
   494    0.2220446049E-15
   495    0.2220446049E-15
   496    0.3330669074E-15
   497    0.6661338148E-15
   498   -0.2220446049E-15
   499   -0.5551115123E-15
   500    0.3571428571E+01
   501    0.3571428571E+01
   502    0.0000000000E+00
