    -1    0.0000000000E+00
     0   -0.4488436542E+01
     1   -0.2793257006E+01
     2    0.2363568582E+01
     3   -0.1935381381E+01
     4   -0.1435678307E+01
     5    0.4176650421E+01
     6   -0.2522301967E+01
     7   -0.2049365836E+01
     8    0.3877255090E+01
     9   -0.1418015926E+01
    10   -0.2617782271E+01
    11    0.2900929779E+01
    12    0.1377083916E+00
    13   -0.2861711336E+01
    14    0.1772935522E+01
    15    0.9268215160E+00
    16   -0.2285145285E+01
    17    0.3628717359E+00
    18    0.1380599963E+01
    19   -0.1726868963E+01
    20    0.4542721227E+00
    21    0.5112657634E+00
    22   -0.1517516925E+01
    23    0.1621558409E+01
    24   -0.4604604596E+00
    25   -0.1008529786E+01
    26    0.1224416229E+01
    27   -0.8716971463E+00
    28    0.8187446548E+00
    29    0.2119857629E+00
    30   -0.1346875206E+01
    31    0.1355312001E+01
    32    0.2667684216E+00
    33   -0.7217859123E+00
    34    0.3303089082E+00
    35    0.5918254806E+00
    36   -0.4503356019E+00
    37   -0.5107293970E-01
    38    0.1195056086E+01
    39   -0.1080107411E+01
    40    0.1781435737E-01
    41    0.1650763270E+01
    42   -0.1537519482E+01
    43   -0.1631909062E+00
    44    0.1605709519E+01
    45   -0.1360776374E+01
    46    0.5392485080E+00
    47    0.2393586797E+00
    48   -0.1648060424E+00
    49   -0.2536071180E+00
    50    0.5010209263E-01
    51    0.9134948159E-01
    52   -0.2407127476E+00
    53   -0.6159073913E-01
    54    0.4068668739E+00
    55   -0.5948846222E+00
    56    0.1790181566E+00
    57   -0.2011419421E+00
    58   -0.4349574310E+00
    59    0.6977103934E+00
    60   -0.7918650385E+00
    61   -0.1727393792E+00
    62    0.6111143437E+00
    63   -0.3396097047E+00
    64   -0.6519017926E+00
    65    0.2947614687E+00
    66    0.3782149871E+00
    67   -0.8848553952E+00
    68    0.3615552571E+00
    69   -0.1501166475E+00
    70    0.5123739219E+00
    71   -0.3732146087E+00
    72   -0.2861496274E+00
    73    0.3123060507E+00
    74    0.5519621633E+00
    75   -0.4855562161E+00
    76    0.1351030074E+00
    77    0.3903106267E+00
    78    0.1148452467E-01
    79   -0.1046482436E+00
    80    0.5236073229E+00
    81   -0.3192226099E+00
    82    0.2796733911E+00
    83    0.3324315183E+00
    84   -0.6331276432E+00
    85    0.5593583842E+00
    86    0.4802551217E+00
    87   -0.7805733835E+00
    88    0.5319443513E+00
    89    0.1784101693E-01
    90    0.1454258534E+00
    91   -0.8516970880E+00
    92    0.9154173186E+00
    93    0.2342841084E+00
    94   -0.9489070055E+00
    95    0.5939112593E+00
    96    0.2913814119E+00
    97   -0.1100127658E+01
    98    0.3806967368E+00
    99    0.4345357492E+00
   100   -0.9045326227E+00
   101    0.6079544444E+00
   102   -0.3608094390E+00
   103   -0.2404184982E+00
   104    0.1874624735E+00
   105   -0.2270367943E+00
   106   -0.2257808882E+00
   107   -0.1154270416E+00
   108    0.2741549326E+00
   109   -0.5810588410E+00
   110   -0.5309886181E-01
   111    0.2078166360E+00
   112   -0.2861841439E+00
   113    0.3094466984E+00
   114   -0.1737711965E+00
   115   -0.2168058726E+00
   116    0.9575639328E-01
   117    0.2974277238E+00
   118   -0.2870394918E+00
   119    0.3392961915E+00
   120    0.1043465084E-01
   121    0.7291849784E-01
   122    0.3532373723E-01
   123    0.3228668628E+00
   124   -0.8218582952E-01
   125    0.2055992689E+00
   126    0.2017920764E+00
   127   -0.8553933262E-01
   128    0.2035135918E+00
   129    0.1762880694E+00
   130   -0.8027101919E-01
   131    0.2644010460E-01
   132    0.6739614157E-01
   133    0.9823714588E-01
   134    0.2524458528E+00
   135   -0.4939686971E+00
   136    0.4872060866E+00
   137   -0.2998473939E+00
   138    0.6035540735E-02
   139    0.5728933484E-01
   140    0.2535390670E-01
   141    0.1894701205E+00
   142   -0.3768370918E+00
   143    0.4227509112E-02
   144    0.2800985875E-01
   145   -0.3683708328E+00
   146    0.2386052071E-01
   147    0.8554874689E-01
   148   -0.2296504005E+00
   149   -0.1471431815E+00
   150    0.2543967059E-01
   151   -0.2152476193E+00
   152   -0.3161492754E+00
   153    0.2234911220E+00
   154   -0.3467659441E+00
   155    0.1997921949E+00
   156   -0.3843914195E+00
   157    0.3016827137E+00
   158   -0.3899220168E+00
   159    0.9040237572E-01
   160    0.3968685491E-01
   161   -0.6904552759E-01
   162    0.3025194089E+00
   163   -0.9929810282E-01
   164    0.1433088576E+00
   165    0.6259639733E-01
   166    0.2104417016E+00
   167    0.3419412338E-01
   168    0.4740555493E-01
   169   -0.6583823564E-01
   170    0.4074398390E+00
   171    0.1151451823E+00
   172   -0.9774470030E-01
   173    0.2588094955E+00
   174    0.9657642902E-01
   175   -0.1518077789E-01
   176    0.1419267865E+00
   177   -0.1693106262E+00
   178    0.1528421702E+00
   179    0.1639152177E+00
   180    0.8539054986E-01
   181   -0.1978187980E+00
   182    0.1098054051E+00
   183   -0.1254664420E+00
   184   -0.2157852000E+00
   185    0.1155134480E+00
   186    0.1713532256E+00
   187   -0.4445269469E+00
   188   -0.4181012562E-01
   189    0.1685722160E+00
   190   -0.3225918649E+00
   191   -0.2738441023E+00
   192    0.1259116533E+00
   193   -0.2168159996E+00
   194   -0.1791343802E+00
   195    0.1793765668E+00
   196   -0.4172092301E+00
   197   -0.2133251754E-01
   198   -0.1108575413E+00
   199    0.1070917441E+00
   200   -0.5875546329E-01
   201   -0.2254213711E+00
   202    0.2188554452E+00
   203    0.1747171320E+00
   204   -0.7256520587E-01
   205    0.1860971260E+00
   206   -0.7953815091E-01
   207    0.5892422325E-01
   208    0.5145105019E+00
   209    0.1193359057E+00
   210   -0.1824336314E+00
   211    0.1934077464E+00
   212    0.9583230075E-01
   213   -0.2145153626E-01
   214    0.1084537382E+00
   215    0.2301542694E+00
   216    0.8520624573E-01
   217   -0.7708473503E-01
   218    0.1414680201E+00
   219   -0.1409162317E-01
   220   -0.1710323857E+00
   221    0.3300049880E+00
   222   -0.1944061739E-01
   223   -0.2017829169E+00
   224    0.1589934966E+00
   225    0.8835848510E-01
   226   -0.5409026486E+00
   227   -0.4517916511E-01
   228    0.5587941824E-02
   229    0.4374410999E+00
   230   -0.1198714274E+00
   231   -0.1645771884E+00
   232    0.1223472051E+00
   233   -0.6575900188E+00
   234   -0.5854250637E+00
   235    0.7152296399E+00
   236    0.1110643968E+01
   237   -0.4933481978E+00
   238   -0.6529560125E+00
   239   -0.5608456143E+00
   240   -0.2873318594E+00
   241    0.1908557836E+01
   242    0.1240047277E+00
   243   -0.1073661088E+01
   244   -0.7917463544E-01
   245    0.6634287219E-01
   246   -0.2312935332E+00
   247    0.7128458173E+00
   248    0.1970369067E+00
   249   -0.7009207733E+00
   250   -0.1059813550E+00
   251    0.2016439640E+00
   252   -0.1783189622E-01
   253   -0.1002643739E+00
   254    0.1879023252E-01
   255    0.4808280791E-01
   256   -0.5831005286E-01
   257   -0.6062289510E-01
   258    0.5621859641E-01
   259    0.5924406839E-01
   260   -0.1126220927E+00
   261   -0.1073233773E+00
   262    0.5331954266E-01
   263    0.1109694786E+00
   264   -0.7343623009E-01
   265   -0.2468196071E+00
   266    0.2295956746E+00
   267    0.7286740836E-01
   268   -0.8976052849E-01
   269   -0.4350352620E-01
   270    0.1705417402E-01
   271    0.5962734200E-02
   272   -0.1159625308E-01
   273    0.3627033775E-02
   274   -0.1213040811E-01
   275   -0.1399396790E-01
   276    0.1542168041E-01
   277   -0.4439902822E-02
   278   -0.2265919530E-01
   279    0.6280555170E-02
   280    0.5337859844E-01
   281    0.4073212778E-02
   282   -0.1781977482E+00
   283    0.7988738223E-01
   284    0.1123618509E+00
   285   -0.3474081997E-01
   286   -0.2612038462E-01
   287    0.1076700785E-01
   288    0.4129209700E-02
   289   -0.2355857022E-02
   290    0.1213843259E-01
   291    0.1155191386E-01
   292   -0.7747578263E-02
   293   -0.1118124496E-02
   294    0.1542796486E-01
   295    0.8230488204E-02
   296   -0.5972146533E-02
   297    0.2120297239E-02
   298    0.1324291798E-01
   299    0.3219062514E-02
   300   -0.2805664157E-01
   301   -0.8100175246E-03
   302    0.3406677615E-01
   303    0.8034162290E-02
   304   -0.3204038254E-03
   305   -0.2339981301E-02
   306    0.1372399708E-04
   307    0.3656641884E-02
   308    0.4828596558E-02
   309    0.5545412962E-02
   310    0.1967160984E-02
   311   -0.4299825707E-03
   312    0.1921782798E-02
   313    0.3691259746E-02
   314    0.2319376616E-02
   315    0.6949693768E-03
   316    0.2956961424E-02
   317    0.2093798646E-02
   318    0.1947222009E-03
   319    0.1489699919E-02
   320    0.2551725238E-02
   321    0.1684056155E-02
   322    0.6003383898E-03
   323    0.1264864948E-02
   324    0.1376786663E-02
   325    0.8980364291E-03
   326    0.9396383252E-03
   327    0.1065477365E-02
   328    0.6502263035E-03
   329    0.4177964255E-03
   330    0.6968915626E-03
   331    0.8270377303E-03
   332    0.7190142187E-03
   333    0.4306168782E-03
   334    0.3894102890E-03
   335    0.3961301261E-03
   336    0.3834521593E-03
   337    0.5025896581E-03
   338    0.2969260402E-03
   339    0.1394517071E-03
   340    0.2688390872E-03
   341    0.2826948416E-03
   342    0.2216329659E-03
   343    0.1737477272E-03
   344    0.1013995319E-03
   345    0.1808888503E-03
   346    0.1857742071E-03
   347    0.9352833112E-04
   348    0.1115758066E-03
   349    0.1218900128E-03
   350    0.5386395809E-04
   351    0.5222665891E-04
   352    0.9611644046E-04
   353    0.5582726614E-04
   354    0.3797548724E-04
   355    0.5131416565E-04
   356    0.4141189737E-04
   357    0.3685949612E-04
   358    0.2923140452E-04
   359    0.2578680043E-04
   360    0.2080206519E-04
   361    0.1964082991E-04
   362    0.1819624779E-04
   363    0.1474582118E-04
   364    0.1738717720E-04
   365    0.1302621708E-04
   366    0.7373827642E-05
   367    0.8321451906E-05
   368    0.8477178796E-05
   369    0.4410051141E-05
   370    0.4823090461E-05
   371    0.5993238883E-05
   372    0.5195824085E-05
   373    0.3458279076E-05
   374    0.2450464584E-05
   375    0.2659698897E-05
   376    0.2111454459E-05
   377    0.1858648276E-05
   378    0.1700494686E-05
   379    0.1647474430E-05
   380    0.1129237783E-05
   381    0.8272243566E-06
   382    0.7783183344E-06
   383    0.7471244642E-06
   384    0.6715163479E-06
   385    0.4433551110E-06
   386    0.3558197611E-06
   387    0.3613037598E-06
   388    0.3658438523E-06
   389    0.2734149568E-06
   390    0.2170800168E-06
   391    0.1758849267E-06
   392    0.1221637266E-06
   393    0.1095559865E-06
   394    0.1107994885E-06
   395    0.1043895789E-06
   396    0.7365379950E-07
   397    0.5148397592E-07
   398    0.4152962141E-07
   399    0.3680397875E-07
   400    0.3905020474E-07
   401    0.3223678405E-07
   402    0.2084985051E-07
   403    0.1827458770E-07
   404    0.1620164905E-07
   405    0.1095913205E-07
   406    0.1059040231E-07
   407    0.9370439091E-08
   408    0.6708658296E-08
   409    0.5351489890E-08
   410    0.5074966836E-08
   411    0.3318328279E-08
   412    0.2553367323E-08
   413    0.3281675154E-08
   414    0.2593953552E-08
   415    0.1254803345E-08
   416    0.1185815890E-08
   417    0.1139512040E-08
   418    0.8516922445E-09
   419    0.7440426331E-09
   420    0.5434552808E-09
   421    0.4569509215E-09
   422    0.3998080755E-09
   423    0.2576128200E-09
   424    0.2658954446E-09
   425    0.2105004226E-09
   426    0.1320199505E-09
   427    0.1086318813E-09
   428    0.1081048029E-09
   429    0.8354783532E-10
   430    0.5300004879E-10
   431    0.4867253822E-10
   432    0.3855182840E-10
   433    0.3183053821E-10
   434    0.2754696471E-10
   435    0.1599287369E-10
   436    0.1421510132E-10
   437    0.1354830137E-10
   438    0.9250322730E-11
   439    0.7401412816E-11
   440    0.5834305261E-11
   441    0.4230782391E-11
   442    0.3760325384E-11
   443    0.2714828362E-11
   444    0.1937422445E-11
   445    0.1838529329E-11
   446    0.1507544090E-11
   447    0.9674483437E-12
   448    0.6984690604E-12
   449    0.5864198016E-12
   450    0.4849454172E-12
   451    0.4141409438E-12
   452    0.2959854584E-12
   453    0.2095823515E-12
   454    0.1666999871E-12
   455    0.1312283615E-12
   456    0.9681144775E-13
   457    0.7649436640E-13
   458    0.6239453398E-13
   459    0.4940492460E-13
   460    0.3572142582E-13
   461    0.2375877273E-13
   462    0.2109423747E-13
   463    0.1587618925E-13
   464    0.1221245327E-13
   465    0.8881784197E-14
   466    0.6383782392E-14
   467    0.5773159728E-14
   468    0.4440892099E-14
   469    0.4163336342E-14
   470    0.4218847494E-14
   471    0.1998401444E-14
   472    0.1054711873E-14
   473    0.1110223025E-14
   474    0.9714451465E-15
   475   -0.7494005416E-15
   476    0.8326672685E-16
   477    0.6661338148E-15
   478    0.5551115123E-15
   479   -0.6661338148E-15
   480    0.1554312234E-14
   481    0.0000000000E+00
   482    0.0000000000E+00
   483    0.0000000000E+00
   484    0.0000000000E+00
   485    0.3330669074E-15
   486    0.0000000000E+00
   487    0.0000000000E+00
   488    0.2220446049E-15
   489    0.0000000000E+00
   490    0.0000000000E+00
   491    0.2220446049E-15
   492    0.0000000000E+00
   493    0.0000000000E+00
   494    0.0000000000E+00
   495    0.2220446049E-15
   496    0.3330669074E-15
   497    0.2220446049E-15
   498    0.4440892099E-15
   499    0.2220446049E-15
   500    0.3571428571E+01
   501    0.3571428571E+01
   502    0.0000000000E+00
