    -1    0.3355209618E+00
     0    0.6470155963E+00
     1    0.8258094641E+00
     2    0.9656740357E+00
     3    0.8827658473E+00
     4    0.9272942641E+00
     5    0.9538209245E+00
     6    0.8614668042E+00
     7    0.7160374573E+00
     8    0.9405401817E+00
     9    0.1083371734E+01
    10    0.8840491919E+00
    11    0.8739783393E+00
    12    0.9843613852E+00
    13    0.9828017581E+00
    14    0.8428768576E+00
    15    0.1024609289E+01
    16    0.1156224019E+01
    17    0.1018628632E+01
    18    0.9245370155E+00
    19    0.1034895039E+01
    20    0.1125511799E+01
    21    0.1027049564E+01
    22    0.1038506524E+01
    23    0.1111336824E+01
    24    0.1132712644E+01
    25    0.1099459908E+01
    26    0.1115382358E+01
    27    0.1105620772E+01
    28    0.1108510783E+01
    29    0.1080997618E+01
    30    0.1074281566E+01
    31    0.1110709212E+01
    32    0.1048156768E+01
    33    0.1116956767E+01
    34    0.1042570266E+01
    35    0.9678106238E+00
    36    0.1022938602E+01
    37    0.1037817475E+01
    38    0.8993732388E+00
    39    0.9689887817E+00
    40    0.1019248940E+01
    41    0.9111058507E+00
    42    0.8915851030E+00
    43    0.9808627806E+00
    44    0.9544707770E+00
    45    0.8191110577E+00
    46    0.9308000491E+00
    47    0.1016698334E+01
    48    0.8036342831E+00
    49    0.8433441468E+00
    50    0.1000139816E+01
    51    0.8794232180E+00
    52    0.8756122638E+00
    53    0.8826656398E+00
    54    0.9939314064E+00
    55    0.9215100105E+00
    56    0.8743024660E+00
    57    0.9805924088E+00
    58    0.9965776346E+00
    59    0.8950207443E+00
    60    0.1022590073E+01
    61    0.1030051315E+01
    62    0.9412648278E+00
    63    0.1097576822E+01
    64    0.1004562511E+01
    65    0.1052602080E+01
    66    0.1135960189E+01
    67    0.9870234504E+00
    68    0.1159480333E+01
    69    0.1094395258E+01
    70    0.1051333673E+01
    71    0.1164930560E+01
    72    0.1051257189E+01
    73    0.1119374305E+01
    74    0.1127998965E+01
    75    0.1039941360E+01
    76    0.1083246719E+01
    77    0.1136718984E+01
    78    0.9699783484E+00
    79    0.1049286729E+01
    80    0.1136509478E+01
    81    0.8640764176E+00
    82    0.1028603455E+01
    83    0.1112776114E+01
    84    0.8176390292E+00
    85    0.9573019229E+00
    86    0.1085403823E+01
    87    0.8373111478E+00
    88    0.8698472812E+00
    89    0.1034126326E+01
    90    0.8863644438E+00
    91    0.8315032826E+00
    92    0.9652915816E+00
    93    0.9300606273E+00
    94    0.8431900910E+00
    95    0.9042637038E+00
    96    0.9329775786E+00
    97    0.8895327754E+00
    98    0.9237297297E+00
    99    0.9099341518E+00
   100    0.9136273716E+00
   101    0.9661172751E+00
   102    0.9399378905E+00
   103    0.9300207518E+00
   104    0.9954253897E+00
   105    0.9954512907E+00
   106    0.9698231673E+00
   107    0.1027561076E+01
   108    0.1037056202E+01
   109    0.1031931405E+01
   110    0.1058238822E+01
   111    0.1064758148E+01
   112    0.1091110488E+01
   113    0.1082753394E+01
   114    0.1101991926E+01
   115    0.1109291262E+01
   116    0.1090912251E+01
   117    0.1123743712E+01
   118    0.1097475675E+01
   119    0.1081841623E+01
   120    0.1117682629E+01
   121    0.1067199342E+01
   122    0.1054143834E+01
   123    0.1084240986E+01
   124    0.1013383230E+01
   125    0.1018057273E+01
   126    0.1045544229E+01
   127    0.9652360091E+00
   128    0.9658721980E+00
   129    0.1013728562E+01
   130    0.9313179431E+00
   131    0.9058472581E+00
   132    0.9797884176E+00
   133    0.9155735410E+00
   134    0.8893203245E+00
   135    0.9239950854E+00
   136    0.9189489729E+00
   137    0.8857663687E+00
   138    0.8863770978E+00
   139    0.9264370514E+00
   140    0.8940762728E+00
   141    0.8898160625E+00
   142    0.9179004032E+00
   143    0.9170576529E+00
   144    0.9115565310E+00
   145    0.9363601590E+00
   146    0.9446415283E+00
   147    0.9488530364E+00
   148    0.9633864973E+00
   149    0.9779034206E+00
   150    0.9954954011E+00
   151    0.9997516719E+00
   152    0.1024673344E+01
   153    0.1046700920E+01
   154    0.1039778194E+01
   155    0.1068586161E+01
   156    0.1086006995E+01
   157    0.1079457788E+01
   158    0.1103822864E+01
   159    0.1110502159E+01
   160    0.1104556766E+01
   161    0.1114730707E+01
   162    0.1110035289E+01
   163    0.1103323387E+01
   164    0.1099706749E+01
   165    0.1090133057E+01
   166    0.1082408508E+01
   167    0.1069248653E+01
   168    0.1051018350E+01
   169    0.1040819828E+01
   170    0.1029170295E+01
   171    0.1008162199E+01
   172    0.9915410241E+00
   173    0.9868313042E+00
   174    0.9767838355E+00
   175    0.9529878667E+00
   176    0.9368867477E+00
   177    0.9495957789E+00
   178    0.9366336403E+00
   179    0.9054049901E+00
   180    0.9286204712E+00
   181    0.9224002559E+00
   182    0.9021826565E+00
   183    0.9124149756E+00
   184    0.9266274476E+00
   185    0.9015281122E+00
   186    0.9184294125E+00
   187    0.9441540092E+00
   188    0.9136551429E+00
   189    0.9395433278E+00
   190    0.9815485765E+00
   191    0.9440547878E+00
   192    0.9546001283E+00
   193    0.1025237164E+01
   194    0.9985467487E+00
   195    0.9883946824E+00
   196    0.1062870151E+01
   197    0.1057781164E+01
   198    0.1041437450E+01
   199    0.1100381468E+01
   200    0.1106504598E+01
   201    0.1074992037E+01
   202    0.1108523618E+01
   203    0.1122356472E+01
   204    0.1094220724E+01
   205    0.1113531498E+01
   206    0.1115038820E+01
   207    0.1072608980E+01
   208    0.1076586615E+01
   209    0.1104514444E+01
   210    0.1073273646E+01
   211    0.1021246260E+01
   212    0.1012119652E+01
   213    0.1015727553E+01
   214    0.9948020130E+00
   215    0.9783308131E+00
   216    0.9778273086E+00
   217    0.9668619978E+00
   218    0.9395795582E+00
   219    0.9259125250E+00
   220    0.9305106442E+00
   221    0.9265673938E+00
   222    0.9211935367E+00
   223    0.9100201196E+00
   224    0.8993734713E+00
   225    0.9114190460E+00
   226    0.9224038447E+00
   227    0.8873218769E+00
   228    0.8858398837E+00
   229    0.9427091524E+00
   230    0.9524302055E+00
   231    0.8991186385E+00
   232    0.8938529861E+00
   233    0.9050853060E+00
   234    0.9055449698E+00
   235    0.9801067456E+00
   236    0.1041675020E+01
   237    0.9677963472E+00
   238    0.8966905126E+00
   239    0.8890668122E+00
   240    0.9170541716E+00
   241    0.1028015448E+01
   242    0.1103723558E+01
   243    0.9568691631E+00
   244    0.8880869779E+00
   245    0.9251357613E+00
   246    0.9591883835E+00
   247    0.9992933460E+00
   248    0.1051826591E+01
   249    0.1005713998E+01
   250    0.9135858130E+00
   251    0.9368177400E+00
   252    0.9944364903E+00
   253    0.9824481529E+00
   254    0.9751612103E+00
   255    0.9918399182E+00
   256    0.9860980556E+00
   257    0.9816488128E+00
   258    0.9928412859E+00
   259    0.1002257953E+01
   260    0.9982006543E+00
   261    0.9863221509E+00
   262    0.9906670483E+00
   263    0.1010178355E+01
   264    0.1013812259E+01
   265    0.9997319724E+00
   266    0.9956851919E+00
   267    0.1014369902E+01
   268    0.1024844327E+01
   269    0.1010045142E+01
   270    0.9993044603E+00
   271    0.1008037134E+01
   272    0.1016726698E+01
   273    0.1015071163E+01
   274    0.1012310435E+01
   275    0.1014053301E+01
   276    0.1014999419E+01
   277    0.1015704904E+01
   278    0.1016973299E+01
   279    0.1016251842E+01
   280    0.1017372722E+01
   281    0.1020429080E+01
   282    0.1018062849E+01
   283    0.1012188015E+01
   284    0.1014719460E+01
   285    0.1023952404E+01
   286    0.1021659404E+01
   287    0.1014440241E+01
   288    0.1014782167E+01
   289    0.1016724400E+01
   290    0.1015905672E+01
   291    0.1015728947E+01
   292    0.1015729755E+01
   293    0.1014144087E+01
   294    0.1013188383E+01
   295    0.1013766339E+01
   296    0.1013274534E+01
   297    0.1011841996E+01
   298    0.1011198628E+01
   299    0.1011240272E+01
   300    0.1010682905E+01
   301    0.1009663606E+01
   302    0.1009376405E+01
   303    0.1010144599E+01
   304    0.1010243568E+01
   305    0.1008813077E+01
   306    0.1007514123E+01
   307    0.1006998616E+01
   308    0.1007011268E+01
   309    0.1006894836E+01
   310    0.1006506905E+01
   311    0.1005954808E+01
   312    0.1005323061E+01
   313    0.1004932318E+01
   314    0.1004778970E+01
   315    0.1004531176E+01
   316    0.1004119084E+01
   317    0.1003798471E+01
   318    0.1003561121E+01
   319    0.1003258671E+01
   320    0.1002968434E+01
   321    0.1002822703E+01
   322    0.1002615413E+01
   323    0.1002334525E+01
   324    0.1002112704E+01
   325    0.1001957858E+01
   326    0.1001784391E+01
   327    0.1001616836E+01
   328    0.1001473944E+01
   329    0.1001330556E+01
   330    0.1001201726E+01
   331    0.1001098102E+01
   332    0.1001008856E+01
   333    0.1000918171E+01
   334    0.1000817780E+01
   335    0.1000719110E+01
   336    0.1000650057E+01
   337    0.1000590519E+01
   338    0.1000530556E+01
   339    0.1000474008E+01
   340    0.1000416929E+01
   341    0.1000370611E+01
   342    0.1000337619E+01
   343    0.1000303038E+01
   344    0.1000266772E+01
   345    0.1000234809E+01
   346    0.1000209605E+01
   347    0.1000189432E+01
   348    0.1000166262E+01
   349    0.1000143995E+01
   350    0.1000127202E+01
   351    0.1000111357E+01
   352    0.1000096553E+01
   353    0.1000085983E+01
   354    0.1000076813E+01
   355    0.1000065974E+01
   356    0.1000057520E+01
   357    0.1000050824E+01
   358    0.1000044080E+01
   359    0.1000038167E+01
   360    0.1000033027E+01
   361    0.1000028642E+01
   362    0.1000024902E+01
   363    0.1000021708E+01
   364    0.1000018902E+01
   365    0.1000016312E+01
   366    0.1000014056E+01
   367    0.1000011892E+01
   368    0.1000010052E+01
   369    0.1000008728E+01
   370    0.1000007529E+01
   371    0.1000006419E+01
   372    0.1000005616E+01
   373    0.1000004865E+01
   374    0.1000004106E+01
   375    0.1000003421E+01
   376    0.1000002896E+01
   377    0.1000002485E+01
   378    0.1000002112E+01
   379    0.1000001802E+01
   380    0.1000001528E+01
   381    0.1000001286E+01
   382    0.1000001067E+01
   383    0.1000000896E+01
   384    0.1000000763E+01
   385    0.1000000645E+01
   386    0.1000000542E+01
   387    0.1000000451E+01
   388    0.1000000380E+01
   389    0.1000000323E+01
   390    0.1000000271E+01
   391    0.1000000223E+01
   392    0.1000000184E+01
   393    0.1000000151E+01
   394    0.1000000126E+01
   395    0.1000000106E+01
   396    0.1000000089E+01
   397    0.1000000073E+01
   398    0.1000000060E+01
   399    0.1000000049E+01
   400    0.1000000040E+01
   401    0.1000000034E+01
   402    0.1000000028E+01
   403    0.1000000023E+01
   404    0.1000000019E+01
   405    0.1000000015E+01
   406    0.1000000012E+01
   407    0.1000000010E+01
   408    0.1000000008E+01
   409    0.1000000007E+01
   410    0.1000000006E+01
   411    0.1000000004E+01
   412    0.1000000004E+01
   413    0.1000000003E+01
   414    0.1000000002E+01
   415    0.1000000002E+01
   416    0.1000000002E+01
   417    0.1000000001E+01
   418    0.1000000001E+01
   419    0.1000000001E+01
   420    0.1000000001E+01
   421    0.1000000001E+01
   422    0.1000000000E+01
   423    0.1000000000E+01
   424    0.1000000000E+01
   425    0.1000000000E+01
   426    0.1000000000E+01
   427    0.1000000000E+01
   428    0.1000000000E+01
   429    0.1000000000E+01
   430    0.1000000000E+01
   431    0.1000000000E+01
   432    0.1000000000E+01
   433    0.1000000000E+01
   434    0.1000000000E+01
   435    0.1000000000E+01
   436    0.1000000000E+01
   437    0.1000000000E+01
   438    0.1000000000E+01
   439    0.1000000000E+01
   440    0.1000000000E+01
   441    0.1000000000E+01
   442    0.1000000000E+01
   443    0.1000000000E+01
   444    0.1000000000E+01
   445    0.1000000000E+01
   446    0.1000000000E+01
   447    0.1000000000E+01
   448    0.1000000000E+01
   449    0.1000000000E+01
   450    0.1000000000E+01
   451    0.1000000000E+01
   452    0.1000000000E+01
   453    0.1000000000E+01
   454    0.1000000000E+01
   455    0.1000000000E+01
   456    0.1000000000E+01
   457    0.1000000000E+01
   458    0.1000000000E+01
   459    0.1000000000E+01
   460    0.1000000000E+01
   461    0.1000000000E+01
   462    0.1000000000E+01
   463    0.1000000000E+01
   464    0.1000000000E+01
   465    0.1000000000E+01
   466    0.1000000000E+01
   467    0.1000000000E+01
   468    0.1000000000E+01
   469    0.1000000000E+01
   470    0.1000000000E+01
   471    0.1000000000E+01
   472    0.1000000000E+01
   473    0.1000000000E+01
   474    0.1000000000E+01
   475    0.1000000000E+01
   476    0.1000000000E+01
   477    0.1000000000E+01
   478    0.1000000000E+01
   479    0.1000000000E+01
   480    0.1000000000E+01
   481    0.1000000000E+01
   482    0.1000000000E+01
   483    0.1000000000E+01
   484    0.1000000000E+01
   485    0.1000000000E+01
   486    0.1000000000E+01
   487    0.1000000000E+01
   488    0.1000000000E+01
   489    0.1000000000E+01
   490    0.1000000000E+01
   491    0.1000000000E+01
   492    0.1000000000E+01
   493    0.1000000000E+01
   494    0.1000000000E+01
   495    0.1000000000E+01
   496    0.1000000000E+01
   497    0.1000000000E+01
   498    0.1000000000E+01
   499    0.9589843750E+00
   500    0.6987304688E+00
   501    0.2567138672E+00
   502    0.6417846680E-01
