    -1    0.3009555940E+00
     0    0.6008872854E+00
     1    0.6881629001E+00
     2    0.6698341163E+00
     3    0.6154049525E+00
     4    0.6648689235E+00
     5    0.8638179958E+00
     6    0.1061936955E+01
     7    0.9779323107E+00
     8    0.9422714786E+00
     9    0.6267300499E+00
    10    0.4635396782E+00
    11    0.7016476832E+00
    12    0.9360927297E+00
    13    0.8596904710E+00
    14    0.9083349714E+00
    15    0.7300586042E+00
    16    0.8162450634E+00
    17    0.8455985020E+00
    18    0.6275946319E+00
    19    0.4777404414E+00
    20    0.6172870913E+00
    21    0.8474988899E+00
    22    0.1145969545E+01
    23    0.1205364662E+01
    24    0.1122768176E+01
    25    0.1209386732E+01
    26    0.1328083704E+01
    27    0.1532259227E+01
    28    0.1231239368E+01
    29    0.1081367923E+01
    30    0.1058183544E+01
    31    0.1033878869E+01
    32    0.1032588037E+01
    33    0.1208813054E+01
    34    0.1314613269E+01
    35    0.1100594510E+01
    36    0.1150540952E+01
    37    0.9488460626E+00
    38    0.6668287392E+00
    39    0.9122398351E+00
    40    0.1169647361E+01
    41    0.1008329578E+01
    42    0.8577383890E+00
    43    0.7457857063E+00
    44    0.7071267471E+00
    45    0.7057692648E+00
    46    0.5914823199E+00
    47    0.6491085767E+00
    48    0.7553869023E+00
    49    0.8274874329E+00
    50    0.1111348072E+01
    51    0.1079480527E+01
    52    0.5328438358E+00
    53    0.3595962992E+00
    54    0.6077112301E+00
    55    0.8547165201E+00
    56    0.8537023845E+00
    57    0.8444600925E+00
    58    0.8164819429E+00
    59    0.7269829088E+00
    60    0.6512562342E+00
    61    0.9677976192E+00
    62    0.1401742154E+01
    63    0.1311955172E+01
    64    0.1224477699E+01
    65    0.1216357177E+01
    66    0.1210157656E+01
    67    0.1141856133E+01
    68    0.1240610861E+01
    69    0.1275030488E+01
    70    0.1134076080E+01
    71    0.1285595095E+01
    72    0.1573452575E+01
    73    0.1413535249E+01
    74    0.1104066804E+01
    75    0.9701077374E+00
    76    0.9577342042E+00
    77    0.7436129190E+00
    78    0.6923131644E+00
    79    0.8125627721E+00
    80    0.8769476913E+00
    81    0.6644223807E+00
    82    0.4179033963E+00
    83    0.4779512205E+00
    84    0.7650746081E+00
    85    0.9491351590E+00
    86    0.7099902989E+00
    87    0.4435052897E+00
    88    0.4896574110E+00
    89    0.6433640563E+00
    90    0.8995853605E+00
    91    0.9069425628E+00
    92    0.5142147918E+00
    93    0.4526842429E+00
    94    0.6023357161E+00
    95    0.6589025211E+00
    96    0.7398013830E+00
    97    0.7345993515E+00
    98    0.6977223098E+00
    99    0.5652835456E+00
   100    0.6030056924E+00
   101    0.6268166856E+00
   102    0.6628728859E+00
   103    0.9602773450E+00
   104    0.1172659688E+01
   105    0.1125223529E+01
   106    0.9718592775E+00
   107    0.9654836868E+00
   108    0.1092303220E+01
   109    0.1046118826E+01
   110    0.1189201942E+01
   111    0.1562370401E+01
   112    0.1522108859E+01
   113    0.1618927810E+01
   114    0.1561575811E+01
   115    0.1357368462E+01
   116    0.1311057985E+01
   117    0.1035844220E+01
   118    0.9029215060E+00
   119    0.8676776657E+00
   120    0.9954466958E+00
   121    0.8063156836E+00
   122    0.5786760367E+00
   123    0.6169780643E+00
   124    0.7062111853E+00
   125    0.6649783193E+00
   126    0.4543989207E+00
   127    0.5052127391E+00
   128    0.6430739063E+00
   129    0.4802411486E+00
   130    0.3776694443E+00
   131    0.4394970283E+00
   132    0.8516932578E+00
   133    0.1083723820E+01
   134    0.8620454577E+00
   135    0.8807675874E+00
   136    0.6315602211E+00
   137    0.4745276113E+00
   138    0.4690937129E+00
   139    0.6843560306E+00
   140    0.7391275697E+00
   141    0.7224570303E+00
   142    0.7411163960E+00
   143    0.1192965592E+01
   144    0.1387491827E+01
   145    0.1127197228E+01
   146    0.1033674971E+01
   147    0.1133593064E+01
   148    0.1268502962E+01
   149    0.1135674982E+01
   150    0.1268173004E+01
   151    0.1369389055E+01
   152    0.1228847948E+01
   153    0.1025049665E+01
   154    0.1071108445E+01
   155    0.1177123895E+01
   156    0.9996502324E+00
   157    0.1161337726E+01
   158    0.1201364950E+01
   159    0.9223807879E+00
   160    0.7862990277E+00
   161    0.9899983107E+00
   162    0.1027131689E+01
   163    0.7024639439E+00
   164    0.4851343816E+00
   165    0.6945873651E+00
   166    0.8705687771E+00
   167    0.7080852993E+00
   168    0.6089297758E+00
   169    0.5993919047E+00
   170    0.6802474430E+00
   171    0.6964459897E+00
   172    0.6176531854E+00
   173    0.6770450244E+00
   174    0.6358056260E+00
   175    0.6732526768E+00
   176    0.7155710151E+00
   177    0.7950584596E+00
   178    0.7828814964E+00
   179    0.7648651798E+00
   180    0.7444675051E+00
   181    0.6145656682E+00
   182    0.9671296241E+00
   183    0.1189942045E+01
   184    0.7251266442E+00
   185    0.8499988619E+00
   186    0.9724258366E+00
   187    0.8293682354E+00
   188    0.6014427588E+00
   189    0.1012048027E+01
   190    0.1376056470E+01
   191    0.1070301896E+01
   192    0.9168692276E+00
   193    0.1282504280E+01
   194    0.1581518176E+01
   195    0.1613018519E+01
   196    0.1125893779E+01
   197    0.9001885811E+00
   198    0.1118191799E+01
   199    0.1306120527E+01
   200    0.1128500821E+01
   201    0.9087532395E+00
   202    0.9058644763E+00
   203    0.9280380097E+00
   204    0.9882754640E+00
   205    0.9335827442E+00
   206    0.8636108866E+00
   207    0.5725769263E+00
   208    0.5353088239E+00
   209    0.6520247824E+00
   210    0.7019582113E+00
   211    0.7793235062E+00
   212    0.7409050133E+00
   213    0.8289701580E+00
   214    0.7299144771E+00
   215    0.5883520487E+00
   216    0.6848478840E+00
   217    0.8636395962E+00
   218    0.7888920068E+00
   219    0.7007009619E+00
   220    0.7812622558E+00
   221    0.8532616274E+00
   222    0.1047736417E+01
   223    0.9999579463E+00
   224    0.8012521544E+00
   225    0.6802930907E+00
   226    0.8038971145E+00
   227    0.1095961897E+01
   228    0.1320006168E+01
   229    0.1267122415E+01
   230    0.1119544635E+01
   231    0.8000890323E+00
   232    0.7137595025E+00
   233    0.9444491049E+00
   234    0.1169457436E+01
   235    0.1132759906E+01
   236    0.1003444922E+01
   237    0.9625506326E+00
   238    0.9166351175E+00
   239    0.8556461852E+00
   240    0.9193496286E+00
   241    0.9369776710E+00
   242    0.9090288163E+00
   243    0.8824560205E+00
   244    0.9251626289E+00
   245    0.9640932522E+00
   246    0.9389429194E+00
   247    0.9480369147E+00
   248    0.9493795627E+00
   249    0.1043072534E+01
   250    0.1074253350E+01
   251    0.9442704884E+00
   252    0.9411679981E+00
   253    0.1081020220E+01
   254    0.1073359841E+01
   255    0.9291096886E+00
   256    0.9078297691E+00
   257    0.1003042232E+01
   258    0.1031508850E+01
   259    0.9367651667E+00
   260    0.8991617321E+00
   261    0.1002467395E+01
   262    0.1094931958E+01
   263    0.1030590665E+01
   264    0.9834209637E+00
   265    0.9980504227E+00
   266    0.1013901224E+01
   267    0.1020591376E+01
   268    0.1024141196E+01
   269    0.1006365135E+01
   270    0.9997588402E+00
   271    0.1033006796E+01
   272    0.1049599040E+01
   273    0.1001800383E+01
   274    0.9795777155E+00
   275    0.1025085044E+01
   276    0.1049014557E+01
   277    0.1013293777E+01
   278    0.1005920365E+01
   279    0.1022033183E+01
   280    0.1019737552E+01
   281    0.1014960751E+01
   282    0.1018210965E+01
   283    0.1014761236E+01
   284    0.1009499359E+01
   285    0.1013066085E+01
   286    0.1015798904E+01
   287    0.1011740002E+01
   288    0.1008945742E+01
   289    0.1010610339E+01
   290    0.1011505212E+01
   291    0.1008934703E+01
   292    0.1007157255E+01
   293    0.1010697967E+01
   294    0.1013627524E+01
   295    0.1009624966E+01
   296    0.1006204728E+01
   297    0.1005855005E+01
   298    0.1006640651E+01
   299    0.1007118513E+01
   300    0.1006841032E+01
   301    0.1006124231E+01
   302    0.1005197949E+01
   303    0.1004661344E+01
   304    0.1004730953E+01
   305    0.1004671190E+01
   306    0.1004184028E+01
   307    0.1003776843E+01
   308    0.1003611690E+01
   309    0.1003312316E+01
   310    0.1002936330E+01
   311    0.1002864111E+01
   312    0.1002726835E+01
   313    0.1002396744E+01
   314    0.1002111062E+01
   315    0.1001977379E+01
   316    0.1001817643E+01
   317    0.1001638980E+01
   318    0.1001492773E+01
   319    0.1001349082E+01
   320    0.1001209966E+01
   321    0.1001103210E+01
   322    0.1001031861E+01
   323    0.1000952858E+01
   324    0.1000843352E+01
   325    0.1000728836E+01
   326    0.1000653867E+01
   327    0.1000601063E+01
   328    0.1000542721E+01
   329    0.1000487667E+01
   330    0.1000424154E+01
   331    0.1000372003E+01
   332    0.1000343505E+01
   333    0.1000313844E+01
   334    0.1000275210E+01
   335    0.1000240396E+01
   336    0.1000214060E+01
   337    0.1000196525E+01
   338    0.1000174436E+01
   339    0.1000148467E+01
   340    0.1000130272E+01
   341    0.1000114730E+01
   342    0.1000098264E+01
   343    0.1000087275E+01
   344    0.1000079931E+01
   345    0.1000068418E+01
   346    0.1000058735E+01
   347    0.1000052581E+01
   348    0.1000045691E+01
   349    0.1000039423E+01
   350    0.1000033979E+01
   351    0.1000029376E+01
   352    0.1000025600E+01
   353    0.1000022402E+01
   354    0.1000019659E+01
   355    0.1000016992E+01
   356    0.1000014716E+01
   357    0.1000012319E+01
   358    0.1000010224E+01
   359    0.1000008891E+01
   360    0.1000007749E+01
   361    0.1000006578E+01
   362    0.1000005801E+01
   363    0.1000005140E+01
   364    0.1000004337E+01
   365    0.1000003562E+01
   366    0.1000002966E+01
   367    0.1000002564E+01
   368    0.1000002192E+01
   369    0.1000001878E+01
   370    0.1000001598E+01
   371    0.1000001345E+01
   372    0.1000001105E+01
   373    0.1000000918E+01
   374    0.1000000786E+01
   375    0.1000000670E+01
   376    0.1000000566E+01
   377    0.1000000467E+01
   378    0.1000000393E+01
   379    0.1000000339E+01
   380    0.1000000287E+01
   381    0.1000000235E+01
   382    0.1000000191E+01
   383    0.1000000156E+01
   384    0.1000000129E+01
   385    0.1000000109E+01
   386    0.1000000093E+01
   387    0.1000000077E+01
   388    0.1000000062E+01
   389    0.1000000050E+01
   390    0.1000000041E+01
   391    0.1000000035E+01
   392    0.1000000030E+01
   393    0.1000000024E+01
   394    0.1000000019E+01
   395    0.1000000016E+01
   396    0.1000000013E+01
   397    0.1000000010E+01
   398    0.1000000009E+01
   399    0.1000000007E+01
   400    0.1000000006E+01
   401    0.1000000005E+01
   402    0.1000000004E+01
   403    0.1000000003E+01
   404    0.1000000003E+01
   405    0.1000000002E+01
   406    0.1000000002E+01
   407    0.1000000001E+01
   408    0.1000000001E+01
   409    0.1000000001E+01
   410    0.1000000001E+01
   411    0.1000000001E+01
   412    0.1000000000E+01
   413    0.1000000000E+01
   414    0.1000000000E+01
   415    0.1000000000E+01
   416    0.1000000000E+01
   417    0.1000000000E+01
   418    0.1000000000E+01
   419    0.1000000000E+01
   420    0.1000000000E+01
   421    0.1000000000E+01
   422    0.1000000000E+01
   423    0.1000000000E+01
   424    0.1000000000E+01
   425    0.1000000000E+01
   426    0.1000000000E+01
   427    0.1000000000E+01
   428    0.1000000000E+01
   429    0.1000000000E+01
   430    0.1000000000E+01
   431    0.1000000000E+01
   432    0.1000000000E+01
   433    0.1000000000E+01
   434    0.1000000000E+01
   435    0.1000000000E+01
   436    0.1000000000E+01
   437    0.1000000000E+01
   438    0.1000000000E+01
   439    0.1000000000E+01
   440    0.1000000000E+01
   441    0.1000000000E+01
   442    0.1000000000E+01
   443    0.1000000000E+01
   444    0.1000000000E+01
   445    0.1000000000E+01
   446    0.1000000000E+01
   447    0.1000000000E+01
   448    0.1000000000E+01
   449    0.1000000000E+01
   450    0.1000000000E+01
   451    0.1000000000E+01
   452    0.1000000000E+01
   453    0.1000000000E+01
   454    0.1000000000E+01
   455    0.1000000000E+01
   456    0.1000000000E+01
   457    0.1000000000E+01
   458    0.1000000000E+01
   459    0.1000000000E+01
   460    0.1000000000E+01
   461    0.1000000000E+01
   462    0.1000000000E+01
   463    0.1000000000E+01
   464    0.1000000000E+01
   465    0.1000000000E+01
   466    0.1000000000E+01
   467    0.1000000000E+01
   468    0.1000000000E+01
   469    0.1000000000E+01
   470    0.1000000000E+01
   471    0.1000000000E+01
   472    0.1000000000E+01
   473    0.1000000000E+01
   474    0.1000000000E+01
   475    0.1000000000E+01
   476    0.1000000000E+01
   477    0.1000000000E+01
   478    0.1000000000E+01
   479    0.1000000000E+01
   480    0.1000000000E+01
   481    0.1000000000E+01
   482    0.1000000000E+01
   483    0.1000000000E+01
   484    0.1000000000E+01
   485    0.1000000000E+01
   486    0.1000000000E+01
   487    0.1000000000E+01
   488    0.1000000000E+01
   489    0.1000000000E+01
   490    0.1000000000E+01
   491    0.1000000000E+01
   492    0.1000000000E+01
   493    0.1000000000E+01
   494    0.1000000000E+01
   495    0.1000000000E+01
   496    0.1000000000E+01
   497    0.1000000000E+01
   498    0.1000000000E+01
   499    0.9589843750E+00
   500    0.6987304688E+00
   501    0.2567138672E+00
   502    0.6417846680E-01
