    -1    0.3479507616E-01
     0    0.2865561999E+00
     1    0.7373248556E+00
     2    0.9332726940E+00
     3    0.9883370446E+00
     4    0.1000042182E+01
     5    0.9887149026E+00
     6    0.9927732105E+00
     7    0.9911561082E+00
     8    0.9784312324E+00
     9    0.9813540691E+00
    10    0.9798940180E+00
    11    0.9709583142E+00
    12    0.9729111508E+00
    13    0.9719203660E+00
    14    0.9678708570E+00
    15    0.9688653892E+00
    16    0.9692673068E+00
    17    0.9692795230E+00
    18    0.9700887786E+00
    19    0.9729476702E+00
    20    0.9744126301E+00
    21    0.9762787397E+00
    22    0.9813783873E+00
    23    0.9832604469E+00
    24    0.9867547517E+00
    25    0.9931666977E+00
    26    0.9948052516E+00
    27    0.1000197586E+01
    28    0.1006210184E+01
    29    0.1007288248E+01
    30    0.1014596441E+01
    31    0.1018074823E+01
    32    0.1018501359E+01
    33    0.1027428729E+01
    34    0.1026467123E+01
    35    0.1026187853E+01
    36    0.1036205309E+01
    37    0.1029861354E+01
    38    0.1028678683E+01
    39    0.1038908911E+01
    40    0.1028097487E+01
    41    0.1025287972E+01
    42    0.1033407323E+01
    43    0.1021860591E+01
    44    0.1016672098E+01
    45    0.1022474989E+01
    46    0.1011637015E+01
    47    0.1005001459E+01
    48    0.1008177934E+01
    49    0.9992705846E+00
    50    0.9926522154E+00
    51    0.9931865557E+00
    52    0.9867587898E+00
    53    0.9820127111E+00
    54    0.9802931938E+00
    55    0.9757361778E+00
    56    0.9747644074E+00
    57    0.9717999177E+00
    58    0.9676361470E+00
    59    0.9713661874E+00
    60    0.9688571647E+00
    61    0.9645564066E+00
    62    0.9728297556E+00
    63    0.9717389206E+00
    64    0.9663088888E+00
    65    0.9785396632E+00
    66    0.9799131228E+00
    67    0.9728745001E+00
    68    0.9878204178E+00
    69    0.9920110260E+00
    70    0.9835562463E+00
    71    0.9997864107E+00
    72    0.1005859045E+01
    73    0.9966421588E+00
    74    0.1012902670E+01
    75    0.1019103878E+01
    76    0.1009658530E+01
    77    0.1024926141E+01
    78    0.1029415364E+01
    79    0.1020078685E+01
    80    0.1033387648E+01
    81    0.1034919919E+01
    82    0.1025894521E+01
    83    0.1036304213E+01
    84    0.1034721401E+01
    85    0.1026133844E+01
    86    0.1032281602E+01
    87    0.1028196214E+01
    88    0.1021238383E+01
    89    0.1022410146E+01
    90    0.1016624396E+01
    91    0.1012284069E+01
    92    0.1008874104E+01
    93    0.1002625069E+01
    94    0.1001019498E+01
    95    0.9943092112E+00
    96    0.9883022091E+00
    97    0.9897562367E+00
    98    0.9816142580E+00
    99    0.9755772044E+00
   100    0.9803931670E+00
   101    0.9732115603E+00
   102    0.9657339603E+00
   103    0.9740848395E+00
   104    0.9710741991E+00
   105    0.9606065535E+00
   106    0.9717276137E+00
   107    0.9736560186E+00
   108    0.9626418335E+00
   109    0.9736961834E+00
   110    0.9802490876E+00
   111    0.9704095639E+00
   112    0.9803887618E+00
   113    0.9902877730E+00
   114    0.9823979834E+00
   115    0.9911974405E+00
   116    0.1002486309E+01
   117    0.9967184919E+00
   118    0.1004415062E+01
   119    0.1015035315E+01
   120    0.1011156653E+01
   121    0.1017461009E+01
   122    0.1025648694E+01
   123    0.1023477793E+01
   124    0.1027579127E+01
   125    0.1031948598E+01
   126    0.1031795424E+01
   127    0.1032722902E+01
   128    0.1032078669E+01
   129    0.1034798703E+01
   130    0.1032203485E+01
   131    0.1024809608E+01
   132    0.1031745322E+01
   133    0.1026084949E+01
   134    0.1012887822E+01
   135    0.1022933410E+01
   136    0.1015269542E+01
   137    0.9988471352E+00
   138    0.1010107875E+01
   139    0.1002757360E+01
   140    0.9845598576E+00
   141    0.9960190523E+00
   142    0.9908036032E+00
   143    0.9726100209E+00
   144    0.9831907411E+00
   145    0.9806039513E+00
   146    0.9655924571E+00
   147    0.9742119684E+00
   148    0.9729675784E+00
   149    0.9643234273E+00
   150    0.9706799314E+00
   151    0.9694194217E+00
   152    0.9680991311E+00
   153    0.9731259350E+00
   154    0.9716131559E+00
   155    0.9759734021E+00
   156    0.9812948260E+00
   157    0.9787890253E+00
   158    0.9871720424E+00
   159    0.9943086838E+00
   160    0.9901401723E+00
   161    0.1000470591E+01
   162    0.1009760732E+01
   163    0.1003844580E+01
   164    0.1014684053E+01
   165    0.1025290398E+01
   166    0.1017151985E+01
   167    0.1027274126E+01
   168    0.1037761672E+01
   169    0.1027608849E+01
   170    0.1036659463E+01
   171    0.1044948327E+01
   172    0.1033607832E+01
   173    0.1040750084E+01
   174    0.1044332692E+01
   175    0.1034146751E+01
   176    0.1039170823E+01
   177    0.1037118328E+01
   178    0.1028059776E+01
   179    0.1031686926E+01
   180    0.1025743544E+01
   181    0.1017224045E+01
   182    0.1019306784E+01
   183    0.1012310831E+01
   184    0.1006158114E+01
   185    0.1006972832E+01
   186    0.9993154287E+00
   187    0.9954637080E+00
   188    0.9959099343E+00
   189    0.9890931230E+00
   190    0.9878584374E+00
   191    0.9875492372E+00
   192    0.9827225299E+00
   193    0.9861803850E+00
   194    0.9860527780E+00
   195    0.9816624240E+00
   196    0.9880067324E+00
   197    0.9871905720E+00
   198    0.9830655270E+00
   199    0.9945447489E+00
   200    0.9970868084E+00
   201    0.9940091477E+00
   202    0.1005857014E+01
   203    0.1008741172E+01
   204    0.1005748991E+01
   205    0.1017374371E+01
   206    0.1018705932E+01
   207    0.1014366127E+01
   208    0.1026082841E+01
   209    0.1029220125E+01
   210    0.1026078943E+01
   211    0.1032726042E+01
   212    0.1031936758E+01
   213    0.1028550775E+01
   214    0.1034399565E+01
   215    0.1034659441E+01
   216    0.1028473387E+01
   217    0.1023451339E+01
   218    0.1020988642E+01
   219    0.1020925752E+01
   220    0.1015624732E+01
   221    0.1010371744E+01
   222    0.1010629762E+01
   223    0.1003452142E+01
   224    0.9955847648E+00
   225    0.9962349209E+00
   226    0.9908310976E+00
   227    0.9832709939E+00
   228    0.9808411792E+00
   229    0.9726880200E+00
   230    0.9671006157E+00
   231    0.9683600587E+00
   232    0.9596516473E+00
   233    0.9532442111E+00
   234    0.9655569919E+00
   235    0.9698651868E+00
   236    0.9545869752E+00
   237    0.9466257227E+00
   238    0.9437023680E+00
   239    0.9397636474E+00
   240    0.9563681744E+00
   241    0.9737151505E+00
   242    0.9540244107E+00
   243    0.9365796654E+00
   244    0.9387403871E+00
   245    0.9417890475E+00
   246    0.9613790821E+00
   247    0.9783575001E+00
   248    0.9570546953E+00
   249    0.9417530675E+00
   250    0.9480337796E+00
   251    0.9536168075E+00
   252    0.9622040091E+00
   253    0.9790629320E+00
   254    0.9794518125E+00
   255    0.9608219730E+00
   256    0.9602427881E+00
   257    0.9731735043E+00
   258    0.9743644301E+00
   259    0.9746188321E+00
   260    0.9828608440E+00
   261    0.9842066610E+00
   262    0.9830798929E+00
   263    0.9883159947E+00
   264    0.9916572528E+00
   265    0.9921569573E+00
   266    0.9934381786E+00
   267    0.9950478327E+00
   268    0.9991780060E+00
   269    0.1002846554E+01
   270    0.1002314322E+01
   271    0.1002166120E+01
   272    0.1006258670E+01
   273    0.1010114363E+01
   274    0.1010022674E+01
   275    0.1008017504E+01
   276    0.1008037778E+01
   277    0.1011109934E+01
   278    0.1012970356E+01
   279    0.1012933243E+01
   280    0.1013444940E+01
   281    0.1014514363E+01
   282    0.1014741684E+01
   283    0.1015669462E+01
   284    0.1016457689E+01
   285    0.1016627699E+01
   286    0.1017710107E+01
   287    0.1017975435E+01
   288    0.1016202431E+01
   289    0.1015537233E+01
   290    0.1017594814E+01
   291    0.1018668197E+01
   292    0.1017029717E+01
   293    0.1016152143E+01
   294    0.1016446351E+01
   295    0.1016174172E+01
   296    0.1015742685E+01
   297    0.1015578272E+01
   298    0.1014933022E+01
   299    0.1014041938E+01
   300    0.1013761168E+01
   301    0.1013540330E+01
   302    0.1012749727E+01
   303    0.1011988160E+01
   304    0.1011579444E+01
   305    0.1011225511E+01
   306    0.1010589977E+01
   307    0.1009973924E+01
   308    0.1009758020E+01
   309    0.1009702625E+01
   310    0.1009226063E+01
   311    0.1008367913E+01
   312    0.1007654740E+01
   313    0.1007226765E+01
   314    0.1007022392E+01
   315    0.1006689823E+01
   316    0.1006232754E+01
   317    0.1005718431E+01
   318    0.1005244214E+01
   319    0.1004937620E+01
   320    0.1004675856E+01
   321    0.1004350654E+01
   322    0.1003986452E+01
   323    0.1003702428E+01
   324    0.1003436297E+01
   325    0.1003136677E+01
   326    0.1002906142E+01
   327    0.1002713533E+01
   328    0.1002478720E+01
   329    0.1002233492E+01
   330    0.1002048020E+01
   331    0.1001884052E+01
   332    0.1001709417E+01
   333    0.1001552521E+01
   334    0.1001414531E+01
   335    0.1001277516E+01
   336    0.1001156305E+01
   337    0.1001057953E+01
   338    0.1000962688E+01
   339    0.1000865735E+01
   340    0.1000773490E+01
   341    0.1000690435E+01
   342    0.1000623361E+01
   343    0.1000562008E+01
   344    0.1000504796E+01
   345    0.1000447847E+01
   346    0.1000396625E+01
   347    0.1000356565E+01
   348    0.1000320929E+01
   349    0.1000284523E+01
   350    0.1000251575E+01
   351    0.1000222833E+01
   352    0.1000198820E+01
   353    0.1000177236E+01
   354    0.1000154996E+01
   355    0.1000135734E+01
   356    0.1000119818E+01
   357    0.1000104621E+01
   358    0.1000091655E+01
   359    0.1000081536E+01
   360    0.1000071425E+01
   361    0.1000061825E+01
   362    0.1000054273E+01
   363    0.1000047443E+01
   364    0.1000041205E+01
   365    0.1000035717E+01
   366    0.1000030943E+01
   367    0.1000026875E+01
   368    0.1000023360E+01
   369    0.1000020284E+01
   370    0.1000017543E+01
   371    0.1000015175E+01
   372    0.1000012979E+01
   373    0.1000011045E+01
   374    0.1000009479E+01
   375    0.1000008180E+01
   376    0.1000007007E+01
   377    0.1000006024E+01
   378    0.1000005217E+01
   379    0.1000004456E+01
   380    0.1000003763E+01
   381    0.1000003168E+01
   382    0.1000002703E+01
   383    0.1000002304E+01
   384    0.1000001957E+01
   385    0.1000001662E+01
   386    0.1000001406E+01
   387    0.1000001180E+01
   388    0.1000000987E+01
   389    0.1000000834E+01
   390    0.1000000706E+01
   391    0.1000000595E+01
   392    0.1000000497E+01
   393    0.1000000416E+01
   394    0.1000000351E+01
   395    0.1000000296E+01
   396    0.1000000246E+01
   397    0.1000000203E+01
   398    0.1000000168E+01
   399    0.1000000139E+01
   400    0.1000000116E+01
   401    0.1000000097E+01
   402    0.1000000081E+01
   403    0.1000000066E+01
   404    0.1000000054E+01
   405    0.1000000045E+01
   406    0.1000000037E+01
   407    0.1000000031E+01
   408    0.1000000025E+01
   409    0.1000000021E+01
   410    0.1000000017E+01
   411    0.1000000014E+01
   412    0.1000000011E+01
   413    0.1000000009E+01
   414    0.1000000008E+01
   415    0.1000000006E+01
   416    0.1000000005E+01
   417    0.1000000004E+01
   418    0.1000000003E+01
   419    0.1000000003E+01
   420    0.1000000002E+01
   421    0.1000000002E+01
   422    0.1000000001E+01
   423    0.1000000001E+01
   424    0.1000000001E+01
   425    0.1000000001E+01
   426    0.1000000001E+01
   427    0.1000000000E+01
   428    0.1000000000E+01
   429    0.1000000000E+01
   430    0.1000000000E+01
   431    0.1000000000E+01
   432    0.1000000000E+01
   433    0.1000000000E+01
   434    0.1000000000E+01
   435    0.1000000000E+01
   436    0.1000000000E+01
   437    0.1000000000E+01
   438    0.1000000000E+01
   439    0.1000000000E+01
   440    0.1000000000E+01
   441    0.1000000000E+01
   442    0.1000000000E+01
   443    0.1000000000E+01
   444    0.1000000000E+01
   445    0.1000000000E+01
   446    0.1000000000E+01
   447    0.1000000000E+01
   448    0.1000000000E+01
   449    0.1000000000E+01
   450    0.1000000000E+01
   451    0.1000000000E+01
   452    0.1000000000E+01
   453    0.1000000000E+01
   454    0.1000000000E+01
   455    0.1000000000E+01
   456    0.1000000000E+01
   457    0.1000000000E+01
   458    0.1000000000E+01
   459    0.1000000000E+01
   460    0.1000000000E+01
   461    0.1000000000E+01
   462    0.1000000000E+01
   463    0.1000000000E+01
   464    0.1000000000E+01
   465    0.1000000000E+01
   466    0.1000000000E+01
   467    0.1000000000E+01
   468    0.1000000000E+01
   469    0.1000000000E+01
   470    0.1000000000E+01
   471    0.1000000000E+01
   472    0.1000000000E+01
   473    0.1000000000E+01
   474    0.1000000000E+01
   475    0.1000000000E+01
   476    0.1000000000E+01
   477    0.1000000000E+01
   478    0.1000000000E+01
   479    0.1000000000E+01
   480    0.1000000000E+01
   481    0.1000000000E+01
   482    0.1000000000E+01
   483    0.1000000000E+01
   484    0.1000000000E+01
   485    0.1000000000E+01
   486    0.1000000000E+01
   487    0.1000000000E+01
   488    0.1000000000E+01
   489    0.1000000000E+01
   490    0.1000000000E+01
   491    0.1000000000E+01
   492    0.1000000000E+01
   493    0.1000000000E+01
   494    0.1000000000E+01
   495    0.1000000000E+01
   496    0.1000000000E+01
   497    0.1000000000E+01
   498    0.1000000000E+01
   499    0.9589843750E+00
   500    0.6987304688E+00
   501    0.2567138672E+00
   502    0.6417846680E-01
