    -1    0.3109078842E+00
     0    0.7620864642E+00
     1    0.9441831467E+00
     2    0.9880438118E+00
     3    0.9983411821E+00
     4    0.1000484996E+01
     5    0.9993191240E+00
     6    0.9981389198E+00
     7    0.9975605471E+00
     8    0.9959090911E+00
     9    0.9945931460E+00
    10    0.9941576512E+00
    11    0.9929482967E+00
    12    0.9919617837E+00
    13    0.9917437614E+00
    14    0.9911609684E+00
    15    0.9907195461E+00
    16    0.9907482875E+00
    17    0.9908234143E+00
    18    0.9910746168E+00
    19    0.9913249794E+00
    20    0.9920104180E+00
    21    0.9929533337E+00
    22    0.9933848356E+00
    23    0.9945611896E+00
    24    0.9960250555E+00
    25    0.9966183404E+00
    26    0.9980527512E+00
    27    0.9998007340E+00
    28    0.1000479248E+01
    29    0.1001890451E+01
    30    0.1003669078E+01
    31    0.1004290697E+01
    32    0.1005396267E+01
    33    0.1006990756E+01
    34    0.1007327016E+01
    35    0.1007993500E+01
    36    0.1009142442E+01
    37    0.1009029671E+01
    38    0.1009228545E+01
    39    0.1009704831E+01
    40    0.1009102327E+01
    41    0.1008856390E+01
    42    0.1008575425E+01
    43    0.1007527041E+01
    44    0.1006941519E+01
    45    0.1005957689E+01
    46    0.1004600666E+01
    47    0.1003821535E+01
    48    0.1002328190E+01
    49    0.1000861796E+01
    50    0.1000047315E+01
    51    0.9983307999E+00
    52    0.9969803228E+00
    53    0.9962919998E+00
    54    0.9946343298E+00
    55    0.9936324438E+00
    56    0.9932075773E+00
    57    0.9918585178E+00
    58    0.9913606200E+00
    59    0.9913133986E+00
    60    0.9904632611E+00
    61    0.9905346079E+00
    62    0.9909125019E+00
    63    0.9906627187E+00
    64    0.9913071904E+00
    65    0.9920749917E+00
    66    0.9924017002E+00
    67    0.9935782943E+00
    68    0.9946126971E+00
    69    0.9954189347E+00
    70    0.9969519910E+00
    71    0.9981312138E+00
    72    0.9992437029E+00
    73    0.1000834486E+01
    74    0.1002068025E+01
    75    0.1003209614E+01
    76    0.1004584263E+01
    77    0.1005723459E+01
    78    0.1006630557E+01
    79    0.1007534132E+01
    80    0.1008451385E+01
    81    0.1008874634E+01
    82    0.1009167482E+01
    83    0.1009744298E+01
    84    0.1009505819E+01
    85    0.1009222582E+01
    86    0.1009321127E+01
    87    0.1008421995E+01
    88    0.1007686433E+01
    89    0.1007247485E+01
    90    0.1005831658E+01
    91    0.1004827122E+01
    92    0.1003907624E+01
    93    0.1002213333E+01
    94    0.1001140778E+01
    95    0.9999248294E+00
    96    0.9981989817E+00
    97    0.9972866020E+00
    98    0.9959974714E+00
    99    0.9944834653E+00
   100    0.9939312070E+00
   101    0.9927927870E+00
   102    0.9916914200E+00
   103    0.9916320843E+00
   104    0.9908502107E+00
   105    0.9902702306E+00
   106    0.9907641840E+00
   107    0.9904894891E+00
   108    0.9904484406E+00
   109    0.9914604802E+00
   110    0.9917747074E+00
   111    0.9922134010E+00
   112    0.9935999817E+00
   113    0.9945005982E+00
   114    0.9952932590E+00
   115    0.9968565353E+00
   116    0.9982011921E+00
   117    0.9991833424E+00
   118    0.1000725867E+01
   119    0.1002233079E+01
   120    0.1003230471E+01
   121    0.1004550033E+01
   122    0.1005895221E+01
   123    0.1006745830E+01
   124    0.1007628831E+01
   125    0.1008542111E+01
   126    0.1009111559E+01
   127    0.1009395308E+01
   128    0.1009676337E+01
   129    0.1009915365E+01
   130    0.1009515021E+01
   131    0.1009095294E+01
   132    0.1009000434E+01
   133    0.1007969930E+01
   134    0.1006912898E+01
   135    0.1006535376E+01
   136    0.1005054098E+01
   137    0.1003524058E+01
   138    0.1002990059E+01
   139    0.1001294637E+01
   140    0.9995637409E+00
   141    0.9989985066E+00
   142    0.9973813013E+00
   143    0.9957340372E+00
   144    0.9952781257E+00
   145    0.9939991034E+00
   146    0.9927052601E+00
   147    0.9924990035E+00
   148    0.9917298250E+00
   149    0.9909936741E+00
   150    0.9911582166E+00
   151    0.9909732052E+00
   152    0.9908981852E+00
   153    0.9915456111E+00
   154    0.9918849466E+00
   155    0.9924806586E+00
   156    0.9936352851E+00
   157    0.9943665125E+00
   158    0.9955882341E+00
   159    0.9971435018E+00
   160    0.9980870585E+00
   161    0.9997874893E+00
   162    0.1001566245E+01
   163    0.1002555638E+01
   164    0.1004527420E+01
   165    0.1006215611E+01
   166    0.1007032737E+01
   167    0.1009061479E+01
   168    0.1010430600E+01
   169    0.1010951924E+01
   170    0.1012726732E+01
   171    0.1013514150E+01
   172    0.1013624202E+01
   173    0.1014925041E+01
   174    0.1015113053E+01
   175    0.1014886687E+01
   176    0.1015556827E+01
   177    0.1015101574E+01
   178    0.1014521510E+01
   179    0.1014580031E+01
   180    0.1013648350E+01
   181    0.1012797877E+01
   182    0.1012440067E+01
   183    0.1011336845E+01
   184    0.1010380173E+01
   185    0.1009746402E+01
   186    0.1008449885E+01
   187    0.1007610721E+01
   188    0.1007272921E+01
   189    0.1006330474E+01
   190    0.1005650381E+01
   191    0.1005490022E+01
   192    0.1005087729E+01
   193    0.1004850909E+01
   194    0.1005008711E+01
   195    0.1005000569E+01
   196    0.1005319268E+01
   197    0.1006197304E+01
   198    0.1006772803E+01
   199    0.1007566583E+01
   200    0.1008644228E+01
   201    0.1009215476E+01
   202    0.1010164450E+01
   203    0.1011776069E+01
   204    0.1012867647E+01
   205    0.1014290508E+01
   206    0.1015759012E+01
   207    0.1016462611E+01
   208    0.1017994116E+01
   209    0.1018918099E+01
   210    0.1018891039E+01
   211    0.1019648207E+01
   212    0.1019845670E+01
   213    0.1019698993E+01
   214    0.1020259524E+01
   215    0.1019510501E+01
   216    0.1018232740E+01
   217    0.1017791279E+01
   218    0.1016096243E+01
   219    0.1014378960E+01
   220    0.1012963472E+01
   221    0.1009958968E+01
   222    0.1007328443E+01
   223    0.1005640771E+01
   224    0.1002528184E+01
   225    0.9994527061E+00
   226    0.9972380240E+00
   227    0.9941435455E+00
   228    0.9909005024E+00
   229    0.9879410946E+00
   230    0.9847427799E+00
   231    0.9817249685E+00
   232    0.9786801648E+00
   233    0.9756863561E+00
   234    0.9730252922E+00
   235    0.9704890975E+00
   236    0.9682154501E+00
   237    0.9661086718E+00
   238    0.9643323270E+00
   239    0.9630004536E+00
   240    0.9613893668E+00
   241    0.9592518761E+00
   242    0.9583254924E+00
   243    0.9576707437E+00
   244    0.9570472041E+00
   245    0.9574232763E+00
   246    0.9571013568E+00
   247    0.9559069201E+00
   248    0.9558009965E+00
   249    0.9565100346E+00
   250    0.9572781273E+00
   251    0.9587033454E+00
   252    0.9600031708E+00
   253    0.9602765128E+00
   254    0.9607093725E+00
   255    0.9621697230E+00
   256    0.9642308432E+00
   257    0.9661460299E+00
   258    0.9683486864E+00
   259    0.9698260876E+00
   260    0.9708837112E+00
   261    0.9732526743E+00
   262    0.9753710214E+00
   263    0.9766983122E+00
   264    0.9791850575E+00
   265    0.9820006623E+00
   266    0.9835620705E+00
   267    0.9855752900E+00
   268    0.9882379162E+00
   269    0.9899161444E+00
   270    0.9914566349E+00
   271    0.9936811068E+00
   272    0.9958696373E+00
   273    0.9980700264E+00
   274    0.9999419244E+00
   275    0.1001273951E+01
   276    0.1002803919E+01
   277    0.1004867317E+01
   278    0.1006307356E+01
   279    0.1007521565E+01
   280    0.1008329830E+01
   281    0.1009463238E+01
   282    0.1010852699E+01
   283    0.1011846325E+01
   284    0.1012619430E+01
   285    0.1013512520E+01
   286    0.1014170142E+01
   287    0.1014757796E+01
   288    0.1015449499E+01
   289    0.1015902030E+01
   290    0.1016330171E+01
   291    0.1016789719E+01
   292    0.1016821668E+01
   293    0.1016658167E+01
   294    0.1016725318E+01
   295    0.1016805669E+01
   296    0.1016671612E+01
   297    0.1016573817E+01
   298    0.1016448854E+01
   299    0.1016217565E+01
   300    0.1015835281E+01
   301    0.1015501579E+01
   302    0.1015138725E+01
   303    0.1014630973E+01
   304    0.1014132430E+01
   305    0.1013756543E+01
   306    0.1013272091E+01
   307    0.1012687080E+01
   308    0.1012170994E+01
   309    0.1011703630E+01
   310    0.1011188767E+01
   311    0.1010661533E+01
   312    0.1010158394E+01
   313    0.1009691834E+01
   314    0.1009249665E+01
   315    0.1008756498E+01
   316    0.1008211956E+01
   317    0.1007699811E+01
   318    0.1007265237E+01
   319    0.1006867667E+01
   320    0.1006448089E+01
   321    0.1006012601E+01
   322    0.1005587440E+01
   323    0.1005199791E+01
   324    0.1004860958E+01
   325    0.1004531171E+01
   326    0.1004192210E+01
   327    0.1003878204E+01
   328    0.1003591267E+01
   329    0.1003310174E+01
   330    0.1003045322E+01
   331    0.1002812864E+01
   332    0.1002585265E+01
   333    0.1002364281E+01
   334    0.1002159314E+01
   335    0.1001975705E+01
   336    0.1001804169E+01
   337    0.1001642392E+01
   338    0.1001492946E+01
   339    0.1001355881E+01
   340    0.1001229311E+01
   341    0.1001113300E+01
   342    0.1001009470E+01
   343    0.1000912868E+01
   344    0.1000820739E+01
   345    0.1000736911E+01
   346    0.1000662935E+01
   347    0.1000595416E+01
   348    0.1000534049E+01
   349    0.1000478115E+01
   350    0.1000425979E+01
   351    0.1000379861E+01
   352    0.1000339693E+01
   353    0.1000302538E+01
   354    0.1000268454E+01
   355    0.1000237969E+01
   356    0.1000211016E+01
   357    0.1000187271E+01
   358    0.1000165322E+01
   359    0.1000145490E+01
   360    0.1000128249E+01
   361    0.1000112707E+01
   362    0.1000098857E+01
   363    0.1000086928E+01
   364    0.1000076363E+01
   365    0.1000066667E+01
   366    0.1000058229E+01
   367    0.1000050889E+01
   368    0.1000044318E+01
   369    0.1000038550E+01
   370    0.1000033477E+01
   371    0.1000029047E+01
   372    0.1000025189E+01
   373    0.1000021826E+01
   374    0.1000018887E+01
   375    0.1000016299E+01
   376    0.1000014056E+01
   377    0.1000012072E+01
   378    0.1000010350E+01
   379    0.1000008902E+01
   380    0.1000007641E+01
   381    0.1000006537E+01
   382    0.1000005610E+01
   383    0.1000004802E+01
   384    0.1000004089E+01
   385    0.1000003474E+01
   386    0.1000002952E+01
   387    0.1000002511E+01
   388    0.1000002132E+01
   389    0.1000001808E+01
   390    0.1000001530E+01
   391    0.1000001293E+01
   392    0.1000001089E+01
   393    0.1000000917E+01
   394    0.1000000773E+01
   395    0.1000000651E+01
   396    0.1000000547E+01
   397    0.1000000458E+01
   398    0.1000000384E+01
   399    0.1000000322E+01
   400    0.1000000269E+01
   401    0.1000000224E+01
   402    0.1000000186E+01
   403    0.1000000155E+01
   404    0.1000000129E+01
   405    0.1000000107E+01
   406    0.1000000089E+01
   407    0.1000000074E+01
   408    0.1000000061E+01
   409    0.1000000050E+01
   410    0.1000000041E+01
   411    0.1000000034E+01
   412    0.1000000028E+01
   413    0.1000000023E+01
   414    0.1000000019E+01
   415    0.1000000015E+01
   416    0.1000000013E+01
   417    0.1000000010E+01
   418    0.1000000008E+01
   419    0.1000000007E+01
   420    0.1000000006E+01
   421    0.1000000005E+01
   422    0.1000000004E+01
   423    0.1000000003E+01
   424    0.1000000002E+01
   425    0.1000000002E+01
   426    0.1000000002E+01
   427    0.1000000001E+01
   428    0.1000000001E+01
   429    0.1000000001E+01
   430    0.1000000001E+01
   431    0.1000000001E+01
   432    0.1000000000E+01
   433    0.1000000000E+01
   434    0.1000000000E+01
   435    0.1000000000E+01
   436    0.1000000000E+01
   437    0.1000000000E+01
   438    0.1000000000E+01
   439    0.1000000000E+01
   440    0.1000000000E+01
   441    0.1000000000E+01
   442    0.1000000000E+01
   443    0.1000000000E+01
   444    0.1000000000E+01
   445    0.1000000000E+01
   446    0.1000000000E+01
   447    0.1000000000E+01
   448    0.1000000000E+01
   449    0.1000000000E+01
   450    0.1000000000E+01
   451    0.1000000000E+01
   452    0.1000000000E+01
   453    0.1000000000E+01
   454    0.1000000000E+01
   455    0.1000000000E+01
   456    0.1000000000E+01
   457    0.1000000000E+01
   458    0.1000000000E+01
   459    0.1000000000E+01
   460    0.1000000000E+01
   461    0.1000000000E+01
   462    0.1000000000E+01
   463    0.1000000000E+01
   464    0.1000000000E+01
   465    0.1000000000E+01
   466    0.1000000000E+01
   467    0.1000000000E+01
   468    0.1000000000E+01
   469    0.1000000000E+01
   470    0.1000000000E+01
   471    0.1000000000E+01
   472    0.1000000000E+01
   473    0.1000000000E+01
   474    0.1000000000E+01
   475    0.1000000000E+01
   476    0.1000000000E+01
   477    0.1000000000E+01
   478    0.1000000000E+01
   479    0.1000000000E+01
   480    0.1000000000E+01
   481    0.1000000000E+01
   482    0.1000000000E+01
   483    0.1000000000E+01
   484    0.1000000000E+01
   485    0.1000000000E+01
   486    0.1000000000E+01
   487    0.1000000000E+01
   488    0.1000000000E+01
   489    0.1000000000E+01
   490    0.1000000000E+01
   491    0.1000000000E+01
   492    0.1000000000E+01
   493    0.1000000000E+01
   494    0.1000000000E+01
   495    0.1000000000E+01
   496    0.1000000000E+01
   497    0.1000000000E+01
   498    0.1000000000E+01
   499    0.9589843750E+00
   500    0.6987304688E+00
   501    0.2567138672E+00
   502    0.6417846680E-01
