    -1    0.6851346070E-01
     0    0.3116009733E+00
     1    0.4834356859E+00
     2    0.4913332549E+00
     3    0.7296912883E+00
     4    0.8938903886E+00
     5    0.9239896353E+00
     6    0.8580351581E+00
     7    0.8447930414E+00
     8    0.7218841989E+00
     9    0.9655569941E+00
    10    0.1226837884E+01
    11    0.1166287169E+01
    12    0.8830742445E+00
    13    0.8391707730E+00
    14    0.1185747941E+01
    15    0.1266064480E+01
    16    0.1094814450E+01
    17    0.9744900799E+00
    18    0.1010206836E+01
    19    0.8912835840E+00
    20    0.1018897355E+01
    21    0.1022262587E+01
    22    0.9051281334E+00
    23    0.9480541368E+00
    24    0.1120420366E+01
    25    0.1189039076E+01
    26    0.1211011106E+01
    27    0.9957415796E+00
    28    0.9931692479E+00
    29    0.1194231622E+01
    30    0.9359979171E+00
    31    0.6860129252E+00
    32    0.6934383397E+00
    33    0.7807515712E+00
    34    0.8412150357E+00
    35    0.7146518289E+00
    36    0.4561842540E+00
    37    0.7195719654E+00
    38    0.1209762758E+01
    39    0.1279468130E+01
    40    0.9411348622E+00
    41    0.6205918414E+00
    42    0.7602172466E+00
    43    0.1010043791E+01
    44    0.9249462245E+00
    45    0.1047191497E+01
    46    0.8875628286E+00
    47    0.8251099914E+00
    48    0.1033621308E+01
    49    0.1158521323E+01
    50    0.8572761111E+00
    51    0.8042883522E+00
    52    0.1007379500E+01
    53    0.9704261207E+00
    54    0.1069852954E+01
    55    0.9614983425E+00
    56    0.7835964313E+00
    57    0.6949265802E+00
    58    0.9638642250E+00
    59    0.1043194355E+01
    60    0.8534645607E+00
    61    0.5815491649E+00
    62    0.6441141496E+00
    63    0.9155813247E+00
    64    0.1052461801E+01
    65    0.9586340277E+00
    66    0.7415425160E+00
    67    0.7188240830E+00
    68    0.8268723107E+00
    69    0.8074580935E+00
    70    0.7911014509E+00
    71    0.6879087918E+00
    72    0.7500257053E+00
    73    0.6387967737E+00
    74    0.7768855223E+00
    75    0.1044707798E+01
    76    0.9138911704E+00
    77    0.4403235809E+00
    78    0.4345255027E+00
    79    0.7276444187E+00
    80    0.8658738592E+00
    81    0.7922301398E+00
    82    0.6841599777E+00
    83    0.9663055684E+00
    84    0.1130422675E+01
    85    0.9890249868E+00
    86    0.1037963613E+01
    87    0.1157520694E+01
    88    0.9598332739E+00
    89    0.1054741388E+01
    90    0.1208353153E+01
    91    0.1509217109E+01
    92    0.1769315752E+01
    93    0.1701183748E+01
    94    0.1224623681E+01
    95    0.9663690258E+00
    96    0.1066296542E+01
    97    0.1169771951E+01
    98    0.1241086296E+01
    99    0.1207175945E+01
   100    0.1027649706E+01
   101    0.9611809997E+00
   102    0.9095066111E+00
   103    0.6833749020E+00
   104    0.6352661543E+00
   105    0.8239587201E+00
   106    0.6388013388E+00
   107    0.7674989827E+00
   108    0.7609205789E+00
   109    0.7944871120E+00
   110    0.7705957271E+00
   111    0.5265361511E+00
   112    0.5839328303E+00
   113    0.7474415365E+00
   114    0.6848447598E+00
   115    0.5399614422E+00
   116    0.4568229218E+00
   117    0.5192234544E+00
   118    0.6184832961E+00
   119    0.7332545114E+00
   120    0.6538959285E+00
   121    0.5900713612E+00
   122    0.4663699881E+00
   123    0.4711056296E+00
   124    0.7181338377E+00
   125    0.1080752995E+01
   126    0.1050147726E+01
   127    0.9662934016E+00
   128    0.1034474383E+01
   129    0.9693745103E+00
   130    0.8190152039E+00
   131    0.7029853334E+00
   132    0.6788430442E+00
   133    0.7507615822E+00
   134    0.7410510785E+00
   135    0.7821598645E+00
   136    0.9627012278E+00
   137    0.1210979454E+01
   138    0.1214170467E+01
   139    0.1185358924E+01
   140    0.1259606053E+01
   141    0.1298166525E+01
   142    0.1282545429E+01
   143    0.1330980141E+01
   144    0.1378551268E+01
   145    0.1114842850E+01
   146    0.8830588425E+00
   147    0.1094900858E+01
   148    0.1257148616E+01
   149    0.1060233816E+01
   150    0.8671841458E+00
   151    0.8831289917E+00
   152    0.7305710357E+00
   153    0.6637812083E+00
   154    0.8747663075E+00
   155    0.1120967141E+01
   156    0.9353320533E+00
   157    0.7400165344E+00
   158    0.7245280221E+00
   159    0.7317432267E+00
   160    0.8802160711E+00
   161    0.7561540842E+00
   162    0.5094244829E+00
   163    0.6929612036E+00
   164    0.7267025795E+00
   165    0.3784715668E+00
   166    0.2535321561E+00
   167    0.3930309698E+00
   168    0.4182730221E+00
   169    0.4676447387E+00
   170    0.5212681130E+00
   171    0.4600776473E+00
   172    0.5681900888E+00
   173    0.5510596305E+00
   174    0.4060558477E+00
   175    0.4300841100E+00
   176    0.4936066056E+00
   177    0.5328728934E+00
   178    0.7827203290E+00
   179    0.7400048163E+00
   180    0.5446698071E+00
   181    0.3642357673E+00
   182    0.3766106118E+00
   183    0.5871323811E+00
   184    0.5723372010E+00
   185    0.3804206289E+00
   186    0.3255373377E+00
   187    0.5927099139E+00
   188    0.7823800077E+00
   189    0.9493599498E+00
   190    0.9955846724E+00
   191    0.1203665677E+01
   192    0.1455866036E+01
   193    0.1703953479E+01
   194    0.1763250362E+01
   195    0.1656401146E+01
   196    0.1234228567E+01
   197    0.1058176395E+01
   198    0.1457402303E+01
   199    0.1617720094E+01
   200    0.1373647910E+01
   201    0.9559120081E+00
   202    0.9163469498E+00
   203    0.9217556380E+00
   204    0.8445525232E+00
   205    0.1109565156E+01
   206    0.1379073706E+01
   207    0.1197995358E+01
   208    0.1028694307E+01
   209    0.7865920779E+00
   210    0.6095673618E+00
   211    0.6481512337E+00
   212    0.7088798201E+00
   213    0.7706903711E+00
   214    0.8567337831E+00
   215    0.8687554921E+00
   216    0.7064509833E+00
   217    0.6302632337E+00
   218    0.5811801414E+00
   219    0.5726479084E+00
   220    0.6498332600E+00
   221    0.7371636987E+00
   222    0.6765517397E+00
   223    0.5966895473E+00
   224    0.6668937614E+00
   225    0.8270524463E+00
   226    0.9270060501E+00
   227    0.8688317168E+00
   228    0.6981779443E+00
   229    0.6687006222E+00
   230    0.7485377387E+00
   231    0.9626832442E+00
   232    0.1210429050E+01
   233    0.1235756115E+01
   234    0.1120055379E+01
   235    0.1067180704E+01
   236    0.1136798440E+01
   237    0.1109830761E+01
   238    0.9888826853E+00
   239    0.1076635477E+01
   240    0.1151840888E+01
   241    0.1038516875E+01
   242    0.9496270146E+00
   243    0.1023490682E+01
   244    0.1134964638E+01
   245    0.1072399080E+01
   246    0.1051851769E+01
   247    0.1082035679E+01
   248    0.1029696500E+01
   249    0.1011775093E+01
   250    0.1061925250E+01
   251    0.1074892532E+01
   252    0.1033277575E+01
   253    0.9751277728E+00
   254    0.9221699677E+00
   255    0.9003098416E+00
   256    0.9389965335E+00
   257    0.1009597551E+01
   258    0.1013595743E+01
   259    0.9604495682E+00
   260    0.9371503629E+00
   261    0.9821289924E+00
   262    0.1042229910E+01
   263    0.1044984111E+01
   264    0.1036920754E+01
   265    0.1037102058E+01
   266    0.1022211234E+01
   267    0.1022121332E+01
   268    0.1031311605E+01
   269    0.1009709699E+01
   270    0.9967250428E+00
   271    0.1021111288E+01
   272    0.1034580221E+01
   273    0.1007862208E+01
   274    0.9991184930E+00
   275    0.1017408462E+01
   276    0.1022378198E+01
   277    0.1003162318E+01
   278    0.1000068141E+01
   279    0.1014972255E+01
   280    0.1019172028E+01
   281    0.1007673799E+01
   282    0.1003191473E+01
   283    0.1005703896E+01
   284    0.1008245806E+01
   285    0.1008254364E+01
   286    0.1007013950E+01
   287    0.1005207998E+01
   288    0.1003762778E+01
   289    0.1004199076E+01
   290    0.1005053858E+01
   291    0.1004606848E+01
   292    0.1003695664E+01
   293    0.1003608598E+01
   294    0.1003527230E+01
   295    0.1002902905E+01
   296    0.1002763499E+01
   297    0.1002944739E+01
   298    0.1002635866E+01
   299    0.1002128864E+01
   300    0.1001960230E+01
   301    0.1001888198E+01
   302    0.1001697797E+01
   303    0.1001524949E+01
   304    0.1001399238E+01
   305    0.1001239302E+01
   306    0.1001105708E+01
   307    0.1001048433E+01
   308    0.1001011477E+01
   309    0.1000909787E+01
   310    0.1000763559E+01
   311    0.1000656819E+01
   312    0.1000616110E+01
   313    0.1000562509E+01
   314    0.1000514186E+01
   315    0.1000447937E+01
   316    0.1000377181E+01
   317    0.1000346954E+01
   318    0.1000331181E+01
   319    0.1000293788E+01
   320    0.1000253656E+01
   321    0.1000222040E+01
   322    0.1000204634E+01
   323    0.1000190402E+01
   324    0.1000160501E+01
   325    0.1000135659E+01
   326    0.1000121148E+01
   327    0.1000103673E+01
   328    0.1000089046E+01
   329    0.1000083641E+01
   330    0.1000074536E+01
   331    0.1000061304E+01
   332    0.1000055016E+01
   333    0.1000049113E+01
   334    0.1000042002E+01
   335    0.1000035991E+01
   336    0.1000030941E+01
   337    0.1000026875E+01
   338    0.1000023605E+01
   339    0.1000020942E+01
   340    0.1000018270E+01
   341    0.1000015916E+01
   342    0.1000013428E+01
   343    0.1000010772E+01
   344    0.1000009081E+01
   345    0.1000008172E+01
   346    0.1000006951E+01
   347    0.1000005997E+01
   348    0.1000005576E+01
   349    0.1000004819E+01
   350    0.1000003917E+01
   351    0.1000003138E+01
   352    0.1000002685E+01
   353    0.1000002342E+01
   354    0.1000002014E+01
   355    0.1000001731E+01
   356    0.1000001461E+01
   357    0.1000001201E+01
   358    0.1000000967E+01
   359    0.1000000824E+01
   360    0.1000000716E+01
   361    0.1000000612E+01
   362    0.1000000505E+01
   363    0.1000000418E+01
   364    0.1000000364E+01
   365    0.1000000316E+01
   366    0.1000000260E+01
   367    0.1000000209E+01
   368    0.1000000168E+01
   369    0.1000000136E+01
   370    0.1000000115E+01
   371    0.1000000100E+01
   372    0.1000000085E+01
   373    0.1000000068E+01
   374    0.1000000053E+01
   375    0.1000000043E+01
   376    0.1000000037E+01
   377    0.1000000032E+01
   378    0.1000000027E+01
   379    0.1000000021E+01
   380    0.1000000017E+01
   381    0.1000000014E+01
   382    0.1000000011E+01
   383    0.1000000009E+01
   384    0.1000000008E+01
   385    0.1000000006E+01
   386    0.1000000005E+01
   387    0.1000000004E+01
   388    0.1000000003E+01
   389    0.1000000003E+01
   390    0.1000000002E+01
   391    0.1000000002E+01
   392    0.1000000001E+01
   393    0.1000000001E+01
   394    0.1000000001E+01
   395    0.1000000001E+01
   396    0.1000000001E+01
   397    0.1000000000E+01
   398    0.1000000000E+01
   399    0.1000000000E+01
   400    0.1000000000E+01
   401    0.1000000000E+01
   402    0.1000000000E+01
   403    0.1000000000E+01
   404    0.1000000000E+01
   405    0.1000000000E+01
   406    0.1000000000E+01
   407    0.1000000000E+01
   408    0.1000000000E+01
   409    0.1000000000E+01
   410    0.1000000000E+01
   411    0.1000000000E+01
   412    0.1000000000E+01
   413    0.1000000000E+01
   414    0.1000000000E+01
   415    0.1000000000E+01
   416    0.1000000000E+01
   417    0.1000000000E+01
   418    0.1000000000E+01
   419    0.1000000000E+01
   420    0.1000000000E+01
   421    0.1000000000E+01
   422    0.1000000000E+01
   423    0.1000000000E+01
   424    0.1000000000E+01
   425    0.1000000000E+01
   426    0.1000000000E+01
   427    0.1000000000E+01
   428    0.1000000000E+01
   429    0.1000000000E+01
   430    0.1000000000E+01
   431    0.1000000000E+01
   432    0.1000000000E+01
   433    0.1000000000E+01
   434    0.1000000000E+01
   435    0.1000000000E+01
   436    0.1000000000E+01
   437    0.1000000000E+01
   438    0.1000000000E+01
   439    0.1000000000E+01
   440    0.1000000000E+01
   441    0.1000000000E+01
   442    0.1000000000E+01
   443    0.1000000000E+01
   444    0.1000000000E+01
   445    0.1000000000E+01
   446    0.1000000000E+01
   447    0.1000000000E+01
   448    0.1000000000E+01
   449    0.1000000000E+01
   450    0.1000000000E+01
   451    0.1000000000E+01
   452    0.1000000000E+01
   453    0.1000000000E+01
   454    0.1000000000E+01
   455    0.1000000000E+01
   456    0.1000000000E+01
   457    0.1000000000E+01
   458    0.1000000000E+01
   459    0.1000000000E+01
   460    0.1000000000E+01
   461    0.1000000000E+01
   462    0.1000000000E+01
   463    0.1000000000E+01
   464    0.1000000000E+01
   465    0.1000000000E+01
   466    0.1000000000E+01
   467    0.1000000000E+01
   468    0.1000000000E+01
   469    0.1000000000E+01
   470    0.1000000000E+01
   471    0.1000000000E+01
   472    0.1000000000E+01
   473    0.1000000000E+01
   474    0.1000000000E+01
   475    0.1000000000E+01
   476    0.1000000000E+01
   477    0.1000000000E+01
   478    0.1000000000E+01
   479    0.1000000000E+01
   480    0.1000000000E+01
   481    0.1000000000E+01
   482    0.1000000000E+01
   483    0.1000000000E+01
   484    0.1000000000E+01
   485    0.1000000000E+01
   486    0.1000000000E+01
   487    0.1000000000E+01
   488    0.1000000000E+01
   489    0.1000000000E+01
   490    0.1000000000E+01
   491    0.1000000000E+01
   492    0.1000000000E+01
   493    0.1000000000E+01
   494    0.1000000000E+01
   495    0.1000000000E+01
   496    0.1000000000E+01
   497    0.1000000000E+01
   498    0.1000000000E+01
   499    0.9589843750E+00
   500    0.6987304688E+00
   501    0.2567138672E+00
   502    0.6417846680E-01
