    -1    0.4886703116E-01
     0    0.3316400083E+00
     1    0.7777487848E+00
     2    0.9500858643E+00
     3    0.9935336399E+00
     4    0.9994519958E+00
     5    0.1001017855E+01
     6    0.1001893794E+01
     7    0.9972084046E+00
     8    0.9957388251E+00
     9    0.9960255224E+00
    10    0.9920187545E+00
    11    0.9903086504E+00
    12    0.9907276549E+00
    13    0.9881438630E+00
    14    0.9865388911E+00
    15    0.9870845462E+00
    16    0.9861842053E+00
    17    0.9850842515E+00
    18    0.9857038464E+00
    19    0.9863726146E+00
    20    0.9861812302E+00
    21    0.9868380983E+00
    22    0.9886644636E+00
    23    0.9896434529E+00
    24    0.9903280532E+00
    25    0.9927578039E+00
    26    0.9948937912E+00
    27    0.9956056231E+00
    28    0.9980825931E+00
    29    0.1001062235E+01
    30    0.1001743538E+01
    31    0.1003832508E+01
    32    0.1007098095E+01
    33    0.1007626078E+01
    34    0.1009024285E+01
    35    0.1011970638E+01
    36    0.1012144842E+01
    37    0.1012689947E+01
    38    0.1014819574E+01
    39    0.1014433728E+01
    40    0.1014122767E+01
    41    0.1015099484E+01
    42    0.1014081036E+01
    43    0.1013028103E+01
    44    0.1012722332E+01
    45    0.1011209686E+01
    46    0.1009576276E+01
    47    0.1008109672E+01
    48    0.1006398099E+01
    49    0.1004408455E+01
    50    0.1002098774E+01
    51    0.1000562086E+01
    52    0.9984568472E+00
    53    0.9957765966E+00
    54    0.9947316915E+00
    55    0.9927840921E+00
    56    0.9902469039E+00
    57    0.9898631412E+00
    58    0.9883655617E+00
    59    0.9864319782E+00
    60    0.9867083902E+00
    61    0.9859286179E+00
    62    0.9849396685E+00
    63    0.9857299302E+00
    64    0.9858765325E+00
    65    0.9859765481E+00
    66    0.9870946762E+00
    67    0.9882361135E+00
    68    0.9893432711E+00
    69    0.9906384225E+00
    70    0.9926543697E+00
    71    0.9944939815E+00
    72    0.9958269826E+00
    73    0.9984447467E+00
    74    0.1000592804E+01
    75    0.1001806335E+01
    76    0.1004636971E+01
    77    0.1006637583E+01
    78    0.1007520160E+01
    79    0.1010112491E+01
    80    0.1011620479E+01
    81    0.1011891724E+01
    82    0.1013832709E+01
    83    0.1014689381E+01
    84    0.1014065611E+01
    85    0.1015050145E+01
    86    0.1015327020E+01
    87    0.1013596647E+01
    88    0.1013506957E+01
    89    0.1013421238E+01
    90    0.1010583569E+01
    91    0.1009480943E+01
    92    0.1009299955E+01
    93    0.1005640954E+01
    94    0.1003737600E+01
    95    0.1003658984E+01
    96    0.9997301175E+00
    97    0.9973717718E+00
    98    0.9974226645E+00
    99    0.9939568219E+00
   100    0.9915358822E+00
   101    0.9916193056E+00
   102    0.9892929487E+00
   103    0.9872644033E+00
   104    0.9871688546E+00
   105    0.9864759214E+00
   106    0.9852437084E+00
   107    0.9848119783E+00
   108    0.9859002263E+00
   109    0.9857614073E+00
   110    0.9849770674E+00
   111    0.9876299321E+00
   112    0.9887005275E+00
   113    0.9876859445E+00
   114    0.9914333562E+00
   115    0.9935554529E+00
   116    0.9925479151E+00
   117    0.9967502378E+00
   118    0.9995448622E+00
   119    0.9987639182E+00
   120    0.1002715867E+01
   121    0.1005721548E+01
   122    0.1005232023E+01
   123    0.1008287515E+01
   124    0.1011069123E+01
   125    0.1010756000E+01
   126    0.1012435970E+01
   127    0.1014641762E+01
   128    0.1014309229E+01
   129    0.1014377999E+01
   130    0.1015742878E+01
   131    0.1015248174E+01
   132    0.1013752546E+01
   133    0.1014103368E+01
   134    0.1013438405E+01
   135    0.1010701415E+01
   136    0.1009974311E+01
   137    0.1009271731E+01
   138    0.1005829757E+01
   139    0.1004091124E+01
   140    0.1003568625E+01
   141    0.1000056221E+01
   142    0.9975506174E+00
   143    0.9973527344E+00
   144    0.9944235226E+00
   145    0.9915582278E+00
   146    0.9917249003E+00
   147    0.9898668938E+00
   148    0.9872046610E+00
   149    0.9876168988E+00
   150    0.9871148365E+00
   151    0.9852413076E+00
   152    0.9857663335E+00
   153    0.9866067551E+00
   154    0.9859907086E+00
   155    0.9865116091E+00
   156    0.9884662059E+00
   157    0.9893838607E+00
   158    0.9898484736E+00
   159    0.9925153627E+00
   160    0.9948861777E+00
   161    0.9953387343E+00
   162    0.9983406791E+00
   163    0.1001780808E+01
   164    0.1002132971E+01
   165    0.1005004047E+01
   166    0.1008903109E+01
   167    0.1009235598E+01
   168    0.1011659604E+01
   169    0.1015229798E+01
   170    0.1015381578E+01
   171    0.1016938387E+01
   172    0.1019629813E+01
   173    0.1019664262E+01
   174    0.1020252127E+01
   175    0.1021764000E+01
   176    0.1021469654E+01
   177    0.1020867010E+01
   178    0.1021215076E+01
   179    0.1020614039E+01
   180    0.1018835512E+01
   181    0.1018193273E+01
   182    0.1017539673E+01
   183    0.1015134539E+01
   184    0.1013635873E+01
   185    0.1012636605E+01
   186    0.1009874979E+01
   187    0.1008559456E+01
   188    0.1008198915E+01
   189    0.1005321223E+01
   190    0.1003881963E+01
   191    0.1004277058E+01
   192    0.1002051125E+01
   193    0.1000794377E+01
   194    0.1001653999E+01
   195    0.1000394710E+01
   196    0.1000098186E+01
   197    0.1001918154E+01
   198    0.1001860104E+01
   199    0.1001619811E+01
   200    0.1003341414E+01
   201    0.1003977453E+01
   202    0.1004412922E+01
   203    0.1007342543E+01
   204    0.1009759103E+01
   205    0.1010311037E+01
   206    0.1012613389E+01
   207    0.1015445330E+01
   208    0.1015684044E+01
   209    0.1017042627E+01
   210    0.1018841999E+01
   211    0.1018700581E+01
   212    0.1020259299E+01
   213    0.1022091861E+01
   214    0.1021388251E+01
   215    0.1021031340E+01
   216    0.1021039953E+01
   217    0.1019924343E+01
   218    0.1019284012E+01
   219    0.1017743965E+01
   220    0.1014523478E+01
   221    0.1011476597E+01
   222    0.1009934920E+01
   223    0.1007865737E+01
   224    0.1003770134E+01
   225    0.1001231753E+01
   226    0.9992431575E+00
   227    0.9944973317E+00
   228    0.9910377680E+00
   229    0.9892948063E+00
   230    0.9846954045E+00
   231    0.9803694362E+00
   232    0.9776920004E+00
   233    0.9735551651E+00
   234    0.9707945373E+00
   235    0.9687450592E+00
   236    0.9648418763E+00
   237    0.9642714786E+00
   238    0.9655056112E+00
   239    0.9616939445E+00
   240    0.9572123176E+00
   241    0.9560554805E+00
   242    0.9541121711E+00
   243    0.9551559329E+00
   244    0.9591214028E+00
   245    0.9574503595E+00
   246    0.9529441259E+00
   247    0.9521563979E+00
   248    0.9519632217E+00
   249    0.9544895760E+00
   250    0.9601545911E+00
   251    0.9603682655E+00
   252    0.9573189318E+00
   253    0.9579978167E+00
   254    0.9584264935E+00
   255    0.9608046977E+00
   256    0.9663653023E+00
   257    0.9695389174E+00
   258    0.9690247408E+00
   259    0.9693719782E+00
   260    0.9713389130E+00
   261    0.9735355136E+00
   262    0.9762035554E+00
   263    0.9783154301E+00
   264    0.9810674059E+00
   265    0.9839867554E+00
   266    0.9853386024E+00
   267    0.9874904701E+00
   268    0.9905317693E+00
   269    0.9914962015E+00
   270    0.9928475827E+00
   271    0.9964054061E+00
   272    0.9988524653E+00
   273    0.1000039126E+01
   274    0.1001804483E+01
   275    0.1003059319E+01
   276    0.1005274018E+01
   277    0.1007308385E+01
   278    0.1008017720E+01
   279    0.1008208734E+01
   280    0.1009414834E+01
   281    0.1010927699E+01
   282    0.1012072195E+01
   283    0.1012822778E+01
   284    0.1013431881E+01
   285    0.1014235375E+01
   286    0.1014926453E+01
   287    0.1015418755E+01
   288    0.1016025260E+01
   289    0.1016688991E+01
   290    0.1017034131E+01
   291    0.1017011909E+01
   292    0.1016684670E+01
   293    0.1016501033E+01
   294    0.1016961771E+01
   295    0.1017073453E+01
   296    0.1016606270E+01
   297    0.1016436918E+01
   298    0.1016426651E+01
   299    0.1015957248E+01
   300    0.1015562926E+01
   301    0.1015304872E+01
   302    0.1014717704E+01
   303    0.1014078803E+01
   304    0.1013795416E+01
   305    0.1013372377E+01
   306    0.1012662923E+01
   307    0.1012101843E+01
   308    0.1011706620E+01
   309    0.1011190312E+01
   310    0.1010617505E+01
   311    0.1010146680E+01
   312    0.1009727848E+01
   313    0.1009361605E+01
   314    0.1008889600E+01
   315    0.1008248155E+01
   316    0.1007688745E+01
   317    0.1007283772E+01
   318    0.1006924332E+01
   319    0.1006526243E+01
   320    0.1006085630E+01
   321    0.1005618412E+01
   322    0.1005212948E+01
   323    0.1004897222E+01
   324    0.1004582902E+01
   325    0.1004238651E+01
   326    0.1003914555E+01
   327    0.1003630492E+01
   328    0.1003350513E+01
   329    0.1003073642E+01
   330    0.1002848474E+01
   331    0.1002629137E+01
   332    0.1002397107E+01
   333    0.1002183762E+01
   334    0.1002002193E+01
   335    0.1001828579E+01
   336    0.1001664323E+01
   337    0.1001514186E+01
   338    0.1001373407E+01
   339    0.1001244858E+01
   340    0.1001129448E+01
   341    0.1001025119E+01
   342    0.1000929169E+01
   343    0.1000836210E+01
   344    0.1000747405E+01
   345    0.1000671886E+01
   346    0.1000605733E+01
   347    0.1000543078E+01
   348    0.1000486407E+01
   349    0.1000433212E+01
   350    0.1000385354E+01
   351    0.1000345400E+01
   352    0.1000308766E+01
   353    0.1000273668E+01
   354    0.1000242238E+01
   355    0.1000214954E+01
   356    0.1000191341E+01
   357    0.1000169123E+01
   358    0.1000148402E+01
   359    0.1000130778E+01
   360    0.1000115027E+01
   361    0.1000100635E+01
   362    0.1000088555E+01
   363    0.1000078151E+01
   364    0.1000068133E+01
   365    0.1000059401E+01
   366    0.1000052039E+01
   367    0.1000045327E+01
   368    0.1000039398E+01
   369    0.1000034201E+01
   370    0.1000029675E+01
   371    0.1000025743E+01
   372    0.1000022325E+01
   373    0.1000019356E+01
   374    0.1000016707E+01
   375    0.1000014410E+01
   376    0.1000012363E+01
   377    0.1000010571E+01
   378    0.1000009091E+01
   379    0.1000007822E+01
   380    0.1000006690E+01
   381    0.1000005749E+01
   382    0.1000004941E+01
   383    0.1000004207E+01
   384    0.1000003562E+01
   385    0.1000003023E+01
   386    0.1000002576E+01
   387    0.1000002187E+01
   388    0.1000001857E+01
   389    0.1000001574E+01
   390    0.1000001329E+01
   391    0.1000001118E+01
   392    0.1000000940E+01
   393    0.1000000794E+01
   394    0.1000000669E+01
   395    0.1000000562E+01
   396    0.1000000470E+01
   397    0.1000000394E+01
   398    0.1000000331E+01
   399    0.1000000278E+01
   400    0.1000000231E+01
   401    0.1000000192E+01
   402    0.1000000159E+01
   403    0.1000000132E+01
   404    0.1000000110E+01
   405    0.1000000092E+01
   406    0.1000000076E+01
   407    0.1000000062E+01
   408    0.1000000051E+01
   409    0.1000000042E+01
   410    0.1000000035E+01
   411    0.1000000029E+01
   412    0.1000000024E+01
   413    0.1000000019E+01
   414    0.1000000016E+01
   415    0.1000000013E+01
   416    0.1000000011E+01
   417    0.1000000009E+01
   418    0.1000000007E+01
   419    0.1000000006E+01
   420    0.1000000005E+01
   421    0.1000000004E+01
   422    0.1000000003E+01
   423    0.1000000003E+01
   424    0.1000000002E+01
   425    0.1000000002E+01
   426    0.1000000001E+01
   427    0.1000000001E+01
   428    0.1000000001E+01
   429    0.1000000001E+01
   430    0.1000000001E+01
   431    0.1000000000E+01
   432    0.1000000000E+01
   433    0.1000000000E+01
   434    0.1000000000E+01
   435    0.1000000000E+01
   436    0.1000000000E+01
   437    0.1000000000E+01
   438    0.1000000000E+01
   439    0.1000000000E+01
   440    0.1000000000E+01
   441    0.1000000000E+01
   442    0.1000000000E+01
   443    0.1000000000E+01
   444    0.1000000000E+01
   445    0.1000000000E+01
   446    0.1000000000E+01
   447    0.1000000000E+01
   448    0.1000000000E+01
   449    0.1000000000E+01
   450    0.1000000000E+01
   451    0.1000000000E+01
   452    0.1000000000E+01
   453    0.1000000000E+01
   454    0.1000000000E+01
   455    0.1000000000E+01
   456    0.1000000000E+01
   457    0.1000000000E+01
   458    0.1000000000E+01
   459    0.1000000000E+01
   460    0.1000000000E+01
   461    0.1000000000E+01
   462    0.1000000000E+01
   463    0.1000000000E+01
   464    0.1000000000E+01
   465    0.1000000000E+01
   466    0.1000000000E+01
   467    0.1000000000E+01
   468    0.1000000000E+01
   469    0.1000000000E+01
   470    0.1000000000E+01
   471    0.1000000000E+01
   472    0.1000000000E+01
   473    0.1000000000E+01
   474    0.1000000000E+01
   475    0.1000000000E+01
   476    0.1000000000E+01
   477    0.1000000000E+01
   478    0.1000000000E+01
   479    0.1000000000E+01
   480    0.1000000000E+01
   481    0.1000000000E+01
   482    0.1000000000E+01
   483    0.1000000000E+01
   484    0.1000000000E+01
   485    0.1000000000E+01
   486    0.1000000000E+01
   487    0.1000000000E+01
   488    0.1000000000E+01
   489    0.1000000000E+01
   490    0.1000000000E+01
   491    0.1000000000E+01
   492    0.1000000000E+01
   493    0.1000000000E+01
   494    0.1000000000E+01
   495    0.1000000000E+01
   496    0.1000000000E+01
   497    0.1000000000E+01
   498    0.1000000000E+01
   499    0.9589843750E+00
   500    0.6987304688E+00
   501    0.2567138672E+00
   502    0.6417846680E-01
