    -1    0.2943280877E+00
     0    0.6789468299E+00
     1    0.8859315015E+00
     2    0.1041620708E+01
     3    0.7956438618E+00
     4    0.8246618822E+00
     5    0.8247206766E+00
     6    0.8430153589E+00
     7    0.7344753620E+00
     8    0.1110081815E+01
     9    0.1238809688E+01
    10    0.1022477018E+01
    11    0.1064080484E+01
    12    0.1016259994E+01
    13    0.1040515113E+01
    14    0.7111502525E+00
    15    0.6563856513E+00
    16    0.6204663867E+00
    17    0.7858957076E+00
    18    0.1191039831E+01
    19    0.1118735745E+01
    20    0.7407684310E+00
    21    0.6411986043E+00
    22    0.7286972490E+00
    23    0.9176014870E+00
    24    0.9818520329E+00
    25    0.8434487878E+00
    26    0.8759807776E+00
    27    0.1050970776E+01
    28    0.9316588064E+00
    29    0.1022986130E+01
    30    0.9845493777E+00
    31    0.7174166355E+00
    32    0.7202619599E+00
    33    0.6510455233E+00
    34    0.9542140649E+00
    35    0.1043434775E+01
    36    0.8769166633E+00
    37    0.1085262340E+01
    38    0.1123237748E+01
    39    0.8054261864E+00
    40    0.7261999984E+00
    41    0.6308727720E+00
    42    0.1034904221E+01
    43    0.1292465380E+01
    44    0.1126313746E+01
    45    0.9537063148E+00
    46    0.9844667501E+00
    47    0.8821396913E+00
    48    0.8791432110E+00
    49    0.1082042903E+01
    50    0.1032914387E+01
    51    0.1078134647E+01
    52    0.1226423703E+01
    53    0.1087567447E+01
    54    0.7900196453E+00
    55    0.5971533104E+00
    56    0.6172028488E+00
    57    0.7364687253E+00
    58    0.6928969020E+00
    59    0.6857752088E+00
    60    0.8386781234E+00
    61    0.1112465384E+01
    62    0.1201717972E+01
    63    0.1473701414E+01
    64    0.1294475036E+01
    65    0.9892677963E+00
    66    0.7345054865E+00
    67    0.8220203703E+00
    68    0.1002268428E+01
    69    0.1095878440E+01
    70    0.1054965035E+01
    71    0.8785639647E+00
    72    0.8903967415E+00
    73    0.8258799093E+00
    74    0.8133574123E+00
    75    0.9658904758E+00
    76    0.1010549049E+01
    77    0.7735994176E+00
    78    0.7681713348E+00
    79    0.5289432671E+00
    80    0.4501994192E+00
    81    0.5696039637E+00
    82    0.7166113358E+00
    83    0.5992475942E+00
    84    0.5768859297E+00
    85    0.7086533468E+00
    86    0.6157652245E+00
    87    0.5696109106E+00
    88    0.6087126382E+00
    89    0.6818366801E+00
    90    0.1058728495E+01
    91    0.9717216933E+00
    92    0.6214555783E+00
    93    0.4742647593E+00
    94    0.7283108461E+00
    95    0.1231035760E+01
    96    0.1319908234E+01
    97    0.1215175830E+01
    98    0.1236601792E+01
    99    0.1381311208E+01
   100    0.1397415226E+01
   101    0.1154907733E+01
   102    0.9892914770E+00
   103    0.7652278522E+00
   104    0.8029618990E+00
   105    0.1073687882E+01
   106    0.1074667935E+01
   107    0.1270953503E+01
   108    0.1368142345E+01
   109    0.1286576450E+01
   110    0.1006075046E+01
   111    0.9480040179E+00
   112    0.9678190444E+00
   113    0.9357814715E+00
   114    0.8903114708E+00
   115    0.8540298289E+00
   116    0.9981528010E+00
   117    0.1081556202E+01
   118    0.1068161018E+01
   119    0.9960292732E+00
   120    0.8202922393E+00
   121    0.7050150777E+00
   122    0.7591454247E+00
   123    0.8682591222E+00
   124    0.7596662511E+00
   125    0.7512350015E+00
   126    0.6800731456E+00
   127    0.5743488094E+00
   128    0.3966105593E+00
   129    0.4617524612E+00
   130    0.5661162990E+00
   131    0.5895378527E+00
   132    0.5054877682E+00
   133    0.5277185406E+00
   134    0.7635445529E+00
   135    0.9193150397E+00
   136    0.8981868155E+00
   137    0.8473593536E+00
   138    0.6214717157E+00
   139    0.7584606915E+00
   140    0.9567878853E+00
   141    0.9511018487E+00
   142    0.1006635835E+01
   143    0.8450714610E+00
   144    0.9611005429E+00
   145    0.1153268359E+01
   146    0.1311950260E+01
   147    0.1069834913E+01
   148    0.8664579122E+00
   149    0.8170033719E+00
   150    0.1122264870E+01
   151    0.1391020972E+01
   152    0.1562188051E+01
   153    0.1536538270E+01
   154    0.1256257544E+01
   155    0.1000088678E+01
   156    0.8672303996E+00
   157    0.9058669199E+00
   158    0.8114593644E+00
   159    0.7621197686E+00
   160    0.8514217482E+00
   161    0.7959157055E+00
   162    0.5202713382E+00
   163    0.4639002443E+00
   164    0.6200202753E+00
   165    0.5823164818E+00
   166    0.6366509226E+00
   167    0.5879668279E+00
   168    0.6208262573E+00
   169    0.5657207127E+00
   170    0.3996094172E+00
   171    0.4941194837E+00
   172    0.7689715436E+00
   173    0.7532787755E+00
   174    0.5585694183E+00
   175    0.4853602220E+00
   176    0.4435605770E+00
   177    0.3879086853E+00
   178    0.5763589266E+00
   179    0.8282432863E+00
   180    0.9137616466E+00
   181    0.9988167390E+00
   182    0.1081511266E+01
   183    0.1107733174E+01
   184    0.1339899140E+01
   185    0.1252475327E+01
   186    0.1071280460E+01
   187    0.1408062120E+01
   188    0.1529208260E+01
   189    0.1345549662E+01
   190    0.9629603310E+00
   191    0.7911437247E+00
   192    0.8228273491E+00
   193    0.8087613861E+00
   194    0.8753117102E+00
   195    0.1375043036E+01
   196    0.1599039607E+01
   197    0.1332980389E+01
   198    0.1290932173E+01
   199    0.8444023722E+00
   200    0.8313112734E+00
   201    0.1153648589E+01
   202    0.1198362188E+01
   203    0.9364820309E+00
   204    0.9536002381E+00
   205    0.1032027706E+01
   206    0.9664483984E+00
   207    0.9774910230E+00
   208    0.7675628199E+00
   209    0.9261554937E+00
   210    0.1005273993E+01
   211    0.8407839176E+00
   212    0.7297904536E+00
   213    0.7492988840E+00
   214    0.7211820110E+00
   215    0.6765641937E+00
   216    0.6981160605E+00
   217    0.8358163645E+00
   218    0.9673905253E+00
   219    0.1002525244E+01
   220    0.9447859616E+00
   221    0.9987874087E+00
   222    0.9128544561E+00
   223    0.9011731814E+00
   224    0.9538339781E+00
   225    0.1109643937E+01
   226    0.1054538925E+01
   227    0.7385023021E+00
   228    0.5451339257E+00
   229    0.6008212261E+00
   230    0.8021020663E+00
   231    0.9260875976E+00
   232    0.1011515673E+01
   233    0.9574171581E+00
   234    0.8409899618E+00
   235    0.7518178611E+00
   236    0.7694526796E+00
   237    0.9202903588E+00
   238    0.9380535979E+00
   239    0.8945950356E+00
   240    0.1027738994E+01
   241    0.1094216966E+01
   242    0.1046946205E+01
   243    0.1174695199E+01
   244    0.1215854624E+01
   245    0.1117097028E+01
   246    0.1065357904E+01
   247    0.9812577721E+00
   248    0.9129050234E+00
   249    0.9625348995E+00
   250    0.1029949338E+01
   251    0.9745075305E+00
   252    0.9378335842E+00
   253    0.1004095084E+01
   254    0.1023516303E+01
   255    0.9259136856E+00
   256    0.8891080760E+00
   257    0.9916841255E+00
   258    0.1063148092E+01
   259    0.9753804851E+00
   260    0.9246886334E+00
   261    0.9709701061E+00
   262    0.1008796839E+01
   263    0.1014780309E+01
   264    0.1025029050E+01
   265    0.9859700575E+00
   266    0.9694465609E+00
   267    0.1029562429E+01
   268    0.1056592021E+01
   269    0.9872469095E+00
   270    0.9524606357E+00
   271    0.1002670545E+01
   272    0.1050996486E+01
   273    0.1025689782E+01
   274    0.1009040279E+01
   275    0.1029823435E+01
   276    0.1026234648E+01
   277    0.1014655952E+01
   278    0.1020042044E+01
   279    0.1016213810E+01
   280    0.1006349840E+01
   281    0.1011652946E+01
   282    0.1018688270E+01
   283    0.1012660992E+01
   284    0.1006869628E+01
   285    0.1009880177E+01
   286    0.1012834162E+01
   287    0.1009082759E+01
   288    0.1005437431E+01
   289    0.1010503182E+01
   290    0.1015754049E+01
   291    0.1010162629E+01
   292    0.1005337021E+01
   293    0.1005195720E+01
   294    0.1006495864E+01
   295    0.1007282230E+01
   296    0.1007034947E+01
   297    0.1006185163E+01
   298    0.1005086686E+01
   299    0.1004492573E+01
   300    0.1004693768E+01
   301    0.1004731508E+01
   302    0.1004195981E+01
   303    0.1003748712E+01
   304    0.1003616804E+01
   305    0.1003317156E+01
   306    0.1002907032E+01
   307    0.1002867456E+01
   308    0.1002760510E+01
   309    0.1002413459E+01
   310    0.1002099446E+01
   311    0.1001969804E+01
   312    0.1001823033E+01
   313    0.1001640798E+01
   314    0.1001490945E+01
   315    0.1001349011E+01
   316    0.1001207509E+01
   317    0.1001097955E+01
   318    0.1001034994E+01
   319    0.1000962814E+01
   320    0.1000848375E+01
   321    0.1000727753E+01
   322    0.1000651653E+01
   323    0.1000601397E+01
   324    0.1000544459E+01
   325    0.1000489945E+01
   326    0.1000424218E+01
   327    0.1000370370E+01
   328    0.1000343482E+01
   329    0.1000316167E+01
   330    0.1000276957E+01
   331    0.1000240946E+01
   332    0.1000214421E+01
   333    0.1000198199E+01
   334    0.1000176513E+01
   335    0.1000149111E+01
   336    0.1000130677E+01
   337    0.1000115226E+01
   338    0.1000098176E+01
   339    0.1000087267E+01
   340    0.1000080558E+01
   341    0.1000068852E+01
   342    0.1000058808E+01
   343    0.1000052880E+01
   344    0.1000045999E+01
   345    0.1000039620E+01
   346    0.1000034087E+01
   347    0.1000029460E+01
   348    0.1000025674E+01
   349    0.1000022492E+01
   350    0.1000019821E+01
   351    0.1000017129E+01
   352    0.1000014850E+01
   353    0.1000012395E+01
   354    0.1000010204E+01
   355    0.1000008872E+01
   356    0.1000007776E+01
   357    0.1000006588E+01
   358    0.1000005822E+01
   359    0.1000005209E+01
   360    0.1000004393E+01
   361    0.1000003586E+01
   362    0.1000002968E+01
   363    0.1000002571E+01
   364    0.1000002206E+01
   365    0.1000001892E+01
   366    0.1000001611E+01
   367    0.1000001356E+01
   368    0.1000001110E+01
   369    0.1000000918E+01
   370    0.1000000788E+01
   371    0.1000000675E+01
   372    0.1000000570E+01
   373    0.1000000469E+01
   374    0.1000000395E+01
   375    0.1000000342E+01
   376    0.1000000290E+01
   377    0.1000000238E+01
   378    0.1000000193E+01
   379    0.1000000156E+01
   380    0.1000000129E+01
   381    0.1000000110E+01
   382    0.1000000094E+01
   383    0.1000000078E+01
   384    0.1000000063E+01
   385    0.1000000050E+01
   386    0.1000000041E+01
   387    0.1000000035E+01
   388    0.1000000030E+01
   389    0.1000000024E+01
   390    0.1000000019E+01
   391    0.1000000016E+01
   392    0.1000000013E+01
   393    0.1000000011E+01
   394    0.1000000009E+01
   395    0.1000000007E+01
   396    0.1000000006E+01
   397    0.1000000005E+01
   398    0.1000000004E+01
   399    0.1000000003E+01
   400    0.1000000003E+01
   401    0.1000000002E+01
   402    0.1000000002E+01
   403    0.1000000001E+01
   404    0.1000000001E+01
   405    0.1000000001E+01
   406    0.1000000001E+01
   407    0.1000000001E+01
   408    0.1000000000E+01
   409    0.1000000000E+01
   410    0.1000000000E+01
   411    0.1000000000E+01
   412    0.1000000000E+01
   413    0.1000000000E+01
   414    0.1000000000E+01
   415    0.1000000000E+01
   416    0.1000000000E+01
   417    0.1000000000E+01
   418    0.1000000000E+01
   419    0.1000000000E+01
   420    0.1000000000E+01
   421    0.1000000000E+01
   422    0.1000000000E+01
   423    0.1000000000E+01
   424    0.1000000000E+01
   425    0.1000000000E+01
   426    0.1000000000E+01
   427    0.1000000000E+01
   428    0.1000000000E+01
   429    0.1000000000E+01
   430    0.1000000000E+01
   431    0.1000000000E+01
   432    0.1000000000E+01
   433    0.1000000000E+01
   434    0.1000000000E+01
   435    0.1000000000E+01
   436    0.1000000000E+01
   437    0.1000000000E+01
   438    0.1000000000E+01
   439    0.1000000000E+01
   440    0.1000000000E+01
   441    0.1000000000E+01
   442    0.1000000000E+01
   443    0.1000000000E+01
   444    0.1000000000E+01
   445    0.1000000000E+01
   446    0.1000000000E+01
   447    0.1000000000E+01
   448    0.1000000000E+01
   449    0.1000000000E+01
   450    0.1000000000E+01
   451    0.1000000000E+01
   452    0.1000000000E+01
   453    0.1000000000E+01
   454    0.1000000000E+01
   455    0.1000000000E+01
   456    0.1000000000E+01
   457    0.1000000000E+01
   458    0.1000000000E+01
   459    0.1000000000E+01
   460    0.1000000000E+01
   461    0.1000000000E+01
   462    0.1000000000E+01
   463    0.1000000000E+01
   464    0.1000000000E+01
   465    0.1000000000E+01
   466    0.1000000000E+01
   467    0.1000000000E+01
   468    0.1000000000E+01
   469    0.1000000000E+01
   470    0.1000000000E+01
   471    0.1000000000E+01
   472    0.1000000000E+01
   473    0.1000000000E+01
   474    0.1000000000E+01
   475    0.1000000000E+01
   476    0.1000000000E+01
   477    0.1000000000E+01
   478    0.1000000000E+01
   479    0.1000000000E+01
   480    0.1000000000E+01
   481    0.1000000000E+01
   482    0.1000000000E+01
   483    0.1000000000E+01
   484    0.1000000000E+01
   485    0.1000000000E+01
   486    0.1000000000E+01
   487    0.1000000000E+01
   488    0.1000000000E+01
   489    0.1000000000E+01
   490    0.1000000000E+01
   491    0.1000000000E+01
   492    0.1000000000E+01
   493    0.1000000000E+01
   494    0.1000000000E+01
   495    0.1000000000E+01
   496    0.1000000000E+01
   497    0.1000000000E+01
   498    0.1000000000E+01
   499    0.9589843750E+00
   500    0.6987304688E+00
   501    0.2567138672E+00
   502    0.6417846680E-01
