    -1    0.3418507122E+00
     0    0.8061418620E+00
     1    0.9586451450E+00
     2    0.9943459784E+00
     3    0.1002659847E+01
     4    0.1000580338E+01
     5    0.9974374095E+00
     6    0.9948164722E+00
     7    0.9916726929E+00
     8    0.9885197398E+00
     9    0.9847281764E+00
    10    0.9834631998E+00
    11    0.9816925926E+00
    12    0.9772594045E+00
    13    0.9778532532E+00
    14    0.9782364580E+00
    15    0.9735847466E+00
    16    0.9755783501E+00
    17    0.9786565169E+00
    18    0.9741948849E+00
    19    0.9770387116E+00
    20    0.9828243460E+00
    21    0.9789370775E+00
    22    0.9822392364E+00
    23    0.9901016175E+00
    24    0.9870358360E+00
    25    0.9906288834E+00
    26    0.9993879867E+00
    27    0.9971752097E+00
    28    0.1000999455E+01
    29    0.1009167049E+01
    30    0.1007647181E+01
    31    0.1011555495E+01
    32    0.1017770117E+01
    33    0.1016559538E+01
    34    0.1020228451E+01
    35    0.1023660838E+01
    36    0.1022214755E+01
    37    0.1025257794E+01
    38    0.1025668854E+01
    39    0.1023491192E+01
    40    0.1025694239E+01
    41    0.1023309839E+01
    42    0.1020104663E+01
    43    0.1021581505E+01
    44    0.1016907962E+01
    45    0.1012707352E+01
    46    0.1013903512E+01
    47    0.1007600574E+01
    48    0.1002754734E+01
    49    0.1004227737E+01
    50    0.9970707373E+00
    51    0.9921694948E+00
    52    0.9943280645E+00
    53    0.9871848187E+00
    54    0.9828358776E+00
    55    0.9858509020E+00
    56    0.9796054210E+00
    57    0.9762207918E+00
    58    0.9800995699E+00
    59    0.9754827193E+00
    60    0.9732773477E+00
    61    0.9779314449E+00
    62    0.9753551603E+00
    63    0.9743650708E+00
    64    0.9796894816E+00
    65    0.9791977389E+00
    66    0.9793414884E+00
    67    0.9852192986E+00
    68    0.9864470684E+00
    69    0.9875377030E+00
    70    0.9937810294E+00
    71    0.9959923623E+00
    72    0.9977660012E+00
    73    0.1004052682E+01
    74    0.1006258845E+01
    75    0.1008379039E+01
    76    0.1014206749E+01
    77    0.1015460587E+01
    78    0.1017525754E+01
    79    0.1022199459E+01
    80    0.1021922292E+01
    81    0.1023544989E+01
    82    0.1026292331E+01
    83    0.1024415441E+01
    84    0.1025328065E+01
    85    0.1025511204E+01
    86    0.1022452264E+01
    87    0.1022579272E+01
    88    0.1019939174E+01
    89    0.1016414142E+01
    90    0.1015872163E+01
    91    0.1010713571E+01
    92    0.1007444471E+01
    93    0.1006516290E+01
    94    0.9997300596E+00
    95    0.9971575287E+00
    96    0.9962566322E+00
    97    0.9891521304E+00
    98    0.9872780189E+00
    99    0.9868602230E+00
   100    0.9808937013E+00
   101    0.9793913024E+00
   102    0.9797722587E+00
   103    0.9762403519E+00
   104    0.9747409151E+00
   105    0.9759730772E+00
   106    0.9757529077E+00
   107    0.9740769847E+00
   108    0.9759971332E+00
   109    0.9793536199E+00
   110    0.9775797084E+00
   111    0.9799457946E+00
   112    0.9863947713E+00
   113    0.9848241920E+00
   114    0.9874152412E+00
   115    0.9957318610E+00
   116    0.9947865185E+00
   117    0.9974245576E+00
   118    0.1005812392E+01
   119    0.1005859551E+01
   120    0.1008245312E+01
   121    0.1014943989E+01
   122    0.1016192455E+01
   123    0.1017918475E+01
   124    0.1021244507E+01
   125    0.1024065001E+01
   126    0.1024357234E+01
   127    0.1023490151E+01
   128    0.1028113989E+01
   129    0.1026147354E+01
   130    0.1021145737E+01
   131    0.1027607942E+01
   132    0.1022962019E+01
   133    0.1014606636E+01
   134    0.1022581556E+01
   135    0.1015596480E+01
   136    0.1005194133E+01
   137    0.1013842548E+01
   138    0.1005669090E+01
   139    0.9948010680E+00
   140    0.1002939888E+01
   141    0.9950986750E+00
   142    0.9853698341E+00
   143    0.9919662766E+00
   144    0.9856675588E+00
   145    0.9784058060E+00
   146    0.9830584233E+00
   147    0.9787310592E+00
   148    0.9747804918E+00
   149    0.9780426400E+00
   150    0.9751975774E+00
   151    0.9747955003E+00
   152    0.9778452214E+00
   153    0.9755673838E+00
   154    0.9784869960E+00
   155    0.9825392480E+00
   156    0.9799339243E+00
   157    0.9854555638E+00
   158    0.9913554585E+00
   159    0.9880318807E+00
   160    0.9951683478E+00
   161    0.1002709153E+01
   162    0.9985478452E+00
   163    0.1006269839E+01
   164    0.1014819074E+01
   165    0.1010112269E+01
   166    0.1017317619E+01
   167    0.1025236324E+01
   168    0.1020232148E+01
   169    0.1026272711E+01
   170    0.1032341251E+01
   171    0.1027549366E+01
   172    0.1031933617E+01
   173    0.1034836549E+01
   174    0.1030377928E+01
   175    0.1033108246E+01
   176    0.1032458184E+01
   177    0.1028348367E+01
   178    0.1029487618E+01
   179    0.1025764649E+01
   180    0.1022441904E+01
   181    0.1022436039E+01
   182    0.1015365853E+01
   183    0.1013236667E+01
   184    0.1013555112E+01
   185    0.1005846036E+01
   186    0.1004376802E+01
   187    0.1004109634E+01
   188    0.9971142768E+00
   189    0.9973498338E+00
   190    0.9966529233E+00
   191    0.9904305059E+00
   192    0.9927723872E+00
   193    0.9929303471E+00
   194    0.9888558320E+00
   195    0.9932172368E+00
   196    0.9927590678E+00
   197    0.9895788580E+00
   198    0.9948772125E+00
   199    0.9954235357E+00
   200    0.9955259777E+00
   201    0.1003681729E+01
   202    0.1004122473E+01
   203    0.1004180435E+01
   204    0.1013051248E+01
   205    0.1012825880E+01
   206    0.1012621264E+01
   207    0.1019464402E+01
   208    0.1018569755E+01
   209    0.1020829905E+01
   210    0.1027375355E+01
   211    0.1024862562E+01
   212    0.1025617213E+01
   213    0.1028090630E+01
   214    0.1024801789E+01
   215    0.1028468032E+01
   216    0.1027652275E+01
   217    0.1018773501E+01
   218    0.1019107070E+01
   219    0.1018131030E+01
   220    0.1011874334E+01
   221    0.1012021812E+01
   222    0.1008337244E+01
   223    0.1001767524E+01
   224    0.1001055941E+01
   225    0.9954912591E+00
   226    0.9898341956E+00
   227    0.9902677331E+00
   228    0.9834052049E+00
   229    0.9746763419E+00
   230    0.9740649619E+00
   231    0.9709791692E+00
   232    0.9641097765E+00
   233    0.9612875343E+00
   234    0.9630924997E+00
   235    0.9667149941E+00
   236    0.9640672231E+00
   237    0.9532961364E+00
   238    0.9479874875E+00
   239    0.9467893583E+00
   240    0.9511075753E+00
   241    0.9627382143E+00
   242    0.9622759590E+00
   243    0.9472128932E+00
   244    0.9417837940E+00
   245    0.9442668910E+00
   246    0.9517321255E+00
   247    0.9654702160E+00
   248    0.9657577856E+00
   249    0.9518229242E+00
   250    0.9489139558E+00
   251    0.9534750350E+00
   252    0.9585581143E+00
   253    0.9675013925E+00
   254    0.9763738946E+00
   255    0.9706830168E+00
   256    0.9626181124E+00
   257    0.9680354374E+00
   258    0.9748897175E+00
   259    0.9744576737E+00
   260    0.9775248209E+00
   261    0.9837429782E+00
   262    0.9837981347E+00
   263    0.9846036132E+00
   264    0.9896276593E+00
   265    0.9915021907E+00
   266    0.9917193471E+00
   267    0.9940899387E+00
   268    0.9970264453E+00
   269    0.1000124017E+01
   270    0.1001937290E+01
   271    0.1002110581E+01
   272    0.1003484851E+01
   273    0.1007472186E+01
   274    0.1009154750E+01
   275    0.1008847475E+01
   276    0.1007956249E+01
   277    0.1009430001E+01
   278    0.1011814828E+01
   279    0.1012767479E+01
   280    0.1012926500E+01
   281    0.1013847684E+01
   282    0.1014603705E+01
   283    0.1014985022E+01
   284    0.1015865808E+01
   285    0.1016478826E+01
   286    0.1016913011E+01
   287    0.1017664033E+01
   288    0.1017297854E+01
   289    0.1016001236E+01
   290    0.1016286554E+01
   291    0.1017916077E+01
   292    0.1017632315E+01
   293    0.1016472401E+01
   294    0.1016378214E+01
   295    0.1016462231E+01
   296    0.1015898404E+01
   297    0.1015631671E+01
   298    0.1015356948E+01
   299    0.1014538909E+01
   300    0.1013896355E+01
   301    0.1013765706E+01
   302    0.1013246124E+01
   303    0.1012429104E+01
   304    0.1011882981E+01
   305    0.1011525564E+01
   306    0.1011000063E+01
   307    0.1010398616E+01
   308    0.1009921981E+01
   309    0.1009703477E+01
   310    0.1009471690E+01
   311    0.1008840725E+01
   312    0.1008079604E+01
   313    0.1007507393E+01
   314    0.1007164349E+01
   315    0.1006888089E+01
   316    0.1006497448E+01
   317    0.1006013199E+01
   318    0.1005517881E+01
   319    0.1005118864E+01
   320    0.1004838041E+01
   321    0.1004542715E+01
   322    0.1004188529E+01
   323    0.1003862818E+01
   324    0.1003590435E+01
   325    0.1003309280E+01
   326    0.1003029417E+01
   327    0.1002824614E+01
   328    0.1002608962E+01
   329    0.1002369614E+01
   330    0.1002150115E+01
   331    0.1001976839E+01
   332    0.1001808472E+01
   333    0.1001640381E+01
   334    0.1001491820E+01
   335    0.1001355397E+01
   336    0.1001224930E+01
   337    0.1001111677E+01
   338    0.1001015847E+01
   339    0.1000919980E+01
   340    0.1000823634E+01
   341    0.1000736002E+01
   342    0.1000661658E+01
   343    0.1000596000E+01
   344    0.1000536296E+01
   345    0.1000480063E+01
   346    0.1000424916E+01
   347    0.1000378448E+01
   348    0.1000341103E+01
   349    0.1000304660E+01
   350    0.1000269463E+01
   351    0.1000238516E+01
   352    0.1000211839E+01
   353    0.1000189109E+01
   354    0.1000167024E+01
   355    0.1000146072E+01
   356    0.1000128649E+01
   357    0.1000113034E+01
   358    0.1000098724E+01
   359    0.1000087081E+01
   360    0.1000077082E+01
   361    0.1000066990E+01
   362    0.1000058362E+01
   363    0.1000051224E+01
   364    0.1000044581E+01
   365    0.1000038715E+01
   366    0.1000033567E+01
   367    0.1000029104E+01
   368    0.1000025275E+01
   369    0.1000021962E+01
   370    0.1000019034E+01
   371    0.1000016436E+01
   372    0.1000014190E+01
   373    0.1000012100E+01
   374    0.1000010325E+01
   375    0.1000008911E+01
   376    0.1000007655E+01
   377    0.1000006549E+01
   378    0.1000005659E+01
   379    0.1000004866E+01
   380    0.1000004134E+01
   381    0.1000003489E+01
   382    0.1000002955E+01
   383    0.1000002522E+01
   384    0.1000002145E+01
   385    0.1000001822E+01
   386    0.1000001544E+01
   387    0.1000001303E+01
   388    0.1000001091E+01
   389    0.1000000918E+01
   390    0.1000000776E+01
   391    0.1000000655E+01
   392    0.1000000550E+01
   393    0.1000000459E+01
   394    0.1000000386E+01
   395    0.1000000325E+01
   396    0.1000000273E+01
   397    0.1000000226E+01
   398    0.1000000187E+01
   399    0.1000000155E+01
   400    0.1000000129E+01
   401    0.1000000107E+01
   402    0.1000000090E+01
   403    0.1000000074E+01
   404    0.1000000061E+01
   405    0.1000000050E+01
   406    0.1000000041E+01
   407    0.1000000034E+01
   408    0.1000000028E+01
   409    0.1000000023E+01
   410    0.1000000019E+01
   411    0.1000000015E+01
   412    0.1000000013E+01
   413    0.1000000010E+01
   414    0.1000000008E+01
   415    0.1000000007E+01
   416    0.1000000006E+01
   417    0.1000000005E+01
   418    0.1000000004E+01
   419    0.1000000003E+01
   420    0.1000000002E+01
   421    0.1000000002E+01
   422    0.1000000002E+01
   423    0.1000000001E+01
   424    0.1000000001E+01
   425    0.1000000001E+01
   426    0.1000000001E+01
   427    0.1000000001E+01
   428    0.1000000000E+01
   429    0.1000000000E+01
   430    0.1000000000E+01
   431    0.1000000000E+01
   432    0.1000000000E+01
   433    0.1000000000E+01
   434    0.1000000000E+01
   435    0.1000000000E+01
   436    0.1000000000E+01
   437    0.1000000000E+01
   438    0.1000000000E+01
   439    0.1000000000E+01
   440    0.1000000000E+01
   441    0.1000000000E+01
   442    0.1000000000E+01
   443    0.1000000000E+01
   444    0.1000000000E+01
   445    0.1000000000E+01
   446    0.1000000000E+01
   447    0.1000000000E+01
   448    0.1000000000E+01
   449    0.1000000000E+01
   450    0.1000000000E+01
   451    0.1000000000E+01
   452    0.1000000000E+01
   453    0.1000000000E+01
   454    0.1000000000E+01
   455    0.1000000000E+01
   456    0.1000000000E+01
   457    0.1000000000E+01
   458    0.1000000000E+01
   459    0.1000000000E+01
   460    0.1000000000E+01
   461    0.1000000000E+01
   462    0.1000000000E+01
   463    0.1000000000E+01
   464    0.1000000000E+01
   465    0.1000000000E+01
   466    0.1000000000E+01
   467    0.1000000000E+01
   468    0.1000000000E+01
   469    0.1000000000E+01
   470    0.1000000000E+01
   471    0.1000000000E+01
   472    0.1000000000E+01
   473    0.1000000000E+01
   474    0.1000000000E+01
   475    0.1000000000E+01
   476    0.1000000000E+01
   477    0.1000000000E+01
   478    0.1000000000E+01
   479    0.1000000000E+01
   480    0.1000000000E+01
   481    0.1000000000E+01
   482    0.1000000000E+01
   483    0.1000000000E+01
   484    0.1000000000E+01
   485    0.1000000000E+01
   486    0.1000000000E+01
   487    0.1000000000E+01
   488    0.1000000000E+01
   489    0.1000000000E+01
   490    0.1000000000E+01
   491    0.1000000000E+01
   492    0.1000000000E+01
   493    0.1000000000E+01
   494    0.1000000000E+01
   495    0.1000000000E+01
   496    0.1000000000E+01
   497    0.1000000000E+01
   498    0.1000000000E+01
   499    0.9589843750E+00
   500    0.6987304688E+00
   501    0.2567138672E+00
   502    0.6417846680E-01
