    -1    0.5047554870E-01
     0    0.3417783034E+00
     1    0.7941499493E+00
     2    0.9549682873E+00
     3    0.9933344403E+00
     4    0.1000377879E+01
     5    0.1000200998E+01
     6    0.9984496754E+00
     7    0.9964725463E+00
     8    0.9930976609E+00
     9    0.9907139459E+00
    10    0.9898782586E+00
    11    0.9867141315E+00
    12    0.9843091805E+00
    13    0.9848035362E+00
    14    0.9829391792E+00
    15    0.9804962765E+00
    16    0.9819938516E+00
    17    0.9823164712E+00
    18    0.9799387429E+00
    19    0.9818626314E+00
    20    0.9848292737E+00
    21    0.9827701048E+00
    22    0.9845267475E+00
    23    0.9900139104E+00
    24    0.9885561495E+00
    25    0.9897184804E+00
    26    0.9970637306E+00
    27    0.9963256196E+00
    28    0.9967241296E+00
    29    0.1004875944E+01
    30    0.1004721941E+01
    31    0.1004412685E+01
    32    0.1012141332E+01
    33    0.1012258340E+01
    34    0.1011368784E+01
    35    0.1017549905E+01
    36    0.1017610611E+01
    37    0.1016188516E+01
    38    0.1020052187E+01
    39    0.1019856006E+01
    40    0.1017865333E+01
    41    0.1019093045E+01
    42    0.1018635822E+01
    43    0.1016078790E+01
    44    0.1014756608E+01
    45    0.1014217660E+01
    46    0.1011246296E+01
    47    0.1007814262E+01
    48    0.1007409521E+01
    49    0.1004376095E+01
    50    0.9995705725E+00
    51    0.9994191341E+00
    52    0.9967861023E+00
    53    0.9915304582E+00
    54    0.9916198754E+00
    55    0.9898807560E+00
    56    0.9850143592E+00
    57    0.9853103004E+00
    58    0.9848271335E+00
    59    0.9809719232E+00
    60    0.9815499956E+00
    61    0.9824061251E+00
    62    0.9799199682E+00
    63    0.9809737877E+00
    64    0.9829394820E+00
    65    0.9819752717E+00
    66    0.9837356118E+00
    67    0.9863327523E+00
    68    0.9868182755E+00
    69    0.9894669673E+00
    70    0.9920790524E+00
    71    0.9937525201E+00
    72    0.9972630321E+00
    73    0.9992806332E+00
    74    0.1001760936E+01
    75    0.1005734909E+01
    76    0.1006750791E+01
    77    0.1009588816E+01
    78    0.1013268095E+01
    79    0.1013153025E+01
    80    0.1015909551E+01
    81    0.1018397708E+01
    82    0.1017248907E+01
    83    0.1019563037E+01
    84    0.1020153668E+01
    85    0.1018187403E+01
    86    0.1019804294E+01
    87    0.1018285000E+01
    88    0.1015710628E+01
    89    0.1016513350E+01
    90    0.1013283037E+01
    91    0.1010242893E+01
    92    0.1010243095E+01
    93    0.1006211499E+01
    94    0.1002824279E+01
    95    0.1002115308E+01
    96    0.9984170887E+00
    97    0.9948659346E+00
    98    0.9935942216E+00
    99    0.9912217395E+00
   100    0.9878177347E+00
   101    0.9861663720E+00
   102    0.9857435047E+00
   103    0.9828494098E+00
   104    0.9810767737E+00
   105    0.9827672112E+00
   106    0.9807002554E+00
   107    0.9791589738E+00
   108    0.9826829962E+00
   109    0.9816572911E+00
   110    0.9807567064E+00
   111    0.9854636302E+00
   112    0.9855786679E+00
   113    0.9856915346E+00
   114    0.9906884011E+00
   115    0.9918845972E+00
   116    0.9932259834E+00
   117    0.9976071729E+00
   118    0.9995700394E+00
   119    0.1002102660E+01
   120    0.1005182844E+01
   121    0.1007317483E+01
   122    0.1010743152E+01
   123    0.1012158199E+01
   124    0.1013700728E+01
   125    0.1017584768E+01
   126    0.1017247484E+01
   127    0.1017444850E+01
   128    0.1021428457E+01
   129    0.1019467815E+01
   130    0.1017685577E+01
   131    0.1021665233E+01
   132    0.1018381594E+01
   133    0.1014251263E+01
   134    0.1018338427E+01
   135    0.1014225831E+01
   136    0.1007770766E+01
   137    0.1012074494E+01
   138    0.1007846398E+01
   139    0.9995701330E+00
   140    0.1003964831E+01
   141    0.1000411628E+01
   142    0.9913651725E+00
   143    0.9953672091E+00
   144    0.9931719538E+00
   145    0.9848214054E+00
   146    0.9877448322E+00
   147    0.9872039435E+00
   148    0.9810998605E+00
   149    0.9824551683E+00
   150    0.9833897739E+00
   151    0.9807306339E+00
   152    0.9805000641E+00
   153    0.9823107815E+00
   154    0.9836045543E+00
   155    0.9823374556E+00
   156    0.9843377377E+00
   157    0.9892292512E+00
   158    0.9877066805E+00
   159    0.9893816627E+00
   160    0.9968968786E+00
   161    0.9958643240E+00
   162    0.9969201851E+00
   163    0.1005486553E+01
   164    0.1005266102E+01
   165    0.1005748519E+01
   166    0.1014091925E+01
   167    0.1014502578E+01
   168    0.1014265142E+01
   169    0.1021190519E+01
   170    0.1021699433E+01
   171    0.1020841433E+01
   172    0.1025984422E+01
   173    0.1026108871E+01
   174    0.1024489449E+01
   175    0.1027489537E+01
   176    0.1026765345E+01
   177    0.1024669344E+01
   178    0.1025548477E+01
   179    0.1023574557E+01
   180    0.1021491448E+01
   181    0.1020856877E+01
   182    0.1017877210E+01
   183    0.1015755578E+01
   184    0.1013441215E+01
   185    0.1010450715E+01
   186    0.1009848087E+01
   187    0.1006585122E+01
   188    0.1003345341E+01
   189    0.1004068337E+01
   190    0.1000662083E+01
   191    0.9979706244E+00
   192    0.9999915023E+00
   193    0.9963130996E+00
   194    0.9951043227E+00
   195    0.9993034323E+00
   196    0.9961018560E+00
   197    0.9958449116E+00
   198    0.1000543771E+01
   199    0.9971346930E+00
   200    0.9978780388E+00
   201    0.1004329327E+01
   202    0.1003057051E+01
   203    0.1005327008E+01
   204    0.1011057996E+01
   205    0.1010098717E+01
   206    0.1012805371E+01
   207    0.1017054991E+01
   208    0.1015653199E+01
   209    0.1017542894E+01
   210    0.1021021814E+01
   211    0.1021512297E+01
   212    0.1023357509E+01
   213    0.1023484473E+01
   214    0.1022940786E+01
   215    0.1023367705E+01
   216    0.1022382535E+01
   217    0.1022757974E+01
   218    0.1020273608E+01
   219    0.1014383357E+01
   220    0.1013902698E+01
   221    0.1013420084E+01
   222    0.1007376203E+01
   223    0.1005455626E+01
   224    0.1004482433E+01
   225    0.9979594234E+00
   226    0.9945128111E+00
   227    0.9934823777E+00
   228    0.9879149225E+00
   229    0.9837831796E+00
   230    0.9810999933E+00
   231    0.9744060164E+00
   232    0.9711139575E+00
   233    0.9709753403E+00
   234    0.9650335808E+00
   235    0.9613782274E+00
   236    0.9668957759E+00
   237    0.9660555187E+00
   238    0.9572785698E+00
   239    0.9543661365E+00
   240    0.9523333998E+00
   241    0.9503167883E+00
   242    0.9574893396E+00
   243    0.9623639571E+00
   244    0.9535981350E+00
   245    0.9484737652E+00
   246    0.9485750060E+00
   247    0.9492020975E+00
   248    0.9578677259E+00
   249    0.9644109063E+00
   250    0.9578209735E+00
   251    0.9541102195E+00
   252    0.9551350712E+00
   253    0.9569755202E+00
   254    0.9631665537E+00
   255    0.9700191164E+00
   256    0.9715595824E+00
   257    0.9680124806E+00
   258    0.9676025940E+00
   259    0.9717832455E+00
   260    0.9753102075E+00
   261    0.9762309797E+00
   262    0.9797151628E+00
   263    0.9838227162E+00
   264    0.9843275246E+00
   265    0.9862006036E+00
   266    0.9902403290E+00
   267    0.9913633236E+00
   268    0.9919707406E+00
   269    0.9952845071E+00
   270    0.9983390098E+00
   271    0.1000111683E+01
   272    0.1001628644E+01
   273    0.1002516809E+01
   274    0.1004633295E+01
   275    0.1007586937E+01
   276    0.1008373657E+01
   277    0.1008275549E+01
   278    0.1008632305E+01
   279    0.1010382534E+01
   280    0.1011988992E+01
   281    0.1012749377E+01
   282    0.1013138652E+01
   283    0.1014073783E+01
   284    0.1014751713E+01
   285    0.1015238183E+01
   286    0.1015938088E+01
   287    0.1016592109E+01
   288    0.1017080215E+01
   289    0.1017344883E+01
   290    0.1016843467E+01
   291    0.1016207338E+01
   292    0.1016822845E+01
   293    0.1017571614E+01
   294    0.1016904502E+01
   295    0.1016404741E+01
   296    0.1016503073E+01
   297    0.1016226372E+01
   298    0.1015708045E+01
   299    0.1015505519E+01
   300    0.1015038268E+01
   301    0.1014246644E+01
   302    0.1013857794E+01
   303    0.1013621068E+01
   304    0.1012924566E+01
   305    0.1012230799E+01
   306    0.1011805440E+01
   307    0.1011382828E+01
   308    0.1010790920E+01
   309    0.1010261662E+01
   310    0.1009851437E+01
   311    0.1009561512E+01
   312    0.1009185730E+01
   313    0.1008511652E+01
   314    0.1007861461E+01
   315    0.1007393002E+01
   316    0.1007067944E+01
   317    0.1006715321E+01
   318    0.1006292235E+01
   319    0.1005805465E+01
   320    0.1005349900E+01
   321    0.1005011837E+01
   322    0.1004718474E+01
   323    0.1004392039E+01
   324    0.1004043423E+01
   325    0.1003747062E+01
   326    0.1003472170E+01
   327    0.1003185093E+01
   328    0.1002938415E+01
   329    0.1002731303E+01
   330    0.1002501306E+01
   331    0.1002270506E+01
   332    0.1002075456E+01
   333    0.1001903209E+01
   334    0.1001734728E+01
   335    0.1001575645E+01
   336    0.1001431978E+01
   337    0.1001298692E+01
   338    0.1001175885E+01
   339    0.1001068370E+01
   340    0.1000972698E+01
   341    0.1000877465E+01
   342    0.1000783977E+01
   343    0.1000702439E+01
   344    0.1000633777E+01
   345    0.1000568974E+01
   346    0.1000511182E+01
   347    0.1000456039E+01
   348    0.1000404059E+01
   349    0.1000361710E+01
   350    0.1000325144E+01
   351    0.1000288711E+01
   352    0.1000255378E+01
   353    0.1000226375E+01
   354    0.1000201470E+01
   355    0.1000179110E+01
   356    0.1000157315E+01
   357    0.1000138110E+01
   358    0.1000121751E+01
   359    0.1000106584E+01
   360    0.1000093429E+01
   361    0.1000082656E+01
   362    0.1000072507E+01
   363    0.1000062996E+01
   364    0.1000055156E+01
   365    0.1000048203E+01
   366    0.1000041910E+01
   367    0.1000036383E+01
   368    0.1000031555E+01
   369    0.1000027375E+01
   370    0.1000023762E+01
   371    0.1000020633E+01
   372    0.1000017833E+01
   373    0.1000015399E+01
   374    0.1000013245E+01
   375    0.1000011297E+01
   376    0.1000009683E+01
   377    0.1000008359E+01
   378    0.1000007155E+01
   379    0.1000006134E+01
   380    0.1000005299E+01
   381    0.1000004526E+01
   382    0.1000003835E+01
   383    0.1000003243E+01
   384    0.1000002760E+01
   385    0.1000002349E+01
   386    0.1000001996E+01
   387    0.1000001694E+01
   388    0.1000001433E+01
   389    0.1000001207E+01
   390    0.1000001012E+01
   391    0.1000000854E+01
   392    0.1000000721E+01
   393    0.1000000607E+01
   394    0.1000000509E+01
   395    0.1000000425E+01
   396    0.1000000358E+01
   397    0.1000000301E+01
   398    0.1000000251E+01
   399    0.1000000208E+01
   400    0.1000000172E+01
   401    0.1000000143E+01
   402    0.1000000119E+01
   403    0.1000000099E+01
   404    0.1000000083E+01
   405    0.1000000068E+01
   406    0.1000000056E+01
   407    0.1000000046E+01
   408    0.1000000038E+01
   409    0.1000000032E+01
   410    0.1000000026E+01
   411    0.1000000021E+01
   412    0.1000000017E+01
   413    0.1000000014E+01
   414    0.1000000012E+01
   415    0.1000000010E+01
   416    0.1000000008E+01
   417    0.1000000006E+01
   418    0.1000000005E+01
   419    0.1000000004E+01
   420    0.1000000003E+01
   421    0.1000000003E+01
   422    0.1000000002E+01
   423    0.1000000002E+01
   424    0.1000000001E+01
   425    0.1000000001E+01
   426    0.1000000001E+01
   427    0.1000000001E+01
   428    0.1000000001E+01
   429    0.1000000000E+01
   430    0.1000000000E+01
   431    0.1000000000E+01
   432    0.1000000000E+01
   433    0.1000000000E+01
   434    0.1000000000E+01
   435    0.1000000000E+01
   436    0.1000000000E+01
   437    0.1000000000E+01
   438    0.1000000000E+01
   439    0.1000000000E+01
   440    0.1000000000E+01
   441    0.1000000000E+01
   442    0.1000000000E+01
   443    0.1000000000E+01
   444    0.1000000000E+01
   445    0.1000000000E+01
   446    0.1000000000E+01
   447    0.1000000000E+01
   448    0.1000000000E+01
   449    0.1000000000E+01
   450    0.1000000000E+01
   451    0.1000000000E+01
   452    0.1000000000E+01
   453    0.1000000000E+01
   454    0.1000000000E+01
   455    0.1000000000E+01
   456    0.1000000000E+01
   457    0.1000000000E+01
   458    0.1000000000E+01
   459    0.1000000000E+01
   460    0.1000000000E+01
   461    0.1000000000E+01
   462    0.1000000000E+01
   463    0.1000000000E+01
   464    0.1000000000E+01
   465    0.1000000000E+01
   466    0.1000000000E+01
   467    0.1000000000E+01
   468    0.1000000000E+01
   469    0.1000000000E+01
   470    0.1000000000E+01
   471    0.1000000000E+01
   472    0.1000000000E+01
   473    0.1000000000E+01
   474    0.1000000000E+01
   475    0.1000000000E+01
   476    0.1000000000E+01
   477    0.1000000000E+01
   478    0.1000000000E+01
   479    0.1000000000E+01
   480    0.1000000000E+01
   481    0.1000000000E+01
   482    0.1000000000E+01
   483    0.1000000000E+01
   484    0.1000000000E+01
   485    0.1000000000E+01
   486    0.1000000000E+01
   487    0.1000000000E+01
   488    0.1000000000E+01
   489    0.1000000000E+01
   490    0.1000000000E+01
   491    0.1000000000E+01
   492    0.1000000000E+01
   493    0.1000000000E+01
   494    0.1000000000E+01
   495    0.1000000000E+01
   496    0.1000000000E+01
   497    0.1000000000E+01
   498    0.1000000000E+01
   499    0.9589843750E+00
   500    0.6987304688E+00
   501    0.2567138672E+00
   502    0.6417846680E-01
