    -1    0.5173037684E-01
     0    0.4566181421E+00
     1    0.1099376160E+01
     2    0.9921550261E+00
     3    0.6257112006E+00
     4    0.6545055617E+00
     5    0.6365148417E+00
     6    0.7623507974E+00
     7    0.1073247107E+01
     8    0.7555490590E+00
     9    0.5638175448E+00
    10    0.5553434413E+00
    11    0.8155072616E+00
    12    0.1043253495E+01
    13    0.1045139303E+01
    14    0.9805736154E+00
    15    0.8871964989E+00
    16    0.8212778225E+00
    17    0.8314855040E+00
    18    0.1392741055E+01
    19    0.1728686176E+01
    20    0.1389557624E+01
    21    0.1133247720E+01
    22    0.1097951961E+01
    23    0.1203839145E+01
    24    0.1207995154E+01
    25    0.1096184268E+01
    26    0.1001300350E+01
    27    0.1016768147E+01
    28    0.1013697936E+01
    29    0.9842140479E+00
    30    0.6773675566E+00
    31    0.8225632450E+00
    32    0.1094950359E+01
    33    0.1218224421E+01
    34    0.1252278503E+01
    35    0.1022244170E+01
    36    0.9278760411E+00
    37    0.8189089588E+00
    38    0.6304175361E+00
    39    0.6884691446E+00
    40    0.6174292864E+00
    41    0.5073164908E+00
    42    0.4575076490E+00
    43    0.5707871512E+00
    44    0.7831829546E+00
    45    0.9027812202E+00
    46    0.7624570549E+00
    47    0.5367353175E+00
    48    0.6185372745E+00
    49    0.1020728505E+01
    50    0.1151399296E+01
    51    0.6734356237E+00
    52    0.6634004703E+00
    53    0.8898665345E+00
    54    0.8289010033E+00
    55    0.7002267716E+00
    56    0.7056486304E+00
    57    0.8561438921E+00
    58    0.1126103037E+01
    59    0.1244898058E+01
    60    0.1154315057E+01
    61    0.1444907546E+01
    62    0.1535288979E+01
    63    0.1152876394E+01
    64    0.1088740591E+01
    65    0.1436062008E+01
    66    0.1607596164E+01
    67    0.1390996488E+01
    68    0.1332864602E+01
    69    0.1263518200E+01
    70    0.1205369059E+01
    71    0.1024949122E+01
    72    0.7383992791E+00
    73    0.6833813119E+00
    74    0.9296192527E+00
    75    0.9324985568E+00
    76    0.6887446734E+00
    77    0.5951293565E+00
    78    0.7368669203E+00
    79    0.8422081451E+00
    80    0.7786845100E+00
    81    0.6433503832E+00
    82    0.7998954522E+00
    83    0.8566743904E+00
    84    0.8219237140E+00
    85    0.8000699772E+00
    86    0.5832771787E+00
    87    0.4176508721E+00
    88    0.4181466296E+00
    89    0.5652637127E+00
    90    0.7011851253E+00
    91    0.6914366691E+00
    92    0.4842522398E+00
    93    0.4988966929E+00
    94    0.4793030458E+00
    95    0.4495635333E+00
    96    0.5709880990E+00
    97    0.6992879656E+00
    98    0.9830196371E+00
    99    0.1134020380E+01
   100    0.1201093461E+01
   101    0.1348540661E+01
   102    0.1183179255E+01
   103    0.9955666764E+00
   104    0.9701328890E+00
   105    0.1171047822E+01
   106    0.1412510104E+01
   107    0.1545227608E+01
   108    0.1673639920E+01
   109    0.1356287082E+01
   110    0.1093197412E+01
   111    0.1049613318E+01
   112    0.1245807109E+01
   113    0.1527964571E+01
   114    0.1401150538E+01
   115    0.1255912897E+01
   116    0.8706798419E+00
   117    0.7725689858E+00
   118    0.9554125299E+00
   119    0.1004651723E+01
   120    0.9929611365E+00
   121    0.7351945398E+00
   122    0.7790360272E+00
   123    0.6455525051E+00
   124    0.4985788888E+00
   125    0.3825461922E+00
   126    0.4853954574E+00
   127    0.8101895899E+00
   128    0.7503187189E+00
   129    0.4871019238E+00
   130    0.4884091127E+00
   131    0.6962462830E+00
   132    0.7835977456E+00
   133    0.7355497897E+00
   134    0.6174105927E+00
   135    0.4143746038E+00
   136    0.4889767605E+00
   137    0.8317738207E+00
   138    0.9395102800E+00
   139    0.9056766015E+00
   140    0.8804276330E+00
   141    0.6820078031E+00
   142    0.7996526652E+00
   143    0.9117756126E+00
   144    0.9512061122E+00
   145    0.8738363479E+00
   146    0.7261115601E+00
   147    0.7515433319E+00
   148    0.1230210632E+01
   149    0.1838448854E+01
   150    0.1921459134E+01
   151    0.1633985626E+01
   152    0.1527126218E+01
   153    0.1452329229E+01
   154    0.1374720309E+01
   155    0.1369155157E+01
   156    0.1117727054E+01
   157    0.1014996240E+01
   158    0.1370375953E+01
   159    0.1174594169E+01
   160    0.7901756834E+00
   161    0.9289242318E+00
   162    0.1036741589E+01
   163    0.8566507217E+00
   164    0.6515397476E+00
   165    0.7218939174E+00
   166    0.7059683195E+00
   167    0.5788007276E+00
   168    0.5392259910E+00
   169    0.6327933077E+00
   170    0.7505155507E+00
   171    0.5631406188E+00
   172    0.4749236267E+00
   173    0.3424271725E+00
   174    0.3955742949E+00
   175    0.8119363256E+00
   176    0.9642936323E+00
   177    0.8590758252E+00
   178    0.7315740231E+00
   179    0.5402884548E+00
   180    0.6057965175E+00
   181    0.5299877096E+00
   182    0.5353238137E+00
   183    0.6762478971E+00
   184    0.6996237602E+00
   185    0.5286256446E+00
   186    0.5080985161E+00
   187    0.5124619751E+00
   188    0.9035749424E+00
   189    0.1176317762E+01
   190    0.1184745957E+01
   191    0.1417959423E+01
   192    0.1519515143E+01
   193    0.1443494002E+01
   194    0.1450481285E+01
   195    0.1544572410E+01
   196    0.1768634839E+01
   197    0.1547474802E+01
   198    0.1135885415E+01
   199    0.1145529657E+01
   200    0.1279156370E+01
   201    0.1148018700E+01
   202    0.1168783561E+01
   203    0.1160727064E+01
   204    0.9229736559E+00
   205    0.1002232048E+01
   206    0.8834514363E+00
   207    0.8038633236E+00
   208    0.9517515477E+00
   209    0.8482192613E+00
   210    0.6112649499E+00
   211    0.6936075909E+00
   212    0.7098478909E+00
   213    0.7951858563E+00
   214    0.7770502854E+00
   215    0.7061337549E+00
   216    0.6849045325E+00
   217    0.7931366731E+00
   218    0.8117014590E+00
   219    0.7156701046E+00
   220    0.7132108042E+00
   221    0.7878270840E+00
   222    0.8211826556E+00
   223    0.9588802486E+00
   224    0.1011451013E+01
   225    0.8085569858E+00
   226    0.6857032265E+00
   227    0.8468708943E+00
   228    0.9183737191E+00
   229    0.1042584949E+01
   230    0.1171470811E+01
   231    0.9583348392E+00
   232    0.7513450714E+00
   233    0.7757643838E+00
   234    0.8974349939E+00
   235    0.1102624281E+01
   236    0.1187423927E+01
   237    0.1158874901E+01
   238    0.1042966167E+01
   239    0.9062374444E+00
   240    0.9285275258E+00
   241    0.1005738085E+01
   242    0.9178372137E+00
   243    0.8904259036E+00
   244    0.9639858137E+00
   245    0.9410597528E+00
   246    0.8941556614E+00
   247    0.9615391434E+00
   248    0.9905382613E+00
   249    0.9322966555E+00
   250    0.1003441463E+01
   251    0.1087159926E+01
   252    0.9488911591E+00
   253    0.8904194234E+00
   254    0.1037143744E+01
   255    0.1123311703E+01
   256    0.9752563625E+00
   257    0.8979884521E+00
   258    0.9792128968E+00
   259    0.1057534584E+01
   260    0.9794467872E+00
   261    0.9055535566E+00
   262    0.9637499274E+00
   263    0.1076711865E+01
   264    0.1053447537E+01
   265    0.9917704130E+00
   266    0.9948278076E+00
   267    0.1013261126E+01
   268    0.1016562542E+01
   269    0.1024307657E+01
   270    0.1015161654E+01
   271    0.9994848589E+00
   272    0.1022030467E+01
   273    0.1049073282E+01
   274    0.1017303370E+01
   275    0.9811953106E+00
   276    0.1013105298E+01
   277    0.1049515584E+01
   278    0.1021795267E+01
   279    0.1004463369E+01
   280    0.1017471532E+01
   281    0.1021036660E+01
   282    0.1015575570E+01
   283    0.1017095105E+01
   284    0.1016265838E+01
   285    0.1010759444E+01
   286    0.1011625150E+01
   287    0.1015439322E+01
   288    0.1013239161E+01
   289    0.1009357201E+01
   290    0.1009926577E+01
   291    0.1011681027E+01
   292    0.1009809656E+01
   293    0.1007291297E+01
   294    0.1009419586E+01
   295    0.1013261490E+01
   296    0.1010951859E+01
   297    0.1006886732E+01
   298    0.1005892423E+01
   299    0.1006405766E+01
   300    0.1007067533E+01
   301    0.1006960298E+01
   302    0.1006340252E+01
   303    0.1005466707E+01
   304    0.1004760641E+01
   305    0.1004705597E+01
   306    0.1004722145E+01
   307    0.1004342004E+01
   308    0.1003866103E+01
   309    0.1003657342E+01
   310    0.1003413311E+01
   311    0.1003029980E+01
   312    0.1002871100E+01
   313    0.1002777679E+01
   314    0.1002503435E+01
   315    0.1002176419E+01
   316    0.1002004390E+01
   317    0.1001874042E+01
   318    0.1001689547E+01
   319    0.1001526081E+01
   320    0.1001394441E+01
   321    0.1001249255E+01
   322    0.1001126532E+01
   323    0.1001052443E+01
   324    0.1000978223E+01
   325    0.1000874142E+01
   326    0.1000759942E+01
   327    0.1000671479E+01
   328    0.1000616599E+01
   329    0.1000557807E+01
   330    0.1000504724E+01
   331    0.1000442589E+01
   332    0.1000383612E+01
   333    0.1000350662E+01
   334    0.1000324036E+01
   335    0.1000285418E+01
   336    0.1000249491E+01
   337    0.1000220818E+01
   338    0.1000200844E+01
   339    0.1000181432E+01
   340    0.1000155249E+01
   341    0.1000134718E+01
   342    0.1000119340E+01
   343    0.1000102542E+01
   344    0.1000089838E+01
   345    0.1000082199E+01
   346    0.1000071787E+01
   347    0.1000061031E+01
   348    0.1000054262E+01
   349    0.1000047585E+01
   350    0.1000041152E+01
   351    0.1000035422E+01
   352    0.1000030558E+01
   353    0.1000026624E+01
   354    0.1000023241E+01
   355    0.1000020410E+01
   356    0.1000017696E+01
   357    0.1000015341E+01
   358    0.1000012988E+01
   359    0.1000010762E+01
   360    0.1000009206E+01
   361    0.1000008090E+01
   362    0.1000006893E+01
   363    0.1000005972E+01
   364    0.1000005343E+01
   365    0.1000004560E+01
   366    0.1000003769E+01
   367    0.1000003109E+01
   368    0.1000002670E+01
   369    0.1000002294E+01
   370    0.1000001960E+01
   371    0.1000001673E+01
   372    0.1000001414E+01
   373    0.1000001171E+01
   374    0.1000000964E+01
   375    0.1000000820E+01
   376    0.1000000702E+01
   377    0.1000000595E+01
   378    0.1000000493E+01
   379    0.1000000412E+01
   380    0.1000000353E+01
   381    0.1000000301E+01
   382    0.1000000249E+01
   383    0.1000000202E+01
   384    0.1000000165E+01
   385    0.1000000136E+01
   386    0.1000000114E+01
   387    0.1000000097E+01
   388    0.1000000082E+01
   389    0.1000000066E+01
   390    0.1000000053E+01
   391    0.1000000044E+01
   392    0.1000000037E+01
   393    0.1000000031E+01
   394    0.1000000026E+01
   395    0.1000000021E+01
   396    0.1000000017E+01
   397    0.1000000014E+01
   398    0.1000000011E+01
   399    0.1000000009E+01
   400    0.1000000008E+01
   401    0.1000000006E+01
   402    0.1000000005E+01
   403    0.1000000004E+01
   404    0.1000000003E+01
   405    0.1000000003E+01
   406    0.1000000002E+01
   407    0.1000000002E+01
   408    0.1000000001E+01
   409    0.1000000001E+01
   410    0.1000000001E+01
   411    0.1000000001E+01
   412    0.1000000001E+01
   413    0.1000000000E+01
   414    0.1000000000E+01
   415    0.1000000000E+01
   416    0.1000000000E+01
   417    0.1000000000E+01
   418    0.1000000000E+01
   419    0.1000000000E+01
   420    0.1000000000E+01
   421    0.1000000000E+01
   422    0.1000000000E+01
   423    0.1000000000E+01
   424    0.1000000000E+01
   425    0.1000000000E+01
   426    0.1000000000E+01
   427    0.1000000000E+01
   428    0.1000000000E+01
   429    0.1000000000E+01
   430    0.1000000000E+01
   431    0.1000000000E+01
   432    0.1000000000E+01
   433    0.1000000000E+01
   434    0.1000000000E+01
   435    0.1000000000E+01
   436    0.1000000000E+01
   437    0.1000000000E+01
   438    0.1000000000E+01
   439    0.1000000000E+01
   440    0.1000000000E+01
   441    0.1000000000E+01
   442    0.1000000000E+01
   443    0.1000000000E+01
   444    0.1000000000E+01
   445    0.1000000000E+01
   446    0.1000000000E+01
   447    0.1000000000E+01
   448    0.1000000000E+01
   449    0.1000000000E+01
   450    0.1000000000E+01
   451    0.1000000000E+01
   452    0.1000000000E+01
   453    0.1000000000E+01
   454    0.1000000000E+01
   455    0.1000000000E+01
   456    0.1000000000E+01
   457    0.1000000000E+01
   458    0.1000000000E+01
   459    0.1000000000E+01
   460    0.1000000000E+01
   461    0.1000000000E+01
   462    0.1000000000E+01
   463    0.1000000000E+01
   464    0.1000000000E+01
   465    0.1000000000E+01
   466    0.1000000000E+01
   467    0.1000000000E+01
   468    0.1000000000E+01
   469    0.1000000000E+01
   470    0.1000000000E+01
   471    0.1000000000E+01
   472    0.1000000000E+01
   473    0.1000000000E+01
   474    0.1000000000E+01
   475    0.1000000000E+01
   476    0.1000000000E+01
   477    0.1000000000E+01
   478    0.1000000000E+01
   479    0.1000000000E+01
   480    0.1000000000E+01
   481    0.1000000000E+01
   482    0.1000000000E+01
   483    0.1000000000E+01
   484    0.1000000000E+01
   485    0.1000000000E+01
   486    0.1000000000E+01
   487    0.1000000000E+01
   488    0.1000000000E+01
   489    0.1000000000E+01
   490    0.1000000000E+01
   491    0.1000000000E+01
   492    0.1000000000E+01
   493    0.1000000000E+01
   494    0.1000000000E+01
   495    0.1000000000E+01
   496    0.1000000000E+01
   497    0.1000000000E+01
   498    0.1000000000E+01
   499    0.9589843750E+00
   500    0.6987304688E+00
   501    0.2567138672E+00
   502    0.6417846680E-01
