    -1    0.1655874806E-01
     0    0.1079509533E+00
     1    0.3265555572E+00
     2    0.6319760513E+00
     3    0.9580217424E+00
     4    0.1194416940E+01
     5    0.1063828314E+01
     6    0.8460526729E+00
     7    0.8277714778E+00
     8    0.7554623587E+00
     9    0.7736559133E+00
    10    0.9165941219E+00
    11    0.9326169212E+00
    12    0.1063136481E+01
    13    0.1112351006E+01
    14    0.8504029345E+00
    15    0.6352208408E+00
    16    0.7359149867E+00
    17    0.6748882701E+00
    18    0.8528103533E+00
    19    0.1054924143E+01
    20    0.1063494055E+01
    21    0.1011416021E+01
    22    0.8492481457E+00
    23    0.8568053981E+00
    24    0.1183752145E+01
    25    0.1510508955E+01
    26    0.1473562801E+01
    27    0.1163705847E+01
    28    0.1141981034E+01
    29    0.1172467216E+01
    30    0.1123671226E+01
    31    0.1357306295E+01
    32    0.1188824970E+01
    33    0.1112821658E+01
    34    0.9892620945E+00
    35    0.1003299246E+01
    36    0.1129083651E+01
    37    0.1068739258E+01
    38    0.9506598713E+00
    39    0.1086613088E+01
    40    0.1000942608E+01
    41    0.9796103963E+00
    42    0.1052308707E+01
    43    0.8189175449E+00
    44    0.6896705603E+00
    45    0.6921086930E+00
    46    0.6776293422E+00
    47    0.8104481199E+00
    48    0.7661717247E+00
    49    0.6642219253E+00
    50    0.1057050890E+01
    51    0.1133817166E+01
    52    0.7801398321E+00
    53    0.6817471231E+00
    54    0.7214820482E+00
    55    0.7636778723E+00
    56    0.7850811272E+00
    57    0.7815197788E+00
    58    0.7896403497E+00
    59    0.6374128327E+00
    60    0.6531665618E+00
    61    0.8717796106E+00
    62    0.1188779416E+01
    63    0.1103860118E+01
    64    0.9763859662E+00
    65    0.1138755741E+01
    66    0.1014009213E+01
    67    0.8174064577E+00
    68    0.1000847810E+01
    69    0.1141637440E+01
    70    0.1198861551E+01
    71    0.1258662735E+01
    72    0.1470823109E+01
    73    0.1188909419E+01
    74    0.1267855868E+01
    75    0.1605385001E+01
    76    0.1160896535E+01
    77    0.7629278540E+00
    78    0.1004504018E+01
    79    0.1247313654E+01
    80    0.1108469085E+01
    81    0.9529290013E+00
    82    0.1060901942E+01
    83    0.1035928733E+01
    84    0.9582682296E+00
    85    0.9113899079E+00
    86    0.7429464700E+00
    87    0.7233439191E+00
    88    0.1057200012E+01
    89    0.9043739412E+00
    90    0.7785163796E+00
    91    0.7806142024E+00
    92    0.7791004846E+00
    93    0.9040487123E+00
    94    0.7164110684E+00
    95    0.4707835237E+00
    96    0.6424489125E+00
    97    0.9601240595E+00
    98    0.8898294058E+00
    99    0.7840738890E+00
   100    0.8251169346E+00
   101    0.8633056977E+00
   102    0.5887834149E+00
   103    0.6905221864E+00
   104    0.1063957084E+01
   105    0.8709751796E+00
   106    0.8875406394E+00
   107    0.1023475357E+01
   108    0.1056460489E+01
   109    0.1134445413E+01
   110    0.1257167490E+01
   111    0.1195003546E+01
   112    0.9403761061E+00
   113    0.1144682868E+01
   114    0.1257417717E+01
   115    0.1280308486E+01
   116    0.1140082575E+01
   117    0.1053706930E+01
   118    0.1260555231E+01
   119    0.1446275150E+01
   120    0.1285104749E+01
   121    0.1081828016E+01
   122    0.7856443157E+00
   123    0.9445524545E+00
   124    0.1306975967E+01
   125    0.1212724972E+01
   126    0.9901322131E+00
   127    0.7662516822E+00
   128    0.1018225481E+01
   129    0.1182735343E+01
   130    0.8672690592E+00
   131    0.8054594376E+00
   132    0.7627840745E+00
   133    0.9277249896E+00
   134    0.1107500875E+01
   135    0.8822495137E+00
   136    0.6537957347E+00
   137    0.9327459605E+00
   138    0.8387835265E+00
   139    0.7036627971E+00
   140    0.6706140203E+00
   141    0.5698317573E+00
   142    0.5720429572E+00
   143    0.8570767412E+00
   144    0.9933833269E+00
   145    0.7380809096E+00
   146    0.5367871348E+00
   147    0.9918011963E+00
   148    0.1218481640E+01
   149    0.8867228982E+00
   150    0.9267503778E+00
   151    0.9362450471E+00
   152    0.7860639435E+00
   153    0.8955051170E+00
   154    0.1238566774E+01
   155    0.1393287811E+01
   156    0.1250399754E+01
   157    0.1109816691E+01
   158    0.1182108928E+01
   159    0.1307030130E+01
   160    0.1141049667E+01
   161    0.1111569545E+01
   162    0.1314407358E+01
   163    0.1102890682E+01
   164    0.1275138280E+01
   165    0.1202356808E+01
   166    0.9731244524E+00
   167    0.1069335742E+01
   168    0.8270168011E+00
   169    0.9771937881E+00
   170    0.1253292121E+01
   171    0.1136301870E+01
   172    0.9427719041E+00
   173    0.8163461350E+00
   174    0.6834629345E+00
   175    0.7669410580E+00
   176    0.8368136653E+00
   177    0.8953556738E+00
   178    0.9696131473E+00
   179    0.9156492640E+00
   180    0.7367421631E+00
   181    0.6327472940E+00
   182    0.7873471867E+00
   183    0.9446959834E+00
   184    0.1008710475E+01
   185    0.1036320836E+01
   186    0.1024058439E+01
   187    0.1162131028E+01
   188    0.1134935107E+01
   189    0.1133799851E+01
   190    0.1182033750E+01
   191    0.1106877418E+01
   192    0.1095050914E+01
   193    0.1016599006E+01
   194    0.9368000748E+00
   195    0.9323186989E+00
   196    0.9065135962E+00
   197    0.9289288828E+00
   198    0.1054957242E+01
   199    0.1100250582E+01
   200    0.1049282000E+01
   201    0.9969576938E+00
   202    0.1185563895E+01
   203    0.1189031415E+01
   204    0.9586838488E+00
   205    0.8924682125E+00
   206    0.9961961288E+00
   207    0.9926576061E+00
   208    0.9814096532E+00
   209    0.8890190861E+00
   210    0.7399857866E+00
   211    0.7450045763E+00
   212    0.7600605714E+00
   213    0.8533379107E+00
   214    0.1041403095E+01
   215    0.1075457101E+01
   216    0.1003772130E+01
   217    0.9018576812E+00
   218    0.8495776989E+00
   219    0.8673081361E+00
   220    0.9192253225E+00
   221    0.9244978055E+00
   222    0.7482887282E+00
   223    0.9138096939E+00
   224    0.1115342223E+01
   225    0.1113519836E+01
   226    0.9895491314E+00
   227    0.9090404323E+00
   228    0.8189094599E+00
   229    0.8848074821E+00
   230    0.9965919284E+00
   231    0.1047935290E+01
   232    0.1057530885E+01
   233    0.9848560699E+00
   234    0.8436494750E+00
   235    0.8334424827E+00
   236    0.9286865788E+00
   237    0.9033886196E+00
   238    0.9241477543E+00
   239    0.1056240337E+01
   240    0.1049769908E+01
   241    0.9563608110E+00
   242    0.9790599790E+00
   243    0.9836824607E+00
   244    0.9102459635E+00
   245    0.9891581095E+00
   246    0.1097687552E+01
   247    0.1006124674E+01
   248    0.9548741769E+00
   249    0.1012941528E+01
   250    0.9691807819E+00
   251    0.8824275372E+00
   252    0.9427648650E+00
   253    0.1015422090E+01
   254    0.9355996722E+00
   255    0.8538764534E+00
   256    0.9295352013E+00
   257    0.1061167296E+01
   258    0.1012516712E+01
   259    0.9139655054E+00
   260    0.9531670190E+00
   261    0.1077821820E+01
   262    0.1045415919E+01
   263    0.9520667632E+00
   264    0.9647954868E+00
   265    0.1036908235E+01
   266    0.1043598960E+01
   267    0.1008253846E+01
   268    0.1002634777E+01
   269    0.1012905375E+01
   270    0.1016161223E+01
   271    0.1020336222E+01
   272    0.1017451612E+01
   273    0.1009023489E+01
   274    0.1019138149E+01
   275    0.1035829318E+01
   276    0.1020468505E+01
   277    0.9939678706E+00
   278    0.1014507687E+01
   279    0.1043832666E+01
   280    0.1021760339E+01
   281    0.1006060364E+01
   282    0.1015188071E+01
   283    0.1018942936E+01
   284    0.1015653783E+01
   285    0.1016646518E+01
   286    0.1016075053E+01
   287    0.1012005759E+01
   288    0.1012127795E+01
   289    0.1014574696E+01
   290    0.1013209528E+01
   291    0.1010320826E+01
   292    0.1010178045E+01
   293    0.1011343618E+01
   294    0.1010110391E+01
   295    0.1008051267E+01
   296    0.1009173949E+01
   297    0.1012161584E+01
   298    0.1011019129E+01
   299    0.1007545742E+01
   300    0.1006296575E+01
   301    0.1006499352E+01
   302    0.1006997665E+01
   303    0.1006920491E+01
   304    0.1006405644E+01
   305    0.1005615143E+01
   306    0.1004903593E+01
   307    0.1004738703E+01
   308    0.1004724767E+01
   309    0.1004404724E+01
   310    0.1003921472E+01
   311    0.1003688000E+01
   312    0.1003458824E+01
   313    0.1003084508E+01
   314    0.1002884193E+01
   315    0.1002794423E+01
   316    0.1002532236E+01
   317    0.1002214866E+01
   318    0.1002034525E+01
   319    0.1001891088E+01
   320    0.1001713172E+01
   321    0.1001550500E+01
   322    0.1001412703E+01
   323    0.1001269199E+01
   324    0.1001146168E+01
   325    0.1001060613E+01
   326    0.1000984935E+01
   327    0.1000887663E+01
   328    0.1000774972E+01
   329    0.1000681546E+01
   330    0.1000625232E+01
   331    0.1000565682E+01
   332    0.1000510719E+01
   333    0.1000451165E+01
   334    0.1000391932E+01
   335    0.1000354547E+01
   336    0.1000327182E+01
   337    0.1000290338E+01
   338    0.1000253674E+01
   339    0.1000223970E+01
   340    0.1000202781E+01
   341    0.1000183543E+01
   342    0.1000158234E+01
   343    0.1000136832E+01
   344    0.1000121319E+01
   345    0.1000104875E+01
   346    0.1000091219E+01
   347    0.1000083095E+01
   348    0.1000073178E+01
   349    0.1000062141E+01
   350    0.1000055066E+01
   351    0.1000048403E+01
   352    0.1000041842E+01
   353    0.1000036129E+01
   354    0.1000031154E+01
   355    0.1000027090E+01
   356    0.1000023651E+01
   357    0.1000020716E+01
   358    0.1000017984E+01
   359    0.1000015582E+01
   360    0.1000013277E+01
   361    0.1000011038E+01
   362    0.1000009397E+01
   363    0.1000008253E+01
   364    0.1000007043E+01
   365    0.1000006068E+01
   366    0.1000005410E+01
   367    0.1000004638E+01
   368    0.1000003855E+01
   369    0.1000003187E+01
   370    0.1000002722E+01
   371    0.1000002338E+01
   372    0.1000001997E+01
   373    0.1000001705E+01
   374    0.1000001441E+01
   375    0.1000001201E+01
   376    0.1000000988E+01
   377    0.1000000838E+01
   378    0.1000000717E+01
   379    0.1000000607E+01
   380    0.1000000506E+01
   381    0.1000000420E+01
   382    0.1000000359E+01
   383    0.1000000307E+01
   384    0.1000000254E+01
   385    0.1000000208E+01
   386    0.1000000170E+01
   387    0.1000000139E+01
   388    0.1000000117E+01
   389    0.1000000099E+01
   390    0.1000000083E+01
   391    0.1000000068E+01
   392    0.1000000055E+01
   393    0.1000000045E+01
   394    0.1000000038E+01
   395    0.1000000032E+01
   396    0.1000000026E+01
   397    0.1000000021E+01
   398    0.1000000017E+01
   399    0.1000000014E+01
   400    0.1000000011E+01
   401    0.1000000009E+01
   402    0.1000000008E+01
   403    0.1000000006E+01
   404    0.1000000005E+01
   405    0.1000000004E+01
   406    0.1000000003E+01
   407    0.1000000003E+01
   408    0.1000000002E+01
   409    0.1000000002E+01
   410    0.1000000001E+01
   411    0.1000000001E+01
   412    0.1000000001E+01
   413    0.1000000001E+01
   414    0.1000000001E+01
   415    0.1000000000E+01
   416    0.1000000000E+01
   417    0.1000000000E+01
   418    0.1000000000E+01
   419    0.1000000000E+01
   420    0.1000000000E+01
   421    0.1000000000E+01
   422    0.1000000000E+01
   423    0.1000000000E+01
   424    0.1000000000E+01
   425    0.1000000000E+01
   426    0.1000000000E+01
   427    0.1000000000E+01
   428    0.1000000000E+01
   429    0.1000000000E+01
   430    0.1000000000E+01
   431    0.1000000000E+01
   432    0.1000000000E+01
   433    0.1000000000E+01
   434    0.1000000000E+01
   435    0.1000000000E+01
   436    0.1000000000E+01
   437    0.1000000000E+01
   438    0.1000000000E+01
   439    0.1000000000E+01
   440    0.1000000000E+01
   441    0.1000000000E+01
   442    0.1000000000E+01
   443    0.1000000000E+01
   444    0.1000000000E+01
   445    0.1000000000E+01
   446    0.1000000000E+01
   447    0.1000000000E+01
   448    0.1000000000E+01
   449    0.1000000000E+01
   450    0.1000000000E+01
   451    0.1000000000E+01
   452    0.1000000000E+01
   453    0.1000000000E+01
   454    0.1000000000E+01
   455    0.1000000000E+01
   456    0.1000000000E+01
   457    0.1000000000E+01
   458    0.1000000000E+01
   459    0.1000000000E+01
   460    0.1000000000E+01
   461    0.1000000000E+01
   462    0.1000000000E+01
   463    0.1000000000E+01
   464    0.1000000000E+01
   465    0.1000000000E+01
   466    0.1000000000E+01
   467    0.1000000000E+01
   468    0.1000000000E+01
   469    0.1000000000E+01
   470    0.1000000000E+01
   471    0.1000000000E+01
   472    0.1000000000E+01
   473    0.1000000000E+01
   474    0.1000000000E+01
   475    0.1000000000E+01
   476    0.1000000000E+01
   477    0.1000000000E+01
   478    0.1000000000E+01
   479    0.1000000000E+01
   480    0.1000000000E+01
   481    0.1000000000E+01
   482    0.1000000000E+01
   483    0.1000000000E+01
   484    0.1000000000E+01
   485    0.1000000000E+01
   486    0.1000000000E+01
   487    0.1000000000E+01
   488    0.1000000000E+01
   489    0.1000000000E+01
   490    0.1000000000E+01
   491    0.1000000000E+01
   492    0.1000000000E+01
   493    0.1000000000E+01
   494    0.1000000000E+01
   495    0.1000000000E+01
   496    0.1000000000E+01
   497    0.1000000000E+01
   498    0.1000000000E+01
   499    0.9589843750E+00
   500    0.6987304688E+00
   501    0.2567138672E+00
   502    0.6417846680E-01
