    -1    0.2942189754E-01
     0    0.1426372165E+00
     1    0.2483770387E+00
     2    0.2138673599E+00
     3    0.2243998785E+00
     4    0.4027336646E+00
     5    0.4433691001E+00
     6    0.3785139442E+00
     7    0.4313470681E+00
     8    0.3699347338E+00
     9    0.2234031384E+00
    10    0.2320339115E+00
    11    0.3552476852E+00
    12    0.3254423508E+00
    13    0.2508707681E+00
    14    0.1870870317E+00
    15    0.2401914317E+00
    16    0.3296197191E+00
    17    0.3146632644E+00
    18    0.3253861796E+00
    19    0.2964881610E+00
    20    0.3122449506E+00
    21    0.2451438147E+00
    22    0.2508056989E+00
    23    0.3634169569E+00
    24    0.3667249977E+00
    25    0.5625317001E+00
    26    0.6689370365E+00
    27    0.3830362114E+00
    28    0.2825501604E+00
    29    0.3071689835E+00
    30    0.4035480380E+00
    31    0.4722829430E+00
    32    0.5041637788E+00
    33    0.4084500055E+00
    34    0.3624799374E+00
    35    0.2272102456E+00
    36    0.2516016275E+00
    37    0.3026732510E+00
    38    0.4549259767E+00
    39    0.6634678224E+00
    40    0.5139686170E+00
    41    0.3461031933E+00
    42    0.3635447448E+00
    43    0.4334462561E+00
    44    0.4330041178E+00
    45    0.4123553064E+00
    46    0.3676532070E+00
    47    0.4284887986E+00
    48    0.4899783892E+00
    49    0.5695211667E+00
    50    0.5937114364E+00
    51    0.3575961331E+00
    52    0.2428790224E+00
    53    0.2893600026E+00
    54    0.3522707229E+00
    55    0.5546143951E+00
    56    0.5623303412E+00
    57    0.3591317537E+00
    58    0.3960435156E+00
    59    0.5329412573E+00
    60    0.5572435334E+00
    61    0.5231890914E+00
    62    0.3879227104E+00
    63    0.4386731254E+00
    64    0.5915642286E+00
    65    0.6243310955E+00
    66    0.8377284103E+00
    67    0.9466516654E+00
    68    0.6060438620E+00
    69    0.4471037070E+00
    70    0.4650524584E+00
    71    0.3025627640E+00
    72    0.2721342197E+00
    73    0.4372621189E+00
    74    0.4036269492E+00
    75    0.3413032802E+00
    76    0.4117649987E+00
    77    0.5907108608E+00
    78    0.7150069412E+00
    79    0.8848539297E+00
    80    0.7540974372E+00
    81    0.4807852907E+00
    82    0.4216034759E+00
    83    0.4438465546E+00
    84    0.5953157121E+00
    85    0.5816290382E+00
    86    0.4943710660E+00
    87    0.7457511219E+00
    88    0.7337789921E+00
    89    0.7042716868E+00
    90    0.7044522100E+00
    91    0.8622301686E+00
    92    0.7783582360E+00
    93    0.7143541576E+00
    94    0.7489858422E+00
    95    0.7074320138E+00
    96    0.6824419461E+00
    97    0.9799194793E+00
    98    0.1243402726E+01
    99    0.9590989614E+00
   100    0.7021015215E+00
   101    0.4820235411E+00
   102    0.3283784443E+00
   103    0.4178946889E+00
   104    0.7359596516E+00
   105    0.7100906006E+00
   106    0.7487189350E+00
   107    0.6269369085E+00
   108    0.3981447463E+00
   109    0.3921806974E+00
   110    0.6370191466E+00
   111    0.7490852901E+00
   112    0.6528356452E+00
   113    0.5661057130E+00
   114    0.5412502360E+00
   115    0.5799260459E+00
   116    0.6786112961E+00
   117    0.6008667102E+00
   118    0.8350293805E+00
   119    0.1132631618E+01
   120    0.1027418313E+01
   121    0.6808431971E+00
   122    0.7652622524E+00
   123    0.6477152033E+00
   124    0.4559846446E+00
   125    0.3302819852E+00
   126    0.3808883755E+00
   127    0.3888939301E+00
   128    0.4126043752E+00
   129    0.6032490152E+00
   130    0.5850025144E+00
   131    0.5325920206E+00
   132    0.5108284432E+00
   133    0.5048749054E+00
   134    0.4575694845E+00
   135    0.3291191377E+00
   136    0.4473841324E+00
   137    0.6060035582E+00
   138    0.6125155925E+00
   139    0.5922953881E+00
   140    0.4466577636E+00
   141    0.5739098025E+00
   142    0.9607229357E+00
   143    0.9785398847E+00
   144    0.7297921762E+00
   145    0.5081120663E+00
   146    0.5970243398E+00
   147    0.5248978934E+00
   148    0.3003110447E+00
   149    0.3464600202E+00
   150    0.5388001122E+00
   151    0.5435227095E+00
   152    0.4170567171E+00
   153    0.5130825011E+00
   154    0.5233707754E+00
   155    0.3451426269E+00
   156    0.3519318053E+00
   157    0.3392750892E+00
   158    0.3117957791E+00
   159    0.4229308383E+00
   160    0.4914218359E+00
   161    0.5137957181E+00
   162    0.5437254972E+00
   163    0.3770300274E+00
   164    0.2296396887E+00
   165    0.1605605646E+00
   166    0.3518578378E+00
   167    0.5264139072E+00
   168    0.5138805475E+00
   169    0.4709996675E+00
   170    0.4086821629E+00
   171    0.3953428554E+00
   172    0.3953859218E+00
   173    0.2834840057E+00
   174    0.2410699163E+00
   175    0.3122791803E+00
   176    0.3980938613E+00
   177    0.4809459990E+00
   178    0.5526738411E+00
   179    0.5419961032E+00
   180    0.4506939345E+00
   181    0.4151284111E+00
   182    0.6480437241E+00
   183    0.1130308394E+01
   184    0.1394424121E+01
   185    0.1554132334E+01
   186    0.1666789959E+01
   187    0.1342442903E+01
   188    0.9383414174E+00
   189    0.8829638720E+00
   190    0.8827451453E+00
   191    0.9698361413E+00
   192    0.8726637712E+00
   193    0.7408653588E+00
   194    0.6666871957E+00
   195    0.7335320186E+00
   196    0.8415867443E+00
   197    0.7105415629E+00
   198    0.5656501324E+00
   199    0.5137736514E+00
   200    0.4842957056E+00
   201    0.5071378887E+00
   202    0.4429053868E+00
   203    0.4641858668E+00
   204    0.5148023475E+00
   205    0.4817278943E+00
   206    0.4805802846E+00
   207    0.4189504095E+00
   208    0.3968624756E+00
   209    0.4311292128E+00
   210    0.4239310390E+00
   211    0.4790473924E+00
   212    0.4875268335E+00
   213    0.4202769856E+00
   214    0.4132135546E+00
   215    0.3889289005E+00
   216    0.3894232751E+00
   217    0.4151306246E+00
   218    0.4257993855E+00
   219    0.5249045213E+00
   220    0.5368692417E+00
   221    0.5280654482E+00
   222    0.5746986509E+00
   223    0.5866915195E+00
   224    0.6623370885E+00
   225    0.7566691520E+00
   226    0.9536897103E+00
   227    0.1353137580E+01
   228    0.1430364466E+01
   229    0.1059955129E+01
   230    0.8529829253E+00
   231    0.9991564573E+00
   232    0.1477120597E+01
   233    0.1600737324E+01
   234    0.1188160980E+01
   235    0.9380641019E+00
   236    0.8939259407E+00
   237    0.9336252522E+00
   238    0.1104405670E+01
   239    0.1344619552E+01
   240    0.1348739596E+01
   241    0.1130339251E+01
   242    0.9806849235E+00
   243    0.9769075857E+00
   244    0.1093578547E+01
   245    0.1156226445E+01
   246    0.1069910907E+01
   247    0.9685524068E+00
   248    0.9130898791E+00
   249    0.8920721790E+00
   250    0.9128747438E+00
   251    0.9777905158E+00
   252    0.1020449064E+01
   253    0.9876998090E+00
   254    0.9488092387E+00
   255    0.9727503057E+00
   256    0.1030779903E+01
   257    0.1041171901E+01
   258    0.1025704916E+01
   259    0.1026584796E+01
   260    0.1027249366E+01
   261    0.1016222689E+01
   262    0.1020537854E+01
   263    0.1020483336E+01
   264    0.9992651844E+00
   265    0.9994947258E+00
   266    0.1021993606E+01
   267    0.1023611569E+01
   268    0.1005446471E+01
   269    0.1009915549E+01
   270    0.1025877245E+01
   271    0.1015695142E+01
   272    0.9991079218E+00
   273    0.1007087948E+01
   274    0.1020783541E+01
   275    0.1015625698E+01
   276    0.1005270323E+01
   277    0.1005619743E+01
   278    0.1009248078E+01
   279    0.1009526553E+01
   280    0.1007787411E+01
   281    0.1005431020E+01
   282    0.1003290028E+01
   283    0.1003605282E+01
   284    0.1005152302E+01
   285    0.1005027949E+01
   286    0.1003713585E+01
   287    0.1003504211E+01
   288    0.1003658701E+01
   289    0.1002966614E+01
   290    0.1002629267E+01
   291    0.1002996566E+01
   292    0.1002809737E+01
   293    0.1002175954E+01
   294    0.1001928256E+01
   295    0.1001912381E+01
   296    0.1001738001E+01
   297    0.1001539172E+01
   298    0.1001424940E+01
   299    0.1001263460E+01
   300    0.1001109692E+01
   301    0.1001045302E+01
   302    0.1001030489E+01
   303    0.1000945128E+01
   304    0.1000788859E+01
   305    0.1000660298E+01
   306    0.1000620237E+01
   307    0.1000571455E+01
   308    0.1000524320E+01
   309    0.1000462616E+01
   310    0.1000383489E+01
   311    0.1000346553E+01
   312    0.1000336241E+01
   313    0.1000303275E+01
   314    0.1000261029E+01
   315    0.1000226387E+01
   316    0.1000206869E+01
   317    0.1000196556E+01
   318    0.1000167535E+01
   319    0.1000138760E+01
   320    0.1000123802E+01
   321    0.1000106890E+01
   322    0.1000090383E+01
   323    0.1000084370E+01
   324    0.1000077377E+01
   325    0.1000063189E+01
   326    0.1000055801E+01
   327    0.1000050583E+01
   328    0.1000043402E+01
   329    0.1000037017E+01
   330    0.1000031713E+01
   331    0.1000027545E+01
   332    0.1000024153E+01
   333    0.1000021419E+01
   334    0.1000018892E+01
   335    0.1000016434E+01
   336    0.1000014005E+01
   337    0.1000011162E+01
   338    0.1000009192E+01
   339    0.1000008326E+01
   340    0.1000007162E+01
   341    0.1000006082E+01
   342    0.1000005704E+01
   343    0.1000005045E+01
   344    0.1000004115E+01
   345    0.1000003249E+01
   346    0.1000002736E+01
   347    0.1000002409E+01
   348    0.1000002074E+01
   349    0.1000001792E+01
   350    0.1000001517E+01
   351    0.1000001252E+01
   352    0.1000000997E+01
   353    0.1000000841E+01
   354    0.1000000735E+01
   355    0.1000000631E+01
   356    0.1000000526E+01
   357    0.1000000430E+01
   358    0.1000000373E+01
   359    0.1000000328E+01
   360    0.1000000272E+01
   361    0.1000000218E+01
   362    0.1000000175E+01
   363    0.1000000140E+01
   364    0.1000000118E+01
   365    0.1000000103E+01
   366    0.1000000089E+01
   367    0.1000000072E+01
   368    0.1000000056E+01
   369    0.1000000044E+01
   370    0.1000000038E+01
   371    0.1000000033E+01
   372    0.1000000028E+01
   373    0.1000000022E+01
   374    0.1000000017E+01
   375    0.1000000014E+01
   376    0.1000000012E+01
   377    0.1000000010E+01
   378    0.1000000008E+01
   379    0.1000000007E+01
   380    0.1000000005E+01
   381    0.1000000004E+01
   382    0.1000000004E+01
   383    0.1000000003E+01
   384    0.1000000002E+01
   385    0.1000000002E+01
   386    0.1000000002E+01
   387    0.1000000001E+01
   388    0.1000000001E+01
   389    0.1000000001E+01
   390    0.1000000001E+01
   391    0.1000000001E+01
   392    0.1000000000E+01
   393    0.1000000000E+01
   394    0.1000000000E+01
   395    0.1000000000E+01
   396    0.1000000000E+01
   397    0.1000000000E+01
   398    0.1000000000E+01
   399    0.1000000000E+01
   400    0.1000000000E+01
   401    0.1000000000E+01
   402    0.1000000000E+01
   403    0.1000000000E+01
   404    0.1000000000E+01
   405    0.1000000000E+01
   406    0.1000000000E+01
   407    0.1000000000E+01
   408    0.1000000000E+01
   409    0.1000000000E+01
   410    0.1000000000E+01
   411    0.1000000000E+01
   412    0.1000000000E+01
   413    0.1000000000E+01
   414    0.1000000000E+01
   415    0.1000000000E+01
   416    0.1000000000E+01
   417    0.1000000000E+01
   418    0.1000000000E+01
   419    0.1000000000E+01
   420    0.1000000000E+01
   421    0.1000000000E+01
   422    0.1000000000E+01
   423    0.1000000000E+01
   424    0.1000000000E+01
   425    0.1000000000E+01
   426    0.1000000000E+01
   427    0.1000000000E+01
   428    0.1000000000E+01
   429    0.1000000000E+01
   430    0.1000000000E+01
   431    0.1000000000E+01
   432    0.1000000000E+01
   433    0.1000000000E+01
   434    0.1000000000E+01
   435    0.1000000000E+01
   436    0.1000000000E+01
   437    0.1000000000E+01
   438    0.1000000000E+01
   439    0.1000000000E+01
   440    0.1000000000E+01
   441    0.1000000000E+01
   442    0.1000000000E+01
   443    0.1000000000E+01
   444    0.1000000000E+01
   445    0.1000000000E+01
   446    0.1000000000E+01
   447    0.1000000000E+01
   448    0.1000000000E+01
   449    0.1000000000E+01
   450    0.1000000000E+01
   451    0.1000000000E+01
   452    0.1000000000E+01
   453    0.1000000000E+01
   454    0.1000000000E+01
   455    0.1000000000E+01
   456    0.1000000000E+01
   457    0.1000000000E+01
   458    0.1000000000E+01
   459    0.1000000000E+01
   460    0.1000000000E+01
   461    0.1000000000E+01
   462    0.1000000000E+01
   463    0.1000000000E+01
   464    0.1000000000E+01
   465    0.1000000000E+01
   466    0.1000000000E+01
   467    0.1000000000E+01
   468    0.1000000000E+01
   469    0.1000000000E+01
   470    0.1000000000E+01
   471    0.1000000000E+01
   472    0.1000000000E+01
   473    0.1000000000E+01
   474    0.1000000000E+01
   475    0.1000000000E+01
   476    0.1000000000E+01
   477    0.1000000000E+01
   478    0.1000000000E+01
   479    0.1000000000E+01
   480    0.1000000000E+01
   481    0.1000000000E+01
   482    0.1000000000E+01
   483    0.1000000000E+01
   484    0.1000000000E+01
   485    0.1000000000E+01
   486    0.1000000000E+01
   487    0.1000000000E+01
   488    0.1000000000E+01
   489    0.1000000000E+01
   490    0.1000000000E+01
   491    0.1000000000E+01
   492    0.1000000000E+01
   493    0.1000000000E+01
   494    0.1000000000E+01
   495    0.1000000000E+01
   496    0.1000000000E+01
   497    0.1000000000E+01
   498    0.1000000000E+01
   499    0.9589843750E+00
   500    0.6987304688E+00
   501    0.2567138672E+00
   502    0.6417846680E-01
