    -1    0.1633780849E-01
     0    0.2776791672E+00
     1    0.7806358774E+00
     2    0.8278779922E+00
     3    0.7793266190E+00
     4    0.9769516859E+00
     5    0.1140462005E+01
     6    0.1038783090E+01
     7    0.1397403925E+01
     8    0.1745104691E+01
     9    0.1297460689E+01
    10    0.1138458114E+01
    11    0.1100670410E+01
    12    0.9368178972E+00
    13    0.7037675377E+00
    14    0.6952947424E+00
    15    0.8723542133E+00
    16    0.9398279946E+00
    17    0.6326435329E+00
    18    0.7192346812E+00
    19    0.8112650106E+00
    20    0.7939791018E+00
    21    0.6921437038E+00
    22    0.6486042220E+00
    23    0.7023644900E+00
    24    0.5518025589E+00
    25    0.3674558382E+00
    26    0.5139686221E+00
    27    0.6909780971E+00
    28    0.7094081417E+00
    29    0.4087736948E+00
    30    0.4884981414E+00
    31    0.5435615505E+00
    32    0.3310103608E+00
    33    0.2973173339E+00
    34    0.6564740970E+00
    35    0.8308544317E+00
    36    0.7629424829E+00
    37    0.7274111481E+00
    38    0.6553556604E+00
    39    0.5550068884E+00
    40    0.6433474276E+00
    41    0.1276222279E+01
    42    0.1403280290E+01
    43    0.1040158357E+01
    44    0.1072230437E+01
    45    0.1206022202E+01
    46    0.1174195836E+01
    47    0.1160958298E+01
    48    0.9518672706E+00
    49    0.9441358682E+00
    50    0.1136213951E+01
    51    0.1126809359E+01
    52    0.1183341141E+01
    53    0.1165119177E+01
    54    0.7991091852E+00
    55    0.6909961945E+00
    56    0.7851698172E+00
    57    0.7686261752E+00
    58    0.8248560495E+00
    59    0.8054530862E+00
    60    0.7442373732E+00
    61    0.6952395191E+00
    62    0.7732017980E+00
    63    0.8733683284E+00
    64    0.7605250292E+00
    65    0.8182217615E+00
    66    0.8666197773E+00
    67    0.9264386255E+00
    68    0.8346259673E+00
    69    0.7700263772E+00
    70    0.9313623785E+00
    71    0.1304001590E+01
    72    0.1392272229E+01
    73    0.1302077904E+01
    74    0.9605713059E+00
    75    0.7161047177E+00
    76    0.6676238059E+00
    77    0.7346480876E+00
    78    0.6905062714E+00
    79    0.8143588128E+00
    80    0.9579768523E+00
    81    0.1119706700E+01
    82    0.1112983722E+01
    83    0.1165705687E+01
    84    0.1216250058E+01
    85    0.9799516261E+00
    86    0.9632451517E+00
    87    0.9520020639E+00
    88    0.9330799737E+00
    89    0.9287836012E+00
    90    0.7492913530E+00
    91    0.6345365003E+00
    92    0.5831045548E+00
    93    0.8935187512E+00
    94    0.8918673482E+00
    95    0.8119343602E+00
    96    0.8810312028E+00
    97    0.8491222444E+00
    98    0.9090790979E+00
    99    0.7916995863E+00
   100    0.7512764605E+00
   101    0.7838046890E+00
   102    0.7638723218E+00
   103    0.8344353434E+00
   104    0.6364053338E+00
   105    0.5408805115E+00
   106    0.1040694200E+01
   107    0.1269997015E+01
   108    0.9092582794E+00
   109    0.6910495349E+00
   110    0.6315225397E+00
   111    0.7283297873E+00
   112    0.1083803839E+01
   113    0.1397890658E+01
   114    0.1240671978E+01
   115    0.7711380999E+00
   116    0.7758771123E+00
   117    0.7780698184E+00
   118    0.9647306586E+00
   119    0.9618786857E+00
   120    0.1050245967E+01
   121    0.1247999030E+01
   122    0.1174293490E+01
   123    0.9467722256E+00
   124    0.8380036891E+00
   125    0.6816436974E+00
   126    0.7898631005E+00
   127    0.9733578190E+00
   128    0.9727960957E+00
   129    0.8312241050E+00
   130    0.6343501764E+00
   131    0.6540002711E+00
   132    0.1140194105E+01
   133    0.1113024831E+01
   134    0.9659482101E+00
   135    0.9812480036E+00
   136    0.7637522717E+00
   137    0.6718593281E+00
   138    0.9490514840E+00
   139    0.9525615877E+00
   140    0.8276137451E+00
   141    0.9835964224E+00
   142    0.1006713626E+01
   143    0.1018112885E+01
   144    0.7411376943E+00
   145    0.6249396100E+00
   146    0.8121311262E+00
   147    0.9311791666E+00
   148    0.8123160150E+00
   149    0.7770741260E+00
   150    0.1103732902E+01
   151    0.1199572990E+01
   152    0.1040851889E+01
   153    0.9735904805E+00
   154    0.1099486851E+01
   155    0.1234874126E+01
   156    0.1072135769E+01
   157    0.8474341299E+00
   158    0.8178699266E+00
   159    0.9531099781E+00
   160    0.1075781340E+01
   161    0.9654216027E+00
   162    0.8205802172E+00
   163    0.7809870176E+00
   164    0.8354423342E+00
   165    0.6883641305E+00
   166    0.7307596686E+00
   167    0.9508800919E+00
   168    0.7974308526E+00
   169    0.6380548860E+00
   170    0.7231245955E+00
   171    0.8055513450E+00
   172    0.7416264422E+00
   173    0.6899048691E+00
   174    0.5818705437E+00
   175    0.5490829490E+00
   176    0.7842574576E+00
   177    0.7499270284E+00
   178    0.5977868285E+00
   179    0.4825906028E+00
   180    0.6326117955E+00
   181    0.7748423933E+00
   182    0.6649260782E+00
   183    0.4459838208E+00
   184    0.5357541958E+00
   185    0.6501803831E+00
   186    0.6373819748E+00
   187    0.4848827224E+00
   188    0.4726417265E+00
   189    0.6424458109E+00
   190    0.7954824154E+00
   191    0.8326338177E+00
   192    0.7129345098E+00
   193    0.8458996056E+00
   194    0.1154220136E+01
   195    0.1404822580E+01
   196    0.1337933537E+01
   197    0.1504361888E+01
   198    0.1457429704E+01
   199    0.1243586414E+01
   200    0.1636121330E+01
   201    0.1863716348E+01
   202    0.1568650420E+01
   203    0.1111893383E+01
   204    0.9358370768E+00
   205    0.8376900440E+00
   206    0.7676670813E+00
   207    0.9601260987E+00
   208    0.1352932929E+01
   209    0.1430604946E+01
   210    0.1014890394E+01
   211    0.7525559260E+00
   212    0.6758912309E+00
   213    0.6517890134E+00
   214    0.7223056110E+00
   215    0.7325382225E+00
   216    0.6748545273E+00
   217    0.6343781263E+00
   218    0.6522728981E+00
   219    0.6429849938E+00
   220    0.6487921406E+00
   221    0.7492426850E+00
   222    0.7872579738E+00
   223    0.6721039601E+00
   224    0.6007660485E+00
   225    0.6399909411E+00
   226    0.8365264681E+00
   227    0.9531817723E+00
   228    0.8458553149E+00
   229    0.6966737453E+00
   230    0.6333486993E+00
   231    0.6633164958E+00
   232    0.7851850263E+00
   233    0.8584441588E+00
   234    0.9232595218E+00
   235    0.9883595935E+00
   236    0.9932961200E+00
   237    0.1159825133E+01
   238    0.1377794760E+01
   239    0.1182208924E+01
   240    0.9656339063E+00
   241    0.1016788111E+01
   242    0.1112755837E+01
   243    0.1062734073E+01
   244    0.1002509718E+01
   245    0.1026198124E+01
   246    0.1067514035E+01
   247    0.1024750333E+01
   248    0.9892695012E+00
   249    0.1052207659E+01
   250    0.1066905632E+01
   251    0.9996044211E+00
   252    0.1007546498E+01
   253    0.1064628904E+01
   254    0.1069759113E+01
   255    0.1028392540E+01
   256    0.9664868613E+00
   257    0.9196384205E+00
   258    0.9322235500E+00
   259    0.9941879625E+00
   260    0.1018373981E+01
   261    0.9746362525E+00
   262    0.9370260925E+00
   263    0.9607217241E+00
   264    0.1024277910E+01
   265    0.1047349759E+01
   266    0.1036114901E+01
   267    0.1044617380E+01
   268    0.1029850382E+01
   269    0.1017609120E+01
   270    0.1031387786E+01
   271    0.1018572386E+01
   272    0.9965384757E+00
   273    0.1011744251E+01
   274    0.1032587662E+01
   275    0.1015674566E+01
   276    0.9990484514E+00
   277    0.1009908478E+01
   278    0.1020680302E+01
   279    0.1009069222E+01
   280    0.9998115214E+00
   281    0.1010460910E+01
   282    0.1019755484E+01
   283    0.1010453338E+01
   284    0.1003513533E+01
   285    0.1004454825E+01
   286    0.1007157173E+01
   287    0.1008065667E+01
   288    0.1007366278E+01
   289    0.1005986180E+01
   290    0.1004384754E+01
   291    0.1004033123E+01
   292    0.1004782789E+01
   293    0.1004853752E+01
   294    0.1004007135E+01
   295    0.1003611841E+01
   296    0.1003613263E+01
   297    0.1003186910E+01
   298    0.1002758177E+01
   299    0.1002900998E+01
   300    0.1002783449E+01
   301    0.1002315541E+01
   302    0.1002011550E+01
   303    0.1001934308E+01
   304    0.1001781283E+01
   305    0.1001589651E+01
   306    0.1001456358E+01
   307    0.1001307168E+01
   308    0.1001159332E+01
   309    0.1001068223E+01
   310    0.1001029089E+01
   311    0.1000954960E+01
   312    0.1000822538E+01
   313    0.1000693806E+01
   314    0.1000633734E+01
   315    0.1000586412E+01
   316    0.1000533872E+01
   317    0.1000476992E+01
   318    0.1000404421E+01
   319    0.1000357163E+01
   320    0.1000338921E+01
   321    0.1000309951E+01
   322    0.1000269358E+01
   323    0.1000233539E+01
   324    0.1000209748E+01
   325    0.1000197373E+01
   326    0.1000172731E+01
   327    0.1000143774E+01
   328    0.1000127166E+01
   329    0.1000111289E+01
   330    0.1000094054E+01
   331    0.1000085402E+01
   332    0.1000079262E+01
   333    0.1000066091E+01
   334    0.1000057056E+01
   335    0.1000051802E+01
   336    0.1000044706E+01
   337    0.1000038280E+01
   338    0.1000032918E+01
   339    0.1000028477E+01
   340    0.1000024856E+01
   341    0.1000021934E+01
   342    0.1000019369E+01
   343    0.1000016742E+01
   344    0.1000014469E+01
   345    0.1000011817E+01
   346    0.1000009659E+01
   347    0.1000008577E+01
   348    0.1000007481E+01
   349    0.1000006312E+01
   350    0.1000005741E+01
   351    0.1000005135E+01
   352    0.1000004266E+01
   353    0.1000003421E+01
   354    0.1000002844E+01
   355    0.1000002488E+01
   356    0.1000002137E+01
   357    0.1000001841E+01
   358    0.1000001564E+01
   359    0.1000001307E+01
   360    0.1000001052E+01
   361    0.1000000877E+01
   362    0.1000000760E+01
   363    0.1000000652E+01
   364    0.1000000549E+01
   365    0.1000000449E+01
   366    0.1000000383E+01
   367    0.1000000335E+01
   368    0.1000000282E+01
   369    0.1000000228E+01
   370    0.1000000184E+01
   371    0.1000000148E+01
   372    0.1000000123E+01
   373    0.1000000106E+01
   374    0.1000000091E+01
   375    0.1000000075E+01
   376    0.1000000059E+01
   377    0.1000000047E+01
   378    0.1000000040E+01
   379    0.1000000034E+01
   380    0.1000000029E+01
   381    0.1000000023E+01
   382    0.1000000018E+01
   383    0.1000000015E+01
   384    0.1000000012E+01
   385    0.1000000010E+01
   386    0.1000000008E+01
   387    0.1000000007E+01
   388    0.1000000006E+01
   389    0.1000000004E+01
   390    0.1000000004E+01
   391    0.1000000003E+01
   392    0.1000000002E+01
   393    0.1000000002E+01
   394    0.1000000002E+01
   395    0.1000000001E+01
   396    0.1000000001E+01
   397    0.1000000001E+01
   398    0.1000000001E+01
   399    0.1000000001E+01
   400    0.1000000000E+01
   401    0.1000000000E+01
   402    0.1000000000E+01
   403    0.1000000000E+01
   404    0.1000000000E+01
   405    0.1000000000E+01
   406    0.1000000000E+01
   407    0.1000000000E+01
   408    0.1000000000E+01
   409    0.1000000000E+01
   410    0.1000000000E+01
   411    0.1000000000E+01
   412    0.1000000000E+01
   413    0.1000000000E+01
   414    0.1000000000E+01
   415    0.1000000000E+01
   416    0.1000000000E+01
   417    0.1000000000E+01
   418    0.1000000000E+01
   419    0.1000000000E+01
   420    0.1000000000E+01
   421    0.1000000000E+01
   422    0.1000000000E+01
   423    0.1000000000E+01
   424    0.1000000000E+01
   425    0.1000000000E+01
   426    0.1000000000E+01
   427    0.1000000000E+01
   428    0.1000000000E+01
   429    0.1000000000E+01
   430    0.1000000000E+01
   431    0.1000000000E+01
   432    0.1000000000E+01
   433    0.1000000000E+01
   434    0.1000000000E+01
   435    0.1000000000E+01
   436    0.1000000000E+01
   437    0.1000000000E+01
   438    0.1000000000E+01
   439    0.1000000000E+01
   440    0.1000000000E+01
   441    0.1000000000E+01
   442    0.1000000000E+01
   443    0.1000000000E+01
   444    0.1000000000E+01
   445    0.1000000000E+01
   446    0.1000000000E+01
   447    0.1000000000E+01
   448    0.1000000000E+01
   449    0.1000000000E+01
   450    0.1000000000E+01
   451    0.1000000000E+01
   452    0.1000000000E+01
   453    0.1000000000E+01
   454    0.1000000000E+01
   455    0.1000000000E+01
   456    0.1000000000E+01
   457    0.1000000000E+01
   458    0.1000000000E+01
   459    0.1000000000E+01
   460    0.1000000000E+01
   461    0.1000000000E+01
   462    0.1000000000E+01
   463    0.1000000000E+01
   464    0.1000000000E+01
   465    0.1000000000E+01
   466    0.1000000000E+01
   467    0.1000000000E+01
   468    0.1000000000E+01
   469    0.1000000000E+01
   470    0.1000000000E+01
   471    0.1000000000E+01
   472    0.1000000000E+01
   473    0.1000000000E+01
   474    0.1000000000E+01
   475    0.1000000000E+01
   476    0.1000000000E+01
   477    0.1000000000E+01
   478    0.1000000000E+01
   479    0.1000000000E+01
   480    0.1000000000E+01
   481    0.1000000000E+01
   482    0.1000000000E+01
   483    0.1000000000E+01
   484    0.1000000000E+01
   485    0.1000000000E+01
   486    0.1000000000E+01
   487    0.1000000000E+01
   488    0.1000000000E+01
   489    0.1000000000E+01
   490    0.1000000000E+01
   491    0.1000000000E+01
   492    0.1000000000E+01
   493    0.1000000000E+01
   494    0.1000000000E+01
   495    0.1000000000E+01
   496    0.1000000000E+01
   497    0.1000000000E+01
   498    0.1000000000E+01
   499    0.9589843750E+00
   500    0.6987304688E+00
   501    0.2567138672E+00
   502    0.6417846680E-01
