    -1    0.3280302210E-01
     0    0.2728131532E+00
     1    0.7890440867E+00
     2    0.1216113382E+01
     3    0.1298589702E+01
     4    0.1002389409E+01
     5    0.7416787893E+00
     6    0.6179420663E+00
     7    0.6508735551E+00
     8    0.7263820836E+00
     9    0.8888751704E+00
    10    0.7344687018E+00
    11    0.7745211085E+00
    12    0.7627436401E+00
    13    0.6873013177E+00
    14    0.6674411329E+00
    15    0.8037131263E+00
    16    0.8951526756E+00
    17    0.9665504238E+00
    18    0.1136747969E+01
    19    0.1153525475E+01
    20    0.9158478693E+00
    21    0.5807347981E+00
    22    0.4983254517E+00
    23    0.7280606523E+00
    24    0.9321027498E+00
    25    0.9390411369E+00
    26    0.1000827506E+01
    27    0.9612299506E+00
    28    0.8376970046E+00
    29    0.9467428363E+00
    30    0.1180453104E+01
    31    0.1134089420E+01
    32    0.8815233821E+00
    33    0.9987800339E+00
    34    0.9518655630E+00
    35    0.5810930518E+00
    36    0.5939783490E+00
    37    0.8361071490E+00
    38    0.8372590408E+00
    39    0.1005508784E+01
    40    0.1148055064E+01
    41    0.1125224657E+01
    42    0.1050155613E+01
    43    0.8407753098E+00
    44    0.7609786854E+00
    45    0.9165921116E+00
    46    0.1123463231E+01
    47    0.9628878218E+00
    48    0.9532783379E+00
    49    0.1082368896E+01
    50    0.1245337953E+01
    51    0.1281509136E+01
    52    0.1117168150E+01
    53    0.8475843035E+00
    54    0.6363904867E+00
    55    0.6736638970E+00
    56    0.1036030173E+01
    57    0.1109596270E+01
    58    0.1047104916E+01
    59    0.9226215782E+00
    60    0.7907318532E+00
    61    0.5027153832E+00
    62    0.5518257716E+00
    63    0.5960552237E+00
    64    0.7662170308E+00
    65    0.8419434389E+00
    66    0.8320267329E+00
    67    0.8941490543E+00
    68    0.1104223638E+01
    69    0.1108975640E+01
    70    0.6821704947E+00
    71    0.8170891644E+00
    72    0.1216997273E+01
    73    0.1271322575E+01
    74    0.1036200643E+01
    75    0.1016207405E+01
    76    0.1148828627E+01
    77    0.1138280194E+01
    78    0.9202070452E+00
    79    0.8658390433E+00
    80    0.7494556287E+00
    81    0.8430295152E+00
    82    0.7694913602E+00
    83    0.6215964006E+00
    84    0.7793050722E+00
    85    0.9255806919E+00
    86    0.5623374843E+00
    87    0.5089536931E+00
    88    0.9221418492E+00
    89    0.1109009562E+01
    90    0.1296741451E+01
    91    0.1412832597E+01
    92    0.1144137228E+01
    93    0.7628285344E+00
    94    0.8746629276E+00
    95    0.1198520063E+01
    96    0.1276552145E+01
    97    0.1069630470E+01
    98    0.1108553438E+01
    99    0.1297107819E+01
   100    0.1292238547E+01
   101    0.9865358849E+00
   102    0.6999487792E+00
   103    0.8271070787E+00
   104    0.8651346000E+00
   105    0.9270431711E+00
   106    0.1096165773E+01
   107    0.1193175451E+01
   108    0.1080291992E+01
   109    0.9113969758E+00
   110    0.8301977220E+00
   111    0.8120217454E+00
   112    0.8315123198E+00
   113    0.9122398511E+00
   114    0.9392224408E+00
   115    0.8935421649E+00
   116    0.8024958973E+00
   117    0.7911055960E+00
   118    0.9587233043E+00
   119    0.8491651607E+00
   120    0.8302363489E+00
   121    0.7196571389E+00
   122    0.5936146904E+00
   123    0.8376808249E+00
   124    0.8615801194E+00
   125    0.6870307005E+00
   126    0.5061322889E+00
   127    0.6444736906E+00
   128    0.1037221816E+01
   129    0.1173120470E+01
   130    0.9806635124E+00
   131    0.5733772093E+00
   132    0.5509413144E+00
   133    0.8289070061E+00
   134    0.8232500812E+00
   135    0.8708421562E+00
   136    0.1027222471E+01
   137    0.1098694184E+01
   138    0.9997686207E+00
   139    0.1165579420E+01
   140    0.1169628555E+01
   141    0.1018575853E+01
   142    0.8170215275E+00
   143    0.1119144154E+01
   144    0.1275518214E+01
   145    0.1200960349E+01
   146    0.1213793466E+01
   147    0.9820808852E+00
   148    0.7155973709E+00
   149    0.9187867095E+00
   150    0.1252882796E+01
   151    0.1386491415E+01
   152    0.1319606857E+01
   153    0.1316436710E+01
   154    0.1073084721E+01
   155    0.8579500495E+00
   156    0.6271598616E+00
   157    0.6704795040E+00
   158    0.6503628935E+00
   159    0.4939210963E+00
   160    0.4423429540E+00
   161    0.5992963317E+00
   162    0.7813672230E+00
   163    0.8069771561E+00
   164    0.5781007747E+00
   165    0.4322355546E+00
   166    0.4188204028E+00
   167    0.4428770105E+00
   168    0.3771045958E+00
   169    0.4965879773E+00
   170    0.6506115073E+00
   171    0.7956695851E+00
   172    0.7117334573E+00
   173    0.5282894906E+00
   174    0.4708279538E+00
   175    0.5513534732E+00
   176    0.7499187047E+00
   177    0.9820153866E+00
   178    0.8164133431E+00
   179    0.7623447979E+00
   180    0.1096689849E+01
   181    0.1590160480E+01
   182    0.1432516383E+01
   183    0.1419093902E+01
   184    0.1206566498E+01
   185    0.1230568855E+01
   186    0.1251552680E+01
   187    0.1245294452E+01
   188    0.1415965202E+01
   189    0.1151210564E+01
   190    0.1047051988E+01
   191    0.1218292523E+01
   192    0.1006779111E+01
   193    0.7822164342E+00
   194    0.1023745297E+01
   195    0.1310319087E+01
   196    0.1129516584E+01
   197    0.9723012657E+00
   198    0.8738969043E+00
   199    0.6309794856E+00
   200    0.6101163002E+00
   201    0.8274343625E+00
   202    0.7494913755E+00
   203    0.7347646944E+00
   204    0.8403209411E+00
   205    0.8967616881E+00
   206    0.8124410425E+00
   207    0.8574344704E+00
   208    0.1162396972E+01
   209    0.1243246417E+01
   210    0.9048177430E+00
   211    0.7131773799E+00
   212    0.7133368789E+00
   213    0.8020427165E+00
   214    0.9045645815E+00
   215    0.9362431362E+00
   216    0.9316184804E+00
   217    0.1017389216E+01
   218    0.1237797846E+01
   219    0.1335606615E+01
   220    0.1040807541E+01
   221    0.8531924143E+00
   222    0.7888960045E+00
   223    0.8533192751E+00
   224    0.1114855796E+01
   225    0.1277705082E+01
   226    0.1053154982E+01
   227    0.7796279551E+00
   228    0.6430664594E+00
   229    0.6527164849E+00
   230    0.7720783238E+00
   231    0.9897446415E+00
   232    0.1053737172E+01
   233    0.9274715687E+00
   234    0.8114275154E+00
   235    0.7231977762E+00
   236    0.7423014828E+00
   237    0.8372488031E+00
   238    0.8820240128E+00
   239    0.9126081129E+00
   240    0.1031652696E+01
   241    0.1041068955E+01
   242    0.1053175688E+01
   243    0.1167456168E+01
   244    0.1125397895E+01
   245    0.1040410459E+01
   246    0.9741600889E+00
   247    0.8994664160E+00
   248    0.8963208721E+00
   249    0.9988921019E+00
   250    0.1043900106E+01
   251    0.9760465911E+00
   252    0.9984933705E+00
   253    0.1066699392E+01
   254    0.9981659680E+00
   255    0.9117540415E+00
   256    0.9472049025E+00
   257    0.1033440027E+01
   258    0.9988564835E+00
   259    0.9216448256E+00
   260    0.9380738090E+00
   261    0.1005119969E+01
   262    0.1018904663E+01
   263    0.1030448605E+01
   264    0.1006842287E+01
   265    0.9639671711E+00
   266    0.9959797898E+00
   267    0.1054104850E+01
   268    0.1016467892E+01
   269    0.9518299019E+00
   270    0.9653625948E+00
   271    0.1031665324E+01
   272    0.1044705273E+01
   273    0.1013146539E+01
   274    0.1022783466E+01
   275    0.1035736013E+01
   276    0.1017627030E+01
   277    0.1017524069E+01
   278    0.1021399188E+01
   279    0.1008653295E+01
   280    0.1006712807E+01
   281    0.1017567897E+01
   282    0.1017373991E+01
   283    0.1008085876E+01
   284    0.1007077793E+01
   285    0.1012521606E+01
   286    0.1011952337E+01
   287    0.1005812711E+01
   288    0.1006835406E+01
   289    0.1015004862E+01
   290    0.1013917372E+01
   291    0.1006557114E+01
   292    0.1004658674E+01
   293    0.1005797688E+01
   294    0.1007126587E+01
   295    0.1007316875E+01
   296    0.1006637416E+01
   297    0.1005541767E+01
   298    0.1004579381E+01
   299    0.1004530379E+01
   300    0.1004790160E+01
   301    0.1004494860E+01
   302    0.1003877104E+01
   303    0.1003660186E+01
   304    0.1003486206E+01
   305    0.1003053607E+01
   306    0.1002845132E+01
   307    0.1002845898E+01
   308    0.1002593852E+01
   309    0.1002207310E+01
   310    0.1002006681E+01
   311    0.1001897977E+01
   312    0.1001722926E+01
   313    0.1001543940E+01
   314    0.1001413459E+01
   315    0.1001268566E+01
   316    0.1001134110E+01
   317    0.1001058972E+01
   318    0.1001002224E+01
   319    0.1000902398E+01
   320    0.1000778152E+01
   321    0.1000676068E+01
   322    0.1000623899E+01
   323    0.1000568143E+01
   324    0.1000515368E+01
   325    0.1000453816E+01
   326    0.1000389137E+01
   327    0.1000352325E+01
   328    0.1000330852E+01
   329    0.1000294533E+01
   330    0.1000255573E+01
   331    0.1000224654E+01
   332    0.1000204778E+01
   333    0.1000187952E+01
   334    0.1000160744E+01
   335    0.1000137545E+01
   336    0.1000122354E+01
   337    0.1000105176E+01
   338    0.1000090964E+01
   339    0.1000083830E+01
   340    0.1000074442E+01
   341    0.1000062445E+01
   342    0.1000055439E+01
   343    0.1000049077E+01
   344    0.1000042336E+01
   345    0.1000036413E+01
   346    0.1000031317E+01
   347    0.1000027235E+01
   348    0.1000023829E+01
   349    0.1000020978E+01
   350    0.1000018280E+01
   351    0.1000015866E+01
   352    0.1000013495E+01
   353    0.1000011062E+01
   354    0.1000009334E+01
   355    0.1000008282E+01
   356    0.1000007083E+01
   357    0.1000006080E+01
   358    0.1000005521E+01
   359    0.1000004769E+01
   360    0.1000003933E+01
   361    0.1000003202E+01
   362    0.1000002729E+01
   363    0.1000002365E+01
   364    0.1000002023E+01
   365    0.1000001732E+01
   366    0.1000001467E+01
   367    0.1000001217E+01
   368    0.1000000990E+01
   369    0.1000000839E+01
   370    0.1000000724E+01
   371    0.1000000615E+01
   372    0.1000000511E+01
   373    0.1000000424E+01
   374    0.1000000364E+01
   375    0.1000000314E+01
   376    0.1000000261E+01
   377    0.1000000211E+01
   378    0.1000000171E+01
   379    0.1000000140E+01
   380    0.1000000117E+01
   381    0.1000000100E+01
   382    0.1000000085E+01
   383    0.1000000069E+01
   384    0.1000000055E+01
   385    0.1000000045E+01
   386    0.1000000038E+01
   387    0.1000000032E+01
   388    0.1000000027E+01
   389    0.1000000022E+01
   390    0.1000000017E+01
   391    0.1000000014E+01
   392    0.1000000012E+01
   393    0.1000000009E+01
   394    0.1000000008E+01
   395    0.1000000006E+01
   396    0.1000000005E+01
   397    0.1000000004E+01
   398    0.1000000003E+01
   399    0.1000000003E+01
   400    0.1000000002E+01
   401    0.1000000002E+01
   402    0.1000000001E+01
   403    0.1000000001E+01
   404    0.1000000001E+01
   405    0.1000000001E+01
   406    0.1000000001E+01
   407    0.1000000000E+01
   408    0.1000000000E+01
   409    0.1000000000E+01
   410    0.1000000000E+01
   411    0.1000000000E+01
   412    0.1000000000E+01
   413    0.1000000000E+01
   414    0.1000000000E+01
   415    0.1000000000E+01
   416    0.1000000000E+01
   417    0.1000000000E+01
   418    0.1000000000E+01
   419    0.1000000000E+01
   420    0.1000000000E+01
   421    0.1000000000E+01
   422    0.1000000000E+01
   423    0.1000000000E+01
   424    0.1000000000E+01
   425    0.1000000000E+01
   426    0.1000000000E+01
   427    0.1000000000E+01
   428    0.1000000000E+01
   429    0.1000000000E+01
   430    0.1000000000E+01
   431    0.1000000000E+01
   432    0.1000000000E+01
   433    0.1000000000E+01
   434    0.1000000000E+01
   435    0.1000000000E+01
   436    0.1000000000E+01
   437    0.1000000000E+01
   438    0.1000000000E+01
   439    0.1000000000E+01
   440    0.1000000000E+01
   441    0.1000000000E+01
   442    0.1000000000E+01
   443    0.1000000000E+01
   444    0.1000000000E+01
   445    0.1000000000E+01
   446    0.1000000000E+01
   447    0.1000000000E+01
   448    0.1000000000E+01
   449    0.1000000000E+01
   450    0.1000000000E+01
   451    0.1000000000E+01
   452    0.1000000000E+01
   453    0.1000000000E+01
   454    0.1000000000E+01
   455    0.1000000000E+01
   456    0.1000000000E+01
   457    0.1000000000E+01
   458    0.1000000000E+01
   459    0.1000000000E+01
   460    0.1000000000E+01
   461    0.1000000000E+01
   462    0.1000000000E+01
   463    0.1000000000E+01
   464    0.1000000000E+01
   465    0.1000000000E+01
   466    0.1000000000E+01
   467    0.1000000000E+01
   468    0.1000000000E+01
   469    0.1000000000E+01
   470    0.1000000000E+01
   471    0.1000000000E+01
   472    0.1000000000E+01
   473    0.1000000000E+01
   474    0.1000000000E+01
   475    0.1000000000E+01
   476    0.1000000000E+01
   477    0.1000000000E+01
   478    0.1000000000E+01
   479    0.1000000000E+01
   480    0.1000000000E+01
   481    0.1000000000E+01
   482    0.1000000000E+01
   483    0.1000000000E+01
   484    0.1000000000E+01
   485    0.1000000000E+01
   486    0.1000000000E+01
   487    0.1000000000E+01
   488    0.1000000000E+01
   489    0.1000000000E+01
   490    0.1000000000E+01
   491    0.1000000000E+01
   492    0.1000000000E+01
   493    0.1000000000E+01
   494    0.1000000000E+01
   495    0.1000000000E+01
   496    0.1000000000E+01
   497    0.1000000000E+01
   498    0.1000000000E+01
   499    0.9589843750E+00
   500    0.6987304688E+00
   501    0.2567138672E+00
   502    0.6417846680E-01
