    -1    0.7355105349E-01
     0    0.3921036967E+00
     1    0.7394190243E+00
     2    0.7568406106E+00
     3    0.7720858848E+00
     4    0.6668620560E+00
     5    0.5740753666E+00
     6    0.8846489971E+00
     7    0.1046613916E+01
     8    0.9478932623E+00
     9    0.7545336262E+00
    10    0.6455638698E+00
    11    0.7849457231E+00
    12    0.9687507510E+00
    13    0.1036112474E+01
    14    0.8460382644E+00
    15    0.7705790710E+00
    16    0.9681298129E+00
    17    0.1112655672E+01
    18    0.1170351733E+01
    19    0.1104068743E+01
    20    0.9081691163E+00
    21    0.1222367228E+01
    22    0.1558634266E+01
    23    0.1161484421E+01
    24    0.6927184264E+00
    25    0.6105951169E+00
    26    0.8477363781E+00
    27    0.1044760754E+01
    28    0.1182455720E+01
    29    0.1242040504E+01
    30    0.9691357649E+00
    31    0.9620744601E+00
    32    0.7621402875E+00
    33    0.7205105226E+00
    34    0.9746113674E+00
    35    0.1117875406E+01
    36    0.9125152710E+00
    37    0.7919477496E+00
    38    0.7025683323E+00
    39    0.7331206266E+00
    40    0.9063133749E+00
    41    0.8779392911E+00
    42    0.7505879347E+00
    43    0.8157225157E+00
    44    0.7144152249E+00
    45    0.7616079487E+00
    46    0.8750498008E+00
    47    0.7329337430E+00
    48    0.5534818490E+00
    49    0.8255194091E+00
    50    0.1121225037E+01
    51    0.1121061746E+01
    52    0.9872756662E+00
    53    0.9996831427E+00
    54    0.9967343728E+00
    55    0.9774111061E+00
    56    0.9264898209E+00
    57    0.8996582835E+00
    58    0.6660942515E+00
    59    0.5225426906E+00
    60    0.6783185627E+00
    61    0.9223517916E+00
    62    0.9147265479E+00
    63    0.9495672612E+00
    64    0.1089818646E+01
    65    0.1070995740E+01
    66    0.1365701329E+01
    67    0.1562471730E+01
    68    0.1444684128E+01
    69    0.1505340527E+01
    70    0.1308723384E+01
    71    0.1261627793E+01
    72    0.9295660683E+00
    73    0.6838885465E+00
    74    0.6900234610E+00
    75    0.9245896621E+00
    76    0.7815971281E+00
    77    0.7814681482E+00
    78    0.9335774869E+00
    79    0.8315431569E+00
    80    0.8120273000E+00
    81    0.8578109582E+00
    82    0.8804164237E+00
    83    0.5662097393E+00
    84    0.2941805614E+00
    85    0.4131389483E+00
    86    0.6011224088E+00
    87    0.7998479908E+00
    88    0.8370047434E+00
    89    0.8314306157E+00
    90    0.5504857921E+00
    91    0.4265607406E+00
    92    0.5316635432E+00
    93    0.5517299002E+00
    94    0.6724751846E+00
    95    0.9683925356E+00
    96    0.1316135624E+01
    97    0.1398578309E+01
    98    0.1014428250E+01
    99    0.9815408336E+00
   100    0.1124974135E+01
   101    0.1283818651E+01
   102    0.1076654683E+01
   103    0.1024426920E+01
   104    0.1078499731E+01
   105    0.9457283856E+00
   106    0.7760987312E+00
   107    0.1102781180E+01
   108    0.1525835184E+01
   109    0.1311283523E+01
   110    0.1391324855E+01
   111    0.1406724726E+01
   112    0.1076878860E+01
   113    0.9435624068E+00
   114    0.9560776231E+00
   115    0.1145953449E+01
   116    0.1078246523E+01
   117    0.9942332829E+00
   118    0.7156620759E+00
   119    0.7764731453E+00
   120    0.8795724952E+00
   121    0.6816935465E+00
   122    0.5063358744E+00
   123    0.6929802186E+00
   124    0.6367645439E+00
   125    0.5763109256E+00
   126    0.6361525363E+00
   127    0.6677184946E+00
   128    0.6500573085E+00
   129    0.5300435343E+00
   130    0.5219107097E+00
   131    0.5408682462E+00
   132    0.6008684458E+00
   133    0.7338060719E+00
   134    0.7660385905E+00
   135    0.6860512079E+00
   136    0.8714974521E+00
   137    0.1028629268E+01
   138    0.8949365301E+00
   139    0.8239901049E+00
   140    0.9995822997E+00
   141    0.1160179493E+01
   142    0.8967915815E+00
   143    0.9206138994E+00
   144    0.1250304003E+01
   145    0.1227106807E+01
   146    0.1279910041E+01
   147    0.1808506695E+01
   148    0.1947432324E+01
   149    0.1449416516E+01
   150    0.9704417129E+00
   151    0.9788638918E+00
   152    0.1092366560E+01
   153    0.1008618659E+01
   154    0.8001253957E+00
   155    0.7581280953E+00
   156    0.7475352847E+00
   157    0.9436272084E+00
   158    0.1035849487E+01
   159    0.9373374503E+00
   160    0.8030305492E+00
   161    0.7211198046E+00
   162    0.7330869647E+00
   163    0.6902876862E+00
   164    0.6704208774E+00
   165    0.7489832349E+00
   166    0.7478588010E+00
   167    0.7245683092E+00
   168    0.5821748805E+00
   169    0.5675281690E+00
   170    0.6322130972E+00
   171    0.7036539132E+00
   172    0.7352547990E+00
   173    0.7053768736E+00
   174    0.5605355879E+00
   175    0.5523974987E+00
   176    0.8129087811E+00
   177    0.7771451860E+00
   178    0.5004649491E+00
   179    0.3764314345E+00
   180    0.6061375101E+00
   181    0.1048123274E+01
   182    0.9784609504E+00
   183    0.6106079717E+00
   184    0.5576294546E+00
   185    0.6912680727E+00
   186    0.1149123501E+01
   187    0.1488862250E+01
   188    0.1594874248E+01
   189    0.1385089266E+01
   190    0.1283343250E+01
   191    0.1360705330E+01
   192    0.1536681111E+01
   193    0.1443599766E+01
   194    0.1232839786E+01
   195    0.1195447101E+01
   196    0.1028602034E+01
   197    0.1192891119E+01
   198    0.1283937692E+01
   199    0.8780415385E+00
   200    0.8869735788E+00
   201    0.8644125294E+00
   202    0.1029610427E+01
   203    0.1072576437E+01
   204    0.8480456921E+00
   205    0.8418801489E+00
   206    0.1025647867E+01
   207    0.8604834850E+00
   208    0.7625068460E+00
   209    0.8284197582E+00
   210    0.8673548979E+00
   211    0.8884992404E+00
   212    0.9264831547E+00
   213    0.7342375910E+00
   214    0.5705552201E+00
   215    0.7157737621E+00
   216    0.9098852690E+00
   217    0.7724961831E+00
   218    0.6616071905E+00
   219    0.9763941090E+00
   220    0.1159440343E+01
   221    0.1000846001E+01
   222    0.8929039586E+00
   223    0.7294038143E+00
   224    0.6605059690E+00
   225    0.9990758032E+00
   226    0.1246630624E+01
   227    0.1123242090E+01
   228    0.8387056519E+00
   229    0.6755564348E+00
   230    0.6446072529E+00
   231    0.6893570804E+00
   232    0.8971701592E+00
   233    0.1057973229E+01
   234    0.9658536631E+00
   235    0.8880063434E+00
   236    0.7978774098E+00
   237    0.7740573496E+00
   238    0.8807093838E+00
   239    0.9510363390E+00
   240    0.9023925899E+00
   241    0.9805471056E+00
   242    0.1111753757E+01
   243    0.1067860439E+01
   244    0.1117479657E+01
   245    0.1245472656E+01
   246    0.1210252118E+01
   247    0.1150288655E+01
   248    0.1065932932E+01
   249    0.9491029044E+00
   250    0.9430594302E+00
   251    0.1015293200E+01
   252    0.9928012386E+00
   253    0.9017193685E+00
   254    0.9257444110E+00
   255    0.1002624108E+01
   256    0.9648544292E+00
   257    0.8723409620E+00
   258    0.9033904676E+00
   259    0.1049530258E+01
   260    0.1047390179E+01
   261    0.9505262282E+00
   262    0.9447312662E+00
   263    0.1001102255E+01
   264    0.1010898425E+01
   265    0.1020314539E+01
   266    0.1016819492E+01
   267    0.9784233034E+00
   268    0.9956245478E+00
   269    0.1056256895E+01
   270    0.1034952509E+01
   271    0.9665343980E+00
   272    0.9740895909E+00
   273    0.1037152187E+01
   274    0.1044506889E+01
   275    0.1008567063E+01
   276    0.1015216174E+01
   277    0.1029652738E+01
   278    0.1018081795E+01
   279    0.1016255958E+01
   280    0.1019590721E+01
   281    0.1011109175E+01
   282    0.1008047034E+01
   283    0.1015583000E+01
   284    0.1016381402E+01
   285    0.1009406367E+01
   286    0.1007927966E+01
   287    0.1011766052E+01
   288    0.1011471945E+01
   289    0.1006973102E+01
   290    0.1007163735E+01
   291    0.1013462239E+01
   292    0.1013735712E+01
   293    0.1007466047E+01
   294    0.1005157270E+01
   295    0.1005842112E+01
   296    0.1006974841E+01
   297    0.1007191241E+01
   298    0.1006681938E+01
   299    0.1005724505E+01
   300    0.1004760934E+01
   301    0.1004570170E+01
   302    0.1004766662E+01
   303    0.1004542603E+01
   304    0.1003950852E+01
   305    0.1003684599E+01
   306    0.1003526513E+01
   307    0.1003121273E+01
   308    0.1002856047E+01
   309    0.1002854738E+01
   310    0.1002623821E+01
   311    0.1002247231E+01
   312    0.1002038899E+01
   313    0.1001919076E+01
   314    0.1001739538E+01
   315    0.1001571036E+01
   316    0.1001435397E+01
   317    0.1001284309E+01
   318    0.1001155675E+01
   319    0.1001069801E+01
   320    0.1001005585E+01
   321    0.1000915334E+01
   322    0.1000794525E+01
   323    0.1000688124E+01
   324    0.1000631483E+01
   325    0.1000575589E+01
   326    0.1000522165E+01
   327    0.1000462239E+01
   328    0.1000397182E+01
   329    0.1000357453E+01
   330    0.1000333572E+01
   331    0.1000298593E+01
   332    0.1000260527E+01
   333    0.1000228281E+01
   334    0.1000206237E+01
   335    0.1000189924E+01
   336    0.1000164083E+01
   337    0.1000139804E+01
   338    0.1000124146E+01
   339    0.1000107699E+01
   340    0.1000092570E+01
   341    0.1000084443E+01
   342    0.1000075890E+01
   343    0.1000063796E+01
   344    0.1000056086E+01
   345    0.1000049929E+01
   346    0.1000043116E+01
   347    0.1000037078E+01
   348    0.1000031931E+01
   349    0.1000027757E+01
   350    0.1000024223E+01
   351    0.1000021275E+01
   352    0.1000018597E+01
   353    0.1000016102E+01
   354    0.1000013778E+01
   355    0.1000011367E+01
   356    0.1000009541E+01
   357    0.1000008430E+01
   358    0.1000007241E+01
   359    0.1000006187E+01
   360    0.1000005579E+01
   361    0.1000004848E+01
   362    0.1000004025E+01
   363    0.1000003284E+01
   364    0.1000002784E+01
   365    0.1000002409E+01
   366    0.1000002060E+01
   367    0.1000001766E+01
   368    0.1000001495E+01
   369    0.1000001247E+01
   370    0.1000001017E+01
   371    0.1000000858E+01
   372    0.1000000738E+01
   373    0.1000000628E+01
   374    0.1000000524E+01
   375    0.1000000433E+01
   376    0.1000000370E+01
   377    0.1000000320E+01
   378    0.1000000266E+01
   379    0.1000000216E+01
   380    0.1000000176E+01
   381    0.1000000143E+01
   382    0.1000000120E+01
   383    0.1000000103E+01
   384    0.1000000087E+01
   385    0.1000000071E+01
   386    0.1000000057E+01
   387    0.1000000046E+01
   388    0.1000000039E+01
   389    0.1000000033E+01
   390    0.1000000028E+01
   391    0.1000000022E+01
   392    0.1000000018E+01
   393    0.1000000014E+01
   394    0.1000000012E+01
   395    0.1000000010E+01
   396    0.1000000008E+01
   397    0.1000000007E+01
   398    0.1000000005E+01
   399    0.1000000004E+01
   400    0.1000000004E+01
   401    0.1000000003E+01
   402    0.1000000002E+01
   403    0.1000000002E+01
   404    0.1000000002E+01
   405    0.1000000001E+01
   406    0.1000000001E+01
   407    0.1000000001E+01
   408    0.1000000001E+01
   409    0.1000000001E+01
   410    0.1000000000E+01
   411    0.1000000000E+01
   412    0.1000000000E+01
   413    0.1000000000E+01
   414    0.1000000000E+01
   415    0.1000000000E+01
   416    0.1000000000E+01
   417    0.1000000000E+01
   418    0.1000000000E+01
   419    0.1000000000E+01
   420    0.1000000000E+01
   421    0.1000000000E+01
   422    0.1000000000E+01
   423    0.1000000000E+01
   424    0.1000000000E+01
   425    0.1000000000E+01
   426    0.1000000000E+01
   427    0.1000000000E+01
   428    0.1000000000E+01
   429    0.1000000000E+01
   430    0.1000000000E+01
   431    0.1000000000E+01
   432    0.1000000000E+01
   433    0.1000000000E+01
   434    0.1000000000E+01
   435    0.1000000000E+01
   436    0.1000000000E+01
   437    0.1000000000E+01
   438    0.1000000000E+01
   439    0.1000000000E+01
   440    0.1000000000E+01
   441    0.1000000000E+01
   442    0.1000000000E+01
   443    0.1000000000E+01
   444    0.1000000000E+01
   445    0.1000000000E+01
   446    0.1000000000E+01
   447    0.1000000000E+01
   448    0.1000000000E+01
   449    0.1000000000E+01
   450    0.1000000000E+01
   451    0.1000000000E+01
   452    0.1000000000E+01
   453    0.1000000000E+01
   454    0.1000000000E+01
   455    0.1000000000E+01
   456    0.1000000000E+01
   457    0.1000000000E+01
   458    0.1000000000E+01
   459    0.1000000000E+01
   460    0.1000000000E+01
   461    0.1000000000E+01
   462    0.1000000000E+01
   463    0.1000000000E+01
   464    0.1000000000E+01
   465    0.1000000000E+01
   466    0.1000000000E+01
   467    0.1000000000E+01
   468    0.1000000000E+01
   469    0.1000000000E+01
   470    0.1000000000E+01
   471    0.1000000000E+01
   472    0.1000000000E+01
   473    0.1000000000E+01
   474    0.1000000000E+01
   475    0.1000000000E+01
   476    0.1000000000E+01
   477    0.1000000000E+01
   478    0.1000000000E+01
   479    0.1000000000E+01
   480    0.1000000000E+01
   481    0.1000000000E+01
   482    0.1000000000E+01
   483    0.1000000000E+01
   484    0.1000000000E+01
   485    0.1000000000E+01
   486    0.1000000000E+01
   487    0.1000000000E+01
   488    0.1000000000E+01
   489    0.1000000000E+01
   490    0.1000000000E+01
   491    0.1000000000E+01
   492    0.1000000000E+01
   493    0.1000000000E+01
   494    0.1000000000E+01
   495    0.1000000000E+01
   496    0.1000000000E+01
   497    0.1000000000E+01
   498    0.1000000000E+01
   499    0.9589843750E+00
   500    0.6987304688E+00
   501    0.2567138672E+00
   502    0.6417846680E-01
