    -1    0.3421782329E-01
     0    0.2385823751E+00
     1    0.5056822344E+00
     2    0.6109339975E+00
     3    0.9620899657E+00
     4    0.1244211893E+01
     5    0.1328268926E+01
     6    0.1179508942E+01
     7    0.8124194279E+00
     8    0.6424488257E+00
     9    0.4850929429E+00
    10    0.4597643231E+00
    11    0.4213234412E+00
    12    0.5328169878E+00
    13    0.6981472995E+00
    14    0.7789768662E+00
    15    0.6434671159E+00
    16    0.6277093483E+00
    17    0.7178350113E+00
    18    0.8700539367E+00
    19    0.8041673741E+00
    20    0.7586361907E+00
    21    0.9529360602E+00
    22    0.1140503524E+01
    23    0.1080129535E+01
    24    0.1229956797E+01
    25    0.1350303322E+01
    26    0.1199158381E+01
    27    0.8413524858E+00
    28    0.6673332336E+00
    29    0.7436010360E+00
    30    0.1015464035E+01
    31    0.1323926222E+01
    32    0.1386372369E+01
    33    0.9285806940E+00
    34    0.9085846831E+00
    35    0.1277714560E+01
    36    0.1208158580E+01
    37    0.1106690086E+01
    38    0.1238038867E+01
    39    0.1098711604E+01
    40    0.1011750871E+01
    41    0.8892414421E+00
    42    0.8450222787E+00
    43    0.6963920664E+00
    44    0.5642375435E+00
    45    0.9432728478E+00
    46    0.1043484324E+01
    47    0.6149275610E+00
    48    0.6878592214E+00
    49    0.9842706779E+00
    50    0.9017226758E+00
    51    0.7804100729E+00
    52    0.9083720190E+00
    53    0.1068176480E+01
    54    0.9078523540E+00
    55    0.7984407810E+00
    56    0.9801584486E+00
    57    0.1108775399E+01
    58    0.8180400725E+00
    59    0.7822400850E+00
    60    0.1096225598E+01
    61    0.1008506934E+01
    62    0.6720692666E+00
    63    0.6817618143E+00
    64    0.8378541205E+00
    65    0.9405719595E+00
    66    0.1006068474E+01
    67    0.1009754077E+01
    68    0.8887011403E+00
    69    0.7720896366E+00
    70    0.1080274821E+01
    71    0.1067595983E+01
    72    0.8210421095E+00
    73    0.7867800191E+00
    74    0.9140945353E+00
    75    0.9716585892E+00
    76    0.1289834074E+01
    77    0.1274827102E+01
    78    0.1138586786E+01
    79    0.1107552400E+01
    80    0.1051910757E+01
    81    0.8680681923E+00
    82    0.6701551102E+00
    83    0.7423291555E+00
    84    0.9293481725E+00
    85    0.1119184514E+01
    86    0.8562669155E+00
    87    0.6261722456E+00
    88    0.4765943109E+00
    89    0.8082831717E+00
    90    0.1114446906E+01
    91    0.1247161562E+01
    92    0.1189772343E+01
    93    0.7536644416E+00
    94    0.5585508375E+00
    95    0.6055166224E+00
    96    0.6597039157E+00
    97    0.6004243741E+00
    98    0.7331358439E+00
    99    0.7330718579E+00
   100    0.9851597108E+00
   101    0.8839373623E+00
   102    0.6962987302E+00
   103    0.8963810284E+00
   104    0.8899867126E+00
   105    0.9532845621E+00
   106    0.1026545748E+01
   107    0.1384663084E+01
   108    0.1482203225E+01
   109    0.1302332587E+01
   110    0.1067680771E+01
   111    0.8052510749E+00
   112    0.7748237415E+00
   113    0.9979471128E+00
   114    0.1114717924E+01
   115    0.1363696977E+01
   116    0.1518972835E+01
   117    0.1363981450E+01
   118    0.1224485857E+01
   119    0.9478534015E+00
   120    0.9844757282E+00
   121    0.1039418576E+01
   122    0.9854081123E+00
   123    0.8549885842E+00
   124    0.8611314172E+00
   125    0.7974099608E+00
   126    0.8063171681E+00
   127    0.7595423674E+00
   128    0.8199209563E+00
   129    0.9124037130E+00
   130    0.9136264607E+00
   131    0.1001172895E+01
   132    0.7669065365E+00
   133    0.5528062366E+00
   134    0.6042560186E+00
   135    0.7157798437E+00
   136    0.8230094901E+00
   137    0.7541724768E+00
   138    0.5233962112E+00
   139    0.5581627554E+00
   140    0.8547880314E+00
   141    0.8507599489E+00
   142    0.6823151902E+00
   143    0.6538097494E+00
   144    0.8768035061E+00
   145    0.8021152552E+00
   146    0.7982712332E+00
   147    0.7991817401E+00
   148    0.7917866736E+00
   149    0.7964512629E+00
   150    0.9760514522E+00
   151    0.9077105142E+00
   152    0.1001241314E+01
   153    0.1115950644E+01
   154    0.1381961265E+01
   155    0.1303964950E+01
   156    0.8700244833E+00
   157    0.8776792276E+00
   158    0.1214492276E+01
   159    0.1071704493E+01
   160    0.8333463103E+00
   161    0.8809669546E+00
   162    0.1186182942E+01
   163    0.1026525580E+01
   164    0.8871126271E+00
   165    0.8613107063E+00
   166    0.7536271074E+00
   167    0.8366258400E+00
   168    0.8308526450E+00
   169    0.9262672748E+00
   170    0.1127475467E+01
   171    0.1135274147E+01
   172    0.8862434398E+00
   173    0.1082879986E+01
   174    0.1254334278E+01
   175    0.1018357286E+01
   176    0.1034289358E+01
   177    0.9934098252E+00
   178    0.1021273386E+01
   179    0.1069428661E+01
   180    0.1016743912E+01
   181    0.7957216860E+00
   182    0.8981063238E+00
   183    0.1053486256E+01
   184    0.6216844938E+00
   185    0.7202853459E+00
   186    0.9566874503E+00
   187    0.9654087373E+00
   188    0.8224664614E+00
   189    0.6533921466E+00
   190    0.6444333652E+00
   191    0.6104817373E+00
   192    0.7614341487E+00
   193    0.1093371120E+01
   194    0.9365229664E+00
   195    0.6816915725E+00
   196    0.8215394568E+00
   197    0.9872122130E+00
   198    0.1154672061E+01
   199    0.1245786204E+01
   200    0.1261937524E+01
   201    0.1354883493E+01
   202    0.1342639650E+01
   203    0.1362369472E+01
   204    0.1384846550E+01
   205    0.1232563022E+01
   206    0.1032959759E+01
   207    0.8053905134E+00
   208    0.6535032345E+00
   209    0.7231879713E+00
   210    0.8730549933E+00
   211    0.9739738669E+00
   212    0.1098042860E+01
   213    0.9845737374E+00
   214    0.8973653455E+00
   215    0.8731565464E+00
   216    0.9418046676E+00
   217    0.8600473280E+00
   218    0.7140928139E+00
   219    0.6864274022E+00
   220    0.7067979409E+00
   221    0.6941606177E+00
   222    0.7638947095E+00
   223    0.8659076950E+00
   224    0.7927742625E+00
   225    0.6676413182E+00
   226    0.6095074092E+00
   227    0.6579677198E+00
   228    0.9063279879E+00
   229    0.1148877891E+01
   230    0.1049734993E+01
   231    0.7857738673E+00
   232    0.6876521990E+00
   233    0.7173725505E+00
   234    0.8662667882E+00
   235    0.1001603211E+01
   236    0.1017942760E+01
   237    0.1072529578E+01
   238    0.1100208703E+01
   239    0.1057274110E+01
   240    0.1153751531E+01
   241    0.1170318971E+01
   242    0.1058017767E+01
   243    0.9827497824E+00
   244    0.1000044286E+01
   245    0.1087836989E+01
   246    0.1086192776E+01
   247    0.1016433067E+01
   248    0.1033715701E+01
   249    0.1075989593E+01
   250    0.1006754835E+01
   251    0.9309978060E+00
   252    0.9739643442E+00
   253    0.1055028618E+01
   254    0.1008985955E+01
   255    0.9629242154E+00
   256    0.1009690755E+01
   257    0.1064153800E+01
   258    0.1063298735E+01
   259    0.1027189958E+01
   260    0.9646465530E+00
   261    0.9418044748E+00
   262    0.9845843377E+00
   263    0.1022487837E+01
   264    0.9907605832E+00
   265    0.9425388619E+00
   266    0.9521919509E+00
   267    0.1014615695E+01
   268    0.1045391321E+01
   269    0.1027866490E+01
   270    0.1039385814E+01
   271    0.1040891316E+01
   272    0.1016543167E+01
   273    0.1023446704E+01
   274    0.1025288884E+01
   275    0.1002470869E+01
   276    0.1004653994E+01
   277    0.1024471815E+01
   278    0.1020501757E+01
   279    0.1003659691E+01
   280    0.1005645757E+01
   281    0.1016155628E+01
   282    0.1012921006E+01
   283    0.1002529004E+01
   284    0.1006739310E+01
   285    0.1017896348E+01
   286    0.1013640794E+01
   287    0.1004974759E+01
   288    0.1003902240E+01
   289    0.1006114072E+01
   290    0.1007644501E+01
   291    0.1007494896E+01
   292    0.1006526822E+01
   293    0.1005096695E+01
   294    0.1004173572E+01
   295    0.1004537337E+01
   296    0.1004888790E+01
   297    0.1004349531E+01
   298    0.1003718604E+01
   299    0.1003638148E+01
   300    0.1003410763E+01
   301    0.1002888335E+01
   302    0.1002845032E+01
   303    0.1002856718E+01
   304    0.1002505732E+01
   305    0.1002109023E+01
   306    0.1001973154E+01
   307    0.1001855768E+01
   308    0.1001666811E+01
   309    0.1001509395E+01
   310    0.1001372776E+01
   311    0.1001221233E+01
   312    0.1001102623E+01
   313    0.1001044742E+01
   314    0.1000988194E+01
   315    0.1000877365E+01
   316    0.1000743590E+01
   317    0.1000654120E+01
   318    0.1000609677E+01
   319    0.1000553893E+01
   320    0.1000502172E+01
   321    0.1000435026E+01
   322    0.1000373315E+01
   323    0.1000345918E+01
   324    0.1000324231E+01
   325    0.1000285058E+01
   326    0.1000246990E+01
   327    0.1000218052E+01
   328    0.1000201839E+01
   329    0.1000183624E+01
   330    0.1000154296E+01
   331    0.1000133020E+01
   332    0.1000118344E+01
   333    0.1000100703E+01
   334    0.1000088034E+01
   335    0.1000082433E+01
   336    0.1000071599E+01
   337    0.1000059868E+01
   338    0.1000054087E+01
   339    0.1000047542E+01
   340    0.1000040735E+01
   341    0.1000035034E+01
   342    0.1000030187E+01
   343    0.1000026248E+01
   344    0.1000023061E+01
   345    0.1000020404E+01
   346    0.1000017679E+01
   347    0.1000015391E+01
   348    0.1000012884E+01
   349    0.1000010455E+01
   350    0.1000008984E+01
   351    0.1000007983E+01
   352    0.1000006758E+01
   353    0.1000005916E+01
   354    0.1000005407E+01
   355    0.1000004600E+01
   356    0.1000003740E+01
   357    0.1000003046E+01
   358    0.1000002631E+01
   359    0.1000002274E+01
   360    0.1000001953E+01
   361    0.1000001670E+01
   362    0.1000001408E+01
   363    0.1000001153E+01
   364    0.1000000941E+01
   365    0.1000000806E+01
   366    0.1000000695E+01
   367    0.1000000591E+01
   368    0.1000000486E+01
   369    0.1000000406E+01
   370    0.1000000353E+01
   371    0.1000000303E+01
   372    0.1000000248E+01
   373    0.1000000201E+01
   374    0.1000000162E+01
   375    0.1000000132E+01
   376    0.1000000113E+01
   377    0.1000000097E+01
   378    0.1000000082E+01
   379    0.1000000065E+01
   380    0.1000000051E+01
   381    0.1000000042E+01
   382    0.1000000036E+01
   383    0.1000000031E+01
   384    0.1000000026E+01
   385    0.1000000020E+01
   386    0.1000000016E+01
   387    0.1000000013E+01
   388    0.1000000011E+01
   389    0.1000000009E+01
   390    0.1000000007E+01
   391    0.1000000006E+01
   392    0.1000000005E+01
   393    0.1000000004E+01
   394    0.1000000003E+01
   395    0.1000000003E+01
   396    0.1000000002E+01
   397    0.1000000002E+01
   398    0.1000000001E+01
   399    0.1000000001E+01
   400    0.1000000001E+01
   401    0.1000000001E+01
   402    0.1000000001E+01
   403    0.1000000000E+01
   404    0.1000000000E+01
   405    0.1000000000E+01
   406    0.1000000000E+01
   407    0.1000000000E+01
   408    0.1000000000E+01
   409    0.1000000000E+01
   410    0.1000000000E+01
   411    0.1000000000E+01
   412    0.1000000000E+01
   413    0.1000000000E+01
   414    0.1000000000E+01
   415    0.1000000000E+01
   416    0.1000000000E+01
   417    0.1000000000E+01
   418    0.1000000000E+01
   419    0.1000000000E+01
   420    0.1000000000E+01
   421    0.1000000000E+01
   422    0.1000000000E+01
   423    0.1000000000E+01
   424    0.1000000000E+01
   425    0.1000000000E+01
   426    0.1000000000E+01
   427    0.1000000000E+01
   428    0.1000000000E+01
   429    0.1000000000E+01
   430    0.1000000000E+01
   431    0.1000000000E+01
   432    0.1000000000E+01
   433    0.1000000000E+01
   434    0.1000000000E+01
   435    0.1000000000E+01
   436    0.1000000000E+01
   437    0.1000000000E+01
   438    0.1000000000E+01
   439    0.1000000000E+01
   440    0.1000000000E+01
   441    0.1000000000E+01
   442    0.1000000000E+01
   443    0.1000000000E+01
   444    0.1000000000E+01
   445    0.1000000000E+01
   446    0.1000000000E+01
   447    0.1000000000E+01
   448    0.1000000000E+01
   449    0.1000000000E+01
   450    0.1000000000E+01
   451    0.1000000000E+01
   452    0.1000000000E+01
   453    0.1000000000E+01
   454    0.1000000000E+01
   455    0.1000000000E+01
   456    0.1000000000E+01
   457    0.1000000000E+01
   458    0.1000000000E+01
   459    0.1000000000E+01
   460    0.1000000000E+01
   461    0.1000000000E+01
   462    0.1000000000E+01
   463    0.1000000000E+01
   464    0.1000000000E+01
   465    0.1000000000E+01
   466    0.1000000000E+01
   467    0.1000000000E+01
   468    0.1000000000E+01
   469    0.1000000000E+01
   470    0.1000000000E+01
   471    0.1000000000E+01
   472    0.1000000000E+01
   473    0.1000000000E+01
   474    0.1000000000E+01
   475    0.1000000000E+01
   476    0.1000000000E+01
   477    0.1000000000E+01
   478    0.1000000000E+01
   479    0.1000000000E+01
   480    0.1000000000E+01
   481    0.1000000000E+01
   482    0.1000000000E+01
   483    0.1000000000E+01
   484    0.1000000000E+01
   485    0.1000000000E+01
   486    0.1000000000E+01
   487    0.1000000000E+01
   488    0.1000000000E+01
   489    0.1000000000E+01
   490    0.1000000000E+01
   491    0.1000000000E+01
   492    0.1000000000E+01
   493    0.1000000000E+01
   494    0.1000000000E+01
   495    0.1000000000E+01
   496    0.1000000000E+01
   497    0.1000000000E+01
   498    0.1000000000E+01
   499    0.9589843750E+00
   500    0.6987304688E+00
   501    0.2567138672E+00
   502    0.6417846680E-01
