    -1    0.4356010702E-01
     0    0.2959815563E+00
     1    0.6871525473E+00
     2    0.8469348024E+00
     3    0.9454518793E+00
     4    0.9436121599E+00
     5    0.8807958931E+00
     6    0.9502021177E+00
     7    0.9528115637E+00
     8    0.8917197224E+00
     9    0.9387184628E+00
    10    0.9867405380E+00
    11    0.8983360126E+00
    12    0.9253397844E+00
    13    0.1066703810E+01
    14    0.9150147697E+00
    15    0.9613378624E+00
    16    0.1084173101E+01
    17    0.9384806589E+00
    18    0.9902727908E+00
    19    0.1080692850E+01
    20    0.9991256663E+00
    21    0.1043142921E+01
    22    0.1080252866E+01
    23    0.1048432761E+01
    24    0.1078990770E+01
    25    0.1058732919E+01
    26    0.1050768561E+01
    27    0.1123794999E+01
    28    0.1065471407E+01
    29    0.1037648364E+01
    30    0.1109475674E+01
    31    0.1039733960E+01
    32    0.1046895670E+01
    33    0.1070782895E+01
    34    0.1003637706E+01
    35    0.1045410952E+01
    36    0.1025623138E+01
    37    0.9811764666E+00
    38    0.1000564681E+01
    39    0.9979344698E+00
    40    0.9678088786E+00
    41    0.9392781246E+00
    42    0.9960415538E+00
    43    0.9496982694E+00
    44    0.8824536129E+00
    45    0.9964785923E+00
    46    0.9384252974E+00
    47    0.8588616501E+00
    48    0.9867566254E+00
    49    0.9385297125E+00
    50    0.8534240084E+00
    51    0.9664368771E+00
    52    0.9574746323E+00
    53    0.8739195003E+00
    54    0.9456308621E+00
    55    0.9898061543E+00
    56    0.9041036670E+00
    57    0.9373667949E+00
    58    0.1025848394E+01
    59    0.9478790574E+00
    60    0.9463671954E+00
    61    0.1053836818E+01
    62    0.9913665945E+00
    63    0.9768676824E+00
    64    0.1077675540E+01
    65    0.1021733938E+01
    66    0.1029349128E+01
    67    0.1094006165E+01
    68    0.1029535378E+01
    69    0.1084476869E+01
    70    0.1087633978E+01
    71    0.1050049279E+01
    72    0.1101101357E+01
    73    0.1066474772E+01
    74    0.1068393394E+01
    75    0.1093237845E+01
    76    0.1035516308E+01
    77    0.1063004179E+01
    78    0.1065667405E+01
    79    0.1009675299E+01
    80    0.1031298966E+01
    81    0.1032203554E+01
    82    0.9758645326E+00
    83    0.9984550827E+00
    84    0.1003494032E+01
    85    0.9462447811E+00
    86    0.9657467705E+00
    87    0.9800922521E+00
    88    0.9183915216E+00
    89    0.9332352656E+00
    90    0.9599865387E+00
    91    0.9066137612E+00
    92    0.9226745341E+00
    93    0.9489201170E+00
    94    0.9095560369E+00
    95    0.9099079941E+00
    96    0.9340695891E+00
    97    0.9339614801E+00
    98    0.9150169213E+00
    99    0.9393092753E+00
   100    0.9597707535E+00
   101    0.9298891503E+00
   102    0.9553196450E+00
   103    0.9831611681E+00
   104    0.9590634917E+00
   105    0.9904375045E+00
   106    0.1012766102E+01
   107    0.9875540027E+00
   108    0.1030192195E+01
   109    0.1043012402E+01
   110    0.1018294056E+01
   111    0.1059671433E+01
   112    0.1068733946E+01
   113    0.1057135665E+01
   114    0.1073816257E+01
   115    0.1076250044E+01
   116    0.1087249651E+01
   117    0.1076385314E+01
   118    0.1071968984E+01
   119    0.1084900859E+01
   120    0.1062075732E+01
   121    0.1055725579E+01
   122    0.1067091090E+01
   123    0.1039568436E+01
   124    0.1019929693E+01
   125    0.1037751760E+01
   126    0.1005997789E+01
   127    0.9850995004E+00
   128    0.1007542338E+01
   129    0.9741790497E+00
   130    0.9563365979E+00
   131    0.9758000570E+00
   132    0.9463128368E+00
   133    0.9322261656E+00
   134    0.9468065051E+00
   135    0.9294896648E+00
   136    0.9251969234E+00
   137    0.9303069079E+00
   138    0.9219338966E+00
   139    0.9216640191E+00
   140    0.9187703721E+00
   141    0.9274606999E+00
   142    0.9300132280E+00
   143    0.9330840348E+00
   144    0.9439367656E+00
   145    0.9420259088E+00
   146    0.9509026507E+00
   147    0.9663151579E+00
   148    0.9685468680E+00
   149    0.9821607506E+00
   150    0.9970507801E+00
   151    0.1001754202E+01
   152    0.1015362142E+01
   153    0.1028932638E+01
   154    0.1036343188E+01
   155    0.1047095295E+01
   156    0.1055212850E+01
   157    0.1066230513E+01
   158    0.1072000000E+01
   159    0.1076892541E+01
   160    0.1085956740E+01
   161    0.1084907841E+01
   162    0.1081536479E+01
   163    0.1077259289E+01
   164    0.1074273170E+01
   165    0.1074948209E+01
   166    0.1059429071E+01
   167    0.1050882262E+01
   168    0.1050485215E+01
   169    0.1033443134E+01
   170    0.1015971881E+01
   171    0.1017727123E+01
   172    0.1000993276E+01
   173    0.9845488965E+00
   174    0.9841215861E+00
   175    0.9725874971E+00
   176    0.9630759903E+00
   177    0.9528705571E+00
   178    0.9465101376E+00
   179    0.9467352027E+00
   180    0.9352709919E+00
   181    0.9333741071E+00
   182    0.9430554613E+00
   183    0.9364023950E+00
   184    0.9285358140E+00
   185    0.9428139678E+00
   186    0.9441612591E+00
   187    0.9396061106E+00
   188    0.9570765769E+00
   189    0.9664565807E+00
   190    0.9689067999E+00
   191    0.9807866428E+00
   192    0.9924408026E+00
   193    0.9985962143E+00
   194    0.1009610542E+01
   195    0.1025187738E+01
   196    0.1038855174E+01
   197    0.1052977013E+01
   198    0.1058905262E+01
   199    0.1070948090E+01
   200    0.1081907320E+01
   201    0.1083272491E+01
   202    0.1088690014E+01
   203    0.1087934510E+01
   204    0.1085053933E+01
   205    0.1086403055E+01
   206    0.1080957127E+01
   207    0.1073588683E+01
   208    0.1059167385E+01
   209    0.1045017237E+01
   210    0.1047387496E+01
   211    0.1045786435E+01
   212    0.1019964285E+01
   213    0.9929983042E+00
   214    0.9858537440E+00
   215    0.9852416184E+00
   216    0.9691687808E+00
   217    0.9554243247E+00
   218    0.9574521904E+00
   219    0.9460329320E+00
   220    0.9283784516E+00
   221    0.9318304385E+00
   222    0.9334898543E+00
   223    0.9223900712E+00
   224    0.9171061968E+00
   225    0.9106037652E+00
   226    0.9111561130E+00
   227    0.9269382299E+00
   228    0.9186670599E+00
   229    0.8984403980E+00
   230    0.9313538099E+00
   231    0.9730610678E+00
   232    0.9465758250E+00
   233    0.9236789997E+00
   234    0.9279798699E+00
   235    0.9239126316E+00
   236    0.9595834986E+00
   237    0.1032738333E+01
   238    0.1018356320E+01
   239    0.9372779470E+00
   240    0.9285875709E+00
   241    0.9502600353E+00
   242    0.1004762001E+01
   243    0.1071255582E+01
   244    0.1019035050E+01
   245    0.9171213993E+00
   246    0.9214725117E+00
   247    0.9497879036E+00
   248    0.9674172688E+00
   249    0.1008660635E+01
   250    0.1023840941E+01
   251    0.9533746144E+00
   252    0.9254309595E+00
   253    0.9698572781E+00
   254    0.9867030775E+00
   255    0.9727119251E+00
   256    0.9836507681E+00
   257    0.9896632938E+00
   258    0.9818085284E+00
   259    0.9869187394E+00
   260    0.9971842338E+00
   261    0.9984702836E+00
   262    0.9921913059E+00
   263    0.9898269312E+00
   264    0.9998173107E+00
   265    0.1010073801E+01
   266    0.1006568689E+01
   267    0.9978012976E+00
   268    0.1003837995E+01
   269    0.1019023757E+01
   270    0.1016506061E+01
   271    0.1004497612E+01
   272    0.1004672704E+01
   273    0.1012034391E+01
   274    0.1015163693E+01
   275    0.1014005302E+01
   276    0.1012822380E+01
   277    0.1014397424E+01
   278    0.1015602988E+01
   279    0.1015949892E+01
   280    0.1016494794E+01
   281    0.1016950179E+01
   282    0.1018429845E+01
   283    0.1019330653E+01
   284    0.1015767360E+01
   285    0.1012859742E+01
   286    0.1018573829E+01
   287    0.1023094475E+01
   288    0.1017621526E+01
   289    0.1014542754E+01
   290    0.1016153348E+01
   291    0.1016380801E+01
   292    0.1015674838E+01
   293    0.1015819183E+01
   294    0.1015107346E+01
   295    0.1013629342E+01
   296    0.1013507189E+01
   297    0.1013706976E+01
   298    0.1012648419E+01
   299    0.1011570476E+01
   300    0.1011307908E+01
   301    0.1011122978E+01
   302    0.1010313434E+01
   303    0.1009537855E+01
   304    0.1009672335E+01
   305    0.1010202192E+01
   306    0.1009594061E+01
   307    0.1008219807E+01
   308    0.1007331475E+01
   309    0.1007020329E+01
   310    0.1007016905E+01
   311    0.1006738047E+01
   312    0.1006269175E+01
   313    0.1005689280E+01
   314    0.1005141006E+01
   315    0.1004880553E+01
   316    0.1004687424E+01
   317    0.1004360892E+01
   318    0.1003968100E+01
   319    0.1003697425E+01
   320    0.1003440626E+01
   321    0.1003122355E+01
   322    0.1002900549E+01
   323    0.1002739031E+01
   324    0.1002495840E+01
   325    0.1002225421E+01
   326    0.1002045095E+01
   327    0.1001887840E+01
   328    0.1001708952E+01
   329    0.1001552077E+01
   330    0.1001414589E+01
   331    0.1001273165E+01
   332    0.1001153788E+01
   333    0.1001060497E+01
   334    0.1000968627E+01
   335    0.1000872785E+01
   336    0.1000774831E+01
   337    0.1000686650E+01
   338    0.1000624011E+01
   339    0.1000564060E+01
   340    0.1000506396E+01
   341    0.1000448504E+01
   342    0.1000395336E+01
   343    0.1000356127E+01
   344    0.1000322871E+01
   345    0.1000286449E+01
   346    0.1000252344E+01
   347    0.1000223070E+01
   348    0.1000200262E+01
   349    0.1000179415E+01
   350    0.1000155895E+01
   351    0.1000136144E+01
   352    0.1000120335E+01
   353    0.1000104636E+01
   354    0.1000091540E+01
   355    0.1000082085E+01
   356    0.1000072011E+01
   357    0.1000061921E+01
   358    0.1000054531E+01
   359    0.1000047784E+01
   360    0.1000041413E+01
   361    0.1000035823E+01
   362    0.1000031024E+01
   363    0.1000026956E+01
   364    0.1000023446E+01
   365    0.1000020436E+01
   366    0.1000017698E+01
   367    0.1000015302E+01
   368    0.1000013070E+01
   369    0.1000011048E+01
   370    0.1000009449E+01
   371    0.1000008203E+01
   372    0.1000007024E+01
   373    0.1000006040E+01
   374    0.1000005281E+01
   375    0.1000004517E+01
   376    0.1000003792E+01
   377    0.1000003171E+01
   378    0.1000002711E+01
   379    0.1000002316E+01
   380    0.1000001969E+01
   381    0.1000001677E+01
   382    0.1000001418E+01
   383    0.1000001186E+01
   384    0.1000000988E+01
   385    0.1000000836E+01
   386    0.1000000710E+01
   387    0.1000000599E+01
   388    0.1000000500E+01
   389    0.1000000417E+01
   390    0.1000000354E+01
   391    0.1000000299E+01
   392    0.1000000249E+01
   393    0.1000000204E+01
   394    0.1000000169E+01
   395    0.1000000139E+01
   396    0.1000000116E+01
   397    0.1000000098E+01
   398    0.1000000082E+01
   399    0.1000000067E+01
   400    0.1000000054E+01
   401    0.1000000045E+01
   402    0.1000000037E+01
   403    0.1000000031E+01
   404    0.1000000026E+01
   405    0.1000000021E+01
   406    0.1000000017E+01
   407    0.1000000014E+01
   408    0.1000000011E+01
   409    0.1000000009E+01
   410    0.1000000008E+01
   411    0.1000000006E+01
   412    0.1000000005E+01
   413    0.1000000004E+01
   414    0.1000000003E+01
   415    0.1000000003E+01
   416    0.1000000002E+01
   417    0.1000000002E+01
   418    0.1000000001E+01
   419    0.1000000001E+01
   420    0.1000000001E+01
   421    0.1000000001E+01
   422    0.1000000001E+01
   423    0.1000000000E+01
   424    0.1000000000E+01
   425    0.1000000000E+01
   426    0.1000000000E+01
   427    0.1000000000E+01
   428    0.1000000000E+01
   429    0.1000000000E+01
   430    0.1000000000E+01
   431    0.1000000000E+01
   432    0.1000000000E+01
   433    0.1000000000E+01
   434    0.1000000000E+01
   435    0.1000000000E+01
   436    0.1000000000E+01
   437    0.1000000000E+01
   438    0.1000000000E+01
   439    0.1000000000E+01
   440    0.1000000000E+01
   441    0.1000000000E+01
   442    0.1000000000E+01
   443    0.1000000000E+01
   444    0.1000000000E+01
   445    0.1000000000E+01
   446    0.1000000000E+01
   447    0.1000000000E+01
   448    0.1000000000E+01
   449    0.1000000000E+01
   450    0.1000000000E+01
   451    0.1000000000E+01
   452    0.1000000000E+01
   453    0.1000000000E+01
   454    0.1000000000E+01
   455    0.1000000000E+01
   456    0.1000000000E+01
   457    0.1000000000E+01
   458    0.1000000000E+01
   459    0.1000000000E+01
   460    0.1000000000E+01
   461    0.1000000000E+01
   462    0.1000000000E+01
   463    0.1000000000E+01
   464    0.1000000000E+01
   465    0.1000000000E+01
   466    0.1000000000E+01
   467    0.1000000000E+01
   468    0.1000000000E+01
   469    0.1000000000E+01
   470    0.1000000000E+01
   471    0.1000000000E+01
   472    0.1000000000E+01
   473    0.1000000000E+01
   474    0.1000000000E+01
   475    0.1000000000E+01
   476    0.1000000000E+01
   477    0.1000000000E+01
   478    0.1000000000E+01
   479    0.1000000000E+01
   480    0.1000000000E+01
   481    0.1000000000E+01
   482    0.1000000000E+01
   483    0.1000000000E+01
   484    0.1000000000E+01
   485    0.1000000000E+01
   486    0.1000000000E+01
   487    0.1000000000E+01
   488    0.1000000000E+01
   489    0.1000000000E+01
   490    0.1000000000E+01
   491    0.1000000000E+01
   492    0.1000000000E+01
   493    0.1000000000E+01
   494    0.1000000000E+01
   495    0.1000000000E+01
   496    0.1000000000E+01
   497    0.1000000000E+01
   498    0.1000000000E+01
   499    0.9589843750E+00
   500    0.6987304688E+00
   501    0.2567138672E+00
   502    0.6417846680E-01
