    -1    0.2479028141E-01
     0    0.2233755503E+00
     1    0.6988980487E+00
     2    0.1110389200E+01
     3    0.1208584953E+01
     4    0.1135518932E+01
     5    0.9249781066E+00
     6    0.7273089758E+00
     7    0.8726096494E+00
     8    0.9706671722E+00
     9    0.8915826094E+00
    10    0.7087205875E+00
    11    0.7387873833E+00
    12    0.9031894323E+00
    13    0.9989543800E+00
    14    0.9349545818E+00
    15    0.8688303271E+00
    16    0.7763419257E+00
    17    0.9151958785E+00
    18    0.1040723676E+01
    19    0.8694874996E+00
    20    0.9878222593E+00
    21    0.9833203076E+00
    22    0.7602161412E+00
    23    0.8935306325E+00
    24    0.9465850901E+00
    25    0.8760805565E+00
    26    0.1152374462E+01
    27    0.1011660460E+01
    28    0.8629107110E+00
    29    0.7850192421E+00
    30    0.8107758183E+00
    31    0.8008054509E+00
    32    0.8088917982E+00
    33    0.7235517972E+00
    34    0.7832035762E+00
    35    0.8460968570E+00
    36    0.8222272192E+00
    37    0.5772770431E+00
    38    0.5948818064E+00
    39    0.9649989244E+00
    40    0.1026473143E+01
    41    0.1048634948E+01
    42    0.1093303196E+01
    43    0.9281139302E+00
    44    0.7878865506E+00
    45    0.1114393736E+01
    46    0.1351469974E+01
    47    0.1110562905E+01
    48    0.1133503532E+01
    49    0.1028847986E+01
    50    0.8457274687E+00
    51    0.7444767108E+00
    52    0.8711988040E+00
    53    0.9167315766E+00
    54    0.9317963000E+00
    55    0.9237927877E+00
    56    0.1260780642E+01
    57    0.1231774795E+01
    58    0.8703316840E+00
    59    0.5288676791E+00
    60    0.7279040687E+00
    61    0.7725222936E+00
    62    0.8564333381E+00
    63    0.1054970005E+01
    64    0.1229005687E+01
    65    0.1287147558E+01
    66    0.9803904821E+00
    67    0.8071517623E+00
    68    0.9864186524E+00
    69    0.9755665735E+00
    70    0.7756677631E+00
    71    0.9872276786E+00
    72    0.1084910448E+01
    73    0.9860368688E+00
    74    0.1103871747E+01
    75    0.1047951794E+01
    76    0.1018996068E+01
    77    0.9817913350E+00
    78    0.8317810354E+00
    79    0.7577888702E+00
    80    0.9518983803E+00
    81    0.1116516916E+01
    82    0.1051509282E+01
    83    0.8901467942E+00
    84    0.9059703342E+00
    85    0.9272758319E+00
    86    0.8445773933E+00
    87    0.1018808209E+01
    88    0.1111066206E+01
    89    0.9174458849E+00
    90    0.9971455314E+00
    91    0.1218109189E+01
    92    0.8527733852E+00
    93    0.6587539156E+00
    94    0.9683658138E+00
    95    0.1091901419E+01
    96    0.8702906097E+00
    97    0.8374172148E+00
    98    0.9809750408E+00
    99    0.6951101890E+00
   100    0.7575563243E+00
   101    0.1087919789E+01
   102    0.1054527639E+01
   103    0.1386650228E+01
   104    0.1438529333E+01
   105    0.1092602250E+01
   106    0.5247187582E+00
   107    0.4626753970E+00
   108    0.6523709479E+00
   109    0.6755676915E+00
   110    0.9238842650E+00
   111    0.1485821273E+01
   112    0.1333078814E+01
   113    0.1072641185E+01
   114    0.1102649967E+01
   115    0.9299904583E+00
   116    0.9077059739E+00
   117    0.8193773518E+00
   118    0.9158132475E+00
   119    0.8586320806E+00
   120    0.5909367932E+00
   121    0.5874913307E+00
   122    0.7598577236E+00
   123    0.7905397317E+00
   124    0.8783863058E+00
   125    0.9197862550E+00
   126    0.8058353566E+00
   127    0.8279022017E+00
   128    0.9250082842E+00
   129    0.8990619674E+00
   130    0.8605742388E+00
   131    0.8734839209E+00
   132    0.9384713640E+00
   133    0.7046372430E+00
   134    0.7596905049E+00
   135    0.9209697398E+00
   136    0.7569703729E+00
   137    0.7992816767E+00
   138    0.9477422384E+00
   139    0.1109399091E+01
   140    0.1199410807E+01
   141    0.1264799092E+01
   142    0.1199068472E+01
   143    0.1053223138E+01
   144    0.1172546825E+01
   145    0.1314757982E+01
   146    0.1322962829E+01
   147    0.1017037839E+01
   148    0.8767539706E+00
   149    0.9398883978E+00
   150    0.1049915291E+01
   151    0.1001309060E+01
   152    0.9045570084E+00
   153    0.9248744484E+00
   154    0.9122462223E+00
   155    0.8954726813E+00
   156    0.1029962324E+01
   157    0.8426146239E+00
   158    0.6053143407E+00
   159    0.6679079953E+00
   160    0.6608992190E+00
   161    0.6609225599E+00
   162    0.5516447502E+00
   163    0.5309051604E+00
   164    0.7743961080E+00
   165    0.8410516857E+00
   166    0.6572850016E+00
   167    0.6028603886E+00
   168    0.6387718712E+00
   169    0.7619226022E+00
   170    0.7773710622E+00
   171    0.7349395177E+00
   172    0.7117737504E+00
   173    0.8734094583E+00
   174    0.9624328731E+00
   175    0.7930279584E+00
   176    0.5501254974E+00
   177    0.6854659881E+00
   178    0.8740944308E+00
   179    0.1136066528E+01
   180    0.1087681730E+01
   181    0.1201162401E+01
   182    0.1730287736E+01
   183    0.1807855530E+01
   184    0.1481912993E+01
   185    0.1259175241E+01
   186    0.1209930779E+01
   187    0.1118715810E+01
   188    0.9691054452E+00
   189    0.1057144435E+01
   190    0.1030641629E+01
   191    0.8807666370E+00
   192    0.8340656899E+00
   193    0.8392310128E+00
   194    0.7657896110E+00
   195    0.8298737923E+00
   196    0.9269767559E+00
   197    0.9361527577E+00
   198    0.8788087973E+00
   199    0.9645767754E+00
   200    0.9062820337E+00
   201    0.9201894700E+00
   202    0.8827023586E+00
   203    0.8005139104E+00
   204    0.8450177456E+00
   205    0.8819029490E+00
   206    0.8434151068E+00
   207    0.9588246624E+00
   208    0.1196940319E+01
   209    0.1156860846E+01
   210    0.9178373766E+00
   211    0.7542304623E+00
   212    0.7111821181E+00
   213    0.7770322991E+00
   214    0.9386515105E+00
   215    0.9948193950E+00
   216    0.9568281196E+00
   217    0.1114592486E+01
   218    0.1324318938E+01
   219    0.1270910846E+01
   220    0.9701423015E+00
   221    0.7993022412E+00
   222    0.7619848301E+00
   223    0.8753717246E+00
   224    0.1061323638E+01
   225    0.1149197869E+01
   226    0.9773470995E+00
   227    0.7645902447E+00
   228    0.6414784812E+00
   229    0.6715673457E+00
   230    0.8195094080E+00
   231    0.1030067910E+01
   232    0.1091233126E+01
   233    0.9568003727E+00
   234    0.8145656191E+00
   235    0.7096591501E+00
   236    0.7541119950E+00
   237    0.8623046476E+00
   238    0.9185092458E+00
   239    0.9528965233E+00
   240    0.1034969590E+01
   241    0.1029991190E+01
   242    0.1056684204E+01
   243    0.1155319871E+01
   244    0.1093453073E+01
   245    0.1003666552E+01
   246    0.9359540607E+00
   247    0.8749495839E+00
   248    0.9043765620E+00
   249    0.1030952148E+01
   250    0.1041394306E+01
   251    0.9808200164E+00
   252    0.1029639548E+01
   253    0.1074860492E+01
   254    0.9756392140E+00
   255    0.9146168160E+00
   256    0.9707780308E+00
   257    0.1025646655E+01
   258    0.9672485436E+00
   259    0.9142343285E+00
   260    0.9582617058E+00
   261    0.1018599000E+01
   262    0.1029061229E+01
   263    0.1035488612E+01
   264    0.9896381771E+00
   265    0.9640753370E+00
   266    0.1015056140E+01
   267    0.1049224932E+01
   268    0.9923471924E+00
   269    0.9445297767E+00
   270    0.9782348853E+00
   271    0.1041310260E+01
   272    0.1037529071E+01
   273    0.1012558378E+01
   274    0.1031308461E+01
   275    0.1033019445E+01
   276    0.1015056995E+01
   277    0.1020215197E+01
   278    0.1019390198E+01
   279    0.1005528338E+01
   280    0.1008859290E+01
   281    0.1020000995E+01
   282    0.1015267241E+01
   283    0.1006078271E+01
   284    0.1008348840E+01
   285    0.1013686177E+01
   286    0.1010363865E+01
   287    0.1004634337E+01
   288    0.1008941760E+01
   289    0.1016443311E+01
   290    0.1011793320E+01
   291    0.1005393581E+01
   292    0.1004672025E+01
   293    0.1006244621E+01
   294    0.1007353225E+01
   295    0.1007183974E+01
   296    0.1006394295E+01
   297    0.1005205177E+01
   298    0.1004411946E+01
   299    0.1004625582E+01
   300    0.1004798104E+01
   301    0.1004303892E+01
   302    0.1003763895E+01
   303    0.1003635884E+01
   304    0.1003392391E+01
   305    0.1002927326E+01
   306    0.1002853949E+01
   307    0.1002818100E+01
   308    0.1002479972E+01
   309    0.1002117089E+01
   310    0.1001987198E+01
   311    0.1001852594E+01
   312    0.1001660318E+01
   313    0.1001512614E+01
   314    0.1001372995E+01
   315    0.1001221228E+01
   316    0.1001109725E+01
   317    0.1001044662E+01
   318    0.1000977669E+01
   319    0.1000870415E+01
   320    0.1000743435E+01
   321    0.1000657505E+01
   322    0.1000609755E+01
   323    0.1000552015E+01
   324    0.1000500232E+01
   325    0.1000434103E+01
   326    0.1000374570E+01
   327    0.1000347089E+01
   328    0.1000322052E+01
   329    0.1000282783E+01
   330    0.1000246399E+01
   331    0.1000217763E+01
   332    0.1000200520E+01
   333    0.1000181413E+01
   334    0.1000153291E+01
   335    0.1000132754E+01
   336    0.1000117796E+01
   337    0.1000100587E+01
   338    0.1000088226E+01
   339    0.1000081908E+01
   340    0.1000070996E+01
   341    0.1000059878E+01
   342    0.1000053801E+01
   343    0.1000047176E+01
   344    0.1000040581E+01
   345    0.1000034867E+01
   346    0.1000030081E+01
   347    0.1000026222E+01
   348    0.1000022951E+01
   349    0.1000020249E+01
   350    0.1000017560E+01
   351    0.1000015240E+01
   352    0.1000012780E+01
   353    0.1000010471E+01
   354    0.1000009011E+01
   355    0.1000007956E+01
   356    0.1000006747E+01
   357    0.1000005908E+01
   358    0.1000005342E+01
   359    0.1000004539E+01
   360    0.1000003707E+01
   361    0.1000003041E+01
   362    0.1000002628E+01
   363    0.1000002260E+01
   364    0.1000001939E+01
   365    0.1000001657E+01
   366    0.1000001396E+01
   367    0.1000001146E+01
   368    0.1000000942E+01
   369    0.1000000805E+01
   370    0.1000000691E+01
   371    0.1000000587E+01
   372    0.1000000484E+01
   373    0.1000000404E+01
   374    0.1000000350E+01
   375    0.1000000300E+01
   376    0.1000000245E+01
   377    0.1000000199E+01
   378    0.1000000162E+01
   379    0.1000000132E+01
   380    0.1000000112E+01
   381    0.1000000096E+01
   382    0.1000000081E+01
   383    0.1000000065E+01
   384    0.1000000051E+01
   385    0.1000000042E+01
   386    0.1000000036E+01
   387    0.1000000031E+01
   388    0.1000000025E+01
   389    0.1000000020E+01
   390    0.1000000016E+01
   391    0.1000000013E+01
   392    0.1000000011E+01
   393    0.1000000009E+01
   394    0.1000000007E+01
   395    0.1000000006E+01
   396    0.1000000005E+01
   397    0.1000000004E+01
   398    0.1000000003E+01
   399    0.1000000003E+01
   400    0.1000000002E+01
   401    0.1000000002E+01
   402    0.1000000001E+01
   403    0.1000000001E+01
   404    0.1000000001E+01
   405    0.1000000001E+01
   406    0.1000000001E+01
   407    0.1000000000E+01
   408    0.1000000000E+01
   409    0.1000000000E+01
   410    0.1000000000E+01
   411    0.1000000000E+01
   412    0.1000000000E+01
   413    0.1000000000E+01
   414    0.1000000000E+01
   415    0.1000000000E+01
   416    0.1000000000E+01
   417    0.1000000000E+01
   418    0.1000000000E+01
   419    0.1000000000E+01
   420    0.1000000000E+01
   421    0.1000000000E+01
   422    0.1000000000E+01
   423    0.1000000000E+01
   424    0.1000000000E+01
   425    0.1000000000E+01
   426    0.1000000000E+01
   427    0.1000000000E+01
   428    0.1000000000E+01
   429    0.1000000000E+01
   430    0.1000000000E+01
   431    0.1000000000E+01
   432    0.1000000000E+01
   433    0.1000000000E+01
   434    0.1000000000E+01
   435    0.1000000000E+01
   436    0.1000000000E+01
   437    0.1000000000E+01
   438    0.1000000000E+01
   439    0.1000000000E+01
   440    0.1000000000E+01
   441    0.1000000000E+01
   442    0.1000000000E+01
   443    0.1000000000E+01
   444    0.1000000000E+01
   445    0.1000000000E+01
   446    0.1000000000E+01
   447    0.1000000000E+01
   448    0.1000000000E+01
   449    0.1000000000E+01
   450    0.1000000000E+01
   451    0.1000000000E+01
   452    0.1000000000E+01
   453    0.1000000000E+01
   454    0.1000000000E+01
   455    0.1000000000E+01
   456    0.1000000000E+01
   457    0.1000000000E+01
   458    0.1000000000E+01
   459    0.1000000000E+01
   460    0.1000000000E+01
   461    0.1000000000E+01
   462    0.1000000000E+01
   463    0.1000000000E+01
   464    0.1000000000E+01
   465    0.1000000000E+01
   466    0.1000000000E+01
   467    0.1000000000E+01
   468    0.1000000000E+01
   469    0.1000000000E+01
   470    0.1000000000E+01
   471    0.1000000000E+01
   472    0.1000000000E+01
   473    0.1000000000E+01
   474    0.1000000000E+01
   475    0.1000000000E+01
   476    0.1000000000E+01
   477    0.1000000000E+01
   478    0.1000000000E+01
   479    0.1000000000E+01
   480    0.1000000000E+01
   481    0.1000000000E+01
   482    0.1000000000E+01
   483    0.1000000000E+01
   484    0.1000000000E+01
   485    0.1000000000E+01
   486    0.1000000000E+01
   487    0.1000000000E+01
   488    0.1000000000E+01
   489    0.1000000000E+01
   490    0.1000000000E+01
   491    0.1000000000E+01
   492    0.1000000000E+01
   493    0.1000000000E+01
   494    0.1000000000E+01
   495    0.1000000000E+01
   496    0.1000000000E+01
   497    0.1000000000E+01
   498    0.1000000000E+01
   499    0.9589843750E+00
   500    0.6987304688E+00
   501    0.2567138672E+00
   502    0.6417846680E-01
