    -1    0.4712290534E-01
     0    0.3304352592E+00
     1    0.7835900230E+00
     2    0.9481502877E+00
     3    0.9714075819E+00
     4    0.9664744495E+00
     5    0.9827722704E+00
     6    0.9730064092E+00
     7    0.9481078537E+00
     8    0.9696493768E+00
     9    0.9668988073E+00
    10    0.9368617139E+00
    11    0.9591154988E+00
    12    0.9632925327E+00
    13    0.9400452854E+00
    14    0.9545798426E+00
    15    0.9629629818E+00
    16    0.9522794300E+00
    17    0.9591251138E+00
    18    0.9690136322E+00
    19    0.9680431947E+00
    20    0.9734058118E+00
    21    0.9820818506E+00
    22    0.9850283730E+00
    23    0.9956619211E+00
    24    0.1000311234E+01
    25    0.1001964811E+01
    26    0.1020020332E+01
    27    0.1021112601E+01
    28    0.1018132782E+01
    29    0.1041401385E+01
    30    0.1037608343E+01
    31    0.1032773519E+01
    32    0.1056833861E+01
    33    0.1043338399E+01
    34    0.1043738731E+01
    35    0.1062638227E+01
    36    0.1037758102E+01
    37    0.1048331715E+01
    38    0.1057194167E+01
    39    0.1023103822E+01
    40    0.1044220940E+01
    41    0.1041731298E+01
    42    0.1004236647E+01
    43    0.1030446925E+01
    44    0.1019974282E+01
    45    0.9859053657E+00
    46    0.1009152844E+01
    47    0.9973529929E+00
    48    0.9712959131E+00
    49    0.9848452007E+00
    50    0.9768005440E+00
    51    0.9622676666E+00
    52    0.9640420699E+00
    53    0.9612678534E+00
    54    0.9574699227E+00
    55    0.9518138579E+00
    56    0.9520329454E+00
    57    0.9564765902E+00
    58    0.9504390867E+00
    59    0.9495378222E+00
    60    0.9595017864E+00
    61    0.9594098950E+00
    62    0.9545417086E+00
    63    0.9670586450E+00
    64    0.9762119610E+00
    65    0.9675678574E+00
    66    0.9793696745E+00
    67    0.9974881856E+00
    68    0.9872795361E+00
    69    0.9957914889E+00
    70    0.1019737568E+01
    71    0.1009826244E+01
    72    0.1014170000E+01
    73    0.1039634353E+01
    74    0.1029840257E+01
    75    0.1031008315E+01
    76    0.1053960257E+01
    77    0.1042624015E+01
    78    0.1042437721E+01
    79    0.1059957754E+01
    80    0.1045719303E+01
    81    0.1045526816E+01
    82    0.1055956806E+01
    83    0.1039330188E+01
    84    0.1039250214E+01
    85    0.1042056578E+01
    86    0.1025923530E+01
    87    0.1024629012E+01
    88    0.1020620967E+01
    89    0.1009173163E+01
    90    0.1004726657E+01
    91    0.9960331473E+00
    92    0.9919552975E+00
    93    0.9842963997E+00
    94    0.9730295181E+00
    95    0.9765709691E+00
    96    0.9675907735E+00
    97    0.9557128746E+00
    98    0.9642301294E+00
    99    0.9576948104E+00
   100    0.9462127154E+00
   101    0.9561757327E+00
   102    0.9556962701E+00
   103    0.9450217748E+00
   104    0.9540343410E+00
   105    0.9610787912E+00
   106    0.9516948375E+00
   107    0.9592872831E+00
   108    0.9723808309E+00
   109    0.9658577060E+00
   110    0.9723591214E+00
   111    0.9883103389E+00
   112    0.9858356047E+00
   113    0.9916039834E+00
   114    0.1006686968E+01
   115    0.1007362810E+01
   116    0.1014357472E+01
   117    0.1024945379E+01
   118    0.1027351730E+01
   119    0.1035510685E+01
   120    0.1039812346E+01
   121    0.1042328929E+01
   122    0.1050091871E+01
   123    0.1048482780E+01
   124    0.1049716709E+01
   125    0.1053092144E+01
   126    0.1048997903E+01
   127    0.1047861086E+01
   128    0.1045104236E+01
   129    0.1040547959E+01
   130    0.1036881788E+01
   131    0.1029349619E+01
   132    0.1023705805E+01
   133    0.1018323785E+01
   134    0.1010255466E+01
   135    0.1001463387E+01
   136    0.9973285463E+00
   137    0.9910989949E+00
   138    0.9792114118E+00
   139    0.9781294968E+00
   140    0.9744275386E+00
   141    0.9599995999E+00
   142    0.9637014383E+00
   143    0.9625724303E+00
   144    0.9478700465E+00
   145    0.9546445671E+00
   146    0.9564030147E+00
   147    0.9471647320E+00
   148    0.9527635547E+00
   149    0.9561373445E+00
   150    0.9547301614E+00
   151    0.9584295850E+00
   152    0.9632596454E+00
   153    0.9684981263E+00
   154    0.9717314971E+00
   155    0.9774197917E+00
   156    0.9870449947E+00
   157    0.9915153481E+00
   158    0.9969527658E+00
   159    0.1007910875E+01
   160    0.1014696959E+01
   161    0.1018565933E+01
   162    0.1028674914E+01
   163    0.1037522256E+01
   164    0.1037419527E+01
   165    0.1045193665E+01
   166    0.1055018721E+01
   167    0.1050005619E+01
   168    0.1055389682E+01
   169    0.1062989960E+01
   170    0.1054238674E+01
   171    0.1056589343E+01
   172    0.1057778384E+01
   173    0.1049727306E+01
   174    0.1048338439E+01
   175    0.1042387968E+01
   176    0.1034202452E+01
   177    0.1032487599E+01
   178    0.1022866066E+01
   179    0.1013804609E+01
   180    0.1011041146E+01
   181    0.1002492065E+01
   182    0.9954269617E+00
   183    0.9913595500E+00
   184    0.9843452240E+00
   185    0.9797545186E+00
   186    0.9759469024E+00
   187    0.9719006936E+00
   188    0.9700489965E+00
   189    0.9664957341E+00
   190    0.9659496198E+00
   191    0.9695757043E+00
   192    0.9680558426E+00
   193    0.9679077050E+00
   194    0.9748459471E+00
   195    0.9743986168E+00
   196    0.9745162952E+00
   197    0.9873626158E+00
   198    0.9932059593E+00
   199    0.9938506856E+00
   200    0.1006200523E+01
   201    0.1013191731E+01
   202    0.1014055030E+01
   203    0.1026528779E+01
   204    0.1030097340E+01
   205    0.1027646473E+01
   206    0.1040370569E+01
   207    0.1046043091E+01
   208    0.1044653254E+01
   209    0.1048116828E+01
   210    0.1047105082E+01
   211    0.1044968429E+01
   212    0.1049868161E+01
   213    0.1052675812E+01
   214    0.1040254554E+01
   215    0.1028392119E+01
   216    0.1028803454E+01
   217    0.1025460816E+01
   218    0.1016025706E+01
   219    0.1012846508E+01
   220    0.1008341125E+01
   221    0.9976852228E+00
   222    0.9908187490E+00
   223    0.9868190209E+00
   224    0.9812616112E+00
   225    0.9757950480E+00
   226    0.9669450168E+00
   227    0.9581518330E+00
   228    0.9593356826E+00
   229    0.9588251647E+00
   230    0.9418700748E+00
   231    0.9355607585E+00
   232    0.9614914790E+00
   233    0.9719628543E+00
   234    0.9497722512E+00
   235    0.9401539238E+00
   236    0.9327008380E+00
   237    0.9212231729E+00
   238    0.9581197036E+00
   239    0.1000341451E+01
   240    0.9585408494E+00
   241    0.9188535794E+00
   242    0.9246350020E+00
   243    0.9339974524E+00
   244    0.9751244458E+00
   245    0.1007486846E+01
   246    0.9558934038E+00
   247    0.9215222127E+00
   248    0.9399353949E+00
   249    0.9514767113E+00
   250    0.9664326874E+00
   251    0.9976409430E+00
   252    0.9906927461E+00
   253    0.9486412908E+00
   254    0.9499401954E+00
   255    0.9742411135E+00
   256    0.9758610699E+00
   257    0.9757782832E+00
   258    0.9847436970E+00
   259    0.9842233811E+00
   260    0.9840430778E+00
   261    0.9894782433E+00
   262    0.9933620152E+00
   263    0.9959130634E+00
   264    0.9929580778E+00
   265    0.9922197210E+00
   266    0.1002138173E+01
   267    0.1006613430E+01
   268    0.1002025071E+01
   269    0.1001378789E+01
   270    0.1007676400E+01
   271    0.1013757870E+01
   272    0.1012600517E+01
   273    0.1006330489E+01
   274    0.1006525291E+01
   275    0.1012639463E+01
   276    0.1014140081E+01
   277    0.1012753948E+01
   278    0.1013947522E+01
   279    0.1014638263E+01
   280    0.1014724069E+01
   281    0.1016515411E+01
   282    0.1016489079E+01
   283    0.1016572532E+01
   284    0.1018814794E+01
   285    0.1018289348E+01
   286    0.1015164221E+01
   287    0.1014857588E+01
   288    0.1018804076E+01
   289    0.1020408437E+01
   290    0.1016965904E+01
   291    0.1015453043E+01
   292    0.1016343868E+01
   293    0.1016229571E+01
   294    0.1015716212E+01
   295    0.1015598246E+01
   296    0.1014896071E+01
   297    0.1013750033E+01
   298    0.1013600330E+01
   299    0.1013566314E+01
   300    0.1012552485E+01
   301    0.1011638715E+01
   302    0.1011412243E+01
   303    0.1011114029E+01
   304    0.1010282114E+01
   305    0.1009694928E+01
   306    0.1009772567E+01
   307    0.1009916623E+01
   308    0.1009283213E+01
   309    0.1008146425E+01
   310    0.1007391295E+01
   311    0.1007113168E+01
   312    0.1006986171E+01
   313    0.1006648966E+01
   314    0.1006185476E+01
   315    0.1005620416E+01
   316    0.1005128162E+01
   317    0.1004875065E+01
   318    0.1004648849E+01
   319    0.1004297817E+01
   320    0.1003926057E+01
   321    0.1003669418E+01
   322    0.1003396023E+01
   323    0.1003083857E+01
   324    0.1002882932E+01
   325    0.1002699000E+01
   326    0.1002445432E+01
   327    0.1002200290E+01
   328    0.1002026465E+01
   329    0.1001857364E+01
   330    0.1001685967E+01
   331    0.1001534736E+01
   332    0.1001391280E+01
   333    0.1001256970E+01
   334    0.1001142184E+01
   335    0.1001043790E+01
   336    0.1000952999E+01
   337    0.1000857755E+01
   338    0.1000758849E+01
   339    0.1000678119E+01
   340    0.1000616490E+01
   341    0.1000553981E+01
   342    0.1000496995E+01
   343    0.1000440932E+01
   344    0.1000389376E+01
   345    0.1000351003E+01
   346    0.1000317156E+01
   347    0.1000280733E+01
   348    0.1000247298E+01
   349    0.1000219267E+01
   350    0.1000196889E+01
   351    0.1000175148E+01
   352    0.1000152286E+01
   353    0.1000133675E+01
   354    0.1000117925E+01
   355    0.1000102452E+01
   356    0.1000090059E+01
   357    0.1000080587E+01
   358    0.1000070172E+01
   359    0.1000060671E+01
   360    0.1000053513E+01
   361    0.1000046653E+01
   362    0.1000040468E+01
   363    0.1000035067E+01
   364    0.1000030369E+01
   365    0.1000026386E+01
   366    0.1000022937E+01
   367    0.1000019978E+01
   368    0.1000017272E+01
   369    0.1000014908E+01
   370    0.1000012743E+01
   371    0.1000010791E+01
   372    0.1000009259E+01
   373    0.1000008031E+01
   374    0.1000006858E+01
   375    0.1000005909E+01
   376    0.1000005150E+01
   377    0.1000004386E+01
   378    0.1000003679E+01
   379    0.1000003099E+01
   380    0.1000002650E+01
   381    0.1000002255E+01
   382    0.1000001921E+01
   383    0.1000001632E+01
   384    0.1000001378E+01
   385    0.1000001153E+01
   386    0.1000000963E+01
   387    0.1000000816E+01
   388    0.1000000691E+01
   389    0.1000000582E+01
   390    0.1000000486E+01
   391    0.1000000407E+01
   392    0.1000000344E+01
   393    0.1000000290E+01
   394    0.1000000241E+01
   395    0.1000000198E+01
   396    0.1000000164E+01
   397    0.1000000136E+01
   398    0.1000000113E+01
   399    0.1000000095E+01
   400    0.1000000079E+01
   401    0.1000000065E+01
   402    0.1000000053E+01
   403    0.1000000044E+01
   404    0.1000000036E+01
   405    0.1000000030E+01
   406    0.1000000025E+01
   407    0.1000000020E+01
   408    0.1000000016E+01
   409    0.1000000013E+01
   410    0.1000000011E+01
   411    0.1000000009E+01
   412    0.1000000007E+01
   413    0.1000000006E+01
   414    0.1000000005E+01
   415    0.1000000004E+01
   416    0.1000000003E+01
   417    0.1000000003E+01
   418    0.1000000002E+01
   419    0.1000000002E+01
   420    0.1000000001E+01
   421    0.1000000001E+01
   422    0.1000000001E+01
   423    0.1000000001E+01
   424    0.1000000001E+01
   425    0.1000000000E+01
   426    0.1000000000E+01
   427    0.1000000000E+01
   428    0.1000000000E+01
   429    0.1000000000E+01
   430    0.1000000000E+01
   431    0.1000000000E+01
   432    0.1000000000E+01
   433    0.1000000000E+01
   434    0.1000000000E+01
   435    0.1000000000E+01
   436    0.1000000000E+01
   437    0.1000000000E+01
   438    0.1000000000E+01
   439    0.1000000000E+01
   440    0.1000000000E+01
   441    0.1000000000E+01
   442    0.1000000000E+01
   443    0.1000000000E+01
   444    0.1000000000E+01
   445    0.1000000000E+01
   446    0.1000000000E+01
   447    0.1000000000E+01
   448    0.1000000000E+01
   449    0.1000000000E+01
   450    0.1000000000E+01
   451    0.1000000000E+01
   452    0.1000000000E+01
   453    0.1000000000E+01
   454    0.1000000000E+01
   455    0.1000000000E+01
   456    0.1000000000E+01
   457    0.1000000000E+01
   458    0.1000000000E+01
   459    0.1000000000E+01
   460    0.1000000000E+01
   461    0.1000000000E+01
   462    0.1000000000E+01
   463    0.1000000000E+01
   464    0.1000000000E+01
   465    0.1000000000E+01
   466    0.1000000000E+01
   467    0.1000000000E+01
   468    0.1000000000E+01
   469    0.1000000000E+01
   470    0.1000000000E+01
   471    0.1000000000E+01
   472    0.1000000000E+01
   473    0.1000000000E+01
   474    0.1000000000E+01
   475    0.1000000000E+01
   476    0.1000000000E+01
   477    0.1000000000E+01
   478    0.1000000000E+01
   479    0.1000000000E+01
   480    0.1000000000E+01
   481    0.1000000000E+01
   482    0.1000000000E+01
   483    0.1000000000E+01
   484    0.1000000000E+01
   485    0.1000000000E+01
   486    0.1000000000E+01
   487    0.1000000000E+01
   488    0.1000000000E+01
   489    0.1000000000E+01
   490    0.1000000000E+01
   491    0.1000000000E+01
   492    0.1000000000E+01
   493    0.1000000000E+01
   494    0.1000000000E+01
   495    0.1000000000E+01
   496    0.1000000000E+01
   497    0.1000000000E+01
   498    0.1000000000E+01
   499    0.9589843750E+00
   500    0.6987304688E+00
   501    0.2567138672E+00
   502    0.6417846680E-01
