    -1    0.4821798632E-01
     0    0.3267972555E+00
     1    0.7697700572E+00
     2    0.9461291819E+00
     3    0.9885140332E+00
     4    0.9983983978E+00
     5    0.1000100442E+01
     6    0.9986632683E+00
     7    0.9974020069E+00
     8    0.9966300834E+00
     9    0.9946807116E+00
    10    0.9933162620E+00
    11    0.9928550908E+00
    12    0.9913646248E+00
    13    0.9904009759E+00
    14    0.9902607692E+00
    15    0.9894782938E+00
    16    0.9891827941E+00
    17    0.9892864402E+00
    18    0.9893296381E+00
    19    0.9898377920E+00
    20    0.9901046565E+00
    21    0.9909478316E+00
    22    0.9922634176E+00
    23    0.9925777524E+00
    24    0.9940936339E+00
    25    0.9960773783E+00
    26    0.9963048678E+00
    27    0.9982709354E+00
    28    0.1000644926E+01
    29    0.1000672599E+01
    30    0.1002799991E+01
    31    0.1005164422E+01
    32    0.1004939198E+01
    33    0.1006908069E+01
    34    0.1008821051E+01
    35    0.1008357197E+01
    36    0.1009833031E+01
    37    0.1010977746E+01
    38    0.1010282165E+01
    39    0.1011017131E+01
    40    0.1011269231E+01
    41    0.1010317973E+01
    42    0.1010238323E+01
    43    0.1009666275E+01
    44    0.1008412159E+01
    45    0.1007663612E+01
    46    0.1006463010E+01
    47    0.1004899401E+01
    48    0.1003795782E+01
    49    0.1002201693E+01
    50    0.1000461232E+01
    51    0.9993252099E+00
    52    0.9976126348E+00
    53    0.9959241579E+00
    54    0.9950335867E+00
    55    0.9934436299E+00
    56    0.9921299821E+00
    57    0.9916115014E+00
    58    0.9903831033E+00
    59    0.9897259118E+00
    60    0.9896104521E+00
    61    0.9889335621E+00
    62    0.9890768724E+00
    63    0.9893724221E+00
    64    0.9893106890E+00
    65    0.9902907837E+00
    66    0.9909470941E+00
    67    0.9914500835E+00
    68    0.9931788398E+00
    69    0.9940897534E+00
    70    0.9950335167E+00
    71    0.9972508484E+00
    72    0.9983119413E+00
    73    0.9994897398E+00
    74    0.1001807438E+01
    75    0.1002925242E+01
    76    0.1004065742E+01
    77    0.1006048634E+01
    78    0.1007153842E+01
    79    0.1007917478E+01
    80    0.1009244830E+01
    81    0.1010235445E+01
    82    0.1010323615E+01
    83    0.1010818940E+01
    84    0.1011610046E+01
    85    0.1010810905E+01
    86    0.1010493033E+01
    87    0.1010995867E+01
    88    0.1009307811E+01
    89    0.1008321747E+01
    90    0.1008471716E+01
    91    0.1006126624E+01
    92    0.1004700899E+01
    93    0.1004487961E+01
    94    0.1001850505E+01
    95    0.1000299941E+01
    96    0.9997564824E+00
    97    0.9972472969E+00
    98    0.9958973017E+00
    99    0.9951054549E+00
   100    0.9931264612E+00
   101    0.9922302921E+00
   102    0.9913329909E+00
   103    0.9901820262E+00
   104    0.9898745472E+00
   105    0.9891033682E+00
   106    0.9888532765E+00
   107    0.9892065198E+00
   108    0.9888042137E+00
   109    0.9893215013E+00
   110    0.9903456685E+00
   111    0.9904831849E+00
   112    0.9915216536E+00
   113    0.9931166930E+00
   114    0.9938631250E+00
   115    0.9951257924E+00
   116    0.9971025279E+00
   117    0.9983360559E+00
   118    0.9996051902E+00
   119    0.1001639764E+01
   120    0.1003126160E+01
   121    0.1004222593E+01
   122    0.1005953403E+01
   123    0.1007392222E+01
   124    0.1008155202E+01
   125    0.1009299447E+01
   126    0.1010344104E+01
   127    0.1010704207E+01
   128    0.1011048625E+01
   129    0.1011445475E+01
   130    0.1011405898E+01
   131    0.1010858726E+01
   132    0.1010497398E+01
   133    0.1010140729E+01
   134    0.1008747860E+01
   135    0.1007691385E+01
   136    0.1007152696E+01
   137    0.1005103719E+01
   138    0.1003550626E+01
   139    0.1003012250E+01
   140    0.1000598168E+01
   141    0.9988343102E+00
   142    0.9984718274E+00
   143    0.9960613093E+00
   144    0.9943635469E+00
   145    0.9943464976E+00
   146    0.9923001257E+00
   147    0.9909168257E+00
   148    0.9913606462E+00
   149    0.9899437826E+00
   150    0.9890991853E+00
   151    0.9900252225E+00
   152    0.9894070111E+00
   153    0.9892618745E+00
   154    0.9905999288E+00
   155    0.9908086925E+00
   156    0.9913966557E+00
   157    0.9930819284E+00
   158    0.9940064095E+00
   159    0.9952326873E+00
   160    0.9971426430E+00
   161    0.9985383815E+00
   162    0.1000267259E+01
   163    0.1002254223E+01
   164    0.1003790325E+01
   165    0.1005719250E+01
   166    0.1007522707E+01
   167    0.1008945278E+01
   168    0.1010877688E+01
   169    0.1012214725E+01
   170    0.1013228571E+01
   171    0.1014824455E+01
   172    0.1015444759E+01
   173    0.1015946982E+01
   174    0.1017132260E+01
   175    0.1016999429E+01
   176    0.1016884095E+01
   177    0.1017482947E+01
   178    0.1016574286E+01
   179    0.1015920456E+01
   180    0.1015989853E+01
   181    0.1014475134E+01
   182    0.1013460212E+01
   183    0.1013322664E+01
   184    0.1011505079E+01
   185    0.1010081697E+01
   186    0.1009647110E+01
   187    0.1008076076E+01
   188    0.1006990696E+01
   189    0.1006705645E+01
   190    0.1005391346E+01
   191    0.1004498461E+01
   192    0.1004690382E+01
   193    0.1003994951E+01
   194    0.1003361688E+01
   195    0.1003896413E+01
   196    0.1004110249E+01
   197    0.1004266985E+01
   198    0.1005424287E+01
   199    0.1006202902E+01
   200    0.1006451095E+01
   201    0.1007644989E+01
   202    0.1008708927E+01
   203    0.1009801772E+01
   204    0.1011858355E+01
   205    0.1013282992E+01
   206    0.1014347584E+01
   207    0.1016054074E+01
   208    0.1017327119E+01
   209    0.1018224437E+01
   210    0.1018825305E+01
   211    0.1019070051E+01
   212    0.1019981830E+01
   213    0.1020371866E+01
   214    0.1020218910E+01
   215    0.1020282749E+01
   216    0.1019099224E+01
   217    0.1017890119E+01
   218    0.1017435593E+01
   219    0.1015506031E+01
   220    0.1013020397E+01
   221    0.1010931787E+01
   222    0.1008032923E+01
   223    0.1005935581E+01
   224    0.1003415365E+01
   225    0.9999207121E+00
   226    0.9975504510E+00
   227    0.9947369853E+00
   228    0.9910026116E+00
   229    0.9880426278E+00
   230    0.9849323211E+00
   231    0.9815660234E+00
   232    0.9783068111E+00
   233    0.9749863238E+00
   234    0.9724950915E+00
   235    0.9701006394E+00
   236    0.9670526705E+00
   237    0.9652649521E+00
   238    0.9647000834E+00
   239    0.9625157343E+00
   240    0.9601964556E+00
   241    0.9588298101E+00
   242    0.9568950373E+00
   243    0.9562041942E+00
   244    0.9577353233E+00
   245    0.9575596882E+00
   246    0.9556223715E+00
   247    0.9554273221E+00
   248    0.9548834949E+00
   249    0.9548191507E+00
   250    0.9577769612E+00
   251    0.9598359873E+00
   252    0.9590504075E+00
   253    0.9596279335E+00
   254    0.9606592613E+00
   255    0.9612075477E+00
   256    0.9641273330E+00
   257    0.9675331025E+00
   258    0.9687065728E+00
   259    0.9694026865E+00
   260    0.9715657462E+00
   261    0.9734106939E+00
   262    0.9749919447E+00
   263    0.9775501903E+00
   264    0.9799343434E+00
   265    0.9820426170E+00
   266    0.9845197372E+00
   267    0.9863975588E+00
   268    0.9884285291E+00
   269    0.9908422446E+00
   270    0.9920353866E+00
   271    0.9939408456E+00
   272    0.9971368350E+00
   273    0.9989639194E+00
   274    0.1000248807E+01
   275    0.1002084028E+01
   276    0.1003554642E+01
   277    0.1005503760E+01
   278    0.1007130784E+01
   279    0.1007871468E+01
   280    0.1008565494E+01
   281    0.1010015608E+01
   282    0.1011212077E+01
   283    0.1012209966E+01
   284    0.1012980543E+01
   285    0.1013678002E+01
   286    0.1014422318E+01
   287    0.1015082739E+01
   288    0.1015540504E+01
   289    0.1016125751E+01
   290    0.1016686777E+01
   291    0.1016859856E+01
   292    0.1016803297E+01
   293    0.1016703688E+01
   294    0.1016686280E+01
   295    0.1016830928E+01
   296    0.1016748957E+01
   297    0.1016525621E+01
   298    0.1016400721E+01
   299    0.1016191978E+01
   300    0.1015744436E+01
   301    0.1015413109E+01
   302    0.1015044474E+01
   303    0.1014462523E+01
   304    0.1013980716E+01
   305    0.1013644639E+01
   306    0.1013105408E+01
   307    0.1012481264E+01
   308    0.1011991747E+01
   309    0.1011556030E+01
   310    0.1011002172E+01
   311    0.1010471939E+01
   312    0.1010011203E+01
   313    0.1009557578E+01
   314    0.1009134333E+01
   315    0.1008614474E+01
   316    0.1008034456E+01
   317    0.1007543272E+01
   318    0.1007152062E+01
   319    0.1006748562E+01
   320    0.1006329903E+01
   321    0.1005890500E+01
   322    0.1005456482E+01
   323    0.1005090289E+01
   324    0.1004766639E+01
   325    0.1004436235E+01
   326    0.1004096860E+01
   327    0.1003792601E+01
   328    0.1003510856E+01
   329    0.1003231497E+01
   330    0.1002973615E+01
   331    0.1002751011E+01
   332    0.1002525363E+01
   333    0.1002301118E+01
   334    0.1002104800E+01
   335    0.1001927402E+01
   336    0.1001755846E+01
   337    0.1001597911E+01
   338    0.1001453888E+01
   339    0.1001317404E+01
   340    0.1001194000E+01
   341    0.1001083911E+01
   342    0.1000981636E+01
   343    0.1000886433E+01
   344    0.1000797093E+01
   345    0.1000714060E+01
   346    0.1000642663E+01
   347    0.1000577929E+01
   348    0.1000517900E+01
   349    0.1000462648E+01
   350    0.1000412119E+01
   351    0.1000367798E+01
   352    0.1000329005E+01
   353    0.1000292758E+01
   354    0.1000259521E+01
   355    0.1000229960E+01
   356    0.1000204078E+01
   357    0.1000181165E+01
   358    0.1000159630E+01
   359    0.1000140316E+01
   360    0.1000123731E+01
   361    0.1000108633E+01
   362    0.1000095199E+01
   363    0.1000083863E+01
   364    0.1000073612E+01
   365    0.1000064134E+01
   366    0.1000056065E+01
   367    0.1000048985E+01
   368    0.1000042633E+01
   369    0.1000037043E+01
   370    0.1000032156E+01
   371    0.1000027905E+01
   372    0.1000024196E+01
   373    0.1000020963E+01
   374    0.1000018132E+01
   375    0.1000015653E+01
   376    0.1000013472E+01
   377    0.1000011554E+01
   378    0.1000009911E+01
   379    0.1000008524E+01
   380    0.1000007311E+01
   381    0.1000006260E+01
   382    0.1000005376E+01
   383    0.1000004597E+01
   384    0.1000003910E+01
   385    0.1000003315E+01
   386    0.1000002820E+01
   387    0.1000002399E+01
   388    0.1000002035E+01
   389    0.1000001727E+01
   390    0.1000001461E+01
   391    0.1000001232E+01
   392    0.1000001037E+01
   393    0.1000000874E+01
   394    0.1000000737E+01
   395    0.1000000620E+01
   396    0.1000000520E+01
   397    0.1000000435E+01
   398    0.1000000365E+01
   399    0.1000000306E+01
   400    0.1000000256E+01
   401    0.1000000213E+01
   402    0.1000000177E+01
   403    0.1000000147E+01
   404    0.1000000122E+01
   405    0.1000000102E+01
   406    0.1000000084E+01
   407    0.1000000070E+01
   408    0.1000000057E+01
   409    0.1000000047E+01
   410    0.1000000039E+01
   411    0.1000000032E+01
   412    0.1000000027E+01
   413    0.1000000022E+01
   414    0.1000000018E+01
   415    0.1000000015E+01
   416    0.1000000012E+01
   417    0.1000000010E+01
   418    0.1000000008E+01
   419    0.1000000006E+01
   420    0.1000000005E+01
   421    0.1000000004E+01
   422    0.1000000003E+01
   423    0.1000000003E+01
   424    0.1000000002E+01
   425    0.1000000002E+01
   426    0.1000000001E+01
   427    0.1000000001E+01
   428    0.1000000001E+01
   429    0.1000000001E+01
   430    0.1000000001E+01
   431    0.1000000001E+01
   432    0.1000000000E+01
   433    0.1000000000E+01
   434    0.1000000000E+01
   435    0.1000000000E+01
   436    0.1000000000E+01
   437    0.1000000000E+01
   438    0.1000000000E+01
   439    0.1000000000E+01
   440    0.1000000000E+01
   441    0.1000000000E+01
   442    0.1000000000E+01
   443    0.1000000000E+01
   444    0.1000000000E+01
   445    0.1000000000E+01
   446    0.1000000000E+01
   447    0.1000000000E+01
   448    0.1000000000E+01
   449    0.1000000000E+01
   450    0.1000000000E+01
   451    0.1000000000E+01
   452    0.1000000000E+01
   453    0.1000000000E+01
   454    0.1000000000E+01
   455    0.1000000000E+01
   456    0.1000000000E+01
   457    0.1000000000E+01
   458    0.1000000000E+01
   459    0.1000000000E+01
   460    0.1000000000E+01
   461    0.1000000000E+01
   462    0.1000000000E+01
   463    0.1000000000E+01
   464    0.1000000000E+01
   465    0.1000000000E+01
   466    0.1000000000E+01
   467    0.1000000000E+01
   468    0.1000000000E+01
   469    0.1000000000E+01
   470    0.1000000000E+01
   471    0.1000000000E+01
   472    0.1000000000E+01
   473    0.1000000000E+01
   474    0.1000000000E+01
   475    0.1000000000E+01
   476    0.1000000000E+01
   477    0.1000000000E+01
   478    0.1000000000E+01
   479    0.1000000000E+01
   480    0.1000000000E+01
   481    0.1000000000E+01
   482    0.1000000000E+01
   483    0.1000000000E+01
   484    0.1000000000E+01
   485    0.1000000000E+01
   486    0.1000000000E+01
   487    0.1000000000E+01
   488    0.1000000000E+01
   489    0.1000000000E+01
   490    0.1000000000E+01
   491    0.1000000000E+01
   492    0.1000000000E+01
   493    0.1000000000E+01
   494    0.1000000000E+01
   495    0.1000000000E+01
   496    0.1000000000E+01
   497    0.1000000000E+01
   498    0.1000000000E+01
   499    0.9589843750E+00
   500    0.6987304688E+00
   501    0.2567138672E+00
   502    0.6417846680E-01
