    -1    0.3175841005E+00
     0    0.5965589640E+00
     1    0.7936039156E+00
     2    0.1000713825E+01
     3    0.7983848910E+00
     4    0.7016449694E+00
     5    0.8402153587E+00
     6    0.1064903498E+01
     7    0.1070004291E+01
     8    0.6973676108E+00
     9    0.6371247715E+00
    10    0.7132119948E+00
    11    0.6887440237E+00
    12    0.5952439426E+00
    13    0.6240030231E+00
    14    0.7564378738E+00
    15    0.1017151931E+01
    16    0.8992506949E+00
    17    0.8442680333E+00
    18    0.1089885089E+01
    19    0.9335287554E+00
    20    0.7758033183E+00
    21    0.9127005531E+00
    22    0.8464693750E+00
    23    0.7230863703E+00
    24    0.9174006728E+00
    25    0.1130360290E+01
    26    0.1275503882E+01
    27    0.1411912049E+01
    28    0.1381049917E+01
    29    0.1440591093E+01
    30    0.1350356821E+01
    31    0.1400778436E+01
    32    0.1218517845E+01
    33    0.7660631813E+00
    34    0.9421507379E+00
    35    0.1139206061E+01
    36    0.1245385381E+01
    37    0.1155132197E+01
    38    0.1052315482E+01
    39    0.9616034031E+00
    40    0.1009558619E+01
    41    0.1211261507E+01
    42    0.1161041294E+01
    43    0.1026216602E+01
    44    0.9090145117E+00
    45    0.7486447633E+00
    46    0.7309210272E+00
    47    0.7778280668E+00
    48    0.1043763952E+01
    49    0.1229715191E+01
    50    0.1126913456E+01
    51    0.8498377959E+00
    52    0.5147624283E+00
    53    0.3993817965E+00
    54    0.5192371126E+00
    55    0.7117438115E+00
    56    0.9248588895E+00
    57    0.8209690217E+00
    58    0.7721950336E+00
    59    0.8618238411E+00
    60    0.9830448372E+00
    61    0.7627159993E+00
    62    0.6719008852E+00
    63    0.8649369346E+00
    64    0.9023170541E+00
    65    0.1103962572E+01
    66    0.9989276744E+00
    67    0.8075914456E+00
    68    0.1005174637E+01
    69    0.1240624370E+01
    70    0.1459381079E+01
    71    0.1752290767E+01
    72    0.1391818329E+01
    73    0.1037190340E+01
    74    0.8372604855E+00
    75    0.5476114361E+00
    76    0.5278429962E+00
    77    0.1109295284E+01
    78    0.1597241388E+01
    79    0.1679517114E+01
    80    0.1255840367E+01
    81    0.1185803367E+01
    82    0.1106034849E+01
    83    0.1017068868E+01
    84    0.1112688574E+01
    85    0.9766380451E+00
    86    0.9812541419E+00
    87    0.9940938893E+00
    88    0.9568987503E+00
    89    0.8790584743E+00
    90    0.9825506621E+00
    91    0.9674740902E+00
    92    0.9592454143E+00
    93    0.8630016211E+00
    94    0.7102933526E+00
    95    0.7047339107E+00
    96    0.6666301071E+00
    97    0.6738915772E+00
    98    0.7197501784E+00
    99    0.8424616366E+00
   100    0.9008120316E+00
   101    0.8338506088E+00
   102    0.8265698432E+00
   103    0.9331639877E+00
   104    0.9149942089E+00
   105    0.8631536155E+00
   106    0.8281897163E+00
   107    0.9216206037E+00
   108    0.9667843724E+00
   109    0.9080541519E+00
   110    0.1034078315E+01
   111    0.9082918342E+00
   112    0.8068862071E+00
   113    0.9270932913E+00
   114    0.1056907724E+01
   115    0.9511411792E+00
   116    0.8985307743E+00
   117    0.1153167479E+01
   118    0.1375594398E+01
   119    0.1238514245E+01
   120    0.1204229837E+01
   121    0.1348285248E+01
   122    0.1230919190E+01
   123    0.1184318612E+01
   124    0.1211078760E+01
   125    0.1143654775E+01
   126    0.1153097084E+01
   127    0.1101581487E+01
   128    0.1068376024E+01
   129    0.1070787927E+01
   130    0.1020391818E+01
   131    0.9772347930E+00
   132    0.9771601542E+00
   133    0.9458188636E+00
   134    0.8970790394E+00
   135    0.8267390308E+00
   136    0.9109115398E+00
   137    0.8714403016E+00
   138    0.7631317353E+00
   139    0.7788505262E+00
   140    0.8116316965E+00
   141    0.8750621924E+00
   142    0.8124230247E+00
   143    0.7298682647E+00
   144    0.7506308831E+00
   145    0.8845015647E+00
   146    0.8834241409E+00
   147    0.7334704235E+00
   148    0.8031482285E+00
   149    0.9310114136E+00
   150    0.8548008345E+00
   151    0.8354470583E+00
   152    0.8961854733E+00
   153    0.8945747509E+00
   154    0.8916189069E+00
   155    0.9075484873E+00
   156    0.9845199962E+00
   157    0.9387912182E+00
   158    0.1015784215E+01
   159    0.1155031403E+01
   160    0.1074605309E+01
   161    0.1077365432E+01
   162    0.1280786191E+01
   163    0.1233433802E+01
   164    0.1162292547E+01
   165    0.1155850896E+01
   166    0.1217006605E+01
   167    0.1215962487E+01
   168    0.1218500753E+01
   169    0.1215655246E+01
   170    0.1187066129E+01
   171    0.1115473488E+01
   172    0.1066425625E+01
   173    0.1082770858E+01
   174    0.1002412128E+01
   175    0.9461263324E+00
   176    0.1033437094E+01
   177    0.9068283558E+00
   178    0.8761287022E+00
   179    0.9264564154E+00
   180    0.8969985698E+00
   181    0.7919365729E+00
   182    0.8454781604E+00
   183    0.8595781987E+00
   184    0.8444105227E+00
   185    0.7630119293E+00
   186    0.7759635836E+00
   187    0.8710585204E+00
   188    0.8626965756E+00
   189    0.7522690830E+00
   190    0.7823402615E+00
   191    0.8869348405E+00
   192    0.8483656782E+00
   193    0.8094315162E+00
   194    0.8679369471E+00
   195    0.9322822892E+00
   196    0.8824150477E+00
   197    0.9023777276E+00
   198    0.9977116143E+00
   199    0.1021893866E+01
   200    0.9096583055E+00
   201    0.1075190618E+01
   202    0.1155001701E+01
   203    0.1004092799E+01
   204    0.1087925521E+01
   205    0.1238668644E+01
   206    0.1128853048E+01
   207    0.1152694105E+01
   208    0.1287600161E+01
   209    0.1142287859E+01
   210    0.1065284224E+01
   211    0.1225751648E+01
   212    0.1182340093E+01
   213    0.1027810945E+01
   214    0.1126765720E+01
   215    0.1139882920E+01
   216    0.9800332606E+00
   217    0.9898991222E+00
   218    0.1033306863E+01
   219    0.9654015537E+00
   220    0.9210316337E+00
   221    0.9490561057E+00
   222    0.9248468710E+00
   223    0.8486533937E+00
   224    0.8873286561E+00
   225    0.8764257774E+00
   226    0.8252181077E+00
   227    0.8265473544E+00
   228    0.9095027301E+00
   229    0.8900204229E+00
   230    0.8306373628E+00
   231    0.8093078591E+00
   232    0.8012311939E+00
   233    0.8901411779E+00
   234    0.1005882708E+01
   235    0.9317236605E+00
   236    0.7850904956E+00
   237    0.8044045998E+00
   238    0.8345577946E+00
   239    0.9390080481E+00
   240    0.1050660577E+01
   241    0.9474445116E+00
   242    0.8254706072E+00
   243    0.8730805843E+00
   244    0.9416616811E+00
   245    0.9858832578E+00
   246    0.1082373445E+01
   247    0.1050248424E+01
   248    0.9067936573E+00
   249    0.9098391165E+00
   250    0.9986927364E+00
   251    0.1001397135E+01
   252    0.9741504543E+00
   253    0.9912301733E+00
   254    0.9880292649E+00
   255    0.9764987502E+00
   256    0.9867652493E+00
   257    0.1002618595E+01
   258    0.1004259442E+01
   259    0.9821237827E+00
   260    0.9758182269E+00
   261    0.1008639075E+01
   262    0.1025474656E+01
   263    0.1001751961E+01
   264    0.9848383796E+00
   265    0.1009842216E+01
   266    0.1036267401E+01
   267    0.1015036616E+01
   268    0.9921200948E+00
   269    0.1004182389E+01
   270    0.1019618772E+01
   271    0.1017083701E+01
   272    0.1011726904E+01
   273    0.1013117652E+01
   274    0.1014833362E+01
   275    0.1016027554E+01
   276    0.1017209802E+01
   277    0.1015852861E+01
   278    0.1016656643E+01
   279    0.1021287913E+01
   280    0.1020183019E+01
   281    0.1011464399E+01
   282    0.1011562157E+01
   283    0.1025125924E+01
   284    0.1025632286E+01
   285    0.1014141461E+01
   286    0.1013192101E+01
   287    0.1016807500E+01
   288    0.1016275216E+01
   289    0.1015562935E+01
   290    0.1016037774E+01
   291    0.1014474297E+01
   292    0.1012770802E+01
   293    0.1013656464E+01
   294    0.1013690513E+01
   295    0.1011849995E+01
   296    0.1010945069E+01
   297    0.1011249551E+01
   298    0.1010766546E+01
   299    0.1009592959E+01
   300    0.1009124594E+01
   301    0.1010143938E+01
   302    0.1010735409E+01
   303    0.1009101099E+01
   304    0.1007485039E+01
   305    0.1006876787E+01
   306    0.1006918141E+01
   307    0.1006969171E+01
   308    0.1006609737E+01
   309    0.1006037637E+01
   310    0.1005383021E+01
   311    0.1004919541E+01
   312    0.1004788658E+01
   313    0.1004590723E+01
   314    0.1004177554E+01
   315    0.1003828147E+01
   316    0.1003597153E+01
   317    0.1003305698E+01
   318    0.1002993651E+01
   319    0.1002844212E+01
   320    0.1002662523E+01
   321    0.1002383012E+01
   322    0.1002128566E+01
   323    0.1001980311E+01
   324    0.1001814965E+01
   325    0.1001636006E+01
   326    0.1001493122E+01
   327    0.1001353185E+01
   328    0.1001214860E+01
   329    0.1001109978E+01
   330    0.1001025844E+01
   331    0.1000933494E+01
   332    0.1000833517E+01
   333    0.1000733455E+01
   334    0.1000656638E+01
   335    0.1000598920E+01
   336    0.1000540675E+01
   337    0.1000482857E+01
   338    0.1000424011E+01
   339    0.1000375898E+01
   340    0.1000342634E+01
   341    0.1000308894E+01
   342    0.1000272374E+01
   343    0.1000239460E+01
   344    0.1000212879E+01
   345    0.1000193056E+01
   346    0.1000170637E+01
   347    0.1000147067E+01
   348    0.1000129591E+01
   349    0.1000113800E+01
   350    0.1000098419E+01
   351    0.1000087284E+01
   352    0.1000078538E+01
   353    0.1000067665E+01
   354    0.1000058557E+01
   355    0.1000051916E+01
   356    0.1000045137E+01
   357    0.1000039050E+01
   358    0.1000033745E+01
   359    0.1000029248E+01
   360    0.1000025450E+01
   361    0.1000022176E+01
   362    0.1000019354E+01
   363    0.1000016724E+01
   364    0.1000014431E+01
   365    0.1000012203E+01
   366    0.1000010279E+01
   367    0.1000008896E+01
   368    0.1000007707E+01
   369    0.1000006567E+01
   370    0.1000005734E+01
   371    0.1000005003E+01
   372    0.1000004233E+01
   373    0.1000003520E+01
   374    0.1000002960E+01
   375    0.1000002546E+01
   376    0.1000002169E+01
   377    0.1000001849E+01
   378    0.1000001571E+01
   379    0.1000001324E+01
   380    0.1000001097E+01
   381    0.1000000918E+01
   382    0.1000000782E+01
   383    0.1000000663E+01
   384    0.1000000558E+01
   385    0.1000000463E+01
   386    0.1000000390E+01
   387    0.1000000332E+01
   388    0.1000000280E+01
   389    0.1000000230E+01
   390    0.1000000189E+01
   391    0.1000000156E+01
   392    0.1000000129E+01
   393    0.1000000108E+01
   394    0.1000000091E+01
   395    0.1000000076E+01
   396    0.1000000061E+01
   397    0.1000000050E+01
   398    0.1000000041E+01
   399    0.1000000035E+01
   400    0.1000000029E+01
   401    0.1000000024E+01
   402    0.1000000019E+01
   403    0.1000000016E+01
   404    0.1000000013E+01
   405    0.1000000010E+01
   406    0.1000000009E+01
   407    0.1000000007E+01
   408    0.1000000006E+01
   409    0.1000000005E+01
   410    0.1000000004E+01
   411    0.1000000003E+01
   412    0.1000000003E+01
   413    0.1000000002E+01
   414    0.1000000002E+01
   415    0.1000000001E+01
   416    0.1000000001E+01
   417    0.1000000001E+01
   418    0.1000000001E+01
   419    0.1000000001E+01
   420    0.1000000000E+01
   421    0.1000000000E+01
   422    0.1000000000E+01
   423    0.1000000000E+01
   424    0.1000000000E+01
   425    0.1000000000E+01
   426    0.1000000000E+01
   427    0.1000000000E+01
   428    0.1000000000E+01
   429    0.1000000000E+01
   430    0.1000000000E+01
   431    0.1000000000E+01
   432    0.1000000000E+01
   433    0.1000000000E+01
   434    0.1000000000E+01
   435    0.1000000000E+01
   436    0.1000000000E+01
   437    0.1000000000E+01
   438    0.1000000000E+01
   439    0.1000000000E+01
   440    0.1000000000E+01
   441    0.1000000000E+01
   442    0.1000000000E+01
   443    0.1000000000E+01
   444    0.1000000000E+01
   445    0.1000000000E+01
   446    0.1000000000E+01
   447    0.1000000000E+01
   448    0.1000000000E+01
   449    0.1000000000E+01
   450    0.1000000000E+01
   451    0.1000000000E+01
   452    0.1000000000E+01
   453    0.1000000000E+01
   454    0.1000000000E+01
   455    0.1000000000E+01
   456    0.1000000000E+01
   457    0.1000000000E+01
   458    0.1000000000E+01
   459    0.1000000000E+01
   460    0.1000000000E+01
   461    0.1000000000E+01
   462    0.1000000000E+01
   463    0.1000000000E+01
   464    0.1000000000E+01
   465    0.1000000000E+01
   466    0.1000000000E+01
   467    0.1000000000E+01
   468    0.1000000000E+01
   469    0.1000000000E+01
   470    0.1000000000E+01
   471    0.1000000000E+01
   472    0.1000000000E+01
   473    0.1000000000E+01
   474    0.1000000000E+01
   475    0.1000000000E+01
   476    0.1000000000E+01
   477    0.1000000000E+01
   478    0.1000000000E+01
   479    0.1000000000E+01
   480    0.1000000000E+01
   481    0.1000000000E+01
   482    0.1000000000E+01
   483    0.1000000000E+01
   484    0.1000000000E+01
   485    0.1000000000E+01
   486    0.1000000000E+01
   487    0.1000000000E+01
   488    0.1000000000E+01
   489    0.1000000000E+01
   490    0.1000000000E+01
   491    0.1000000000E+01
   492    0.1000000000E+01
   493    0.1000000000E+01
   494    0.1000000000E+01
   495    0.1000000000E+01
   496    0.1000000000E+01
   497    0.1000000000E+01
   498    0.1000000000E+01
   499    0.9589843750E+00
   500    0.6987304688E+00
   501    0.2567138672E+00
   502    0.6417846680E-01
