    -1    0.4665872194E-01
     0    0.3203830741E+00
     1    0.7612874552E+00
     2    0.9413134384E+00
     3    0.9857513166E+00
     4    0.9960899627E+00
     5    0.9978006590E+00
     6    0.9976848511E+00
     7    0.9969925969E+00
     8    0.9960325555E+00
     9    0.9953646920E+00
    10    0.9947494760E+00
    11    0.9940380138E+00
    12    0.9936129677E+00
    13    0.9933421854E+00
    14    0.9930493265E+00
    15    0.9929433331E+00
    16    0.9930602317E+00
    17    0.9932418723E+00
    18    0.9934715765E+00
    19    0.9939510591E+00
    20    0.9945853025E+00
    21    0.9951111227E+00
    22    0.9958787149E+00
    23    0.9968576210E+00
    24    0.9975946174E+00
    25    0.9985240033E+00
    26    0.9996880780E+00
    27    0.1000506711E+01
    28    0.1001436079E+01
    29    0.1002605177E+01
    30    0.1003342429E+01
    31    0.1004115438E+01
    32    0.1005101492E+01
    33    0.1005602230E+01
    34    0.1006092075E+01
    35    0.1006725279E+01
    36    0.1006889243E+01
    37    0.1007005171E+01
    38    0.1007181949E+01
    39    0.1006973512E+01
    40    0.1006681457E+01
    41    0.1006386504E+01
    42    0.1005842348E+01
    43    0.1005172358E+01
    44    0.1004489311E+01
    45    0.1003686775E+01
    46    0.1002758233E+01
    47    0.1001829903E+01
    48    0.1000882454E+01
    49    0.9998804588E+00
    50    0.9988688095E+00
    51    0.9979233087E+00
    52    0.9970471251E+00
    53    0.9961086751E+00
    54    0.9953290945E+00
    55    0.9947286134E+00
    56    0.9940289957E+00
    57    0.9935276740E+00
    58    0.9933171182E+00
    59    0.9929695183E+00
    60    0.9928193140E+00
    61    0.9930449373E+00
    62    0.9931038108E+00
    63    0.9933215246E+00
    64    0.9939563351E+00
    65    0.9944130487E+00
    66    0.9949537017E+00
    67    0.9959060542E+00
    68    0.9966843526E+00
    69    0.9974490877E+00
    70    0.9985766976E+00
    71    0.9995422242E+00
    72    0.1000389120E+01
    73    0.1001520684E+01
    74    0.1002502847E+01
    75    0.1003267867E+01
    76    0.1004237717E+01
    77    0.1005041679E+01
    78    0.1005588894E+01
    79    0.1006237394E+01
    80    0.1006717008E+01
    81    0.1006933534E+01
    82    0.1007154852E+01
    83    0.1007224644E+01
    84    0.1007062787E+01
    85    0.1006817073E+01
    86    0.1006471143E+01
    87    0.1005949512E+01
    88    0.1005288808E+01
    89    0.1004582505E+01
    90    0.1003798801E+01
    91    0.1002847256E+01
    92    0.1001890795E+01
    93    0.1000999566E+01
    94    0.9999232998E+00
    95    0.9988732714E+00
    96    0.9980446466E+00
    97    0.9970259033E+00
    98    0.9960555687E+00
    99    0.9954362287E+00
   100    0.9946525770E+00
   101    0.9939179633E+00
   102    0.9936110533E+00
   103    0.9931957246E+00
   104    0.9928183958E+00
   105    0.9928714335E+00
   106    0.9928922823E+00
   107    0.9929409200E+00
   108    0.9933338230E+00
   109    0.9938005034E+00
   110    0.9942609336E+00
   111    0.9949305891E+00
   112    0.9957713965E+00
   113    0.9965650318E+00
   114    0.9974061780E+00
   115    0.9984795677E+00
   116    0.9994730648E+00
   117    0.1000349010E+01
   118    0.1001469764E+01
   119    0.1002494830E+01
   120    0.1003260417E+01
   121    0.1004220678E+01
   122    0.1005106038E+01
   123    0.1005635783E+01
   124    0.1006243369E+01
   125    0.1006848521E+01
   126    0.1007044947E+01
   127    0.1007176044E+01
   128    0.1007411875E+01
   129    0.1007232291E+01
   130    0.1006846925E+01
   131    0.1006696780E+01
   132    0.1006167292E+01
   133    0.1005316511E+01
   134    0.1004835133E+01
   135    0.1004047628E+01
   136    0.1002866328E+01
   137    0.1002165262E+01
   138    0.1001262979E+01
   139    0.9999375142E+00
   140    0.9991733736E+00
   141    0.9983066645E+00
   142    0.9970632953E+00
   143    0.9963819495E+00
   144    0.9957107674E+00
   145    0.9947428379E+00
   146    0.9942844044E+00
   147    0.9939312396E+00
   148    0.9933847637E+00
   149    0.9932594365E+00
   150    0.9932805304E+00
   151    0.9932449527E+00
   152    0.9935058603E+00
   153    0.9938983260E+00
   154    0.9943895578E+00
   155    0.9950297154E+00
   156    0.9957327372E+00
   157    0.9966751426E+00
   158    0.9976322628E+00
   159    0.9985475902E+00
   160    0.9997936020E+00
   161    0.1000948283E+01
   162    0.1001939843E+01
   163    0.1003293614E+01
   164    0.1004509489E+01
   165    0.1005428586E+01
   166    0.1006675062E+01
   167    0.1007782147E+01
   168    0.1008473837E+01
   169    0.1009461018E+01
   170    0.1010326998E+01
   171    0.1010679152E+01
   172    0.1011279784E+01
   173    0.1011786491E+01
   174    0.1011758584E+01
   175    0.1011935291E+01
   176    0.1012099973E+01
   177    0.1011743617E+01
   178    0.1011511665E+01
   179    0.1011361131E+01
   180    0.1010765190E+01
   181    0.1010242599E+01
   182    0.1009894231E+01
   183    0.1009223516E+01
   184    0.1008592356E+01
   185    0.1008228041E+01
   186    0.1007637922E+01
   187    0.1007022076E+01
   188    0.1006726056E+01
   189    0.1006439421E+01
   190    0.1006140019E+01
   191    0.1006065161E+01
   192    0.1006104947E+01
   193    0.1006179309E+01
   194    0.1006424470E+01
   195    0.1006873038E+01
   196    0.1007324370E+01
   197    0.1007837621E+01
   198    0.1008735343E+01
   199    0.1009625190E+01
   200    0.1010382226E+01
   201    0.1011546179E+01
   202    0.1012556366E+01
   203    0.1013303073E+01
   204    0.1014571518E+01
   205    0.1015728923E+01
   206    0.1016508772E+01
   207    0.1017660901E+01
   208    0.1018538549E+01
   209    0.1019031382E+01
   210    0.1019825824E+01
   211    0.1020157790E+01
   212    0.1020009846E+01
   213    0.1020090558E+01
   214    0.1019863823E+01
   215    0.1019265532E+01
   216    0.1018695632E+01
   217    0.1017667124E+01
   218    0.1016282388E+01
   219    0.1014841159E+01
   220    0.1013113664E+01
   221    0.1011195691E+01
   222    0.1009001623E+01
   223    0.1006544084E+01
   224    0.1004112918E+01
   225    0.1001562537E+01
   226    0.9987702157E+00
   227    0.9960803473E+00
   228    0.9933275277E+00
   229    0.9904508095E+00
   230    0.9875950287E+00
   231    0.9845666413E+00
   232    0.9817579435E+00
   233    0.9792708837E+00
   234    0.9764791493E+00
   235    0.9738456786E+00
   236    0.9717190201E+00
   237    0.9694513395E+00
   238    0.9673256832E+00
   239    0.9655755214E+00
   240    0.9636766356E+00
   241    0.9622033232E+00
   242    0.9611972717E+00
   243    0.9600545481E+00
   244    0.9590230759E+00
   245    0.9584404779E+00
   246    0.9578935138E+00
   247    0.9574529296E+00
   248    0.9575278126E+00
   249    0.9576956429E+00
   250    0.9577999055E+00
   251    0.9581822377E+00
   252    0.9588828811E+00
   253    0.9596835470E+00
   254    0.9607585866E+00
   255    0.9618977965E+00
   256    0.9629222551E+00
   257    0.9642432772E+00
   258    0.9659521406E+00
   259    0.9674701970E+00
   260    0.9690311377E+00
   261    0.9708820103E+00
   262    0.9727552950E+00
   263    0.9746376984E+00
   264    0.9764704754E+00
   265    0.9783769679E+00
   266    0.9805382520E+00
   267    0.9826549421E+00
   268    0.9845605999E+00
   269    0.9866104426E+00
   270    0.9887646194E+00
   271    0.9905980845E+00
   272    0.9924009139E+00
   273    0.9944743530E+00
   274    0.9964689951E+00
   275    0.9983094381E+00
   276    0.1000078720E+01
   277    0.1001634587E+01
   278    0.1003246791E+01
   279    0.1004937983E+01
   280    0.1006341313E+01
   281    0.1007571202E+01
   282    0.1008724502E+01
   283    0.1009931972E+01
   284    0.1011063203E+01
   285    0.1012026196E+01
   286    0.1012874222E+01
   287    0.1013686067E+01
   288    0.1014356824E+01
   289    0.1014961842E+01
   290    0.1015508590E+01
   291    0.1015940827E+01
   292    0.1016313524E+01
   293    0.1016588560E+01
   294    0.1016686300E+01
   295    0.1016720646E+01
   296    0.1016759204E+01
   297    0.1016717966E+01
   298    0.1016602603E+01
   299    0.1016473580E+01
   300    0.1016272208E+01
   301    0.1015984760E+01
   302    0.1015645882E+01
   303    0.1015302142E+01
   304    0.1014903002E+01
   305    0.1014444955E+01
   306    0.1014002348E+01
   307    0.1013562176E+01
   308    0.1013056819E+01
   309    0.1012535664E+01
   310    0.1012037921E+01
   311    0.1011537310E+01
   312    0.1011016161E+01
   313    0.1010502448E+01
   314    0.1009997770E+01
   315    0.1009505923E+01
   316    0.1009022671E+01
   317    0.1008519674E+01
   318    0.1008018734E+01
   319    0.1007546381E+01
   320    0.1007106761E+01
   321    0.1006677635E+01
   322    0.1006253461E+01
   323    0.1005836682E+01
   324    0.1005438232E+01
   325    0.1005068159E+01
   326    0.1004720416E+01
   327    0.1004383411E+01
   328    0.1004057679E+01
   329    0.1003755360E+01
   330    0.1003469760E+01
   331    0.1003196565E+01
   332    0.1002943940E+01
   333    0.1002709443E+01
   334    0.1002484985E+01
   335    0.1002274146E+01
   336    0.1002080216E+01
   337    0.1001900331E+01
   338    0.1001732644E+01
   339    0.1001577266E+01
   340    0.1001433444E+01
   341    0.1001300811E+01
   342    0.1001179049E+01
   343    0.1001067320E+01
   344    0.1000965112E+01
   345    0.1000870903E+01
   346    0.1000783699E+01
   347    0.1000704504E+01
   348    0.1000633274E+01
   349    0.1000568055E+01
   350    0.1000508871E+01
   351    0.1000454968E+01
   352    0.1000405922E+01
   353    0.1000362152E+01
   354    0.1000322846E+01
   355    0.1000287022E+01
   356    0.1000254760E+01
   357    0.1000225853E+01
   358    0.1000200121E+01
   359    0.1000177093E+01
   360    0.1000156222E+01
   361    0.1000137682E+01
   362    0.1000121272E+01
   363    0.1000106547E+01
   364    0.1000093543E+01
   365    0.1000082131E+01
   366    0.1000071921E+01
   367    0.1000062842E+01
   368    0.1000054903E+01
   369    0.1000047888E+01
   370    0.1000041696E+01
   371    0.1000036256E+01
   372    0.1000031483E+01
   373    0.1000027310E+01
   374    0.1000023661E+01
   375    0.1000020476E+01
   376    0.1000017693E+01
   377    0.1000015263E+01
   378    0.1000013147E+01
   379    0.1000011302E+01
   380    0.1000009707E+01
   381    0.1000008336E+01
   382    0.1000007144E+01
   383    0.1000006114E+01
   384    0.1000005233E+01
   385    0.1000004468E+01
   386    0.1000003805E+01
   387    0.1000003237E+01
   388    0.1000002753E+01
   389    0.1000002338E+01
   390    0.1000001983E+01
   391    0.1000001680E+01
   392    0.1000001421E+01
   393    0.1000001200E+01
   394    0.1000001011E+01
   395    0.1000000852E+01
   396    0.1000000717E+01
   397    0.1000000603E+01
   398    0.1000000506E+01
   399    0.1000000424E+01
   400    0.1000000355E+01
   401    0.1000000297E+01
   402    0.1000000248E+01
   403    0.1000000207E+01
   404    0.1000000172E+01
   405    0.1000000143E+01
   406    0.1000000119E+01
   407    0.1000000099E+01
   408    0.1000000082E+01
   409    0.1000000068E+01
   410    0.1000000056E+01
   411    0.1000000046E+01
   412    0.1000000038E+01
   413    0.1000000031E+01
   414    0.1000000026E+01
   415    0.1000000021E+01
   416    0.1000000017E+01
   417    0.1000000014E+01
   418    0.1000000012E+01
   419    0.1000000009E+01
   420    0.1000000008E+01
   421    0.1000000006E+01
   422    0.1000000005E+01
   423    0.1000000004E+01
   424    0.1000000003E+01
   425    0.1000000003E+01
   426    0.1000000002E+01
   427    0.1000000002E+01
   428    0.1000000001E+01
   429    0.1000000001E+01
   430    0.1000000001E+01
   431    0.1000000001E+01
   432    0.1000000001E+01
   433    0.1000000000E+01
   434    0.1000000000E+01
   435    0.1000000000E+01
   436    0.1000000000E+01
   437    0.1000000000E+01
   438    0.1000000000E+01
   439    0.1000000000E+01
   440    0.1000000000E+01
   441    0.1000000000E+01
   442    0.1000000000E+01
   443    0.1000000000E+01
   444    0.1000000000E+01
   445    0.1000000000E+01
   446    0.1000000000E+01
   447    0.1000000000E+01
   448    0.1000000000E+01
   449    0.1000000000E+01
   450    0.1000000000E+01
   451    0.1000000000E+01
   452    0.1000000000E+01
   453    0.1000000000E+01
   454    0.1000000000E+01
   455    0.1000000000E+01
   456    0.1000000000E+01
   457    0.1000000000E+01
   458    0.1000000000E+01
   459    0.1000000000E+01
   460    0.1000000000E+01
   461    0.1000000000E+01
   462    0.1000000000E+01
   463    0.1000000000E+01
   464    0.1000000000E+01
   465    0.1000000000E+01
   466    0.1000000000E+01
   467    0.1000000000E+01
   468    0.1000000000E+01
   469    0.1000000000E+01
   470    0.1000000000E+01
   471    0.1000000000E+01
   472    0.1000000000E+01
   473    0.1000000000E+01
   474    0.1000000000E+01
   475    0.1000000000E+01
   476    0.1000000000E+01
   477    0.1000000000E+01
   478    0.1000000000E+01
   479    0.1000000000E+01
   480    0.1000000000E+01
   481    0.1000000000E+01
   482    0.1000000000E+01
   483    0.1000000000E+01
   484    0.1000000000E+01
   485    0.1000000000E+01
   486    0.1000000000E+01
   487    0.1000000000E+01
   488    0.1000000000E+01
   489    0.1000000000E+01
   490    0.1000000000E+01
   491    0.1000000000E+01
   492    0.1000000000E+01
   493    0.1000000000E+01
   494    0.1000000000E+01
   495    0.1000000000E+01
   496    0.1000000000E+01
   497    0.1000000000E+01
   498    0.1000000000E+01
   499    0.9589843750E+00
   500    0.6987304688E+00
   501    0.2567138672E+00
   502    0.6417846680E-01
