    -1    0.2024367773E+00
     0    0.6643438494E+00
     1    0.9315802392E+00
     2    0.9675217969E+00
     3    0.9878703537E+00
     4    0.1002110841E+01
     5    0.9718899541E+00
     6    0.9778610599E+00
     7    0.9902901193E+00
     8    0.9592708547E+00
     9    0.9667405214E+00
    10    0.9788102684E+00
    11    0.9533415615E+00
    12    0.9615345272E+00
    13    0.9700133956E+00
    14    0.9541358600E+00
    15    0.9631219484E+00
    16    0.9661772525E+00
    17    0.9619086395E+00
    18    0.9706255751E+00
    19    0.9703478482E+00
    20    0.9738451990E+00
    21    0.9825942788E+00
    22    0.9813160673E+00
    23    0.9879103769E+00
    24    0.9986489320E+00
    25    0.9963701237E+00
    26    0.1003135465E+01
    27    0.1016460557E+01
    28    0.1012408831E+01
    29    0.1017430355E+01
    30    0.1033207848E+01
    31    0.1026023912E+01
    32    0.1028321335E+01
    33    0.1045629215E+01
    34    0.1034576586E+01
    35    0.1034712846E+01
    36    0.1049204001E+01
    37    0.1035720071E+01
    38    0.1036045074E+01
    39    0.1042387322E+01
    40    0.1029545078E+01
    41    0.1028947454E+01
    42    0.1030292071E+01
    43    0.1017041393E+01
    44    0.1016220227E+01
    45    0.1014225906E+01
    46    0.1001391971E+01
    47    0.1000588905E+01
    48    0.9968463820E+00
    49    0.9854184912E+00
    50    0.9854176656E+00
    51    0.9808686434E+00
    52    0.9715538764E+00
    53    0.9737529864E+00
    54    0.9684512397E+00
    55    0.9614849764E+00
    56    0.9672161639E+00
    57    0.9608564131E+00
    58    0.9572170356E+00
    59    0.9655598688E+00
    60    0.9599340026E+00
    61    0.9613502643E+00
    62    0.9686954618E+00
    63    0.9669706535E+00
    64    0.9693011829E+00
    65    0.9785086115E+00
    66    0.9788993583E+00
    67    0.9818025438E+00
    68    0.9925489901E+00
    69    0.9943680999E+00
    70    0.9974458004E+00
    71    0.1009041483E+01
    72    0.1010833935E+01
    73    0.1013729392E+01
    74    0.1025293167E+01
    75    0.1025431024E+01
    76    0.1027579816E+01
    77    0.1038194861E+01
    78    0.1035749229E+01
    79    0.1036494794E+01
    80    0.1044340827E+01
    81    0.1039319045E+01
    82    0.1038524817E+01
    83    0.1041070554E+01
    84    0.1035812030E+01
    85    0.1033067960E+01
    86    0.1030199807E+01
    87    0.1025134629E+01
    88    0.1021437498E+01
    89    0.1014789696E+01
    90    0.1010024582E+01
    91    0.1006321253E+01
    92    0.9972941830E+00
    93    0.9933191294E+00
    94    0.9909534722E+00
    95    0.9806373662E+00
    96    0.9777814557E+00
    97    0.9781407807E+00
    98    0.9674193644E+00
    99    0.9653743362E+00
   100    0.9692170160E+00
   101    0.9603212816E+00
   102    0.9581796955E+00
   103    0.9652418659E+00
   104    0.9603667880E+00
   105    0.9578338401E+00
   106    0.9660553474E+00
   107    0.9663235951E+00
   108    0.9655201123E+00
   109    0.9722835136E+00
   110    0.9769573746E+00
   111    0.9784902458E+00
   112    0.9842905175E+00
   113    0.9913072301E+00
   114    0.9946630256E+00
   115    0.1000323624E+01
   116    0.1007239241E+01
   117    0.1011943587E+01
   118    0.1017411859E+01
   119    0.1022462809E+01
   120    0.1027018421E+01
   121    0.1032021705E+01
   122    0.1034125975E+01
   123    0.1037371716E+01
   124    0.1040801396E+01
   125    0.1039522032E+01
   126    0.1041840878E+01
   127    0.1041224486E+01
   128    0.1036391933E+01
   129    0.1039473743E+01
   130    0.1033443879E+01
   131    0.1026750417E+01
   132    0.1029283531E+01
   133    0.1019568735E+01
   134    0.1012485178E+01
   135    0.1014180055E+01
   136    0.1002769392E+01
   137    0.9959181364E+00
   138    0.9974275022E+00
   139    0.9864051033E+00
   140    0.9798171076E+00
   141    0.9821116048E+00
   142    0.9729963678E+00
   143    0.9671217566E+00
   144    0.9702243603E+00
   145    0.9642622802E+00
   146    0.9605340896E+00
   147    0.9635689504E+00
   148    0.9611735597E+00
   149    0.9600806450E+00
   150    0.9635064300E+00
   151    0.9645237284E+00
   152    0.9656256532E+00
   153    0.9705031092E+00
   154    0.9734729734E+00
   155    0.9766218831E+00
   156    0.9831651274E+00
   157    0.9872964091E+00
   158    0.9922621944E+00
   159    0.9997946508E+00
   160    0.1003825907E+01
   161    0.1010298181E+01
   162    0.1018072893E+01
   163    0.1020729603E+01
   164    0.1027898752E+01
   165    0.1034381839E+01
   166    0.1034159647E+01
   167    0.1041621765E+01
   168    0.1046113504E+01
   169    0.1042539835E+01
   170    0.1049137439E+01
   171    0.1049744423E+01
   172    0.1043851255E+01
   173    0.1048519973E+01
   174    0.1045395708E+01
   175    0.1037503484E+01
   176    0.1039379252E+01
   177    0.1033948539E+01
   178    0.1025902281E+01
   179    0.1024930747E+01
   180    0.1016569706E+01
   181    0.1010395840E+01
   182    0.1009127426E+01
   183    0.1001115964E+01
   184    0.9959621775E+00
   185    0.9936743967E+00
   186    0.9874845742E+00
   187    0.9850275047E+00
   188    0.9823035157E+00
   189    0.9775428754E+00
   190    0.9785518421E+00
   191    0.9775064677E+00
   192    0.9755459650E+00
   193    0.9800486446E+00
   194    0.9785517294E+00
   195    0.9771086967E+00
   196    0.9838222934E+00
   197    0.9845025256E+00
   198    0.9874355054E+00
   199    0.9988060330E+00
   200    0.9996162692E+00
   201    0.1001208713E+01
   202    0.1013998860E+01
   203    0.1015449502E+01
   204    0.1015819891E+01
   205    0.1024776125E+01
   206    0.1026100343E+01
   207    0.1028978676E+01
   208    0.1037781813E+01
   209    0.1037262939E+01
   210    0.1035550744E+01
   211    0.1038200550E+01
   212    0.1037961359E+01
   213    0.1041171289E+01
   214    0.1040465839E+01
   215    0.1029558170E+01
   216    0.1024463505E+01
   217    0.1025398819E+01
   218    0.1020133679E+01
   219    0.1014511465E+01
   220    0.1011766364E+01
   221    0.1006466873E+01
   222    0.9991926787E+00
   223    0.9929193735E+00
   224    0.9901008816E+00
   225    0.9868545227E+00
   226    0.9775174597E+00
   227    0.9696973231E+00
   228    0.9681526861E+00
   229    0.9646297071E+00
   230    0.9565632886E+00
   231    0.9500496891E+00
   232    0.9543389005E+00
   233    0.9661492674E+00
   234    0.9648279627E+00
   235    0.9476591792E+00
   236    0.9373725885E+00
   237    0.9335511349E+00
   238    0.9419911291E+00
   239    0.9727233837E+00
   240    0.9763820859E+00
   241    0.9408173297E+00
   242    0.9282144904E+00
   243    0.9341995664E+00
   244    0.9515014903E+00
   245    0.9838099595E+00
   246    0.9780750884E+00
   247    0.9404148662E+00
   248    0.9365209091E+00
   249    0.9488952426E+00
   250    0.9566276623E+00
   251    0.9752722183E+00
   252    0.9912193659E+00
   253    0.9693562077E+00
   254    0.9503284219E+00
   255    0.9657404053E+00
   256    0.9760071735E+00
   257    0.9730498172E+00
   258    0.9799302439E+00
   259    0.9851627509E+00
   260    0.9826184910E+00
   261    0.9862218104E+00
   262    0.9912145298E+00
   263    0.9929139662E+00
   264    0.9940604185E+00
   265    0.9932234979E+00
   266    0.9963951724E+00
   267    0.1003574812E+01
   268    0.1003838639E+01
   269    0.1001275470E+01
   270    0.1003927357E+01
   271    0.1010085557E+01
   272    0.1011927121E+01
   273    0.1009416035E+01
   274    0.1006625097E+01
   275    0.1009401236E+01
   276    0.1013192888E+01
   277    0.1013277106E+01
   278    0.1012969084E+01
   279    0.1014381390E+01
   280    0.1014608464E+01
   281    0.1015252770E+01
   282    0.1016540139E+01
   283    0.1016419721E+01
   284    0.1017300509E+01
   285    0.1018623358E+01
   286    0.1017013886E+01
   287    0.1014982375E+01
   288    0.1016430803E+01
   289    0.1019368383E+01
   290    0.1018422386E+01
   291    0.1016128377E+01
   292    0.1016061810E+01
   293    0.1016433475E+01
   294    0.1015919512E+01
   295    0.1015670540E+01
   296    0.1015332248E+01
   297    0.1014382107E+01
   298    0.1013693760E+01
   299    0.1013683628E+01
   300    0.1013168887E+01
   301    0.1012185855E+01
   302    0.1011590940E+01
   303    0.1011386669E+01
   304    0.1010839401E+01
   305    0.1010077048E+01
   306    0.1009734208E+01
   307    0.1009815547E+01
   308    0.1009614986E+01
   309    0.1008766539E+01
   310    0.1007855624E+01
   311    0.1007291792E+01
   312    0.1007093848E+01
   313    0.1006860463E+01
   314    0.1006449080E+01
   315    0.1005944625E+01
   316    0.1005411318E+01
   317    0.1005023659E+01
   318    0.1004787553E+01
   319    0.1004511650E+01
   320    0.1004129912E+01
   321    0.1003810789E+01
   322    0.1003557646E+01
   323    0.1003263559E+01
   324    0.1002985564E+01
   325    0.1002806308E+01
   326    0.1002591240E+01
   327    0.1002332772E+01
   328    0.1002119566E+01
   329    0.1001957362E+01
   330    0.1001782356E+01
   331    0.1001616649E+01
   332    0.1001474754E+01
   333    0.1001332996E+01
   334    0.1001204433E+01
   335    0.1001099564E+01
   336    0.1001004138E+01
   337    0.1000909319E+01
   338    0.1000814401E+01
   339    0.1000722375E+01
   340    0.1000650389E+01
   341    0.1000588955E+01
   342    0.1000529433E+01
   343    0.1000472074E+01
   344    0.1000417424E+01
   345    0.1000372295E+01
   346    0.1000336421E+01
   347    0.1000300607E+01
   348    0.1000265679E+01
   349    0.1000234574E+01
   350    0.1000208674E+01
   351    0.1000187355E+01
   352    0.1000164811E+01
   353    0.1000143446E+01
   354    0.1000126706E+01
   355    0.1000111108E+01
   356    0.1000096695E+01
   357    0.1000085765E+01
   358    0.1000076099E+01
   359    0.1000065732E+01
   360    0.1000057360E+01
   361    0.1000050470E+01
   362    0.1000043838E+01
   363    0.1000038012E+01
   364    0.1000032928E+01
   365    0.1000028571E+01
   366    0.1000024833E+01
   367    0.1000021576E+01
   368    0.1000018735E+01
   369    0.1000016194E+01
   370    0.1000013924E+01
   371    0.1000011852E+01
   372    0.1000010094E+01
   373    0.1000008715E+01
   374    0.1000007506E+01
   375    0.1000006417E+01
   376    0.1000005565E+01
   377    0.1000004798E+01
   378    0.1000004063E+01
   379    0.1000003407E+01
   380    0.1000002892E+01
   381    0.1000002474E+01
   382    0.1000002101E+01
   383    0.1000001788E+01
   384    0.1000001515E+01
   385    0.1000001276E+01
   386    0.1000001065E+01
   387    0.1000000896E+01
   388    0.1000000760E+01
   389    0.1000000642E+01
   390    0.1000000538E+01
   391    0.1000000449E+01
   392    0.1000000378E+01
   393    0.1000000319E+01
   394    0.1000000268E+01
   395    0.1000000221E+01
   396    0.1000000183E+01
   397    0.1000000151E+01
   398    0.1000000125E+01
   399    0.1000000105E+01
   400    0.1000000088E+01
   401    0.1000000073E+01
   402    0.1000000059E+01
   403    0.1000000049E+01
   404    0.1000000040E+01
   405    0.1000000034E+01
   406    0.1000000028E+01
   407    0.1000000023E+01
   408    0.1000000018E+01
   409    0.1000000015E+01
   410    0.1000000012E+01
   411    0.1000000010E+01
   412    0.1000000008E+01
   413    0.1000000007E+01
   414    0.1000000005E+01
   415    0.1000000004E+01
   416    0.1000000004E+01
   417    0.1000000003E+01
   418    0.1000000002E+01
   419    0.1000000002E+01
   420    0.1000000002E+01
   421    0.1000000001E+01
   422    0.1000000001E+01
   423    0.1000000001E+01
   424    0.1000000001E+01
   425    0.1000000001E+01
   426    0.1000000000E+01
   427    0.1000000000E+01
   428    0.1000000000E+01
   429    0.1000000000E+01
   430    0.1000000000E+01
   431    0.1000000000E+01
   432    0.1000000000E+01
   433    0.1000000000E+01
   434    0.1000000000E+01
   435    0.1000000000E+01
   436    0.1000000000E+01
   437    0.1000000000E+01
   438    0.1000000000E+01
   439    0.1000000000E+01
   440    0.1000000000E+01
   441    0.1000000000E+01
   442    0.1000000000E+01
   443    0.1000000000E+01
   444    0.1000000000E+01
   445    0.1000000000E+01
   446    0.1000000000E+01
   447    0.1000000000E+01
   448    0.1000000000E+01
   449    0.1000000000E+01
   450    0.1000000000E+01
   451    0.1000000000E+01
   452    0.1000000000E+01
   453    0.1000000000E+01
   454    0.1000000000E+01
   455    0.1000000000E+01
   456    0.1000000000E+01
   457    0.1000000000E+01
   458    0.1000000000E+01
   459    0.1000000000E+01
   460    0.1000000000E+01
   461    0.1000000000E+01
   462    0.1000000000E+01
   463    0.1000000000E+01
   464    0.1000000000E+01
   465    0.1000000000E+01
   466    0.1000000000E+01
   467    0.1000000000E+01
   468    0.1000000000E+01
   469    0.1000000000E+01
   470    0.1000000000E+01
   471    0.1000000000E+01
   472    0.1000000000E+01
   473    0.1000000000E+01
   474    0.1000000000E+01
   475    0.1000000000E+01
   476    0.1000000000E+01
   477    0.1000000000E+01
   478    0.1000000000E+01
   479    0.1000000000E+01
   480    0.1000000000E+01
   481    0.1000000000E+01
   482    0.1000000000E+01
   483    0.1000000000E+01
   484    0.1000000000E+01
   485    0.1000000000E+01
   486    0.1000000000E+01
   487    0.1000000000E+01
   488    0.1000000000E+01
   489    0.1000000000E+01
   490    0.1000000000E+01
   491    0.1000000000E+01
   492    0.1000000000E+01
   493    0.1000000000E+01
   494    0.1000000000E+01
   495    0.1000000000E+01
   496    0.1000000000E+01
   497    0.1000000000E+01
   498    0.1000000000E+01
   499    0.9589843750E+00
   500    0.6987304688E+00
   501    0.2567138672E+00
   502    0.6417846680E-01
