    -1    0.6795045061E-01
     0    0.3881217148E+00
     1    0.7997931594E+00
     2    0.8832086842E+00
     3    0.8928766457E+00
     4    0.9184801065E+00
     5    0.9241107178E+00
     6    0.9407232280E+00
     7    0.9140990576E+00
     8    0.9264560350E+00
     9    0.9368695905E+00
    10    0.9384969271E+00
    11    0.9370081958E+00
    12    0.9494718231E+00
    13    0.9867934836E+00
    14    0.9636624715E+00
    15    0.9743112509E+00
    16    0.1031295667E+01
    17    0.9881722940E+00
    18    0.1009113712E+01
    19    0.1057865168E+01
    20    0.1022523565E+01
    21    0.1049280664E+01
    22    0.1069232960E+01
    23    0.1069807205E+01
    24    0.1083093331E+01
    25    0.1072057316E+01
    26    0.1087390391E+01
    27    0.1084630452E+01
    28    0.1077325982E+01
    29    0.1080336865E+01
    30    0.1072503885E+01
    31    0.1067139148E+01
    32    0.1058882946E+01
    33    0.1047901225E+01
    34    0.1029950689E+01
    35    0.1032504122E+01
    36    0.1018076471E+01
    37    0.9869185037E+00
    38    0.9983118348E+00
    39    0.9909042550E+00
    40    0.9512473669E+00
    41    0.9617933660E+00
    42    0.9634573622E+00
    43    0.9268103398E+00
    44    0.9330618692E+00
    45    0.9359570885E+00
    46    0.9239716888E+00
    47    0.9196747946E+00
    48    0.9089056870E+00
    49    0.9326285690E+00
    50    0.9119011792E+00
    51    0.8996541259E+00
    52    0.9536624462E+00
    53    0.9231501096E+00
    54    0.9026501924E+00
    55    0.9719474886E+00
    56    0.9444891279E+00
    57    0.9206646142E+00
    58    0.9975241202E+00
    59    0.9791675146E+00
    60    0.9565058964E+00
    61    0.1023157971E+01
    62    0.1011136309E+01
    63    0.1002762507E+01
    64    0.1052131701E+01
    65    0.1040125353E+01
    66    0.1046300531E+01
    67    0.1075678154E+01
    68    0.1071108379E+01
    69    0.1074202061E+01
    70    0.1088961681E+01
    71    0.1081107005E+01
    72    0.1085055415E+01
    73    0.1092356653E+01
    74    0.1077789518E+01
    75    0.1070081805E+01
    76    0.1069906244E+01
    77    0.1057924196E+01
    78    0.1050111326E+01
    79    0.1032100335E+01
    80    0.1025268013E+01
    81    0.1019872275E+01
    82    0.9923914284E+00
    83    0.9848201757E+00
    84    0.9873686941E+00
    85    0.9622498392E+00
    86    0.9509775086E+00
    87    0.9582516381E+00
    88    0.9352309679E+00
    89    0.9235687718E+00
    90    0.9356939785E+00
    91    0.9180887794E+00
    92    0.9113262908E+00
    93    0.9290659483E+00
    94    0.9145310797E+00
    95    0.9048271097E+00
    96    0.9233212828E+00
    97    0.9259421416E+00
    98    0.9153651037E+00
    99    0.9305564509E+00
   100    0.9523238849E+00
   101    0.9348206369E+00
   102    0.9464655541E+00
   103    0.9805815025E+00
   104    0.9658651616E+00
   105    0.9791132639E+00
   106    0.1014931155E+01
   107    0.1003972181E+01
   108    0.1017733069E+01
   109    0.1046877479E+01
   110    0.1041915062E+01
   111    0.1054829229E+01
   112    0.1069921791E+01
   113    0.1069574119E+01
   114    0.1086626733E+01
   115    0.1085407715E+01
   116    0.1083910872E+01
   117    0.1097601928E+01
   118    0.1084001580E+01
   119    0.1079994771E+01
   120    0.1081559981E+01
   121    0.1062188821E+01
   122    0.1064948172E+01
   123    0.1051467062E+01
   124    0.1030344112E+01
   125    0.1030497997E+01
   126    0.1014407629E+01
   127    0.9958830139E+00
   128    0.9933881487E+00
   129    0.9740198252E+00
   130    0.9600639326E+00
   131    0.9608140123E+00
   132    0.9440481052E+00
   133    0.9325766479E+00
   134    0.9387509275E+00
   135    0.9246299692E+00
   136    0.9090983243E+00
   137    0.9196324014E+00
   138    0.9175787566E+00
   139    0.9068693189E+00
   140    0.9152910496E+00
   141    0.9224696876E+00
   142    0.9124055347E+00
   143    0.9170121512E+00
   144    0.9360705576E+00
   145    0.9341004565E+00
   146    0.9415025752E+00
   147    0.9594672693E+00
   148    0.9629190420E+00
   149    0.9722703792E+00
   150    0.9896495737E+00
   151    0.9979505518E+00
   152    0.1011487721E+01
   153    0.1029046246E+01
   154    0.1035816561E+01
   155    0.1050606194E+01
   156    0.1067074919E+01
   157    0.1072153342E+01
   158    0.1083569683E+01
   159    0.1090355842E+01
   160    0.1090186886E+01
   161    0.1097277475E+01
   162    0.1097581524E+01
   163    0.1093983731E+01
   164    0.1093198031E+01
   165    0.1082769234E+01
   166    0.1076173871E+01
   167    0.1068377114E+01
   168    0.1053300409E+01
   169    0.1044449623E+01
   170    0.1030668841E+01
   171    0.1015039709E+01
   172    0.1007328573E+01
   173    0.9925933024E+00
   174    0.9779822310E+00
   175    0.9712158301E+00
   176    0.9605162376E+00
   177    0.9459176147E+00
   178    0.9371738156E+00
   179    0.9356343454E+00
   180    0.9304743161E+00
   181    0.9241517298E+00
   182    0.9220584322E+00
   183    0.9245716767E+00
   184    0.9202141310E+00
   185    0.9191785783E+00
   186    0.9292246515E+00
   187    0.9350510523E+00
   188    0.9376022821E+00
   189    0.9458146156E+00
   190    0.9608240324E+00
   191    0.9651738393E+00
   192    0.9731388481E+00
   193    0.9924478361E+00
   194    0.1001661551E+01
   195    0.1015149433E+01
   196    0.1036983367E+01
   197    0.1048463034E+01
   198    0.1058414711E+01
   199    0.1073118687E+01
   200    0.1083352288E+01
   201    0.1093394290E+01
   202    0.1096283452E+01
   203    0.1095545303E+01
   204    0.1103188979E+01
   205    0.1098653852E+01
   206    0.1094171453E+01
   207    0.1090848113E+01
   208    0.1071847748E+01
   209    0.1061424249E+01
   210    0.1067943018E+01
   211    0.1058189578E+01
   212    0.1024822658E+01
   213    0.1000077509E+01
   214    0.9994469079E+00
   215    0.9924537664E+00
   216    0.9692094311E+00
   217    0.9628597999E+00
   218    0.9611072413E+00
   219    0.9387172728E+00
   220    0.9261062214E+00
   221    0.9286563481E+00
   222    0.9250684931E+00
   223    0.9186254663E+00
   224    0.9104902974E+00
   225    0.8953004608E+00
   226    0.9054260234E+00
   227    0.9255144200E+00
   228    0.8990228433E+00
   229    0.8819670139E+00
   230    0.9316821426E+00
   231    0.9580514281E+00
   232    0.9173970135E+00
   233    0.9048325205E+00
   234    0.9053939765E+00
   235    0.9050801844E+00
   236    0.9631122220E+00
   237    0.1045067728E+01
   238    0.1000489432E+01
   239    0.9214789124E+00
   240    0.9257312445E+00
   241    0.9532225801E+00
   242    0.1032584185E+01
   243    0.1101463822E+01
   244    0.1002024738E+01
   245    0.9049086275E+00
   246    0.9225893202E+00
   247    0.9540015486E+00
   248    0.9806854557E+00
   249    0.1029630332E+01
   250    0.1020845503E+01
   251    0.9331982002E+00
   252    0.9281415846E+00
   253    0.9815112583E+00
   254    0.9856679666E+00
   255    0.9739060844E+00
   256    0.9874654508E+00
   257    0.9877393621E+00
   258    0.9826324770E+00
   259    0.9891919310E+00
   260    0.9987748570E+00
   261    0.1000263837E+01
   262    0.9892656550E+00
   263    0.9884919545E+00
   264    0.1005822111E+01
   265    0.1012046833E+01
   266    0.1003104235E+01
   267    0.9976003461E+00
   268    0.1007484775E+01
   269    0.1022013842E+01
   270    0.1015529217E+01
   271    0.1000613139E+01
   272    0.1005425192E+01
   273    0.1015525617E+01
   274    0.1014742948E+01
   275    0.1012920399E+01
   276    0.1014200380E+01
   277    0.1014041643E+01
   278    0.1015547194E+01
   279    0.1017211359E+01
   280    0.1015791024E+01
   281    0.1017017869E+01
   282    0.1019963580E+01
   283    0.1018528598E+01
   284    0.1014011314E+01
   285    0.1013577955E+01
   286    0.1020955573E+01
   287    0.1022982370E+01
   288    0.1016075220E+01
   289    0.1014357130E+01
   290    0.1016485902E+01
   291    0.1016240989E+01
   292    0.1015616072E+01
   293    0.1015786325E+01
   294    0.1014748532E+01
   295    0.1013301247E+01
   296    0.1013585066E+01
   297    0.1013610050E+01
   298    0.1012245682E+01
   299    0.1011295926E+01
   300    0.1011306511E+01
   301    0.1010949501E+01
   302    0.1009957891E+01
   303    0.1009416162E+01
   304    0.1009865361E+01
   305    0.1010293247E+01
   306    0.1009250111E+01
   307    0.1007828262E+01
   308    0.1007159969E+01
   309    0.1006996622E+01
   310    0.1006950892E+01
   311    0.1006645932E+01
   312    0.1006116306E+01
   313    0.1005498170E+01
   314    0.1005026152E+01
   315    0.1004828677E+01
   316    0.1004616472E+01
   317    0.1004237464E+01
   318    0.1003879414E+01
   319    0.1003632235E+01
   320    0.1003349615E+01
   321    0.1003038669E+01
   322    0.1002864701E+01
   323    0.1002675704E+01
   324    0.1002417939E+01
   325    0.1002167602E+01
   326    0.1001997570E+01
   327    0.1001837547E+01
   328    0.1001664192E+01
   329    0.1001510062E+01
   330    0.1001372730E+01
   331    0.1001238814E+01
   332    0.1001122198E+01
   333    0.1001034763E+01
   334    0.1000946090E+01
   335    0.1000843205E+01
   336    0.1000746034E+01
   337    0.1000669513E+01
   338    0.1000606168E+01
   339    0.1000546349E+01
   340    0.1000491469E+01
   341    0.1000432310E+01
   342    0.1000381697E+01
   343    0.1000347129E+01
   344    0.1000313308E+01
   345    0.1000276092E+01
   346    0.1000243452E+01
   347    0.1000216239E+01
   348    0.1000194700E+01
   349    0.1000172908E+01
   350    0.1000149808E+01
   351    0.1000131596E+01
   352    0.1000115837E+01
   353    0.1000100417E+01
   354    0.1000088663E+01
   355    0.1000079509E+01
   356    0.1000068924E+01
   357    0.1000059661E+01
   358    0.1000052665E+01
   359    0.1000045863E+01
   360    0.1000039799E+01
   361    0.1000034404E+01
   362    0.1000029783E+01
   363    0.1000025911E+01
   364    0.1000022562E+01
   365    0.1000019662E+01
   366    0.1000016976E+01
   367    0.1000014692E+01
   368    0.1000012471E+01
   369    0.1000010520E+01
   370    0.1000009089E+01
   371    0.1000007862E+01
   372    0.1000006704E+01
   373    0.1000005825E+01
   374    0.1000005076E+01
   375    0.1000004305E+01
   376    0.1000003604E+01
   377    0.1000003029E+01
   378    0.1000002593E+01
   379    0.1000002213E+01
   380    0.1000001885E+01
   381    0.1000001600E+01
   382    0.1000001351E+01
   383    0.1000001125E+01
   384    0.1000000940E+01
   385    0.1000000798E+01
   386    0.1000000677E+01
   387    0.1000000571E+01
   388    0.1000000474E+01
   389    0.1000000398E+01
   390    0.1000000338E+01
   391    0.1000000285E+01
   392    0.1000000236E+01
   393    0.1000000194E+01
   394    0.1000000160E+01
   395    0.1000000132E+01
   396    0.1000000111E+01
   397    0.1000000093E+01
   398    0.1000000077E+01
   399    0.1000000063E+01
   400    0.1000000051E+01
   401    0.1000000042E+01
   402    0.1000000035E+01
   403    0.1000000030E+01
   404    0.1000000024E+01
   405    0.1000000020E+01
   406    0.1000000016E+01
   407    0.1000000013E+01
   408    0.1000000011E+01
   409    0.1000000009E+01
   410    0.1000000007E+01
   411    0.1000000006E+01
   412    0.1000000005E+01
   413    0.1000000004E+01
   414    0.1000000003E+01
   415    0.1000000003E+01
   416    0.1000000002E+01
   417    0.1000000002E+01
   418    0.1000000001E+01
   419    0.1000000001E+01
   420    0.1000000001E+01
   421    0.1000000001E+01
   422    0.1000000001E+01
   423    0.1000000000E+01
   424    0.1000000000E+01
   425    0.1000000000E+01
   426    0.1000000000E+01
   427    0.1000000000E+01
   428    0.1000000000E+01
   429    0.1000000000E+01
   430    0.1000000000E+01
   431    0.1000000000E+01
   432    0.1000000000E+01
   433    0.1000000000E+01
   434    0.1000000000E+01
   435    0.1000000000E+01
   436    0.1000000000E+01
   437    0.1000000000E+01
   438    0.1000000000E+01
   439    0.1000000000E+01
   440    0.1000000000E+01
   441    0.1000000000E+01
   442    0.1000000000E+01
   443    0.1000000000E+01
   444    0.1000000000E+01
   445    0.1000000000E+01
   446    0.1000000000E+01
   447    0.1000000000E+01
   448    0.1000000000E+01
   449    0.1000000000E+01
   450    0.1000000000E+01
   451    0.1000000000E+01
   452    0.1000000000E+01
   453    0.1000000000E+01
   454    0.1000000000E+01
   455    0.1000000000E+01
   456    0.1000000000E+01
   457    0.1000000000E+01
   458    0.1000000000E+01
   459    0.1000000000E+01
   460    0.1000000000E+01
   461    0.1000000000E+01
   462    0.1000000000E+01
   463    0.1000000000E+01
   464    0.1000000000E+01
   465    0.1000000000E+01
   466    0.1000000000E+01
   467    0.1000000000E+01
   468    0.1000000000E+01
   469    0.1000000000E+01
   470    0.1000000000E+01
   471    0.1000000000E+01
   472    0.1000000000E+01
   473    0.1000000000E+01
   474    0.1000000000E+01
   475    0.1000000000E+01
   476    0.1000000000E+01
   477    0.1000000000E+01
   478    0.1000000000E+01
   479    0.1000000000E+01
   480    0.1000000000E+01
   481    0.1000000000E+01
   482    0.1000000000E+01
   483    0.1000000000E+01
   484    0.1000000000E+01
   485    0.1000000000E+01
   486    0.1000000000E+01
   487    0.1000000000E+01
   488    0.1000000000E+01
   489    0.1000000000E+01
   490    0.1000000000E+01
   491    0.1000000000E+01
   492    0.1000000000E+01
   493    0.1000000000E+01
   494    0.1000000000E+01
   495    0.1000000000E+01
   496    0.1000000000E+01
   497    0.1000000000E+01
   498    0.1000000000E+01
   499    0.9589843750E+00
   500    0.6987304688E+00
   501    0.2567138672E+00
   502    0.6417846680E-01
