    -1    0.1587584812E-01
     0    0.1256268302E+00
     1    0.3260629814E+00
     2    0.4227666578E+00
     3    0.4742288528E+00
     4    0.5930257478E+00
     5    0.7129463272E+00
     6    0.7116315001E+00
     7    0.6316412797E+00
     8    0.7083743373E+00
     9    0.6433206618E+00
    10    0.3704561042E+00
    11    0.2979452709E+00
    12    0.3513158640E+00
    13    0.5385603065E+00
    14    0.6531491551E+00
    15    0.5665529892E+00
    16    0.4868873193E+00
    17    0.5280164838E+00
    18    0.5511178013E+00
    19    0.6785133275E+00
    20    0.7878035093E+00
    21    0.6918519575E+00
    22    0.5607395140E+00
    23    0.5662921071E+00
    24    0.6187395632E+00
    25    0.6534921568E+00
    26    0.6134069673E+00
    27    0.5182137526E+00
    28    0.3587450873E+00
    29    0.4233209127E+00
    30    0.5031033757E+00
    31    0.4680261614E+00
    32    0.5142033464E+00
    33    0.4680412554E+00
    34    0.5483965803E+00
    35    0.7020734439E+00
    36    0.4906030957E+00
    37    0.3834883498E+00
    38    0.3436962964E+00
    39    0.3108709745E+00
    40    0.4822909666E+00
    41    0.5237624418E+00
    42    0.4342718535E+00
    43    0.3884291011E+00
    44    0.4470261065E+00
    45    0.4805911009E+00
    46    0.4433252153E+00
    47    0.3586924436E+00
    48    0.3419181993E+00
    49    0.3149531913E+00
    50    0.3672110829E+00
    51    0.3582880320E+00
    52    0.3918665769E+00
    53    0.4845295477E+00
    54    0.4102724948E+00
    55    0.3005650349E+00
    56    0.3679092804E+00
    57    0.4619603823E+00
    58    0.5899931625E+00
    59    0.5111017857E+00
    60    0.3698054973E+00
    61    0.3132762491E+00
    62    0.5070307442E+00
    63    0.5751928037E+00
    64    0.4894642569E+00
    65    0.5217718384E+00
    66    0.6538775885E+00
    67    0.5116251088E+00
    68    0.3629277663E+00
    69    0.5113326130E+00
    70    0.5612276337E+00
    71    0.4721944765E+00
    72    0.4021616634E+00
    73    0.4056325156E+00
    74    0.3907334741E+00
    75    0.5028724226E+00
    76    0.5428851009E+00
    77    0.5779206194E+00
    78    0.4851204060E+00
    79    0.4079405103E+00
    80    0.3446205645E+00
    81    0.3939375775E+00
    82    0.4901072960E+00
    83    0.5355180241E+00
    84    0.4495095292E+00
    85    0.4084137111E+00
    86    0.2865152589E+00
    87    0.2790722911E+00
    88    0.4329719225E+00
    89    0.4745886780E+00
    90    0.3847229101E+00
    91    0.3190121796E+00
    92    0.3034720270E+00
    93    0.3643870096E+00
    94    0.3177678636E+00
    95    0.4987205168E+00
    96    0.6063733414E+00
    97    0.4330078330E+00
    98    0.3532460580E+00
    99    0.3366874001E+00
   100    0.3878259187E+00
   101    0.4727147529E+00
   102    0.4520083922E+00
   103    0.4919093797E+00
   104    0.3901975645E+00
   105    0.2823433307E+00
   106    0.3423287164E+00
   107    0.4254842600E+00
   108    0.3994153543E+00
   109    0.3606620480E+00
   110    0.3630837943E+00
   111    0.3937111392E+00
   112    0.4087599332E+00
   113    0.3224021289E+00
   114    0.3646919691E+00
   115    0.5599196775E+00
   116    0.5100626820E+00
   117    0.3649659548E+00
   118    0.2904808111E+00
   119    0.3382520402E+00
   120    0.5263201588E+00
   121    0.5460278804E+00
   122    0.3632047482E+00
   123    0.3274432056E+00
   124    0.4702540080E+00
   125    0.6175836943E+00
   126    0.5114697926E+00
   127    0.4326713035E+00
   128    0.5519733216E+00
   129    0.4420047885E+00
   130    0.3030008032E+00
   131    0.3461273106E+00
   132    0.5243249569E+00
   133    0.6153327689E+00
   134    0.6333163842E+00
   135    0.5759151622E+00
   136    0.5143842451E+00
   137    0.5578842731E+00
   138    0.1077039805E+01
   139    0.1384358021E+01
   140    0.1042374183E+01
   141    0.1120490717E+01
   142    0.1370905979E+01
   143    0.1150443924E+01
   144    0.1058280967E+01
   145    0.1059943844E+01
   146    0.1008248577E+01
   147    0.9627853825E+00
   148    0.1024810155E+01
   149    0.9123466372E+00
   150    0.7090415727E+00
   151    0.6547515914E+00
   152    0.7938932994E+00
   153    0.8491178698E+00
   154    0.7372157015E+00
   155    0.6799535013E+00
   156    0.6354663592E+00
   157    0.6240635453E+00
   158    0.6031706019E+00
   159    0.8375210946E+00
   160    0.8112233810E+00
   161    0.7258430170E+00
   162    0.5581221068E+00
   163    0.5312109368E+00
   164    0.6500125344E+00
   165    0.6083665835E+00
   166    0.5591049951E+00
   167    0.5288561766E+00
   168    0.5898708643E+00
   169    0.6291950857E+00
   170    0.5000397173E+00
   171    0.4992632254E+00
   172    0.5729244406E+00
   173    0.6015585717E+00
   174    0.5202731974E+00
   175    0.4681843458E+00
   176    0.4687655483E+00
   177    0.5651906415E+00
   178    0.5686481132E+00
   179    0.5595760755E+00
   180    0.5690668012E+00
   181    0.6431505256E+00
   182    0.7696208026E+00
   183    0.8529255213E+00
   184    0.9808581796E+00
   185    0.1367263712E+01
   186    0.1562900250E+01
   187    0.1206953391E+01
   188    0.8886670555E+00
   189    0.8648711335E+00
   190    0.8233322127E+00
   191    0.7330867761E+00
   192    0.6299279057E+00
   193    0.5882557103E+00
   194    0.5864235833E+00
   195    0.5675132382E+00
   196    0.6130224567E+00
   197    0.5319756629E+00
   198    0.4111143607E+00
   199    0.4561658795E+00
   200    0.4103907136E+00
   201    0.4115773021E+00
   202    0.4000480901E+00
   203    0.3376077594E+00
   204    0.4034785140E+00
   205    0.3636763514E+00
   206    0.3713148636E+00
   207    0.3355511342E+00
   208    0.3165122144E+00
   209    0.3214762730E+00
   210    0.3372127142E+00
   211    0.3629951127E+00
   212    0.3495709066E+00
   213    0.3516265751E+00
   214    0.3024225767E+00
   215    0.3430613665E+00
   216    0.3094227621E+00
   217    0.3444997037E+00
   218    0.3585812680E+00
   219    0.3861474333E+00
   220    0.4362650653E+00
   221    0.4037185459E+00
   222    0.4735928899E+00
   223    0.4793017956E+00
   224    0.5393836339E+00
   225    0.5879108559E+00
   226    0.7176244691E+00
   227    0.1109494247E+01
   228    0.1238059128E+01
   229    0.9915124662E+00
   230    0.8321114750E+00
   231    0.9526484506E+00
   232    0.1499388787E+01
   233    0.1911855104E+01
   234    0.1430827189E+01
   235    0.1013617817E+01
   236    0.9126605871E+00
   237    0.9236915166E+00
   238    0.1043906320E+01
   239    0.1245312298E+01
   240    0.1308422566E+01
   241    0.1176317988E+01
   242    0.1024437522E+01
   243    0.9742567946E+00
   244    0.1053336037E+01
   245    0.1139536517E+01
   246    0.1092777923E+01
   247    0.9945263406E+00
   248    0.9272911304E+00
   249    0.8953752445E+00
   250    0.9020765025E+00
   251    0.9592755680E+00
   252    0.1018085428E+01
   253    0.1000387956E+01
   254    0.9530452206E+00
   255    0.9586586431E+00
   256    0.1016992099E+01
   257    0.1044169845E+01
   258    0.1030511759E+01
   259    0.1026250098E+01
   260    0.1029092623E+01
   261    0.1018228093E+01
   262    0.1019576322E+01
   263    0.1024107004E+01
   264    0.1004265339E+01
   265    0.9966412301E+00
   266    0.1018653456E+01
   267    0.1026708455E+01
   268    0.1007971570E+01
   269    0.1005812954E+01
   270    0.1023519164E+01
   271    0.1020505527E+01
   272    0.1000798380E+01
   273    0.1003096867E+01
   274    0.1018683569E+01
   275    0.1018264663E+01
   276    0.1006671986E+01
   277    0.1004613857E+01
   278    0.1008323464E+01
   279    0.1009596287E+01
   280    0.1008272191E+01
   281    0.1006174417E+01
   282    0.1003752785E+01
   283    0.1003315715E+01
   284    0.1004810247E+01
   285    0.1005234614E+01
   286    0.1004030955E+01
   287    0.1003477928E+01
   288    0.1003659378E+01
   289    0.1003217011E+01
   290    0.1002631690E+01
   291    0.1002895124E+01
   292    0.1002926389E+01
   293    0.1002356753E+01
   294    0.1001946219E+01
   295    0.1001924195E+01
   296    0.1001806203E+01
   297    0.1001582121E+01
   298    0.1001458558E+01
   299    0.1001315140E+01
   300    0.1001144916E+01
   301    0.1001055774E+01
   302    0.1001039025E+01
   303    0.1000975020E+01
   304    0.1000836658E+01
   305    0.1000687763E+01
   306    0.1000626561E+01
   307    0.1000590336E+01
   308    0.1000535920E+01
   309    0.1000481575E+01
   310    0.1000406119E+01
   311    0.1000351931E+01
   312    0.1000338819E+01
   313    0.1000316020E+01
   314    0.1000272367E+01
   315    0.1000234271E+01
   316    0.1000210787E+01
   317    0.1000200850E+01
   318    0.1000176626E+01
   319    0.1000145116E+01
   320    0.1000127891E+01
   321    0.1000112116E+01
   322    0.1000094010E+01
   323    0.1000085470E+01
   324    0.1000080422E+01
   325    0.1000066789E+01
   326    0.1000057306E+01
   327    0.1000052345E+01
   328    0.1000045266E+01
   329    0.1000038773E+01
   330    0.1000033117E+01
   331    0.1000028584E+01
   332    0.1000025077E+01
   333    0.1000022095E+01
   334    0.1000019641E+01
   335    0.1000017061E+01
   336    0.1000014743E+01
   337    0.1000011933E+01
   338    0.1000009615E+01
   339    0.1000008552E+01
   340    0.1000007531E+01
   341    0.1000006321E+01
   342    0.1000005784E+01
   343    0.1000005276E+01
   344    0.1000004381E+01
   345    0.1000003465E+01
   346    0.1000002842E+01
   347    0.1000002508E+01
   348    0.1000002163E+01
   349    0.1000001866E+01
   350    0.1000001593E+01
   351    0.1000001329E+01
   352    0.1000001058E+01
   353    0.1000000878E+01
   354    0.1000000765E+01
   355    0.1000000658E+01
   356    0.1000000557E+01
   357    0.1000000453E+01
   358    0.1000000387E+01
   359    0.1000000341E+01
   360    0.1000000289E+01
   361    0.1000000233E+01
   362    0.1000000186E+01
   363    0.1000000149E+01
   364    0.1000000123E+01
   365    0.1000000107E+01
   366    0.1000000093E+01
   367    0.1000000077E+01
   368    0.1000000060E+01
   369    0.1000000047E+01
   370    0.1000000040E+01
   371    0.1000000035E+01
   372    0.1000000030E+01
   373    0.1000000024E+01
   374    0.1000000019E+01
   375    0.1000000015E+01
   376    0.1000000012E+01
   377    0.1000000010E+01
   378    0.1000000008E+01
   379    0.1000000007E+01
   380    0.1000000006E+01
   381    0.1000000005E+01
   382    0.1000000004E+01
   383    0.1000000003E+01
   384    0.1000000003E+01
   385    0.1000000002E+01
   386    0.1000000002E+01
   387    0.1000000001E+01
   388    0.1000000001E+01
   389    0.1000000001E+01
   390    0.1000000001E+01
   391    0.1000000001E+01
   392    0.1000000000E+01
   393    0.1000000000E+01
   394    0.1000000000E+01
   395    0.1000000000E+01
   396    0.1000000000E+01
   397    0.1000000000E+01
   398    0.1000000000E+01
   399    0.1000000000E+01
   400    0.1000000000E+01
   401    0.1000000000E+01
   402    0.1000000000E+01
   403    0.1000000000E+01
   404    0.1000000000E+01
   405    0.1000000000E+01
   406    0.1000000000E+01
   407    0.1000000000E+01
   408    0.1000000000E+01
   409    0.1000000000E+01
   410    0.1000000000E+01
   411    0.1000000000E+01
   412    0.1000000000E+01
   413    0.1000000000E+01
   414    0.1000000000E+01
   415    0.1000000000E+01
   416    0.1000000000E+01
   417    0.1000000000E+01
   418    0.1000000000E+01
   419    0.1000000000E+01
   420    0.1000000000E+01
   421    0.1000000000E+01
   422    0.1000000000E+01
   423    0.1000000000E+01
   424    0.1000000000E+01
   425    0.1000000000E+01
   426    0.1000000000E+01
   427    0.1000000000E+01
   428    0.1000000000E+01
   429    0.1000000000E+01
   430    0.1000000000E+01
   431    0.1000000000E+01
   432    0.1000000000E+01
   433    0.1000000000E+01
   434    0.1000000000E+01
   435    0.1000000000E+01
   436    0.1000000000E+01
   437    0.1000000000E+01
   438    0.1000000000E+01
   439    0.1000000000E+01
   440    0.1000000000E+01
   441    0.1000000000E+01
   442    0.1000000000E+01
   443    0.1000000000E+01
   444    0.1000000000E+01
   445    0.1000000000E+01
   446    0.1000000000E+01
   447    0.1000000000E+01
   448    0.1000000000E+01
   449    0.1000000000E+01
   450    0.1000000000E+01
   451    0.1000000000E+01
   452    0.1000000000E+01
   453    0.1000000000E+01
   454    0.1000000000E+01
   455    0.1000000000E+01
   456    0.1000000000E+01
   457    0.1000000000E+01
   458    0.1000000000E+01
   459    0.1000000000E+01
   460    0.1000000000E+01
   461    0.1000000000E+01
   462    0.1000000000E+01
   463    0.1000000000E+01
   464    0.1000000000E+01
   465    0.1000000000E+01
   466    0.1000000000E+01
   467    0.1000000000E+01
   468    0.1000000000E+01
   469    0.1000000000E+01
   470    0.1000000000E+01
   471    0.1000000000E+01
   472    0.1000000000E+01
   473    0.1000000000E+01
   474    0.1000000000E+01
   475    0.1000000000E+01
   476    0.1000000000E+01
   477    0.1000000000E+01
   478    0.1000000000E+01
   479    0.1000000000E+01
   480    0.1000000000E+01
   481    0.1000000000E+01
   482    0.1000000000E+01
   483    0.1000000000E+01
   484    0.1000000000E+01
   485    0.1000000000E+01
   486    0.1000000000E+01
   487    0.1000000000E+01
   488    0.1000000000E+01
   489    0.1000000000E+01
   490    0.1000000000E+01
   491    0.1000000000E+01
   492    0.1000000000E+01
   493    0.1000000000E+01
   494    0.1000000000E+01
   495    0.1000000000E+01
   496    0.1000000000E+01
   497    0.1000000000E+01
   498    0.1000000000E+01
   499    0.9589843750E+00
   500    0.6987304688E+00
   501    0.2567138672E+00
   502    0.6417846680E-01
