    -1    0.3073755247E-01
     0    0.2405254948E+00
     1    0.5279072229E+00
     2    0.6890152413E+00
     3    0.9694538412E+00
     4    0.7938334960E+00
     5    0.7825717812E+00
     6    0.8003218797E+00
     7    0.7049488524E+00
     8    0.7584999651E+00
     9    0.1039452615E+01
    10    0.1042021050E+01
    11    0.8600625966E+00
    12    0.7959857290E+00
    13    0.6315643427E+00
    14    0.6680743139E+00
    15    0.6981538828E+00
    16    0.7874380082E+00
    17    0.9537573805E+00
    18    0.9916400962E+00
    19    0.9503251971E+00
    20    0.8917625481E+00
    21    0.1028959032E+01
    22    0.1027195684E+01
    23    0.1034237943E+01
    24    0.1123337627E+01
    25    0.1081240093E+01
    26    0.1134899445E+01
    27    0.1087989328E+01
    28    0.9952812130E+00
    29    0.8486532847E+00
    30    0.9269580681E+00
    31    0.1160582161E+01
    32    0.1345454621E+01
    33    0.1274092907E+01
    34    0.9796819404E+00
    35    0.7442766523E+00
    36    0.1084991583E+01
    37    0.1249839490E+01
    38    0.1280211989E+01
    39    0.9164489479E+00
    40    0.6589472519E+00
    41    0.6953802196E+00
    42    0.6680379508E+00
    43    0.6516881939E+00
    44    0.8316692458E+00
    45    0.9099936096E+00
    46    0.6663407528E+00
    47    0.5941401010E+00
    48    0.7176757224E+00
    49    0.9647812180E+00
    50    0.9804152315E+00
    51    0.9365636706E+00
    52    0.1039738075E+01
    53    0.9520949339E+00
    54    0.8994887782E+00
    55    0.1015001069E+01
    56    0.9858267109E+00
    57    0.6863440815E+00
    58    0.4864666954E+00
    59    0.6142880646E+00
    60    0.7903179886E+00
    61    0.6115266447E+00
    62    0.5711310330E+00
    63    0.8352100699E+00
    64    0.9499821825E+00
    65    0.9939149533E+00
    66    0.8251451756E+00
    67    0.9484285289E+00
    68    0.1201820169E+01
    69    0.1243099917E+01
    70    0.1510641257E+01
    71    0.1728681993E+01
    72    0.1241407762E+01
    73    0.8741287914E+00
    74    0.1034531851E+01
    75    0.1161784980E+01
    76    0.1127261773E+01
    77    0.1169416239E+01
    78    0.1265171442E+01
    79    0.1225212726E+01
    80    0.9898734555E+00
    81    0.6673240945E+00
    82    0.7560390271E+00
    83    0.9785953584E+00
    84    0.8296682286E+00
    85    0.7106494555E+00
    86    0.9469668563E+00
    87    0.1006616286E+01
    88    0.8025733626E+00
    89    0.8454389770E+00
    90    0.7284994237E+00
    91    0.7127957967E+00
    92    0.8158774954E+00
    93    0.6436847689E+00
    94    0.5510324341E+00
    95    0.4922015646E+00
    96    0.5420126880E+00
    97    0.8364534321E+00
    98    0.1049482957E+01
    99    0.8384619291E+00
   100    0.7369344777E+00
   101    0.8880290552E+00
   102    0.9374503215E+00
   103    0.6947004514E+00
   104    0.4389649201E+00
   105    0.5116526965E+00
   106    0.8542953413E+00
   107    0.9366682838E+00
   108    0.8585733007E+00
   109    0.1157548867E+01
   110    0.1341990020E+01
   111    0.1485685029E+01
   112    0.1468673013E+01
   113    0.1396045262E+01
   114    0.1408831781E+01
   115    0.1358724902E+01
   116    0.1204315225E+01
   117    0.1166438980E+01
   118    0.8977510954E+00
   119    0.9566393489E+00
   120    0.1181672229E+01
   121    0.1099376788E+01
   122    0.1074735172E+01
   123    0.1081219575E+01
   124    0.9228712468E+00
   125    0.8762615595E+00
   126    0.8058602015E+00
   127    0.8767542633E+00
   128    0.9608095751E+00
   129    0.8479954743E+00
   130    0.6655483971E+00
   131    0.5997774283E+00
   132    0.9709402780E+00
   133    0.1068341758E+01
   134    0.8577645617E+00
   135    0.7813101167E+00
   136    0.7576795598E+00
   137    0.6818799615E+00
   138    0.6955855180E+00
   139    0.7583697062E+00
   140    0.7728878810E+00
   141    0.8891694380E+00
   142    0.8374163931E+00
   143    0.7632992513E+00
   144    0.9697865508E+00
   145    0.1084007212E+01
   146    0.9082317261E+00
   147    0.7440087293E+00
   148    0.6710402158E+00
   149    0.8293633716E+00
   150    0.1020138407E+01
   151    0.1059690880E+01
   152    0.1177590922E+01
   153    0.1078596885E+01
   154    0.9978249080E+00
   155    0.9815602063E+00
   156    0.9814974606E+00
   157    0.9561273827E+00
   158    0.1016220065E+01
   159    0.1112493744E+01
   160    0.9686778328E+00
   161    0.9602409048E+00
   162    0.8663338916E+00
   163    0.8616924636E+00
   164    0.9016868519E+00
   165    0.7374247603E+00
   166    0.7993817632E+00
   167    0.1047989674E+01
   168    0.1110755504E+01
   169    0.1025019987E+01
   170    0.9180556985E+00
   171    0.1081385305E+01
   172    0.9621042491E+00
   173    0.8481143177E+00
   174    0.9179957243E+00
   175    0.1005468062E+01
   176    0.1047076749E+01
   177    0.1090350125E+01
   178    0.1136109287E+01
   179    0.1099674069E+01
   180    0.1170463853E+01
   181    0.1262278056E+01
   182    0.1121550905E+01
   183    0.1008145279E+01
   184    0.1073725098E+01
   185    0.9715037965E+00
   186    0.8997867063E+00
   187    0.8860571015E+00
   188    0.8190807480E+00
   189    0.8677079675E+00
   190    0.8158572688E+00
   191    0.6776501174E+00
   192    0.7217573493E+00
   193    0.7886036838E+00
   194    0.8947485720E+00
   195    0.8918992318E+00
   196    0.7697201600E+00
   197    0.7445325637E+00
   198    0.7771319125E+00
   199    0.8630592534E+00
   200    0.9147550407E+00
   201    0.8114130350E+00
   202    0.8510176215E+00
   203    0.9806828665E+00
   204    0.9970615826E+00
   205    0.1211851997E+01
   206    0.1558969692E+01
   207    0.1487264640E+01
   208    0.1090651381E+01
   209    0.8711402944E+00
   210    0.7740845279E+00
   211    0.7516488064E+00
   212    0.8854480245E+00
   213    0.1038373186E+01
   214    0.1059778715E+01
   215    0.1049663130E+01
   216    0.1113743406E+01
   217    0.1226938360E+01
   218    0.1134911324E+01
   219    0.8634260688E+00
   220    0.7222631179E+00
   221    0.7464568659E+00
   222    0.7897124538E+00
   223    0.8907205805E+00
   224    0.1012063176E+01
   225    0.8838457705E+00
   226    0.6936556293E+00
   227    0.6363860920E+00
   228    0.6635832696E+00
   229    0.8064609079E+00
   230    0.1070382138E+01
   231    0.1129618886E+01
   232    0.9577120486E+00
   233    0.7689352874E+00
   234    0.7245137553E+00
   235    0.7965347073E+00
   236    0.9203638271E+00
   237    0.9860705720E+00
   238    0.9953125506E+00
   239    0.1032612019E+01
   240    0.1021408473E+01
   241    0.1083205985E+01
   242    0.1139489880E+01
   243    0.1038972666E+01
   244    0.9528538748E+00
   245    0.8957105106E+00
   246    0.8643934408E+00
   247    0.9519917425E+00
   248    0.1078571423E+01
   249    0.1020156706E+01
   250    0.1004935090E+01
   251    0.1077794198E+01
   252    0.1035416616E+01
   253    0.9327416011E+00
   254    0.9316854094E+00
   255    0.1002269536E+01
   256    0.9995982328E+00
   257    0.9312655138E+00
   258    0.9377708848E+00
   259    0.1015134851E+01
   260    0.1041521714E+01
   261    0.1047505785E+01
   262    0.1012390324E+01
   263    0.9627637702E+00
   264    0.9823673167E+00
   265    0.1035300404E+01
   266    0.1017199732E+01
   267    0.9550626458E+00
   268    0.9480212776E+00
   269    0.1009353726E+01
   270    0.1048294389E+01
   271    0.1023023124E+01
   272    0.1023011000E+01
   273    0.1041739579E+01
   274    0.1021868583E+01
   275    0.1016390392E+01
   276    0.1024331608E+01
   277    0.1010719735E+01
   278    0.1003408185E+01
   279    0.1016482437E+01
   280    0.1020927910E+01
   281    0.1008979328E+01
   282    0.1005108203E+01
   283    0.1012204903E+01
   284    0.1013654687E+01
   285    0.1006269167E+01
   286    0.1005009540E+01
   287    0.1014118790E+01
   288    0.1015913023E+01
   289    0.1007371801E+01
   290    0.1004201671E+01
   291    0.1005407511E+01
   292    0.1007060967E+01
   293    0.1007449480E+01
   294    0.1006863873E+01
   295    0.1005720470E+01
   296    0.1004571788E+01
   297    0.1004418366E+01
   298    0.1004799513E+01
   299    0.1004609499E+01
   300    0.1003929678E+01
   301    0.1003667217E+01
   302    0.1003542463E+01
   303    0.1003106872E+01
   304    0.1002830282E+01
   305    0.1002875685E+01
   306    0.1002658437E+01
   307    0.1002252396E+01
   308    0.1002022334E+01
   309    0.1001916710E+01
   310    0.1001747807E+01
   311    0.1001568947E+01
   312    0.1001434145E+01
   313    0.1001285382E+01
   314    0.1001150486E+01
   315    0.1001065957E+01
   316    0.1001013176E+01
   317    0.1000924582E+01
   318    0.1000797125E+01
   319    0.1000685175E+01
   320    0.1000630353E+01
   321    0.1000576758E+01
   322    0.1000524152E+01
   323    0.1000464053E+01
   324    0.1000396271E+01
   325    0.1000355952E+01
   326    0.1000334794E+01
   327    0.1000300846E+01
   328    0.1000261871E+01
   329    0.1000228633E+01
   330    0.1000206796E+01
   331    0.1000192175E+01
   332    0.1000165710E+01
   333    0.1000140007E+01
   334    0.1000124738E+01
   335    0.1000108052E+01
   336    0.1000092295E+01
   337    0.1000084720E+01
   338    0.1000076623E+01
   339    0.1000063920E+01
   340    0.1000056247E+01
   341    0.1000050324E+01
   342    0.1000043316E+01
   343    0.1000037256E+01
   344    0.1000032050E+01
   345    0.1000027801E+01
   346    0.1000024313E+01
   347    0.1000021397E+01
   348    0.1000018747E+01
   349    0.1000016240E+01
   350    0.1000013905E+01
   351    0.1000011399E+01
   352    0.1000009506E+01
   353    0.1000008435E+01
   354    0.1000007266E+01
   355    0.1000006190E+01
   356    0.1000005622E+01
   357    0.1000004917E+01
   358    0.1000004071E+01
   359    0.1000003296E+01
   360    0.1000002784E+01
   361    0.1000002422E+01
   362    0.1000002073E+01
   363    0.1000001779E+01
   364    0.1000001508E+01
   365    0.1000001257E+01
   366    0.1000001019E+01
   367    0.1000000858E+01
   368    0.1000000741E+01
   369    0.1000000632E+01
   370    0.1000000528E+01
   371    0.1000000435E+01
   372    0.1000000373E+01
   373    0.1000000323E+01
   374    0.1000000269E+01
   375    0.1000000218E+01
   376    0.1000000177E+01
   377    0.1000000143E+01
   378    0.1000000120E+01
   379    0.1000000103E+01
   380    0.1000000088E+01
   381    0.1000000072E+01
   382    0.1000000057E+01
   383    0.1000000046E+01
   384    0.1000000039E+01
   385    0.1000000033E+01
   386    0.1000000028E+01
   387    0.1000000022E+01
   388    0.1000000018E+01
   389    0.1000000015E+01
   390    0.1000000012E+01
   391    0.1000000010E+01
   392    0.1000000008E+01
   393    0.1000000007E+01
   394    0.1000000005E+01
   395    0.1000000004E+01
   396    0.1000000004E+01
   397    0.1000000003E+01
   398    0.1000000002E+01
   399    0.1000000002E+01
   400    0.1000000002E+01
   401    0.1000000001E+01
   402    0.1000000001E+01
   403    0.1000000001E+01
   404    0.1000000001E+01
   405    0.1000000001E+01
   406    0.1000000000E+01
   407    0.1000000000E+01
   408    0.1000000000E+01
   409    0.1000000000E+01
   410    0.1000000000E+01
   411    0.1000000000E+01
   412    0.1000000000E+01
   413    0.1000000000E+01
   414    0.1000000000E+01
   415    0.1000000000E+01
   416    0.1000000000E+01
   417    0.1000000000E+01
   418    0.1000000000E+01
   419    0.1000000000E+01
   420    0.1000000000E+01
   421    0.1000000000E+01
   422    0.1000000000E+01
   423    0.1000000000E+01
   424    0.1000000000E+01
   425    0.1000000000E+01
   426    0.1000000000E+01
   427    0.1000000000E+01
   428    0.1000000000E+01
   429    0.1000000000E+01
   430    0.1000000000E+01
   431    0.1000000000E+01
   432    0.1000000000E+01
   433    0.1000000000E+01
   434    0.1000000000E+01
   435    0.1000000000E+01
   436    0.1000000000E+01
   437    0.1000000000E+01
   438    0.1000000000E+01
   439    0.1000000000E+01
   440    0.1000000000E+01
   441    0.1000000000E+01
   442    0.1000000000E+01
   443    0.1000000000E+01
   444    0.1000000000E+01
   445    0.1000000000E+01
   446    0.1000000000E+01
   447    0.1000000000E+01
   448    0.1000000000E+01
   449    0.1000000000E+01
   450    0.1000000000E+01
   451    0.1000000000E+01
   452    0.1000000000E+01
   453    0.1000000000E+01
   454    0.1000000000E+01
   455    0.1000000000E+01
   456    0.1000000000E+01
   457    0.1000000000E+01
   458    0.1000000000E+01
   459    0.1000000000E+01
   460    0.1000000000E+01
   461    0.1000000000E+01
   462    0.1000000000E+01
   463    0.1000000000E+01
   464    0.1000000000E+01
   465    0.1000000000E+01
   466    0.1000000000E+01
   467    0.1000000000E+01
   468    0.1000000000E+01
   469    0.1000000000E+01
   470    0.1000000000E+01
   471    0.1000000000E+01
   472    0.1000000000E+01
   473    0.1000000000E+01
   474    0.1000000000E+01
   475    0.1000000000E+01
   476    0.1000000000E+01
   477    0.1000000000E+01
   478    0.1000000000E+01
   479    0.1000000000E+01
   480    0.1000000000E+01
   481    0.1000000000E+01
   482    0.1000000000E+01
   483    0.1000000000E+01
   484    0.1000000000E+01
   485    0.1000000000E+01
   486    0.1000000000E+01
   487    0.1000000000E+01
   488    0.1000000000E+01
   489    0.1000000000E+01
   490    0.1000000000E+01
   491    0.1000000000E+01
   492    0.1000000000E+01
   493    0.1000000000E+01
   494    0.1000000000E+01
   495    0.1000000000E+01
   496    0.1000000000E+01
   497    0.1000000000E+01
   498    0.1000000000E+01
   499    0.9589843750E+00
   500    0.6987304688E+00
   501    0.2567138672E+00
   502    0.6417846680E-01
