    -1    0.2708007080E+00
     0    0.9292429987E+00
     1    0.1300095944E+01
     2    0.1217218035E+01
     3    0.1058289721E+01
     4    0.1064904586E+01
     5    0.8032746012E+00
     6    0.7625441577E+00
     7    0.1085168816E+01
     8    0.1122404253E+01
     9    0.1064711149E+01
    10    0.9733055447E+00
    11    0.8844136265E+00
    12    0.7943534006E+00
    13    0.5944351908E+00
    14    0.7930392996E+00
    15    0.8169773200E+00
    16    0.5837782394E+00
    17    0.5067389612E+00
    18    0.4597511006E+00
    19    0.3738511323E+00
    20    0.3351225051E+00
    21    0.3353166162E+00
    22    0.3472018040E+00
    23    0.2537935343E+00
    24    0.2657957139E+00
    25    0.4144735572E+00
    26    0.5130232194E+00
    27    0.4413151305E+00
    28    0.3432419513E+00
    29    0.2617333052E+00
    30    0.2752248409E+00
    31    0.2644123673E+00
    32    0.2315840863E+00
    33    0.2680328689E+00
    34    0.2844000873E+00
    35    0.1922055462E+00
    36    0.1512510926E+00
    37    0.1573561661E+00
    38    0.1613589386E+00
    39    0.1564087818E+00
    40    0.1878345083E+00
    41    0.2680206453E+00
    42    0.3149376556E+00
    43    0.2038025166E+00
    44    0.1738278374E+00
    45    0.1664151746E+00
    46    0.1779486081E+00
    47    0.2066058638E+00
    48    0.2277485035E+00
    49    0.1796689515E+00
    50    0.1291527169E+00
    51    0.1340561650E+00
    52    0.8992247305E-01
    53    0.1488457493E+00
    54    0.2309207361E+00
    55    0.2401864941E+00
    56    0.2167628784E+00
    57    0.2078660261E+00
    58    0.2174092156E+00
    59    0.2495187875E+00
    60    0.2990223085E+00
    61    0.3057229892E+00
    62    0.2319038116E+00
    63    0.1778204611E+00
    64    0.1858661345E+00
    65    0.2059515533E+00
    66    0.2429591466E+00
    67    0.2091218245E+00
    68    0.1687130948E+00
    69    0.1962183769E+00
    70    0.2742029377E+00
    71    0.2710764114E+00
    72    0.2056851022E+00
    73    0.2258509772E+00
    74    0.2210636153E+00
    75    0.1660724372E+00
    76    0.1926161685E+00
    77    0.1861365497E+00
    78    0.1720739459E+00
    79    0.2142936117E+00
    80    0.2776389486E+00
    81    0.4355511895E+00
    82    0.4622150283E+00
    83    0.2953807310E+00
    84    0.2448064552E+00
    85    0.2710218371E+00
    86    0.2895712999E+00
    87    0.2176903528E+00
    88    0.2438625008E+00
    89    0.2528021951E+00
    90    0.1950342908E+00
    91    0.1922659465E+00
    92    0.1518054512E+00
    93    0.1952891549E+00
    94    0.2478170597E+00
    95    0.2589273916E+00
    96    0.2839392445E+00
    97    0.2739376938E+00
    98    0.2695833097E+00
    99    0.2222417694E+00
   100    0.1826577871E+00
   101    0.2884448663E+00
   102    0.3651593910E+00
   103    0.3442971201E+00
   104    0.3332830488E+00
   105    0.4256482216E+00
   106    0.3641247131E+00
   107    0.2675118347E+00
   108    0.3143613284E+00
   109    0.3310996727E+00
   110    0.3589713861E+00
   111    0.3023905432E+00
   112    0.2656000301E+00
   113    0.2948358159E+00
   114    0.2827067192E+00
   115    0.3691293778E+00
   116    0.3855044135E+00
   117    0.3293783296E+00
   118    0.4360590303E+00
   119    0.6532879598E+00
   120    0.4716717666E+00
   121    0.3806481371E+00
   122    0.2720269119E+00
   123    0.1660497462E+00
   124    0.2458481261E+00
   125    0.3524407925E+00
   126    0.3015894980E+00
   127    0.3017025126E+00
   128    0.6281559391E+00
   129    0.7712694440E+00
   130    0.5980564658E+00
   131    0.5661283860E+00
   132    0.6025376750E+00
   133    0.7561868722E+00
   134    0.7921618924E+00
   135    0.7723006950E+00
   136    0.6442170837E+00
   137    0.6477902830E+00
   138    0.9906228736E+00
   139    0.1177777176E+01
   140    0.1067217420E+01
   141    0.9033411695E+00
   142    0.1009080531E+01
   143    0.1033612337E+01
   144    0.1028914580E+01
   145    0.1087309617E+01
   146    0.7879760749E+00
   147    0.7523197480E+00
   148    0.8068611209E+00
   149    0.6746466749E+00
   150    0.6479231236E+00
   151    0.6763492070E+00
   152    0.6458393947E+00
   153    0.6046051157E+00
   154    0.5149144627E+00
   155    0.4353322049E+00
   156    0.4439098460E+00
   157    0.5544263783E+00
   158    0.6170249650E+00
   159    0.5475145092E+00
   160    0.4943218579E+00
   161    0.4250373979E+00
   162    0.3324972638E+00
   163    0.3343531950E+00
   164    0.4049865171E+00
   165    0.3806634822E+00
   166    0.2534261488E+00
   167    0.1894529921E+00
   168    0.2700109049E+00
   169    0.3743475357E+00
   170    0.4129937173E+00
   171    0.4173008080E+00
   172    0.3037270341E+00
   173    0.3329606296E+00
   174    0.2873439004E+00
   175    0.3698497927E+00
   176    0.4679232489E+00
   177    0.2462050250E+00
   178    0.1951213735E+00
   179    0.3516757432E+00
   180    0.3981944931E+00
   181    0.3446853918E+00
   182    0.3049426956E+00
   183    0.4634666865E+00
   184    0.6281188507E+00
   185    0.6946290755E+00
   186    0.1070074208E+01
   187    0.1541269959E+01
   188    0.1937668671E+01
   189    0.1972278739E+01
   190    0.1987891247E+01
   191    0.2102954748E+01
   192    0.1713014926E+01
   193    0.1093626859E+01
   194    0.8904278562E+00
   195    0.1292929381E+01
   196    0.1672603058E+01
   197    0.1533089066E+01
   198    0.1051008444E+01
   199    0.7837079622E+00
   200    0.6432251529E+00
   201    0.6547041789E+00
   202    0.6494695297E+00
   203    0.6097335274E+00
   204    0.6164908000E+00
   205    0.6290196988E+00
   206    0.6121961364E+00
   207    0.5161019866E+00
   208    0.4805024120E+00
   209    0.4985762041E+00
   210    0.4957925206E+00
   211    0.5601358025E+00
   212    0.6436062338E+00
   213    0.6298566061E+00
   214    0.5320865912E+00
   215    0.4716837853E+00
   216    0.4601666413E+00
   217    0.4504276950E+00
   218    0.4999544424E+00
   219    0.5810997652E+00
   220    0.6216064914E+00
   221    0.5909737916E+00
   222    0.6095395671E+00
   223    0.6722721311E+00
   224    0.7404436313E+00
   225    0.8061387589E+00
   226    0.7336757746E+00
   227    0.7650451807E+00
   228    0.1056580644E+01
   229    0.1391467129E+01
   230    0.1247380680E+01
   231    0.1025283969E+01
   232    0.9108555930E+00
   233    0.9573433893E+00
   234    0.1230384844E+01
   235    0.1457440438E+01
   236    0.1388615539E+01
   237    0.1163168242E+01
   238    0.9995340060E+00
   239    0.9543105484E+00
   240    0.1068535224E+01
   241    0.1183372605E+01
   242    0.1149704740E+01
   243    0.1113073491E+01
   244    0.1064680245E+01
   245    0.1007510006E+01
   246    0.1039544753E+01
   247    0.1093671099E+01
   248    0.1070750452E+01
   249    0.1006098805E+01
   250    0.9413132894E+00
   251    0.9002478348E+00
   252    0.9003458782E+00
   253    0.9571681383E+00
   254    0.1020455002E+01
   255    0.1001406487E+01
   256    0.9497924642E+00
   257    0.9503690466E+00
   258    0.1010136502E+01
   259    0.1047122058E+01
   260    0.1036514483E+01
   261    0.1031456403E+01
   262    0.1030418860E+01
   263    0.1018989131E+01
   264    0.1023116250E+01
   265    0.1026698313E+01
   266    0.1004149854E+01
   267    0.9990109812E+00
   268    0.1024837909E+01
   269    0.1028533340E+01
   270    0.1003775730E+01
   271    0.1004414124E+01
   272    0.1023803319E+01
   273    0.1019148389E+01
   274    0.9996113500E+00
   275    0.1002986742E+01
   276    0.1018592026E+01
   277    0.1017316566E+01
   278    0.1005976993E+01
   279    0.1003946727E+01
   280    0.1007410393E+01
   281    0.1009094387E+01
   282    0.1008166913E+01
   283    0.1006389415E+01
   284    0.1004242834E+01
   285    0.1003454656E+01
   286    0.1004617365E+01
   287    0.1005191304E+01
   288    0.1004176691E+01
   289    0.1003514342E+01
   290    0.1003656722E+01
   291    0.1003312085E+01
   292    0.1002680714E+01
   293    0.1002867488E+01
   294    0.1002927191E+01
   295    0.1002418374E+01
   296    0.1001993776E+01
   297    0.1001937024E+01
   298    0.1001821566E+01
   299    0.1001612063E+01
   300    0.1001475404E+01
   301    0.1001334282E+01
   302    0.1001170925E+01
   303    0.1001066615E+01
   304    0.1001038824E+01
   305    0.1000985524E+01
   306    0.1000853023E+01
   307    0.1000705695E+01
   308    0.1000635002E+01
   309    0.1000595589E+01
   310    0.1000542026E+01
   311    0.1000490705E+01
   312    0.1000415368E+01
   313    0.1000357851E+01
   314    0.1000341115E+01
   315    0.1000319143E+01
   316    0.1000277393E+01
   317    0.1000239057E+01
   318    0.1000212749E+01
   319    0.1000201404E+01
   320    0.1000180166E+01
   321    0.1000148485E+01
   322    0.1000129510E+01
   323    0.1000114452E+01
   324    0.1000096309E+01
   325    0.1000085964E+01
   326    0.1000081361E+01
   327    0.1000068758E+01
   328    0.1000057929E+01
   329    0.1000053038E+01
   330    0.1000046211E+01
   331    0.1000039427E+01
   332    0.1000033805E+01
   333    0.1000029165E+01
   334    0.1000025436E+01
   335    0.1000022441E+01
   336    0.1000019963E+01
   337    0.1000017274E+01
   338    0.1000015036E+01
   339    0.1000012300E+01
   340    0.1000009863E+01
   341    0.1000008682E+01
   342    0.1000007695E+01
   343    0.1000006458E+01
   344    0.1000005821E+01
   345    0.1000005347E+01
   346    0.1000004477E+01
   347    0.1000003568E+01
   348    0.1000002909E+01
   349    0.1000002548E+01
   350    0.1000002201E+01
   351    0.1000001901E+01
   352    0.1000001623E+01
   353    0.1000001359E+01
   354    0.1000001092E+01
   355    0.1000000898E+01
   356    0.1000000778E+01
   357    0.1000000672E+01
   358    0.1000000571E+01
   359    0.1000000465E+01
   360    0.1000000393E+01
   361    0.1000000346E+01
   362    0.1000000295E+01
   363    0.1000000239E+01
   364    0.1000000192E+01
   365    0.1000000153E+01
   366    0.1000000125E+01
   367    0.1000000109E+01
   368    0.1000000095E+01
   369    0.1000000079E+01
   370    0.1000000062E+01
   371    0.1000000048E+01
   372    0.1000000040E+01
   373    0.1000000035E+01
   374    0.1000000030E+01
   375    0.1000000025E+01
   376    0.1000000019E+01
   377    0.1000000015E+01
   378    0.1000000013E+01
   379    0.1000000010E+01
   380    0.1000000009E+01
   381    0.1000000007E+01
   382    0.1000000006E+01
   383    0.1000000005E+01
   384    0.1000000004E+01
   385    0.1000000003E+01
   386    0.1000000003E+01
   387    0.1000000002E+01
   388    0.1000000002E+01
   389    0.1000000001E+01
   390    0.1000000001E+01
   391    0.1000000001E+01
   392    0.1000000001E+01
   393    0.1000000001E+01
   394    0.1000000000E+01
   395    0.1000000000E+01
   396    0.1000000000E+01
   397    0.1000000000E+01
   398    0.1000000000E+01
   399    0.1000000000E+01
   400    0.1000000000E+01
   401    0.1000000000E+01
   402    0.1000000000E+01
   403    0.1000000000E+01
   404    0.1000000000E+01
   405    0.1000000000E+01
   406    0.1000000000E+01
   407    0.1000000000E+01
   408    0.1000000000E+01
   409    0.1000000000E+01
   410    0.1000000000E+01
   411    0.1000000000E+01
   412    0.1000000000E+01
   413    0.1000000000E+01
   414    0.1000000000E+01
   415    0.1000000000E+01
   416    0.1000000000E+01
   417    0.1000000000E+01
   418    0.1000000000E+01
   419    0.1000000000E+01
   420    0.1000000000E+01
   421    0.1000000000E+01
   422    0.1000000000E+01
   423    0.1000000000E+01
   424    0.1000000000E+01
   425    0.1000000000E+01
   426    0.1000000000E+01
   427    0.1000000000E+01
   428    0.1000000000E+01
   429    0.1000000000E+01
   430    0.1000000000E+01
   431    0.1000000000E+01
   432    0.1000000000E+01
   433    0.1000000000E+01
   434    0.1000000000E+01
   435    0.1000000000E+01
   436    0.1000000000E+01
   437    0.1000000000E+01
   438    0.1000000000E+01
   439    0.1000000000E+01
   440    0.1000000000E+01
   441    0.1000000000E+01
   442    0.1000000000E+01
   443    0.1000000000E+01
   444    0.1000000000E+01
   445    0.1000000000E+01
   446    0.1000000000E+01
   447    0.1000000000E+01
   448    0.1000000000E+01
   449    0.1000000000E+01
   450    0.1000000000E+01
   451    0.1000000000E+01
   452    0.1000000000E+01
   453    0.1000000000E+01
   454    0.1000000000E+01
   455    0.1000000000E+01
   456    0.1000000000E+01
   457    0.1000000000E+01
   458    0.1000000000E+01
   459    0.1000000000E+01
   460    0.1000000000E+01
   461    0.1000000000E+01
   462    0.1000000000E+01
   463    0.1000000000E+01
   464    0.1000000000E+01
   465    0.1000000000E+01
   466    0.1000000000E+01
   467    0.1000000000E+01
   468    0.1000000000E+01
   469    0.1000000000E+01
   470    0.1000000000E+01
   471    0.1000000000E+01
   472    0.1000000000E+01
   473    0.1000000000E+01
   474    0.1000000000E+01
   475    0.1000000000E+01
   476    0.1000000000E+01
   477    0.1000000000E+01
   478    0.1000000000E+01
   479    0.1000000000E+01
   480    0.1000000000E+01
   481    0.1000000000E+01
   482    0.1000000000E+01
   483    0.1000000000E+01
   484    0.1000000000E+01
   485    0.1000000000E+01
   486    0.1000000000E+01
   487    0.1000000000E+01
   488    0.1000000000E+01
   489    0.1000000000E+01
   490    0.1000000000E+01
   491    0.1000000000E+01
   492    0.1000000000E+01
   493    0.1000000000E+01
   494    0.1000000000E+01
   495    0.1000000000E+01
   496    0.1000000000E+01
   497    0.1000000000E+01
   498    0.1000000000E+01
   499    0.9589843750E+00
   500    0.6987304688E+00
   501    0.2567138672E+00
   502    0.6417846680E-01
