    -1    0.5152793985E-01
     0    0.5024630223E+00
     1    0.1191677263E+01
     2    0.1119799845E+01
     3    0.9803235663E+00
     4    0.9584382178E+00
     5    0.9475782134E+00
     6    0.8262596255E+00
     7    0.7204745256E+00
     8    0.5278668171E+00
     9    0.5500533958E+00
    10    0.7936518578E+00
    11    0.9243973486E+00
    12    0.8528649443E+00
    13    0.9058471298E+00
    14    0.9742861342E+00
    15    0.9735310515E+00
    16    0.1052107062E+01
    17    0.1065488856E+01
    18    0.1179262790E+01
    19    0.9325926944E+00
    20    0.6919230342E+00
    21    0.7272784542E+00
    22    0.7597080761E+00
    23    0.8972321467E+00
    24    0.8827799968E+00
    25    0.9529661666E+00
    26    0.8002890150E+00
    27    0.7556823437E+00
    28    0.1147285531E+01
    29    0.1258163103E+01
    30    0.1075434970E+01
    31    0.7775889849E+00
    32    0.8419082833E+00
    33    0.1253914154E+01
    34    0.1161674145E+01
    35    0.9771647731E+00
    36    0.1076123804E+01
    37    0.9426616938E+00
    38    0.9181954578E+00
    39    0.1160194372E+01
    40    0.1090084990E+01
    41    0.8316549295E+00
    42    0.7227059949E+00
    43    0.6293422412E+00
    44    0.6845274470E+00
    45    0.8236598678E+00
    46    0.7976629370E+00
    47    0.6763918428E+00
    48    0.7978548892E+00
    49    0.9715093229E+00
    50    0.1161567292E+01
    51    0.1158385532E+01
    52    0.1326578053E+01
    53    0.1192291113E+01
    54    0.6806778191E+00
    55    0.6215453991E+00
    56    0.7110320502E+00
    57    0.8953295928E+00
    58    0.1050534474E+01
    59    0.1186578155E+01
    60    0.9366689253E+00
    61    0.6033376532E+00
    62    0.7460993423E+00
    63    0.9601994193E+00
    64    0.9240004802E+00
    65    0.1058153793E+01
    66    0.1004286623E+01
    67    0.9278913863E+00
    68    0.9259693382E+00
    69    0.9510611199E+00
    70    0.1036333602E+01
    71    0.9387237773E+00
    72    0.8899163666E+00
    73    0.1079404876E+01
    74    0.9356438431E+00
    75    0.8436802986E+00
    76    0.9152472517E+00
    77    0.1273669808E+01
    78    0.1221143516E+01
    79    0.1059542422E+01
    80    0.9478505932E+00
    81    0.1105507390E+01
    82    0.1234627870E+01
    83    0.1175458862E+01
    84    0.8412026564E+00
    85    0.9663971132E+00
    86    0.1115711691E+01
    87    0.8791270387E+00
    88    0.6592770166E+00
    89    0.7675044011E+00
    90    0.7821811239E+00
    91    0.6742683317E+00
    92    0.9244599635E+00
    93    0.1095091700E+01
    94    0.9127322355E+00
    95    0.8246756866E+00
    96    0.9182569904E+00
    97    0.9547132019E+00
    98    0.9230318781E+00
    99    0.7734152488E+00
   100    0.5407893914E+00
   101    0.6403386716E+00
   102    0.8092076038E+00
   103    0.8495716885E+00
   104    0.9445921497E+00
   105    0.9520689112E+00
   106    0.9610225061E+00
   107    0.9296829880E+00
   108    0.9948425400E+00
   109    0.1006648883E+01
   110    0.1022949191E+01
   111    0.1190198933E+01
   112    0.1478098182E+01
   113    0.1545085040E+01
   114    0.1254368726E+01
   115    0.9176127295E+00
   116    0.9102936872E+00
   117    0.1206653415E+01
   118    0.1479721100E+01
   119    0.1191635163E+01
   120    0.1171394505E+01
   121    0.1382019194E+01
   122    0.1135402168E+01
   123    0.9743770325E+00
   124    0.8913739099E+00
   125    0.9703289160E+00
   126    0.1028283871E+01
   127    0.9545164585E+00
   128    0.8518824132E+00
   129    0.7976824502E+00
   130    0.7409771457E+00
   131    0.9347227709E+00
   132    0.8294489922E+00
   133    0.8115886752E+00
   134    0.8154551761E+00
   135    0.7607822595E+00
   136    0.8664491378E+00
   137    0.9335589096E+00
   138    0.8464740271E+00
   139    0.7432070921E+00
   140    0.6336587476E+00
   141    0.6468401393E+00
   142    0.7136185226E+00
   143    0.7259619753E+00
   144    0.7001270523E+00
   145    0.6675523397E+00
   146    0.7772811128E+00
   147    0.7950905243E+00
   148    0.8395852478E+00
   149    0.8004573442E+00
   150    0.9350662758E+00
   151    0.1194900981E+01
   152    0.1096304397E+01
   153    0.1108226616E+01
   154    0.1232392662E+01
   155    0.1251384501E+01
   156    0.1159073456E+01
   157    0.1194297515E+01
   158    0.1158472492E+01
   159    0.1190029273E+01
   160    0.1213390511E+01
   161    0.1277384418E+01
   162    0.1257056315E+01
   163    0.1129279275E+01
   164    0.1187051322E+01
   165    0.1167169157E+01
   166    0.1090738318E+01
   167    0.1187576016E+01
   168    0.1130183418E+01
   169    0.1000066859E+01
   170    0.1052890369E+01
   171    0.1026842903E+01
   172    0.9650237900E+00
   173    0.9056226046E+00
   174    0.9325025615E+00
   175    0.8945506039E+00
   176    0.8828839701E+00
   177    0.8699734711E+00
   178    0.8115340438E+00
   179    0.8188480195E+00
   180    0.8920541840E+00
   181    0.8185377928E+00
   182    0.7015613707E+00
   183    0.8461392826E+00
   184    0.9419024738E+00
   185    0.7618880885E+00
   186    0.6740070909E+00
   187    0.8877309107E+00
   188    0.1018077560E+01
   189    0.7705529592E+00
   190    0.7563946349E+00
   191    0.9998345606E+00
   192    0.1056590265E+01
   193    0.8409099469E+00
   194    0.9164232016E+00
   195    0.1120727019E+01
   196    0.1095415047E+01
   197    0.9465874542E+00
   198    0.1052477601E+01
   199    0.1195599188E+01
   200    0.1132066792E+01
   201    0.1046533742E+01
   202    0.1119703186E+01
   203    0.1155297867E+01
   204    0.1148693172E+01
   205    0.1183706715E+01
   206    0.1124949658E+01
   207    0.9787207025E+00
   208    0.9829157242E+00
   209    0.1080653991E+01
   210    0.1050819234E+01
   211    0.9573953994E+00
   212    0.9692567247E+00
   213    0.1008803736E+01
   214    0.9629295779E+00
   215    0.9126026323E+00
   216    0.8883543727E+00
   217    0.9380224554E+00
   218    0.9374094999E+00
   219    0.9149440445E+00
   220    0.8523471787E+00
   221    0.8899892193E+00
   222    0.9452010938E+00
   223    0.8769613580E+00
   224    0.7723776949E+00
   225    0.8613781493E+00
   226    0.9481103187E+00
   227    0.8930135972E+00
   228    0.8524807236E+00
   229    0.8573337621E+00
   230    0.8092543113E+00
   231    0.8851370546E+00
   232    0.1014293868E+01
   233    0.9516695503E+00
   234    0.8430775916E+00
   235    0.8950412870E+00
   236    0.9128495244E+00
   237    0.9511125196E+00
   238    0.1021175054E+01
   239    0.9575176089E+00
   240    0.8650107834E+00
   241    0.9561152448E+00
   242    0.1003266104E+01
   243    0.9958510702E+00
   244    0.1052964554E+01
   245    0.9819184458E+00
   246    0.8908197185E+00
   247    0.9782348540E+00
   248    0.1090225305E+01
   249    0.9928977690E+00
   250    0.9540996710E+00
   251    0.9998362029E+00
   252    0.9726075591E+00
   253    0.9409324268E+00
   254    0.9696251537E+00
   255    0.1003411567E+01
   256    0.9754691563E+00
   257    0.9305221598E+00
   258    0.9546761876E+00
   259    0.1026920883E+01
   260    0.1025557732E+01
   261    0.9630752526E+00
   262    0.9607004170E+00
   263    0.1038615687E+01
   264    0.1056097452E+01
   265    0.9869434475E+00
   266    0.9770030353E+00
   267    0.1017702066E+01
   268    0.1030595998E+01
   269    0.1014002713E+01
   270    0.1008306023E+01
   271    0.1012863587E+01
   272    0.1015339110E+01
   273    0.1018344486E+01
   274    0.1017114442E+01
   275    0.1013030525E+01
   276    0.1018340641E+01
   277    0.1027043599E+01
   278    0.1019270867E+01
   279    0.1003290994E+01
   280    0.1014310330E+01
   281    0.1035967892E+01
   282    0.1022844043E+01
   283    0.1008973826E+01
   284    0.1014065613E+01
   285    0.1017900633E+01
   286    0.1015741715E+01
   287    0.1016046864E+01
   288    0.1016096370E+01
   289    0.1012995953E+01
   290    0.1012351356E+01
   291    0.1014219250E+01
   292    0.1013250887E+01
   293    0.1010873433E+01
   294    0.1010542641E+01
   295    0.1011258949E+01
   296    0.1010275091E+01
   297    0.1008685866E+01
   298    0.1009145208E+01
   299    0.1011272503E+01
   300    0.1010849292E+01
   301    0.1008099704E+01
   302    0.1006740688E+01
   303    0.1006616749E+01
   304    0.1006964074E+01
   305    0.1006911739E+01
   306    0.1006441731E+01
   307    0.1005740320E+01
   308    0.1005055555E+01
   309    0.1004789700E+01
   310    0.1004727623E+01
   311    0.1004455776E+01
   312    0.1003991722E+01
   313    0.1003715485E+01
   314    0.1003494058E+01
   315    0.1003149454E+01
   316    0.1002904463E+01
   317    0.1002798109E+01
   318    0.1002567826E+01
   319    0.1002257397E+01
   320    0.1002052915E+01
   321    0.1001916632E+01
   322    0.1001738741E+01
   323    0.1001568584E+01
   324    0.1001434628E+01
   325    0.1001291123E+01
   326    0.1001161707E+01
   327    0.1001072904E+01
   328    0.1000993609E+01
   329    0.1000896394E+01
   330    0.1000790697E+01
   331    0.1000694876E+01
   332    0.1000631483E+01
   333    0.1000573739E+01
   334    0.1000518452E+01
   335    0.1000458485E+01
   336    0.1000399681E+01
   337    0.1000360062E+01
   338    0.1000330478E+01
   339    0.1000294175E+01
   340    0.1000258456E+01
   341    0.1000227495E+01
   342    0.1000204518E+01
   343    0.1000185737E+01
   344    0.1000161041E+01
   345    0.1000139124E+01
   346    0.1000123281E+01
   347    0.1000107045E+01
   348    0.1000092949E+01
   349    0.1000083876E+01
   350    0.1000074509E+01
   351    0.1000063443E+01
   352    0.1000055747E+01
   353    0.1000049249E+01
   354    0.1000042611E+01
   355    0.1000036771E+01
   356    0.1000031773E+01
   357    0.1000027600E+01
   358    0.1000024051E+01
   359    0.1000021032E+01
   360    0.1000018287E+01
   361    0.1000015825E+01
   362    0.1000013539E+01
   363    0.1000011332E+01
   364    0.1000009602E+01
   365    0.1000008401E+01
   366    0.1000007212E+01
   367    0.1000006172E+01
   368    0.1000005472E+01
   369    0.1000004718E+01
   370    0.1000003943E+01
   371    0.1000003262E+01
   372    0.1000002777E+01
   373    0.1000002387E+01
   374    0.1000002034E+01
   375    0.1000001736E+01
   376    0.1000001470E+01
   377    0.1000001230E+01
   378    0.1000001014E+01
   379    0.1000000856E+01
   380    0.1000000732E+01
   381    0.1000000620E+01
   382    0.1000000517E+01
   383    0.1000000430E+01
   384    0.1000000365E+01
   385    0.1000000312E+01
   386    0.1000000260E+01
   387    0.1000000212E+01
   388    0.1000000175E+01
   389    0.1000000143E+01
   390    0.1000000120E+01
   391    0.1000000101E+01
   392    0.1000000085E+01
   393    0.1000000070E+01
   394    0.1000000056E+01
   395    0.1000000046E+01
   396    0.1000000038E+01
   397    0.1000000032E+01
   398    0.1000000027E+01
   399    0.1000000022E+01
   400    0.1000000018E+01
   401    0.1000000014E+01
   402    0.1000000012E+01
   403    0.1000000010E+01
   404    0.1000000008E+01
   405    0.1000000006E+01
   406    0.1000000005E+01
   407    0.1000000004E+01
   408    0.1000000003E+01
   409    0.1000000003E+01
   410    0.1000000002E+01
   411    0.1000000002E+01
   412    0.1000000001E+01
   413    0.1000000001E+01
   414    0.1000000001E+01
   415    0.1000000001E+01
   416    0.1000000001E+01
   417    0.1000000001E+01
   418    0.1000000000E+01
   419    0.1000000000E+01
   420    0.1000000000E+01
   421    0.1000000000E+01
   422    0.1000000000E+01
   423    0.1000000000E+01
   424    0.1000000000E+01
   425    0.1000000000E+01
   426    0.1000000000E+01
   427    0.1000000000E+01
   428    0.1000000000E+01
   429    0.1000000000E+01
   430    0.1000000000E+01
   431    0.1000000000E+01
   432    0.1000000000E+01
   433    0.1000000000E+01
   434    0.1000000000E+01
   435    0.1000000000E+01
   436    0.1000000000E+01
   437    0.1000000000E+01
   438    0.1000000000E+01
   439    0.1000000000E+01
   440    0.1000000000E+01
   441    0.1000000000E+01
   442    0.1000000000E+01
   443    0.1000000000E+01
   444    0.1000000000E+01
   445    0.1000000000E+01
   446    0.1000000000E+01
   447    0.1000000000E+01
   448    0.1000000000E+01
   449    0.1000000000E+01
   450    0.1000000000E+01
   451    0.1000000000E+01
   452    0.1000000000E+01
   453    0.1000000000E+01
   454    0.1000000000E+01
   455    0.1000000000E+01
   456    0.1000000000E+01
   457    0.1000000000E+01
   458    0.1000000000E+01
   459    0.1000000000E+01
   460    0.1000000000E+01
   461    0.1000000000E+01
   462    0.1000000000E+01
   463    0.1000000000E+01
   464    0.1000000000E+01
   465    0.1000000000E+01
   466    0.1000000000E+01
   467    0.1000000000E+01
   468    0.1000000000E+01
   469    0.1000000000E+01
   470    0.1000000000E+01
   471    0.1000000000E+01
   472    0.1000000000E+01
   473    0.1000000000E+01
   474    0.1000000000E+01
   475    0.1000000000E+01
   476    0.1000000000E+01
   477    0.1000000000E+01
   478    0.1000000000E+01
   479    0.1000000000E+01
   480    0.1000000000E+01
   481    0.1000000000E+01
   482    0.1000000000E+01
   483    0.1000000000E+01
   484    0.1000000000E+01
   485    0.1000000000E+01
   486    0.1000000000E+01
   487    0.1000000000E+01
   488    0.1000000000E+01
   489    0.1000000000E+01
   490    0.1000000000E+01
   491    0.1000000000E+01
   492    0.1000000000E+01
   493    0.1000000000E+01
   494    0.1000000000E+01
   495    0.1000000000E+01
   496    0.1000000000E+01
   497    0.1000000000E+01
   498    0.1000000000E+01
   499    0.9589843750E+00
   500    0.6987304688E+00
   501    0.2567138672E+00
   502    0.6417846680E-01
