    -1    0.1305979387E+00
     0    0.4702689211E+00
     1    0.8952862533E+00
     2    0.1200268870E+01
     3    0.1466854352E+01
     4    0.1337235589E+01
     5    0.9209322894E+00
     6    0.5353297096E+00
     7    0.4031903513E+00
     8    0.3869129145E+00
     9    0.6345049659E+00
    10    0.8282846091E+00
    11    0.7013988481E+00
    12    0.6540149941E+00
    13    0.6717822575E+00
    14    0.6485411891E+00
    15    0.5791013792E+00
    16    0.5328995878E+00
    17    0.6897764399E+00
    18    0.9319772604E+00
    19    0.8828337542E+00
    20    0.9332734257E+00
    21    0.1083838181E+01
    22    0.9754820901E+00
    23    0.7304350068E+00
    24    0.6248238540E+00
    25    0.7144110613E+00
    26    0.7796725059E+00
    27    0.7764626533E+00
    28    0.7438478237E+00
    29    0.6540192487E+00
    30    0.5563714006E+00
    31    0.6708590323E+00
    32    0.8365457956E+00
    33    0.1215563107E+01
    34    0.1388954579E+01
    35    0.1199007459E+01
    36    0.1180275230E+01
    37    0.1094150897E+01
    38    0.9236001193E+00
    39    0.1029352852E+01
    40    0.1002426758E+01
    41    0.9059925899E+00
    42    0.7470394986E+00
    43    0.7768950830E+00
    44    0.7067246857E+00
    45    0.8370125605E+00
    46    0.1174329311E+01
    47    0.1394540321E+01
    48    0.1170720290E+01
    49    0.8698697480E+00
    50    0.6550407976E+00
    51    0.8919260661E+00
    52    0.9636508112E+00
    53    0.9039157415E+00
    54    0.6727033351E+00
    55    0.7599316760E+00
    56    0.7825008671E+00
    57    0.7117936786E+00
    58    0.8331872204E+00
    59    0.9131431906E+00
    60    0.1008530907E+01
    61    0.8412259466E+00
    62    0.6169007779E+00
    63    0.4946868667E+00
    64    0.4477360603E+00
    65    0.3461520191E+00
    66    0.2517668572E+00
    67    0.5889940451E+00
    68    0.9678006147E+00
    69    0.1404016322E+01
    70    0.2042175765E+01
    71    0.1667199029E+01
    72    0.1329581975E+01
    73    0.1249151990E+01
    74    0.8580828156E+00
    75    0.7975220651E+00
    76    0.9099399393E+00
    77    0.8743611904E+00
    78    0.9426569557E+00
    79    0.1019439273E+01
    80    0.8443695140E+00
    81    0.8871536915E+00
    82    0.9253002269E+00
    83    0.9332986230E+00
    84    0.9359182834E+00
    85    0.1004829717E+01
    86    0.9359565363E+00
    87    0.9039648309E+00
    88    0.1056565361E+01
    89    0.9862644680E+00
    90    0.8902627768E+00
    91    0.8113962192E+00
    92    0.7504377247E+00
    93    0.7730777672E+00
    94    0.9298030456E+00
    95    0.1087329578E+01
    96    0.8077018085E+00
    97    0.6586780679E+00
    98    0.6480547124E+00
    99    0.7489812390E+00
   100    0.8953991749E+00
   101    0.7367173224E+00
   102    0.8674734813E+00
   103    0.8745764384E+00
   104    0.7623520276E+00
   105    0.6887655979E+00
   106    0.8495848612E+00
   107    0.1112954968E+01
   108    0.1425567158E+01
   109    0.1362488834E+01
   110    0.1085917616E+01
   111    0.8768130184E+00
   112    0.7243058081E+00
   113    0.7951853722E+00
   114    0.1020434863E+01
   115    0.1173801525E+01
   116    0.1356000702E+01
   117    0.1152073069E+01
   118    0.1090174792E+01
   119    0.1072210818E+01
   120    0.1023735426E+01
   121    0.9724337457E+00
   122    0.9027084461E+00
   123    0.7675109170E+00
   124    0.8120409787E+00
   125    0.8738920171E+00
   126    0.8697377653E+00
   127    0.9223884581E+00
   128    0.9620504247E+00
   129    0.8609270825E+00
   130    0.8757192874E+00
   131    0.9934218862E+00
   132    0.9085450197E+00
   133    0.7269504457E+00
   134    0.7462698999E+00
   135    0.8574131815E+00
   136    0.8717156974E+00
   137    0.9067204122E+00
   138    0.7070918581E+00
   139    0.6764668695E+00
   140    0.9782494545E+00
   141    0.1096158567E+01
   142    0.1187178633E+01
   143    0.1037522547E+01
   144    0.7919015414E+00
   145    0.8484377791E+00
   146    0.8852488376E+00
   147    0.8762714840E+00
   148    0.9169609760E+00
   149    0.9383617499E+00
   150    0.9586844662E+00
   151    0.8702387523E+00
   152    0.8325136449E+00
   153    0.9687717719E+00
   154    0.1039363435E+01
   155    0.9247698035E+00
   156    0.9859800034E+00
   157    0.8856103060E+00
   158    0.6792775869E+00
   159    0.8491665378E+00
   160    0.9255119945E+00
   161    0.7887171443E+00
   162    0.7824709632E+00
   163    0.8707065522E+00
   164    0.7468760785E+00
   165    0.7403340867E+00
   166    0.8664243276E+00
   167    0.9360533398E+00
   168    0.8014875659E+00
   169    0.7502650437E+00
   170    0.8956355963E+00
   171    0.9779719357E+00
   172    0.9326410099E+00
   173    0.8321029927E+00
   174    0.1039596924E+01
   175    0.1266539488E+01
   176    0.1185153059E+01
   177    0.1055998490E+01
   178    0.1205424128E+01
   179    0.1216990203E+01
   180    0.1097146081E+01
   181    0.1012246602E+01
   182    0.9693748351E+00
   183    0.9919783202E+00
   184    0.9374264806E+00
   185    0.8757500724E+00
   186    0.7682166101E+00
   187    0.8262303459E+00
   188    0.8089368448E+00
   189    0.8140614954E+00
   190    0.7236253664E+00
   191    0.6409002718E+00
   192    0.7998156534E+00
   193    0.9503798551E+00
   194    0.8628108789E+00
   195    0.8470241798E+00
   196    0.6957012154E+00
   197    0.7255944135E+00
   198    0.9200078564E+00
   199    0.8797274147E+00
   200    0.9194134429E+00
   201    0.9415257502E+00
   202    0.1064006673E+01
   203    0.1165606599E+01
   204    0.1348681508E+01
   205    0.1450011834E+01
   206    0.1126629644E+01
   207    0.8580752426E+00
   208    0.8772448022E+00
   209    0.6575502512E+00
   210    0.7123014053E+00
   211    0.1004380508E+01
   212    0.1057273381E+01
   213    0.1008181384E+01
   214    0.9855921786E+00
   215    0.1050411709E+01
   216    0.1132761302E+01
   217    0.1004689056E+01
   218    0.7737872923E+00
   219    0.6809522346E+00
   220    0.7391600063E+00
   221    0.7898292920E+00
   222    0.8936976818E+00
   223    0.1013278945E+01
   224    0.8937924041E+00
   225    0.7085113479E+00
   226    0.6312104904E+00
   227    0.6651302768E+00
   228    0.8391445961E+00
   229    0.1112303529E+01
   230    0.1138522990E+01
   231    0.9085927571E+00
   232    0.7169266740E+00
   233    0.7059521000E+00
   234    0.8121686245E+00
   235    0.9646635075E+00
   236    0.9939461471E+00
   237    0.9825415057E+00
   238    0.1037331767E+01
   239    0.1031851382E+01
   240    0.1070074567E+01
   241    0.1101591135E+01
   242    0.1010843656E+01
   243    0.9379922679E+00
   244    0.8881337018E+00
   245    0.9051730552E+00
   246    0.1032246771E+01
   247    0.1058257230E+01
   248    0.9914344176E+00
   249    0.1033327874E+01
   250    0.1070629256E+01
   251    0.9752674849E+00
   252    0.9160242157E+00
   253    0.9700410415E+00
   254    0.1028465757E+01
   255    0.9739007424E+00
   256    0.9370769188E+00
   257    0.9965118237E+00
   258    0.1052864299E+01
   259    0.1057018372E+01
   260    0.1031397913E+01
   261    0.9718161546E+00
   262    0.9578449186E+00
   263    0.1006559612E+01
   264    0.1028364708E+01
   265    0.9799356902E+00
   266    0.9390734762E+00
   267    0.9703634792E+00
   268    0.1034840983E+01
   269    0.1039594783E+01
   270    0.1020555879E+01
   271    0.1039840372E+01
   272    0.1034660271E+01
   273    0.1014858316E+01
   274    0.1023739305E+01
   275    0.1019824779E+01
   276    0.1002144800E+01
   277    0.1009108942E+01
   278    0.1023402426E+01
   279    0.1015514321E+01
   280    0.1004041086E+01
   281    0.1008263481E+01
   282    0.1015284646E+01
   283    0.1010313008E+01
   284    0.1003094855E+01
   285    0.1009366355E+01
   286    0.1017874022E+01
   287    0.1011266020E+01
   288    0.1004580875E+01
   289    0.1004469257E+01
   290    0.1006408369E+01
   291    0.1007557403E+01
   292    0.1007280440E+01
   293    0.1006273293E+01
   294    0.1004962752E+01
   295    0.1004276676E+01
   296    0.1004647177E+01
   297    0.1004814846E+01
   298    0.1004217958E+01
   299    0.1003715063E+01
   300    0.1003617535E+01
   301    0.1003328190E+01
   302    0.1002877653E+01
   303    0.1002858050E+01
   304    0.1002800777E+01
   305    0.1002441041E+01
   306    0.1002079239E+01
   307    0.1001959614E+01
   308    0.1001834889E+01
   309    0.1001639133E+01
   310    0.1001487732E+01
   311    0.1001353251E+01
   312    0.1001203245E+01
   313    0.1001091134E+01
   314    0.1001039097E+01
   315    0.1000972047E+01
   316    0.1000854519E+01
   317    0.1000726854E+01
   318    0.1000648474E+01
   319    0.1000602501E+01
   320    0.1000545581E+01
   321    0.1000492166E+01
   322    0.1000425140E+01
   323    0.1000368149E+01
   324    0.1000343297E+01
   325    0.1000318706E+01
   326    0.1000278633E+01
   327    0.1000241551E+01
   328    0.1000214781E+01
   329    0.1000199787E+01
   330    0.1000178618E+01
   331    0.1000149803E+01
   332    0.1000131129E+01
   333    0.1000115702E+01
   334    0.1000098084E+01
   335    0.1000087278E+01
   336    0.1000081176E+01
   337    0.1000069235E+01
   338    0.1000058910E+01
   339    0.1000053215E+01
   340    0.1000046233E+01
   341    0.1000039853E+01
   342    0.1000034252E+01
   343    0.1000029477E+01
   344    0.1000025767E+01
   345    0.1000022608E+01
   346    0.1000019947E+01
   347    0.1000017272E+01
   348    0.1000015003E+01
   349    0.1000012467E+01
   350    0.1000010183E+01
   351    0.1000008855E+01
   352    0.1000007803E+01
   353    0.1000006595E+01
   354    0.1000005840E+01
   355    0.1000005278E+01
   356    0.1000004452E+01
   357    0.1000003613E+01
   358    0.1000002969E+01
   359    0.1000002580E+01
   360    0.1000002219E+01
   361    0.1000001904E+01
   362    0.1000001625E+01
   363    0.1000001368E+01
   364    0.1000001114E+01
   365    0.1000000918E+01
   366    0.1000000790E+01
   367    0.1000000678E+01
   368    0.1000000574E+01
   369    0.1000000472E+01
   370    0.1000000397E+01
   371    0.1000000345E+01
   372    0.1000000294E+01
   373    0.1000000240E+01
   374    0.1000000194E+01
   375    0.1000000157E+01
   376    0.1000000129E+01
   377    0.1000000110E+01
   378    0.1000000095E+01
   379    0.1000000079E+01
   380    0.1000000063E+01
   381    0.1000000050E+01
   382    0.1000000041E+01
   383    0.1000000035E+01
   384    0.1000000030E+01
   385    0.1000000025E+01
   386    0.1000000020E+01
   387    0.1000000016E+01
   388    0.1000000013E+01
   389    0.1000000011E+01
   390    0.1000000009E+01
   391    0.1000000007E+01
   392    0.1000000006E+01
   393    0.1000000005E+01
   394    0.1000000004E+01
   395    0.1000000003E+01
   396    0.1000000003E+01
   397    0.1000000002E+01
   398    0.1000000002E+01
   399    0.1000000001E+01
   400    0.1000000001E+01
   401    0.1000000001E+01
   402    0.1000000001E+01
   403    0.1000000001E+01
   404    0.1000000000E+01
   405    0.1000000000E+01
   406    0.1000000000E+01
   407    0.1000000000E+01
   408    0.1000000000E+01
   409    0.1000000000E+01
   410    0.1000000000E+01
   411    0.1000000000E+01
   412    0.1000000000E+01
   413    0.1000000000E+01
   414    0.1000000000E+01
   415    0.1000000000E+01
   416    0.1000000000E+01
   417    0.1000000000E+01
   418    0.1000000000E+01
   419    0.1000000000E+01
   420    0.1000000000E+01
   421    0.1000000000E+01
   422    0.1000000000E+01
   423    0.1000000000E+01
   424    0.1000000000E+01
   425    0.1000000000E+01
   426    0.1000000000E+01
   427    0.1000000000E+01
   428    0.1000000000E+01
   429    0.1000000000E+01
   430    0.1000000000E+01
   431    0.1000000000E+01
   432    0.1000000000E+01
   433    0.1000000000E+01
   434    0.1000000000E+01
   435    0.1000000000E+01
   436    0.1000000000E+01
   437    0.1000000000E+01
   438    0.1000000000E+01
   439    0.1000000000E+01
   440    0.1000000000E+01
   441    0.1000000000E+01
   442    0.1000000000E+01
   443    0.1000000000E+01
   444    0.1000000000E+01
   445    0.1000000000E+01
   446    0.1000000000E+01
   447    0.1000000000E+01
   448    0.1000000000E+01
   449    0.1000000000E+01
   450    0.1000000000E+01
   451    0.1000000000E+01
   452    0.1000000000E+01
   453    0.1000000000E+01
   454    0.1000000000E+01
   455    0.1000000000E+01
   456    0.1000000000E+01
   457    0.1000000000E+01
   458    0.1000000000E+01
   459    0.1000000000E+01
   460    0.1000000000E+01
   461    0.1000000000E+01
   462    0.1000000000E+01
   463    0.1000000000E+01
   464    0.1000000000E+01
   465    0.1000000000E+01
   466    0.1000000000E+01
   467    0.1000000000E+01
   468    0.1000000000E+01
   469    0.1000000000E+01
   470    0.1000000000E+01
   471    0.1000000000E+01
   472    0.1000000000E+01
   473    0.1000000000E+01
   474    0.1000000000E+01
   475    0.1000000000E+01
   476    0.1000000000E+01
   477    0.1000000000E+01
   478    0.1000000000E+01
   479    0.1000000000E+01
   480    0.1000000000E+01
   481    0.1000000000E+01
   482    0.1000000000E+01
   483    0.1000000000E+01
   484    0.1000000000E+01
   485    0.1000000000E+01
   486    0.1000000000E+01
   487    0.1000000000E+01
   488    0.1000000000E+01
   489    0.1000000000E+01
   490    0.1000000000E+01
   491    0.1000000000E+01
   492    0.1000000000E+01
   493    0.1000000000E+01
   494    0.1000000000E+01
   495    0.1000000000E+01
   496    0.1000000000E+01
   497    0.1000000000E+01
   498    0.1000000000E+01
   499    0.9589843750E+00
   500    0.6987304688E+00
   501    0.2567138672E+00
   502    0.6417846680E-01
