    -1    0.4678365688E-01
     0    0.3213670391E+00
     1    0.7632944301E+00
     2    0.9427894125E+00
     3    0.9870016706E+00
     4    0.9974297136E+00
     5    0.9989361043E+00
     6    0.9984723991E+00
     7    0.9977718382E+00
     8    0.9967007117E+00
     9    0.9955801304E+00
    10    0.9948653537E+00
    11    0.9941041915E+00
    12    0.9932342769E+00
    13    0.9928035529E+00
    14    0.9924613736E+00
    15    0.9920685395E+00
    16    0.9919715774E+00
    17    0.9920566652E+00
    18    0.9922788056E+00
    19    0.9924983566E+00
    20    0.9929761857E+00
    21    0.9938174493E+00
    22    0.9943045228E+00
    23    0.9950729980E+00
    24    0.9964435190E+00
    25    0.9970918312E+00
    26    0.9980118450E+00
    27    0.9997189247E+00
    28    0.1000393646E+01
    29    0.1001313952E+01
    30    0.1003083042E+01
    31    0.1003638812E+01
    32    0.1004414378E+01
    33    0.1005955515E+01
    34    0.1006252664E+01
    35    0.1006754155E+01
    36    0.1007829323E+01
    37    0.1007769454E+01
    38    0.1007902557E+01
    39    0.1008359869E+01
    40    0.1007916023E+01
    41    0.1007644397E+01
    42    0.1007452027E+01
    43    0.1006651664E+01
    44    0.1006032969E+01
    45    0.1005268228E+01
    46    0.1004195904E+01
    47    0.1003377362E+01
    48    0.1002175643E+01
    49    0.1001019379E+01
    50    0.1000129180E+01
    51    0.9987378354E+00
    52    0.9976680620E+00
    53    0.9968755426E+00
    54    0.9955391219E+00
    55    0.9947119291E+00
    56    0.9941901249E+00
    57    0.9931094414E+00
    58    0.9926512662E+00
    59    0.9925143871E+00
    60    0.9918521876E+00
    61    0.9918281726E+00
    62    0.9921194149E+00
    63    0.9919757540E+00
    64    0.9923693332E+00
    65    0.9930814773E+00
    66    0.9934586174E+00
    67    0.9941845046E+00
    68    0.9952604274E+00
    69    0.9960456388E+00
    70    0.9969979687E+00
    71    0.9982878158E+00
    72    0.9993193819E+00
    73    0.1000341970E+01
    74    0.1001652147E+01
    75    0.1002742361E+01
    76    0.1003622339E+01
    77    0.1004789257E+01
    78    0.1005703031E+01
    79    0.1006285315E+01
    80    0.1007120809E+01
    81    0.1007675722E+01
    82    0.1007857420E+01
    83    0.1008223065E+01
    84    0.1008294631E+01
    85    0.1008053027E+01
    86    0.1007887090E+01
    87    0.1007445686E+01
    88    0.1006841688E+01
    89    0.1006161201E+01
    90    0.1005279957E+01
    91    0.1004450783E+01
    92    0.1003355110E+01
    93    0.1002185760E+01
    94    0.1001303095E+01
    95    0.9999852084E+00
    96    0.9987070896E+00
    97    0.9979505238E+00
    98    0.9966437659E+00
    99    0.9954503920E+00
   100    0.9949696122E+00
   101    0.9938962717E+00
   102    0.9929733117E+00
   103    0.9928553782E+00
   104    0.9922096515E+00
   105    0.9916684862E+00
   106    0.9919708442E+00
   107    0.9918554285E+00
   108    0.9917408616E+00
   109    0.9924733712E+00
   110    0.9928775910E+00
   111    0.9932025704E+00
   112    0.9942690614E+00
   113    0.9951117459E+00
   114    0.9958308710E+00
   115    0.9970654067E+00
   116    0.9981946265E+00
   117    0.9991911253E+00
   118    0.1000402026E+01
   119    0.1001614098E+01
   120    0.1002712620E+01
   121    0.1003711530E+01
   122    0.1004781347E+01
   123    0.1005780730E+01
   124    0.1006414434E+01
   125    0.1007141056E+01
   126    0.1007834543E+01
   127    0.1008044440E+01
   128    0.1008244796E+01
   129    0.1008519730E+01
   130    0.1008302645E+01
   131    0.1007876541E+01
   132    0.1007728338E+01
   133    0.1007136749E+01
   134    0.1006104297E+01
   135    0.1005609277E+01
   136    0.1004762419E+01
   137    0.1003258507E+01
   138    0.1002552761E+01
   139    0.1001609433E+01
   140    0.9998656504E+00
   141    0.9991139213E+00
   142    0.9982423718E+00
   143    0.9965370333E+00
   144    0.9959051961E+00
   145    0.9952556564E+00
   146    0.9938592941E+00
   147    0.9934941547E+00
   148    0.9931651197E+00
   149    0.9923114250E+00
   150    0.9923096647E+00
   151    0.9923372513E+00
   152    0.9921708904E+00
   153    0.9925873232E+00
   154    0.9929600402E+00
   155    0.9934964412E+00
   156    0.9943283399E+00
   157    0.9949831768E+00
   158    0.9961228649E+00
   159    0.9973151477E+00
   160    0.9981498773E+00
   161    0.9996972167E+00
   162    0.1001115579E+01
   163    0.1001991047E+01
   164    0.1003757377E+01
   165    0.1005190254E+01
   166    0.1005943895E+01
   167    0.1007662482E+01
   168    0.1008899816E+01
   169    0.1009438144E+01
   170    0.1010893079E+01
   171    0.1011757328E+01
   172    0.1011938777E+01
   173    0.1012931622E+01
   174    0.1013319973E+01
   175    0.1013157493E+01
   176    0.1013663432E+01
   177    0.1013577194E+01
   178    0.1013073280E+01
   179    0.1013051577E+01
   180    0.1012561471E+01
   181    0.1011851258E+01
   182    0.1011416481E+01
   183    0.1010716602E+01
   184    0.1009972826E+01
   185    0.1009353860E+01
   186    0.1008627044E+01
   187    0.1007821538E+01
   188    0.1007206471E+01
   189    0.1006806253E+01
   190    0.1006349441E+01
   191    0.1005944620E+01
   192    0.1005765695E+01
   193    0.1005736147E+01
   194    0.1005785503E+01
   195    0.1005900469E+01
   196    0.1006259697E+01
   197    0.1006781902E+01
   198    0.1007333044E+01
   199    0.1008280199E+01
   200    0.1009264014E+01
   201    0.1009884753E+01
   202    0.1010996279E+01
   203    0.1012082544E+01
   204    0.1012802223E+01
   205    0.1014384025E+01
   206    0.1015717688E+01
   207    0.1016247505E+01
   208    0.1017649135E+01
   209    0.1018732107E+01
   210    0.1018926318E+01
   211    0.1019801879E+01
   212    0.1019904940E+01
   213    0.1019514433E+01
   214    0.1020070565E+01
   215    0.1019655640E+01
   216    0.1018753816E+01
   217    0.1018314754E+01
   218    0.1016817441E+01
   219    0.1015196869E+01
   220    0.1014052882E+01
   221    0.1011827203E+01
   222    0.1009416819E+01
   223    0.1007209847E+01
   224    0.1004562345E+01
   225    0.1002069393E+01
   226    0.9992855456E+00
   227    0.9963911474E+00
   228    0.9938394992E+00
   229    0.9908005227E+00
   230    0.9876020114E+00
   231    0.9847581270E+00
   232    0.9817417589E+00
   233    0.9789443782E+00
   234    0.9762962981E+00
   235    0.9733465776E+00
   236    0.9710866956E+00
   237    0.9691221295E+00
   238    0.9665689651E+00
   239    0.9648338000E+00
   240    0.9635214373E+00
   241    0.9615881036E+00
   242    0.9602990267E+00
   243    0.9595860303E+00
   244    0.9581510898E+00
   245    0.9575988560E+00
   246    0.9578000887E+00
   247    0.9571367195E+00
   248    0.9567102395E+00
   249    0.9571142774E+00
   250    0.9571687329E+00
   251    0.9574391564E+00
   252    0.9587612091E+00
   253    0.9598761942E+00
   254    0.9604474137E+00
   255    0.9615085560E+00
   256    0.9626720864E+00
   257    0.9640059253E+00
   258    0.9659973151E+00
   259    0.9679401966E+00
   260    0.9692708439E+00
   261    0.9709231292E+00
   262    0.9732026478E+00
   263    0.9748728584E+00
   264    0.9765089617E+00
   265    0.9789345270E+00
   266    0.9811086714E+00
   267    0.9830015920E+00
   268    0.9852845030E+00
   269    0.9872825259E+00
   270    0.9892264543E+00
   271    0.9912972088E+00
   272    0.9929007986E+00
   273    0.9949724523E+00
   274    0.9974515072E+00
   275    0.9990785248E+00
   276    0.1000616236E+01
   277    0.1002342085E+01
   278    0.1003955942E+01
   279    0.1005600140E+01
   280    0.1007044018E+01
   281    0.1007958429E+01
   282    0.1009085143E+01
   283    0.1010403338E+01
   284    0.1011426144E+01
   285    0.1012377221E+01
   286    0.1013195283E+01
   287    0.1013894557E+01
   288    0.1014604113E+01
   289    0.1015207257E+01
   290    0.1015653060E+01
   291    0.1016168049E+01
   292    0.1016570269E+01
   293    0.1016687064E+01
   294    0.1016728366E+01
   295    0.1016747680E+01
   296    0.1016728736E+01
   297    0.1016695645E+01
   298    0.1016605072E+01
   299    0.1016442285E+01
   300    0.1016252629E+01
   301    0.1015932927E+01
   302    0.1015563800E+01
   303    0.1015221826E+01
   304    0.1014788794E+01
   305    0.1014287111E+01
   306    0.1013866666E+01
   307    0.1013429113E+01
   308    0.1012883524E+01
   309    0.1012346271E+01
   310    0.1011865719E+01
   311    0.1011372115E+01
   312    0.1010835010E+01
   313    0.1010327884E+01
   314    0.1009843071E+01
   315    0.1009365065E+01
   316    0.1008893962E+01
   317    0.1008374599E+01
   318    0.1007856537E+01
   319    0.1007401198E+01
   320    0.1006985874E+01
   321    0.1006559897E+01
   322    0.1006136262E+01
   323    0.1005714439E+01
   324    0.1005315697E+01
   325    0.1004962183E+01
   326    0.1004624143E+01
   327    0.1004288706E+01
   328    0.1003967131E+01
   329    0.1003671222E+01
   330    0.1003390564E+01
   331    0.1003120377E+01
   332    0.1002875471E+01
   333    0.1002647764E+01
   334    0.1002425373E+01
   335    0.1002215048E+01
   336    0.1002027527E+01
   337    0.1001852368E+01
   338    0.1001686405E+01
   339    0.1001534683E+01
   340    0.1001394893E+01
   341    0.1001264078E+01
   342    0.1001145524E+01
   343    0.1001038353E+01
   344    0.1000938252E+01
   345    0.1000845656E+01
   346    0.1000760575E+01
   347    0.1000683013E+01
   348    0.1000613960E+01
   349    0.1000551015E+01
   350    0.1000493244E+01
   351    0.1000440309E+01
   352    0.1000392733E+01
   353    0.1000350604E+01
   354    0.1000312559E+01
   355    0.1000277649E+01
   356    0.1000246238E+01
   357    0.1000218296E+01
   358    0.1000193519E+01
   359    0.1000171173E+01
   360    0.1000150828E+01
   361    0.1000132832E+01
   362    0.1000116949E+01
   363    0.1000102669E+01
   364    0.1000090120E+01
   365    0.1000079197E+01
   366    0.1000069282E+01
   367    0.1000060477E+01
   368    0.1000052853E+01
   369    0.1000046080E+01
   370    0.1000040098E+01
   371    0.1000034840E+01
   372    0.1000030242E+01
   373    0.1000026229E+01
   374    0.1000022725E+01
   375    0.1000019664E+01
   376    0.1000016982E+01
   377    0.1000014652E+01
   378    0.1000012599E+01
   379    0.1000010818E+01
   380    0.1000009295E+01
   381    0.1000007979E+01
   382    0.1000006835E+01
   383    0.1000005855E+01
   384    0.1000005012E+01
   385    0.1000004276E+01
   386    0.1000003637E+01
   387    0.1000003090E+01
   388    0.1000002629E+01
   389    0.1000002233E+01
   390    0.1000001893E+01
   391    0.1000001604E+01
   392    0.1000001356E+01
   393    0.1000001143E+01
   394    0.1000000963E+01
   395    0.1000000812E+01
   396    0.1000000683E+01
   397    0.1000000574E+01
   398    0.1000000481E+01
   399    0.1000000403E+01
   400    0.1000000338E+01
   401    0.1000000283E+01
   402    0.1000000236E+01
   403    0.1000000196E+01
   404    0.1000000163E+01
   405    0.1000000136E+01
   406    0.1000000113E+01
   407    0.1000000094E+01
   408    0.1000000078E+01
   409    0.1000000064E+01
   410    0.1000000053E+01
   411    0.1000000044E+01
   412    0.1000000036E+01
   413    0.1000000030E+01
   414    0.1000000024E+01
   415    0.1000000020E+01
   416    0.1000000016E+01
   417    0.1000000013E+01
   418    0.1000000011E+01
   419    0.1000000009E+01
   420    0.1000000007E+01
   421    0.1000000006E+01
   422    0.1000000005E+01
   423    0.1000000004E+01
   424    0.1000000003E+01
   425    0.1000000003E+01
   426    0.1000000002E+01
   427    0.1000000002E+01
   428    0.1000000001E+01
   429    0.1000000001E+01
   430    0.1000000001E+01
   431    0.1000000001E+01
   432    0.1000000001E+01
   433    0.1000000000E+01
   434    0.1000000000E+01
   435    0.1000000000E+01
   436    0.1000000000E+01
   437    0.1000000000E+01
   438    0.1000000000E+01
   439    0.1000000000E+01
   440    0.1000000000E+01
   441    0.1000000000E+01
   442    0.1000000000E+01
   443    0.1000000000E+01
   444    0.1000000000E+01
   445    0.1000000000E+01
   446    0.1000000000E+01
   447    0.1000000000E+01
   448    0.1000000000E+01
   449    0.1000000000E+01
   450    0.1000000000E+01
   451    0.1000000000E+01
   452    0.1000000000E+01
   453    0.1000000000E+01
   454    0.1000000000E+01
   455    0.1000000000E+01
   456    0.1000000000E+01
   457    0.1000000000E+01
   458    0.1000000000E+01
   459    0.1000000000E+01
   460    0.1000000000E+01
   461    0.1000000000E+01
   462    0.1000000000E+01
   463    0.1000000000E+01
   464    0.1000000000E+01
   465    0.1000000000E+01
   466    0.1000000000E+01
   467    0.1000000000E+01
   468    0.1000000000E+01
   469    0.1000000000E+01
   470    0.1000000000E+01
   471    0.1000000000E+01
   472    0.1000000000E+01
   473    0.1000000000E+01
   474    0.1000000000E+01
   475    0.1000000000E+01
   476    0.1000000000E+01
   477    0.1000000000E+01
   478    0.1000000000E+01
   479    0.1000000000E+01
   480    0.1000000000E+01
   481    0.1000000000E+01
   482    0.1000000000E+01
   483    0.1000000000E+01
   484    0.1000000000E+01
   485    0.1000000000E+01
   486    0.1000000000E+01
   487    0.1000000000E+01
   488    0.1000000000E+01
   489    0.1000000000E+01
   490    0.1000000000E+01
   491    0.1000000000E+01
   492    0.1000000000E+01
   493    0.1000000000E+01
   494    0.1000000000E+01
   495    0.1000000000E+01
   496    0.1000000000E+01
   497    0.1000000000E+01
   498    0.1000000000E+01
   499    0.9589843750E+00
   500    0.6987304688E+00
   501    0.2567138672E+00
   502    0.6417846680E-01
