    -1    0.1570751921E-04
     0    0.8472905879E-01
     1    0.3164914272E+00
     2    0.4685688022E+00
     3    0.5940991662E+00
     4    0.6286827021E+00
     5    0.4368081711E+00
     6    0.4647346597E+00
     7    0.4248718043E+00
     8    0.4200437905E+00
     9    0.5019651584E+00
    10    0.6660413160E+00
    11    0.6722069683E+00
    12    0.5836914704E+00
    13    0.4838197837E+00
    14    0.4958179790E+00
    15    0.6345513376E+00
    16    0.6209533333E+00
    17    0.5591732392E+00
    18    0.5973893453E+00
    19    0.5232954399E+00
    20    0.4427562790E+00
    21    0.5392056190E+00
    22    0.5576220155E+00
    23    0.5369872846E+00
    24    0.4907616752E+00
    25    0.4934132855E+00
    26    0.4598558005E+00
    27    0.3572098735E+00
    28    0.3185076221E+00
    29    0.5205966240E+00
    30    0.6196394520E+00
    31    0.4994993080E+00
    32    0.5173481530E+00
    33    0.4618572462E+00
    34    0.4577760457E+00
    35    0.4822421315E+00
    36    0.4541634127E+00
    37    0.5226757789E+00
    38    0.4591992386E+00
    39    0.5056582915E+00
    40    0.4944470676E+00
    41    0.4444447779E+00
    42    0.5419321162E+00
    43    0.5175842366E+00
    44    0.5416384722E+00
    45    0.4811953108E+00
    46    0.3308083091E+00
    47    0.4358224448E+00
    48    0.5070021687E+00
    49    0.4954678727E+00
    50    0.5085552245E+00
    51    0.5075933380E+00
    52    0.4021779729E+00
    53    0.2769798655E+00
    54    0.3219668156E+00
    55    0.4384795540E+00
    56    0.4812133478E+00
    57    0.3457926060E+00
    58    0.3667821937E+00
    59    0.3993454907E+00
    60    0.3137965534E+00
    61    0.3209042109E+00
    62    0.3126436870E+00
    63    0.3590513736E+00
    64    0.4254305121E+00
    65    0.5720702290E+00
    66    0.5194154305E+00
    67    0.3686644237E+00
    68    0.4501279637E+00
    69    0.4427789899E+00
    70    0.2812200335E+00
    71    0.3090490214E+00
    72    0.4573419671E+00
    73    0.4529946513E+00
    74    0.3376494373E+00
    75    0.4027750829E+00
    76    0.4155542890E+00
    77    0.3945225905E+00
    78    0.4658656453E+00
    79    0.4582526958E+00
    80    0.4794491456E+00
    81    0.5029788730E+00
    82    0.4320120098E+00
    83    0.4729881008E+00
    84    0.5391523363E+00
    85    0.4317377374E+00
    86    0.3831944092E+00
    87    0.5053287164E+00
    88    0.6343276834E+00
    89    0.7589723826E+00
    90    0.6746240288E+00
    91    0.4180172031E+00
    92    0.3119956509E+00
    93    0.3749694782E+00
    94    0.6066518256E+00
    95    0.5810073586E+00
    96    0.4402664220E+00
    97    0.5659343874E+00
    98    0.5984070564E+00
    99    0.8439697459E+00
   100    0.6759874938E+00
   101    0.5878981749E+00
   102    0.7155412758E+00
   103    0.7542471337E+00
   104    0.8337773753E+00
   105    0.7740010770E+00
   106    0.6006671411E+00
   107    0.5743533219E+00
   108    0.4545829968E+00
   109    0.6457893098E+00
   110    0.1085145534E+01
   111    0.1377021041E+01
   112    0.1129663192E+01
   113    0.7445340445E+00
   114    0.8903701506E+00
   115    0.8767759382E+00
   116    0.9779439648E+00
   117    0.1284824744E+01
   118    0.1228134853E+01
   119    0.1032637187E+01
   120    0.8129043738E+00
   121    0.6626452699E+00
   122    0.7594701129E+00
   123    0.8570569333E+00
   124    0.8915337783E+00
   125    0.7603673401E+00
   126    0.6666733122E+00
   127    0.7931694344E+00
   128    0.6435084090E+00
   129    0.5412418900E+00
   130    0.5952716733E+00
   131    0.6234920448E+00
   132    0.6718063030E+00
   133    0.7766255767E+00
   134    0.6619995407E+00
   135    0.5732067688E+00
   136    0.7487756820E+00
   137    0.6503096495E+00
   138    0.4764915211E+00
   139    0.5509770783E+00
   140    0.7244673368E+00
   141    0.7059795176E+00
   142    0.5575756506E+00
   143    0.6197840868E+00
   144    0.6474552706E+00
   145    0.4885632258E+00
   146    0.4439998032E+00
   147    0.4756943563E+00
   148    0.4219238057E+00
   149    0.3430560870E+00
   150    0.3779790409E+00
   151    0.5171194531E+00
   152    0.4555877932E+00
   153    0.4701423311E+00
   154    0.6272335522E+00
   155    0.4524022875E+00
   156    0.3489625950E+00
   157    0.3578263200E+00
   158    0.4204003031E+00
   159    0.5168968192E+00
   160    0.4799637619E+00
   161    0.3975220217E+00
   162    0.3758891640E+00
   163    0.3697369485E+00
   164    0.4080742515E+00
   165    0.3662915821E+00
   166    0.3401136392E+00
   167    0.4714569393E+00
   168    0.5200169693E+00
   169    0.3986765678E+00
   170    0.4102289415E+00
   171    0.3769648378E+00
   172    0.3268465114E+00
   173    0.4595298618E+00
   174    0.6650171004E+00
   175    0.6201761503E+00
   176    0.6300298008E+00
   177    0.6034302111E+00
   178    0.6408419234E+00
   179    0.6778814649E+00
   180    0.5679059647E+00
   181    0.6454252614E+00
   182    0.5715099056E+00
   183    0.6321925855E+00
   184    0.1078736397E+01
   185    0.1561954001E+01
   186    0.1639500799E+01
   187    0.1148917360E+01
   188    0.6751263588E+00
   189    0.6324165528E+00
   190    0.8105965154E+00
   191    0.8310519718E+00
   192    0.6873380633E+00
   193    0.6355944782E+00
   194    0.7598861593E+00
   195    0.7969228893E+00
   196    0.7109774773E+00
   197    0.7185713982E+00
   198    0.5996573525E+00
   199    0.5215236871E+00
   200    0.4621320798E+00
   201    0.4803932036E+00
   202    0.5193338567E+00
   203    0.4513427633E+00
   204    0.5043739137E+00
   205    0.4884938581E+00
   206    0.4419964079E+00
   207    0.4696141001E+00
   208    0.4110232466E+00
   209    0.4190452921E+00
   210    0.4214974793E+00
   211    0.4387390075E+00
   212    0.5088595239E+00
   213    0.4686177942E+00
   214    0.4339879915E+00
   215    0.4060156434E+00
   216    0.3844460700E+00
   217    0.4227359405E+00
   218    0.4700093507E+00
   219    0.5747109141E+00
   220    0.5886374012E+00
   221    0.5484357788E+00
   222    0.5727225882E+00
   223    0.6234320518E+00
   224    0.7136393752E+00
   225    0.7997964191E+00
   226    0.1175194899E+01
   227    0.1624979693E+01
   228    0.1460115342E+01
   229    0.9807546630E+00
   230    0.8413125873E+00
   231    0.1002778971E+01
   232    0.1351275147E+01
   233    0.1401085770E+01
   234    0.1095912429E+01
   235    0.9143741096E+00
   236    0.8955182516E+00
   237    0.9709558706E+00
   238    0.1222322106E+01
   239    0.1468995381E+01
   240    0.1328040324E+01
   241    0.1059587030E+01
   242    0.9462623954E+00
   243    0.9981664100E+00
   244    0.1143437131E+01
   245    0.1157985219E+01
   246    0.1037713201E+01
   247    0.9453839935E+00
   248    0.9021413869E+00
   249    0.8923050700E+00
   250    0.9273256576E+00
   251    0.9941820562E+00
   252    0.1017198937E+01
   253    0.9755918177E+00
   254    0.9495065528E+00
   255    0.9891945638E+00
   256    0.1039490995E+01
   257    0.1035712551E+01
   258    0.1022180049E+01
   259    0.1027934382E+01
   260    0.1024331479E+01
   261    0.1014938471E+01
   262    0.1021110351E+01
   263    0.1015368476E+01
   264    0.9958611161E+00
   265    0.1003593238E+01
   266    0.1023874064E+01
   267    0.1020018256E+01
   268    0.1004717568E+01
   269    0.1014222559E+01
   270    0.1026332786E+01
   271    0.1010800604E+01
   272    0.9989959390E+00
   273    0.1011415161E+01
   274    0.1021661883E+01
   275    0.1012629112E+01
   276    0.1004670580E+01
   277    0.1006917552E+01
   278    0.1009844183E+01
   279    0.1009243213E+01
   280    0.1007266960E+01
   281    0.1004634465E+01
   282    0.1003001857E+01
   283    0.1004076897E+01
   284    0.1005363540E+01
   285    0.1004663228E+01
   286    0.1003526541E+01
   287    0.1003572183E+01
   288    0.1003546108E+01
   289    0.1002763996E+01
   290    0.1002707065E+01
   291    0.1003027987E+01
   292    0.1002657543E+01
   293    0.1002040880E+01
   294    0.1001917706E+01
   295    0.1001887976E+01
   296    0.1001671209E+01
   297    0.1001502781E+01
   298    0.1001386683E+01
   299    0.1001212077E+01
   300    0.1001079980E+01
   301    0.1001043386E+01
   302    0.1001014690E+01
   303    0.1000907305E+01
   304    0.1000745260E+01
   305    0.1000639559E+01
   306    0.1000611482E+01
   307    0.1000556612E+01
   308    0.1000508555E+01
   309    0.1000441495E+01
   310    0.1000367020E+01
   311    0.1000341805E+01
   312    0.1000331266E+01
   313    0.1000291393E+01
   314    0.1000249354E+01
   315    0.1000219261E+01
   316    0.1000204945E+01
   317    0.1000190137E+01
   318    0.1000158025E+01
   319    0.1000134031E+01
   320    0.1000119556E+01
   321    0.1000101316E+01
   322    0.1000087807E+01
   323    0.1000083422E+01
   324    0.1000073342E+01
   325    0.1000060322E+01
   326    0.1000054605E+01
   327    0.1000048488E+01
   328    0.1000041581E+01
   329    0.1000035452E+01
   330    0.1000030361E+01
   331    0.1000026549E+01
   332    0.1000023305E+01
   333    0.1000020747E+01
   334    0.1000018156E+01
   335    0.1000015821E+01
   336    0.1000013194E+01
   337    0.1000010473E+01
   338    0.1000008879E+01
   339    0.1000008048E+01
   340    0.1000006804E+01
   341    0.1000005920E+01
   342    0.1000005584E+01
   343    0.1000004800E+01
   344    0.1000003852E+01
   345    0.1000003061E+01
   346    0.1000002645E+01
   347    0.1000002312E+01
   348    0.1000001990E+01
   349    0.1000001715E+01
   350    0.1000001446E+01
   351    0.1000001172E+01
   352    0.1000000943E+01
   353    0.1000000810E+01
   354    0.1000000704E+01
   355    0.1000000603E+01
   356    0.1000000496E+01
   357    0.1000000411E+01
   358    0.1000000361E+01
   359    0.1000000314E+01
   360    0.1000000256E+01
   361    0.1000000205E+01
   362    0.1000000165E+01
   363    0.1000000132E+01
   364    0.1000000113E+01
   365    0.1000000099E+01
   366    0.1000000084E+01
   367    0.1000000067E+01
   368    0.1000000052E+01
   369    0.1000000042E+01
   370    0.1000000037E+01
   371    0.1000000032E+01
   372    0.1000000027E+01
   373    0.1000000021E+01
   374    0.1000000016E+01
   375    0.1000000014E+01
   376    0.1000000011E+01
   377    0.1000000009E+01
   378    0.1000000008E+01
   379    0.1000000006E+01
   380    0.1000000005E+01
   381    0.1000000004E+01
   382    0.1000000003E+01
   383    0.1000000003E+01
   384    0.1000000002E+01
   385    0.1000000002E+01
   386    0.1000000001E+01
   387    0.1000000001E+01
   388    0.1000000001E+01
   389    0.1000000001E+01
   390    0.1000000001E+01
   391    0.1000000000E+01
   392    0.1000000000E+01
   393    0.1000000000E+01
   394    0.1000000000E+01
   395    0.1000000000E+01
   396    0.1000000000E+01
   397    0.1000000000E+01
   398    0.1000000000E+01
   399    0.1000000000E+01
   400    0.1000000000E+01
   401    0.1000000000E+01
   402    0.1000000000E+01
   403    0.1000000000E+01
   404    0.1000000000E+01
   405    0.1000000000E+01
   406    0.1000000000E+01
   407    0.1000000000E+01
   408    0.1000000000E+01
   409    0.1000000000E+01
   410    0.1000000000E+01
   411    0.1000000000E+01
   412    0.1000000000E+01
   413    0.1000000000E+01
   414    0.1000000000E+01
   415    0.1000000000E+01
   416    0.1000000000E+01
   417    0.1000000000E+01
   418    0.1000000000E+01
   419    0.1000000000E+01
   420    0.1000000000E+01
   421    0.1000000000E+01
   422    0.1000000000E+01
   423    0.1000000000E+01
   424    0.1000000000E+01
   425    0.1000000000E+01
   426    0.1000000000E+01
   427    0.1000000000E+01
   428    0.1000000000E+01
   429    0.1000000000E+01
   430    0.1000000000E+01
   431    0.1000000000E+01
   432    0.1000000000E+01
   433    0.1000000000E+01
   434    0.1000000000E+01
   435    0.1000000000E+01
   436    0.1000000000E+01
   437    0.1000000000E+01
   438    0.1000000000E+01
   439    0.1000000000E+01
   440    0.1000000000E+01
   441    0.1000000000E+01
   442    0.1000000000E+01
   443    0.1000000000E+01
   444    0.1000000000E+01
   445    0.1000000000E+01
   446    0.1000000000E+01
   447    0.1000000000E+01
   448    0.1000000000E+01
   449    0.1000000000E+01
   450    0.1000000000E+01
   451    0.1000000000E+01
   452    0.1000000000E+01
   453    0.1000000000E+01
   454    0.1000000000E+01
   455    0.1000000000E+01
   456    0.1000000000E+01
   457    0.1000000000E+01
   458    0.1000000000E+01
   459    0.1000000000E+01
   460    0.1000000000E+01
   461    0.1000000000E+01
   462    0.1000000000E+01
   463    0.1000000000E+01
   464    0.1000000000E+01
   465    0.1000000000E+01
   466    0.1000000000E+01
   467    0.1000000000E+01
   468    0.1000000000E+01
   469    0.1000000000E+01
   470    0.1000000000E+01
   471    0.1000000000E+01
   472    0.1000000000E+01
   473    0.1000000000E+01
   474    0.1000000000E+01
   475    0.1000000000E+01
   476    0.1000000000E+01
   477    0.1000000000E+01
   478    0.1000000000E+01
   479    0.1000000000E+01
   480    0.1000000000E+01
   481    0.1000000000E+01
   482    0.1000000000E+01
   483    0.1000000000E+01
   484    0.1000000000E+01
   485    0.1000000000E+01
   486    0.1000000000E+01
   487    0.1000000000E+01
   488    0.1000000000E+01
   489    0.1000000000E+01
   490    0.1000000000E+01
   491    0.1000000000E+01
   492    0.1000000000E+01
   493    0.1000000000E+01
   494    0.1000000000E+01
   495    0.1000000000E+01
   496    0.1000000000E+01
   497    0.1000000000E+01
   498    0.1000000000E+01
   499    0.9589843750E+00
   500    0.6987304688E+00
   501    0.2567138672E+00
   502    0.6417846680E-01
