    -1    0.1835424759E-01
     0    0.1453588987E+00
     1    0.5424371212E+00
     2    0.9071256241E+00
     3    0.7597499800E+00
     4    0.8132382126E+00
     5    0.9773919093E+00
     6    0.1023884198E+01
     7    0.1139055175E+01
     8    0.1131443475E+01
     9    0.7515267360E+00
    10    0.7204930022E+00
    11    0.8899305479E+00
    12    0.8956094124E+00
    13    0.7692767947E+00
    14    0.6356031527E+00
    15    0.6909209531E+00
    16    0.8956507692E+00
    17    0.9693782219E+00
    18    0.9104452011E+00
    19    0.6493263892E+00
    20    0.7225975718E+00
    21    0.8602897944E+00
    22    0.5855766462E+00
    23    0.6174213512E+00
    24    0.7988358445E+00
    25    0.6694077694E+00
    26    0.5060586488E+00
    27    0.8537410055E+00
    28    0.1194882847E+01
    29    0.9687037156E+00
    30    0.8306172147E+00
    31    0.8087391547E+00
    32    0.7518498936E+00
    33    0.7473053357E+00
    34    0.6350031153E+00
    35    0.7524293025E+00
    36    0.1270102002E+01
    37    0.1300947310E+01
    38    0.1288193173E+01
    39    0.9368067634E+00
    40    0.1084815993E+01
    41    0.1401262600E+01
    42    0.1252771211E+01
    43    0.1040102486E+01
    44    0.1047411521E+01
    45    0.8432606420E+00
    46    0.9716573291E+00
    47    0.1032465014E+01
    48    0.1097748635E+01
    49    0.1189655380E+01
    50    0.1229037033E+01
    51    0.7701512147E+00
    52    0.6449209916E+00
    53    0.1012500946E+01
    54    0.1146081384E+01
    55    0.1005939214E+01
    56    0.7742014246E+00
    57    0.5524401828E+00
    58    0.6291173355E+00
    59    0.9089670903E+00
    60    0.9549371599E+00
    61    0.1038886575E+01
    62    0.8705441775E+00
    63    0.8173440313E+00
    64    0.9198619879E+00
    65    0.9067077934E+00
    66    0.8826907575E+00
    67    0.5901426407E+00
    68    0.7693689040E+00
    69    0.1098800182E+01
    70    0.1257109718E+01
    71    0.1265903997E+01
    72    0.9949689150E+00
    73    0.9208937700E+00
    74    0.8757236937E+00
    75    0.9001303475E+00
    76    0.7992411625E+00
    77    0.5987286507E+00
    78    0.5937232229E+00
    79    0.6962176706E+00
    80    0.9130796289E+00
    81    0.9096224768E+00
    82    0.7854147724E+00
    83    0.1105543257E+01
    84    0.1807584574E+01
    85    0.1458165920E+01
    86    0.1149160566E+01
    87    0.1344211187E+01
    88    0.1191747782E+01
    89    0.9478950968E+00
    90    0.8494242187E+00
    91    0.7689286503E+00
    92    0.7937733462E+00
    93    0.7751963288E+00
    94    0.9083631342E+00
    95    0.9306623586E+00
    96    0.9712707894E+00
    97    0.8649699414E+00
    98    0.8445878625E+00
    99    0.9634879510E+00
   100    0.1090681246E+01
   101    0.1026870688E+01
   102    0.9889344526E+00
   103    0.1051520780E+01
   104    0.1089721805E+01
   105    0.8397781758E+00
   106    0.7764278106E+00
   107    0.9049037726E+00
   108    0.8139363219E+00
   109    0.7521987258E+00
   110    0.6627371420E+00
   111    0.6284270654E+00
   112    0.9025439582E+00
   113    0.9369692864E+00
   114    0.8318834052E+00
   115    0.9246148792E+00
   116    0.8896953716E+00
   117    0.9377381507E+00
   118    0.1077383651E+01
   119    0.9288967814E+00
   120    0.7013254679E+00
   121    0.8351632569E+00
   122    0.1032505794E+01
   123    0.1023398368E+01
   124    0.1055256736E+01
   125    0.8556742088E+00
   126    0.7363716733E+00
   127    0.1034731483E+01
   128    0.1058853542E+01
   129    0.9725813055E+00
   130    0.1015744113E+01
   131    0.1037162555E+01
   132    0.1157356745E+01
   133    0.1214297197E+01
   134    0.1176781943E+01
   135    0.1083425539E+01
   136    0.1075462252E+01
   137    0.1176130021E+01
   138    0.1044921051E+01
   139    0.1171352932E+01
   140    0.1050236490E+01
   141    0.9450924181E+00
   142    0.8812606157E+00
   143    0.1010259089E+01
   144    0.1054254463E+01
   145    0.9434337779E+00
   146    0.8329052367E+00
   147    0.9238561776E+00
   148    0.1056925174E+01
   149    0.9675865841E+00
   150    0.8176772192E+00
   151    0.9799424795E+00
   152    0.1101713682E+01
   153    0.1136888887E+01
   154    0.8155320879E+00
   155    0.5365206706E+00
   156    0.7216346474E+00
   157    0.7983147716E+00
   158    0.7233076918E+00
   159    0.6579699118E+00
   160    0.6504226430E+00
   161    0.8522721850E+00
   162    0.8528967878E+00
   163    0.7002831022E+00
   164    0.5588681427E+00
   165    0.7357460486E+00
   166    0.9320203805E+00
   167    0.8000285418E+00
   168    0.6335359244E+00
   169    0.5408979209E+00
   170    0.5296495702E+00
   171    0.6678108697E+00
   172    0.8935167455E+00
   173    0.7450567363E+00
   174    0.8925376882E+00
   175    0.1394303333E+01
   176    0.1624394277E+01
   177    0.1443375339E+01
   178    0.1257580333E+01
   179    0.1280145073E+01
   180    0.1401713769E+01
   181    0.1378274567E+01
   182    0.1156605952E+01
   183    0.1179585610E+01
   184    0.1244261026E+01
   185    0.1040635337E+01
   186    0.8127460691E+00
   187    0.9351615456E+00
   188    0.9613201539E+00
   189    0.8896837406E+00
   190    0.8305297047E+00
   191    0.6763456869E+00
   192    0.6139426758E+00
   193    0.8116523833E+00
   194    0.9211867936E+00
   195    0.7147214397E+00
   196    0.6368214684E+00
   197    0.7376701305E+00
   198    0.8105644147E+00
   199    0.8662312348E+00
   200    0.8422758900E+00
   201    0.8360993428E+00
   202    0.8730244708E+00
   203    0.1004745581E+01
   204    0.1094345604E+01
   205    0.1310581169E+01
   206    0.1391413850E+01
   207    0.1156343663E+01
   208    0.9736931062E+00
   209    0.8121230342E+00
   210    0.6982098102E+00
   211    0.6927112193E+00
   212    0.9359931685E+00
   213    0.1089697741E+01
   214    0.1015948249E+01
   215    0.1005193732E+01
   216    0.1117816408E+01
   217    0.1194754599E+01
   218    0.1079129391E+01
   219    0.8303982037E+00
   220    0.7109593518E+00
   221    0.7419188304E+00
   222    0.7840529448E+00
   223    0.9118160980E+00
   224    0.1079606192E+01
   225    0.9303299461E+00
   226    0.7329542204E+00
   227    0.6497429764E+00
   228    0.6702991504E+00
   229    0.8286465757E+00
   230    0.1098456499E+01
   231    0.1144537422E+01
   232    0.9368591637E+00
   233    0.7476066277E+00
   234    0.7226653813E+00
   235    0.8066358858E+00
   236    0.9525593034E+00
   237    0.1006670419E+01
   238    0.9916691181E+00
   239    0.1035692723E+01
   240    0.1032895921E+01
   241    0.1082196728E+01
   242    0.1114868228E+01
   243    0.1019453531E+01
   244    0.9423508168E+00
   245    0.8884901625E+00
   246    0.8780853366E+00
   247    0.9892011436E+00
   248    0.1074278000E+01
   249    0.1004030774E+01
   250    0.1018728189E+01
   251    0.1082277566E+01
   252    0.1005511727E+01
   253    0.9205315030E+00
   254    0.9480181517E+00
   255    0.1017044495E+01
   256    0.9862246219E+00
   257    0.9283462499E+00
   258    0.9641016718E+00
   259    0.1038510852E+01
   260    0.1051639771E+01
   261    0.1045473856E+01
   262    0.9917475168E+00
   263    0.9575589426E+00
   264    0.9950124960E+00
   265    0.1034312745E+01
   266    0.9982179852E+00
   267    0.9442451028E+00
   268    0.9572648823E+00
   269    0.1023664988E+01
   270    0.1045259809E+01
   271    0.1019653606E+01
   272    0.1031772564E+01
   273    0.1039977020E+01
   274    0.1017101698E+01
   275    0.1019989431E+01
   276    0.1023196223E+01
   277    0.1005879564E+01
   278    0.1005511821E+01
   279    0.1020280777E+01
   280    0.1018942176E+01
   281    0.1006188622E+01
   282    0.1006085614E+01
   283    0.1014062687E+01
   284    0.1012473617E+01
   285    0.1004208469E+01
   286    0.1006809635E+01
   287    0.1016531435E+01
   288    0.1013794218E+01
   289    0.1005759310E+01
   290    0.1004192717E+01
   291    0.1005864235E+01
   292    0.1007399229E+01
   293    0.1007388769E+01
   294    0.1006578776E+01
   295    0.1005361765E+01
   296    0.1004369477E+01
   297    0.1004510028E+01
   298    0.1004837068E+01
   299    0.1004439548E+01
   300    0.1003793339E+01
   301    0.1003633628E+01
   302    0.1003464776E+01
   303    0.1002974735E+01
   304    0.1002824567E+01
   305    0.1002860208E+01
   306    0.1002560190E+01
   307    0.1002145664E+01
   308    0.1001990559E+01
   309    0.1001885951E+01
   310    0.1001686685E+01
   311    0.1001525835E+01
   312    0.1001399420E+01
   313    0.1001240850E+01
   314    0.1001116710E+01
   315    0.1001054746E+01
   316    0.1000992936E+01
   317    0.1000890538E+01
   318    0.1000761903E+01
   319    0.1000664002E+01
   320    0.1000617222E+01
   321    0.1000560127E+01
   322    0.1000509161E+01
   323    0.1000445361E+01
   324    0.1000379897E+01
   325    0.1000349116E+01
   326    0.1000328282E+01
   327    0.1000289198E+01
   328    0.1000251151E+01
   329    0.1000221764E+01
   330    0.1000203002E+01
   331    0.1000185630E+01
   332    0.1000157810E+01
   333    0.1000135345E+01
   334    0.1000120059E+01
   335    0.1000103043E+01
   336    0.1000089588E+01
   337    0.1000082917E+01
   338    0.1000073087E+01
   339    0.1000061274E+01
   340    0.1000054606E+01
   341    0.1000048301E+01
   342    0.1000041644E+01
   343    0.1000035660E+01
   344    0.1000030713E+01
   345    0.1000026788E+01
   346    0.1000023420E+01
   347    0.1000020670E+01
   348    0.1000017994E+01
   349    0.1000015632E+01
   350    0.1000013185E+01
   351    0.1000010760E+01
   352    0.1000009153E+01
   353    0.1000008134E+01
   354    0.1000006916E+01
   355    0.1000005992E+01
   356    0.1000005466E+01
   357    0.1000004686E+01
   358    0.1000003838E+01
   359    0.1000003121E+01
   360    0.1000002681E+01
   361    0.1000002318E+01
   362    0.1000001986E+01
   363    0.1000001703E+01
   364    0.1000001438E+01
   365    0.1000001184E+01
   366    0.1000000965E+01
   367    0.1000000823E+01
   368    0.1000000709E+01
   369    0.1000000603E+01
   370    0.1000000499E+01
   371    0.1000000414E+01
   372    0.1000000358E+01
   373    0.1000000309E+01
   374    0.1000000254E+01
   375    0.1000000205E+01
   376    0.1000000167E+01
   377    0.1000000136E+01
   378    0.1000000115E+01
   379    0.1000000099E+01
   380    0.1000000083E+01
   381    0.1000000067E+01
   382    0.1000000053E+01
   383    0.1000000044E+01
   384    0.1000000037E+01
   385    0.1000000032E+01
   386    0.1000000026E+01
   387    0.1000000021E+01
   388    0.1000000017E+01
   389    0.1000000014E+01
   390    0.1000000011E+01
   391    0.1000000009E+01
   392    0.1000000008E+01
   393    0.1000000006E+01
   394    0.1000000005E+01
   395    0.1000000004E+01
   396    0.1000000003E+01
   397    0.1000000003E+01
   398    0.1000000002E+01
   399    0.1000000002E+01
   400    0.1000000001E+01
   401    0.1000000001E+01
   402    0.1000000001E+01
   403    0.1000000001E+01
   404    0.1000000001E+01
   405    0.1000000000E+01
   406    0.1000000000E+01
   407    0.1000000000E+01
   408    0.1000000000E+01
   409    0.1000000000E+01
   410    0.1000000000E+01
   411    0.1000000000E+01
   412    0.1000000000E+01
   413    0.1000000000E+01
   414    0.1000000000E+01
   415    0.1000000000E+01
   416    0.1000000000E+01
   417    0.1000000000E+01
   418    0.1000000000E+01
   419    0.1000000000E+01
   420    0.1000000000E+01
   421    0.1000000000E+01
   422    0.1000000000E+01
   423    0.1000000000E+01
   424    0.1000000000E+01
   425    0.1000000000E+01
   426    0.1000000000E+01
   427    0.1000000000E+01
   428    0.1000000000E+01
   429    0.1000000000E+01
   430    0.1000000000E+01
   431    0.1000000000E+01
   432    0.1000000000E+01
   433    0.1000000000E+01
   434    0.1000000000E+01
   435    0.1000000000E+01
   436    0.1000000000E+01
   437    0.1000000000E+01
   438    0.1000000000E+01
   439    0.1000000000E+01
   440    0.1000000000E+01
   441    0.1000000000E+01
   442    0.1000000000E+01
   443    0.1000000000E+01
   444    0.1000000000E+01
   445    0.1000000000E+01
   446    0.1000000000E+01
   447    0.1000000000E+01
   448    0.1000000000E+01
   449    0.1000000000E+01
   450    0.1000000000E+01
   451    0.1000000000E+01
   452    0.1000000000E+01
   453    0.1000000000E+01
   454    0.1000000000E+01
   455    0.1000000000E+01
   456    0.1000000000E+01
   457    0.1000000000E+01
   458    0.1000000000E+01
   459    0.1000000000E+01
   460    0.1000000000E+01
   461    0.1000000000E+01
   462    0.1000000000E+01
   463    0.1000000000E+01
   464    0.1000000000E+01
   465    0.1000000000E+01
   466    0.1000000000E+01
   467    0.1000000000E+01
   468    0.1000000000E+01
   469    0.1000000000E+01
   470    0.1000000000E+01
   471    0.1000000000E+01
   472    0.1000000000E+01
   473    0.1000000000E+01
   474    0.1000000000E+01
   475    0.1000000000E+01
   476    0.1000000000E+01
   477    0.1000000000E+01
   478    0.1000000000E+01
   479    0.1000000000E+01
   480    0.1000000000E+01
   481    0.1000000000E+01
   482    0.1000000000E+01
   483    0.1000000000E+01
   484    0.1000000000E+01
   485    0.1000000000E+01
   486    0.1000000000E+01
   487    0.1000000000E+01
   488    0.1000000000E+01
   489    0.1000000000E+01
   490    0.1000000000E+01
   491    0.1000000000E+01
   492    0.1000000000E+01
   493    0.1000000000E+01
   494    0.1000000000E+01
   495    0.1000000000E+01
   496    0.1000000000E+01
   497    0.1000000000E+01
   498    0.1000000000E+01
   499    0.9589843750E+00
   500    0.6987304688E+00
   501    0.2567138672E+00
   502    0.6417846680E-01
