    -1    0.7734593018E-02
     0    0.1851547762E+00
     1    0.6328263835E+00
     2    0.7669574512E+00
     3    0.6952950128E+00
     4    0.9375474897E+00
     5    0.7933444320E+00
     6    0.7923383244E+00
     7    0.8089238596E+00
     8    0.7959815108E+00
     9    0.8048703244E+00
    10    0.7416808801E+00
    11    0.7793762823E+00
    12    0.1055353912E+01
    13    0.1166792330E+01
    14    0.8786303811E+00
    15    0.7281067966E+00
    16    0.9279071447E+00
    17    0.1406688804E+01
    18    0.1369466424E+01
    19    0.1110355496E+01
    20    0.1009260412E+01
    21    0.1113399853E+01
    22    0.1406910795E+01
    23    0.1484447266E+01
    24    0.1471167495E+01
    25    0.1608180614E+01
    26    0.1500499277E+01
    27    0.1360176229E+01
    28    0.1033573800E+01
    29    0.9902472888E+00
    30    0.8739802592E+00
    31    0.7802258017E+00
    32    0.7444920374E+00
    33    0.7048615360E+00
    34    0.9083137598E+00
    35    0.1001611832E+01
    36    0.7039614488E+00
    37    0.7090857851E+00
    38    0.7535199487E+00
    39    0.5767899029E+00
    40    0.6412356632E+00
    41    0.5317208277E+00
    42    0.7050345721E+00
    43    0.1023673704E+01
    44    0.1035164559E+01
    45    0.8148064441E+00
    46    0.8484373253E+00
    47    0.9158535123E+00
    48    0.6786428453E+00
    49    0.5395475014E+00
    50    0.7192462247E+00
    51    0.1002012214E+01
    52    0.1235154578E+01
    53    0.1107248227E+01
    54    0.1110899157E+01
    55    0.8970021107E+00
    56    0.7444348149E+00
    57    0.8172744039E+00
    58    0.1058795846E+01
    59    0.9977269851E+00
    60    0.8629206743E+00
    61    0.1259938682E+01
    62    0.1467741700E+01
    63    0.1211874476E+01
    64    0.1298157823E+01
    65    0.1587792325E+01
    66    0.1543058540E+01
    67    0.1284193624E+01
    68    0.1213472718E+01
    69    0.1009013589E+01
    70    0.1035702299E+01
    71    0.1215205192E+01
    72    0.1068555135E+01
    73    0.1039895829E+01
    74    0.8096948636E+00
    75    0.9516208718E+00
    76    0.9050119883E+00
    77    0.7126520097E+00
    78    0.6644741942E+00
    79    0.8111177352E+00
    80    0.9081861628E+00
    81    0.7550703318E+00
    82    0.6743271415E+00
    83    0.6659122100E+00
    84    0.7199184501E+00
    85    0.6396248753E+00
    86    0.6277429367E+00
    87    0.7947093876E+00
    88    0.9411211104E+00
    89    0.8282950390E+00
    90    0.7589112075E+00
    91    0.6673699332E+00
    92    0.5095050794E+00
    93    0.5851400842E+00
    94    0.6515065230E+00
    95    0.6434953746E+00
    96    0.1008883699E+01
    97    0.1189369067E+01
    98    0.9059162198E+00
    99    0.5641198026E+00
   100    0.7081051135E+00
   101    0.7753992853E+00
   102    0.6809479768E+00
   103    0.8917739208E+00
   104    0.1051063688E+01
   105    0.1073206764E+01
   106    0.1428788655E+01
   107    0.1872553104E+01
   108    0.1685179995E+01
   109    0.1320706542E+01
   110    0.1187376440E+01
   111    0.9463610124E+00
   112    0.1126319637E+01
   113    0.1350771153E+01
   114    0.1008304312E+01
   115    0.8945985378E+00
   116    0.1148835702E+01
   117    0.1210874911E+01
   118    0.1493456345E+01
   119    0.1369759280E+01
   120    0.8972683323E+00
   121    0.4837885730E+00
   122    0.5942789781E+00
   123    0.8604712086E+00
   124    0.8056850620E+00
   125    0.6175778404E+00
   126    0.7626119411E+00
   127    0.1145972625E+01
   128    0.9942920852E+00
   129    0.8152632411E+00
   130    0.7527045192E+00
   131    0.7827487873E+00
   132    0.7320075265E+00
   133    0.6496604907E+00
   134    0.6017024542E+00
   135    0.5835677191E+00
   136    0.5823808213E+00
   137    0.5695368430E+00
   138    0.7408502210E+00
   139    0.8687051837E+00
   140    0.8657664877E+00
   141    0.9478383507E+00
   142    0.1076341970E+01
   143    0.5351901185E+00
   144    0.5184189289E+00
   145    0.8666666131E+00
   146    0.7962464094E+00
   147    0.6692925250E+00
   148    0.1038097501E+01
   149    0.1131717131E+01
   150    0.1128567223E+01
   151    0.1299729584E+01
   152    0.1269815594E+01
   153    0.1210045973E+01
   154    0.1229881604E+01
   155    0.1131127049E+01
   156    0.1161131805E+01
   157    0.1599867831E+01
   158    0.1518931577E+01
   159    0.1093887660E+01
   160    0.1017432109E+01
   161    0.9357916698E+00
   162    0.8101070288E+00
   163    0.9166570183E+00
   164    0.8700708594E+00
   165    0.7630207740E+00
   166    0.6924661543E+00
   167    0.7313003821E+00
   168    0.7693271765E+00
   169    0.1043138312E+01
   170    0.1130597434E+01
   171    0.7195431448E+00
   172    0.5195470726E+00
   173    0.6725166137E+00
   174    0.7298554697E+00
   175    0.7198383480E+00
   176    0.6928707606E+00
   177    0.6696604736E+00
   178    0.8428335411E+00
   179    0.6643902882E+00
   180    0.6631078052E+00
   181    0.7746225281E+00
   182    0.8315951766E+00
   183    0.7643994974E+00
   184    0.6905969591E+00
   185    0.7093463237E+00
   186    0.7444252364E+00
   187    0.9788822075E+00
   188    0.1177096965E+01
   189    0.1026315111E+01
   190    0.1143209328E+01
   191    0.1337147173E+01
   192    0.1346046919E+01
   193    0.1608519082E+01
   194    0.1627420503E+01
   195    0.1230339144E+01
   196    0.1156937846E+01
   197    0.1253758110E+01
   198    0.1247568007E+01
   199    0.1068097563E+01
   200    0.1342788410E+01
   201    0.1150278385E+01
   202    0.8994411638E+00
   203    0.7271024486E+00
   204    0.7651600580E+00
   205    0.8245903396E+00
   206    0.7741612810E+00
   207    0.8228188855E+00
   208    0.8618427512E+00
   209    0.6624138358E+00
   210    0.6076186526E+00
   211    0.7024913239E+00
   212    0.8606948182E+00
   213    0.7407620526E+00
   214    0.6451025105E+00
   215    0.7315828677E+00
   216    0.6758443308E+00
   217    0.7826121268E+00
   218    0.8459892135E+00
   219    0.6878729336E+00
   220    0.6058987038E+00
   221    0.8474753840E+00
   222    0.9305840105E+00
   223    0.8051385782E+00
   224    0.8393397773E+00
   225    0.8972889479E+00
   226    0.8610436884E+00
   227    0.7250888636E+00
   228    0.8110420320E+00
   229    0.1141448307E+01
   230    0.1339703316E+01
   231    0.1109109351E+01
   232    0.9373621682E+00
   233    0.8277190293E+00
   234    0.8841695795E+00
   235    0.1024031984E+01
   236    0.1168011139E+01
   237    0.1158586637E+01
   238    0.1083723777E+01
   239    0.9448288430E+00
   240    0.9308215939E+00
   241    0.1007335357E+01
   242    0.9317481652E+00
   243    0.9079793623E+00
   244    0.9955303992E+00
   245    0.9900531240E+00
   246    0.8976840722E+00
   247    0.9867399390E+00
   248    0.1019397318E+01
   249    0.9052248146E+00
   250    0.9674523345E+00
   251    0.1078396118E+01
   252    0.9766899331E+00
   253    0.8603742425E+00
   254    0.9549701252E+00
   255    0.1126048118E+01
   256    0.1033871540E+01
   257    0.9046602779E+00
   258    0.9452327360E+00
   259    0.1064599646E+01
   260    0.1027236743E+01
   261    0.9250437200E+00
   262    0.9389963409E+00
   263    0.1045401778E+01
   264    0.1064118433E+01
   265    0.1007643079E+01
   266    0.9946040719E+00
   267    0.1008805322E+01
   268    0.1015790187E+01
   269    0.1023457939E+01
   270    0.1018481531E+01
   271    0.1003966250E+01
   272    0.1014963027E+01
   273    0.1041710667E+01
   274    0.1030156039E+01
   275    0.9893447676E+00
   276    0.1001386681E+01
   277    0.1044790093E+01
   278    0.1031441105E+01
   279    0.1004512369E+01
   280    0.1012941835E+01
   281    0.1021737136E+01
   282    0.1016059435E+01
   283    0.1016158703E+01
   284    0.1017462930E+01
   285    0.1011976971E+01
   286    0.1010805156E+01
   287    0.1014911421E+01
   288    0.1014084165E+01
   289    0.1010173419E+01
   290    0.1009672181E+01
   291    0.1011365591E+01
   292    0.1010534390E+01
   293    0.1007903403E+01
   294    0.1008419816E+01
   295    0.1012343104E+01
   296    0.1012051923E+01
   297    0.1007800429E+01
   298    0.1006036066E+01
   299    0.1006248796E+01
   300    0.1006959106E+01
   301    0.1007020928E+01
   302    0.1006540541E+01
   303    0.1005733952E+01
   304    0.1004919251E+01
   305    0.1004691046E+01
   306    0.1004743302E+01
   307    0.1004492157E+01
   308    0.1003972950E+01
   309    0.1003700312E+01
   310    0.1003508402E+01
   311    0.1003137380E+01
   312    0.1002881313E+01
   313    0.1002825924E+01
   314    0.1002595495E+01
   315    0.1002250369E+01
   316    0.1002046781E+01
   317    0.1001919354E+01
   318    0.1001737993E+01
   319    0.1001569750E+01
   320    0.1001435274E+01
   321    0.1001287248E+01
   322    0.1001158914E+01
   323    0.1001071907E+01
   324    0.1000999384E+01
   325    0.1000905710E+01
   326    0.1000792653E+01
   327    0.1000691140E+01
   328    0.1000631815E+01
   329    0.1000574882E+01
   330    0.1000519959E+01
   331    0.1000460464E+01
   332    0.1000398450E+01
   333    0.1000358669E+01
   334    0.1000332189E+01
   335    0.1000296385E+01
   336    0.1000259372E+01
   337    0.1000227901E+01
   338    0.1000205466E+01
   339    0.1000187814E+01
   340    0.1000162500E+01
   341    0.1000139499E+01
   342    0.1000123695E+01
   343    0.1000107348E+01
   344    0.1000092767E+01
   345    0.1000084186E+01
   346    0.1000075195E+01
   347    0.1000063601E+01
   348    0.1000055937E+01
   349    0.1000049592E+01
   350    0.1000042845E+01
   351    0.1000036929E+01
   352    0.1000031857E+01
   353    0.1000027665E+01
   354    0.1000024141E+01
   355    0.1000021165E+01
   356    0.1000018433E+01
   357    0.1000015964E+01
   358    0.1000013662E+01
   359    0.1000011342E+01
   360    0.1000009571E+01
   361    0.1000008422E+01
   362    0.1000007223E+01
   363    0.1000006180E+01
   364    0.1000005529E+01
   365    0.1000004781E+01
   366    0.1000003983E+01
   367    0.1000003272E+01
   368    0.1000002781E+01
   369    0.1000002399E+01
   370    0.1000002046E+01
   371    0.1000001751E+01
   372    0.1000001483E+01
   373    0.1000001238E+01
   374    0.1000001015E+01
   375    0.1000000857E+01
   376    0.1000000735E+01
   377    0.1000000624E+01
   378    0.1000000521E+01
   379    0.1000000432E+01
   380    0.1000000368E+01
   381    0.1000000316E+01
   382    0.1000000263E+01
   383    0.1000000214E+01
   384    0.1000000175E+01
   385    0.1000000143E+01
   386    0.1000000120E+01
   387    0.1000000102E+01
   388    0.1000000086E+01
   389    0.1000000070E+01
   390    0.1000000056E+01
   391    0.1000000046E+01
   392    0.1000000038E+01
   393    0.1000000033E+01
   394    0.1000000027E+01
   395    0.1000000022E+01
   396    0.1000000018E+01
   397    0.1000000014E+01
   398    0.1000000012E+01
   399    0.1000000010E+01
   400    0.1000000008E+01
   401    0.1000000007E+01
   402    0.1000000005E+01
   403    0.1000000004E+01
   404    0.1000000003E+01
   405    0.1000000003E+01
   406    0.1000000002E+01
   407    0.1000000002E+01
   408    0.1000000001E+01
   409    0.1000000001E+01
   410    0.1000000001E+01
   411    0.1000000001E+01
   412    0.1000000001E+01
   413    0.1000000001E+01
   414    0.1000000000E+01
   415    0.1000000000E+01
   416    0.1000000000E+01
   417    0.1000000000E+01
   418    0.1000000000E+01
   419    0.1000000000E+01
   420    0.1000000000E+01
   421    0.1000000000E+01
   422    0.1000000000E+01
   423    0.1000000000E+01
   424    0.1000000000E+01
   425    0.1000000000E+01
   426    0.1000000000E+01
   427    0.1000000000E+01
   428    0.1000000000E+01
   429    0.1000000000E+01
   430    0.1000000000E+01
   431    0.1000000000E+01
   432    0.1000000000E+01
   433    0.1000000000E+01
   434    0.1000000000E+01
   435    0.1000000000E+01
   436    0.1000000000E+01
   437    0.1000000000E+01
   438    0.1000000000E+01
   439    0.1000000000E+01
   440    0.1000000000E+01
   441    0.1000000000E+01
   442    0.1000000000E+01
   443    0.1000000000E+01
   444    0.1000000000E+01
   445    0.1000000000E+01
   446    0.1000000000E+01
   447    0.1000000000E+01
   448    0.1000000000E+01
   449    0.1000000000E+01
   450    0.1000000000E+01
   451    0.1000000000E+01
   452    0.1000000000E+01
   453    0.1000000000E+01
   454    0.1000000000E+01
   455    0.1000000000E+01
   456    0.1000000000E+01
   457    0.1000000000E+01
   458    0.1000000000E+01
   459    0.1000000000E+01
   460    0.1000000000E+01
   461    0.1000000000E+01
   462    0.1000000000E+01
   463    0.1000000000E+01
   464    0.1000000000E+01
   465    0.1000000000E+01
   466    0.1000000000E+01
   467    0.1000000000E+01
   468    0.1000000000E+01
   469    0.1000000000E+01
   470    0.1000000000E+01
   471    0.1000000000E+01
   472    0.1000000000E+01
   473    0.1000000000E+01
   474    0.1000000000E+01
   475    0.1000000000E+01
   476    0.1000000000E+01
   477    0.1000000000E+01
   478    0.1000000000E+01
   479    0.1000000000E+01
   480    0.1000000000E+01
   481    0.1000000000E+01
   482    0.1000000000E+01
   483    0.1000000000E+01
   484    0.1000000000E+01
   485    0.1000000000E+01
   486    0.1000000000E+01
   487    0.1000000000E+01
   488    0.1000000000E+01
   489    0.1000000000E+01
   490    0.1000000000E+01
   491    0.1000000000E+01
   492    0.1000000000E+01
   493    0.1000000000E+01
   494    0.1000000000E+01
   495    0.1000000000E+01
   496    0.1000000000E+01
   497    0.1000000000E+01
   498    0.1000000000E+01
   499    0.9589843750E+00
   500    0.6987304688E+00
   501    0.2567138672E+00
   502    0.6417846680E-01
