    -1   -0.4160716426E+01
     0   -0.3105876719E+01
     1    0.8282174029E-01
     2    0.2594345875E-01
     3   -0.8020024011E-01
     4    0.1064837510E+00
     5    0.3055117408E-01
     6   -0.9944378987E-01
     7    0.1199257458E+00
     8    0.3684952103E-01
     9   -0.1163528569E+00
    10    0.1199333695E+00
    11    0.4504127930E-01
    12   -0.1293248818E+00
    13    0.1063901877E+00
    14    0.5525923747E-01
    15   -0.1377956487E+00
    16    0.8220595259E-01
    17    0.6622759854E-01
    18   -0.1407926080E+00
    19    0.5162377919E-01
    20    0.7640978713E-01
    21   -0.1381223538E+00
    22    0.2047907520E-01
    23    0.8292850228E-01
    24   -0.1283110139E+00
    25   -0.7279713510E-02
    26    0.8419708991E-01
    27   -0.1103321352E+00
    28   -0.3022091542E-01
    29    0.8176548051E-01
    30   -0.8665924397E-01
    31   -0.4634456516E-01
    32    0.7705977483E-01
    33   -0.6049870772E-01
    34   -0.5443192650E-01
    35    0.7049789682E-01
    36   -0.3394164331E-01
    37   -0.5555349937E-01
    38    0.6362031179E-01
    39   -0.9998045208E-02
    40   -0.5118208200E-01
    41    0.5774786247E-01
    42    0.8473051152E-02
    43   -0.4266710989E-01
    44    0.5277066162E-01
    45    0.2077211904E-01
    46   -0.3312986489E-01
    47    0.4906347289E-01
    48    0.2711627021E-01
    49   -0.2643877460E-01
    50    0.4754304523E-01
    51    0.2807139284E-01
    52   -0.2575386028E-01
    53    0.4858990004E-01
    54    0.2506316590E-01
    55   -0.3268255756E-01
    56    0.5133750641E-01
    57    0.2085453086E-01
    58   -0.4815238290E-01
    59    0.5598526144E-01
    60    0.1692698147E-01
    61   -0.7107912925E-01
    62    0.6320860379E-01
    63    0.1363379267E-01
    64   -0.9855167045E-01
    65    0.7444200180E-01
    66    0.7876800735E-02
    67   -0.1223179811E+00
    68    0.8502430874E-01
    69    0.3507933824E-02
    70   -0.1408088355E+00
    71    0.9363423853E-01
    72    0.3635083358E-02
    73   -0.1541531355E+00
    74    0.1006650356E+00
    75    0.8127377205E-02
    76   -0.1603864536E+00
    77    0.1047539503E+00
    78    0.1622643908E-01
    79   -0.1581356368E+00
    80    0.1043062872E+00
    81    0.2768540579E-01
    82   -0.1487520827E+00
    83    0.9944130206E-01
    84    0.4078947471E-01
    85   -0.1329963434E+00
    86    0.8897496505E-01
    87    0.5474687412E-01
    88   -0.1123020723E+00
    89    0.7175111948E-01
    90    0.6883019475E-01
    91   -0.8869335269E-01
    92    0.4833409373E-01
    93    0.8033093941E-01
    94   -0.6259766633E-01
    95    0.1908586894E-01
    96    0.8731295397E-01
    97   -0.3541942785E-01
    98   -0.1400003321E-01
    99    0.8896529508E-01
   100   -0.1072135927E-01
   101   -0.4617979300E-01
   102    0.8494896802E-01
   103    0.7779952835E-02
   104   -0.7210013791E-01
   105    0.7460842630E-01
   106    0.1997290142E-01
   107   -0.9031709834E-01
   108    0.6019630465E-01
   109    0.2678142314E-01
   110   -0.1018361892E+00
   111    0.4645478427E-01
   112    0.2777087706E-01
   113   -0.1058106176E+00
   114    0.3476592932E-01
   115    0.2591095437E-01
   116   -0.1046763289E+00
   117    0.2908168423E-01
   118    0.2093607773E-01
   119   -0.9936489693E-01
   120    0.3190410027E-01
   121    0.1278190923E-01
   122   -0.9225197481E-01
   123    0.4650464753E-01
   124   -0.1678429175E-02
   125   -0.8162297112E-01
   126    0.6919045039E-01
   127   -0.1946510120E-01
   128   -0.6967475418E-01
   129    0.9503256368E-01
   130   -0.3441205343E-01
   131   -0.6182150899E-01
   132    0.1209573875E+00
   133   -0.4285232721E-01
   134   -0.6103028679E-01
   135    0.1437430945E+00
   136   -0.4428626930E-01
   137   -0.6646491720E-01
   138    0.1589813128E+00
   139   -0.3871704372E-01
   140   -0.7678724768E-01
   141    0.1640803247E+00
   142   -0.2808284573E-01
   143   -0.8877206598E-01
   144    0.1566866714E+00
   145   -0.1451617807E-01
   146   -0.9833157100E-01
   147    0.1355950371E+00
   148    0.6369760316E-03
   149   -0.1027735104E+00
   150    0.1023128377E+00
   151    0.1514313175E-01
   152   -0.9926814960E-01
   153    0.6059074309E-01
   154    0.2676103311E-01
   155   -0.8660313981E-01
   156    0.1470712359E-01
   157    0.3459243751E-01
   158   -0.6454259840E-01
   159   -0.3076493916E-01
   160    0.3890146380E-01
   161   -0.3793190846E-01
   162   -0.6868147649E-01
   163    0.4220116398E-01
   164   -0.1029447768E-01
   165   -0.9751904240E-01
   166    0.4384731195E-01
   167    0.1596325435E-01
   168   -0.1147135222E+00
   169    0.4887858842E-01
   170    0.3573087848E-01
   171   -0.1213203935E+00
   172    0.5380046024E-01
   173    0.4625857520E-01
   174   -0.1146868709E+00
   175    0.6019380704E-01
   176    0.4867644847E-01
   177   -0.1272337635E+00
   178    0.6613737777E-01
   179    0.9333488207E-01
   180   -0.9377210699E-01
   181    0.2938849506E-01
   182    0.8911804331E-01
   183   -0.7012757896E-01
   184    0.2649229735E-01
   185    0.7544331844E-01
   186   -0.5600280847E-01
   187    0.1986506135E-01
   188    0.6625928459E-01
   189   -0.3984713269E-01
   190    0.6306773684E-02
   191    0.5247504749E-01
   192   -0.2638342318E-01
   193   -0.1563839280E-02
   194    0.3489057103E-01
   195   -0.2812318442E-01
   196   -0.1082889713E-01
   197    0.2591295967E-01
   198   -0.2422017323E-01
   199   -0.1022858352E-01
   200    0.2098543750E-01
   201   -0.3972353800E-01
   202   -0.2194649250E-01
   203    0.1282068542E-01
   204   -0.3803015693E-01
   205   -0.1474158343E-01
   206   -0.9284662229E-02
   207   -0.1055625895E-01
   208   -0.3898003396E-01
   209    0.4438072821E-01
   210   -0.1812599781E-01
   211   -0.5048153044E-01
   212    0.3563154851E-01
   213   -0.3299238896E-02
   214   -0.2345920118E-01
   215    0.3394209958E-01
   216   -0.4199907336E-02
   217   -0.2333899366E-01
   218    0.2382399456E-01
   219    0.5873704817E-01
   220    0.3339566591E-02
   221   -0.1841213407E-02
   222    0.4792221560E-01
   223    0.1420652718E-01
   224    0.3312070978E-02
   225    0.4905330423E-01
   226    0.1888160748E-01
   227    0.1577814391E-01
   228    0.3677189625E-01
   229    0.5947615122E-02
   230    0.1149453927E-01
   231    0.9637737843E-01
   232   -0.2877179583E-01
   233    0.2298160373E-01
   234    0.8209332784E-01
   235   -0.3118423403E-01
   236   -0.3106102465E-01
   237    0.2531817424E-01
   238   -0.6333581143E-02
   239    0.9274620903E-01
   240    0.3024487746E-01
   241   -0.2628559142E-01
   242   -0.5034233684E-01
   243   -0.4887675776E-01
   244    0.4704615329E-01
   245    0.1044517462E+00
   246   -0.1902252791E-01
   247   -0.2123461483E-01
   248   -0.6360097398E-01
   249   -0.1044111058E+00
   250    0.1055378843E+00
   251    0.7162022399E-01
   252   -0.5571175125E-01
   253   -0.1936042502E-01
   254   -0.1350850796E-02
   255   -0.1370121830E+00
   256    0.1161791413E-01
   257    0.1018175192E+00
   258   -0.3209415050E-01
   259   -0.7058271636E-01
   260    0.3875226197E-01
   261   -0.3549656547E-01
   262   -0.5609130579E-01
   263    0.2388590517E-01
   264   -0.2735963165E-01
   265   -0.3505244611E-01
   266    0.8023033804E-02
   267   -0.3184957567E-01
   268   -0.1172636788E-01
   269    0.6116452487E-02
   270   -0.3158877023E-01
   271   -0.2977630208E-01
   272    0.1374120693E-01
   273   -0.1326211405E-01
   274   -0.2227504071E-01
   275   -0.2465163575E-01
   276   -0.3489115778E-02
   277    0.8525303652E-02
   278    0.7537890698E-03
   279   -0.2471443711E-01
   280   -0.7134135254E-02
   281    0.2651545395E-02
   282   -0.1149237838E-01
   283   -0.3799862776E-02
   284    0.1259928366E-02
   285   -0.1172323826E-01
   286   -0.2439605044E-02
   287    0.2354694975E-02
   288   -0.1169217721E-01
   289   -0.1840413798E-02
   290    0.1101058599E-01
   291    0.6851506257E-03
   292   -0.6744595552E-02
   293   -0.3118883095E-01
   294    0.3369526031E-01
   295    0.2927468202E-02
   296   -0.8903506904E-03
   297    0.1960099943E-02
   298    0.4090835881E-02
   299    0.1233268625E-02
   300    0.2907777708E-02
   301    0.6323106949E-02
   302    0.2532615312E-02
   303    0.4566163085E-03
   304    0.5157346189E-02
   305    0.5726319187E-02
   306    0.2732142194E-02
   307    0.1807363762E-02
   308    0.4509152661E-02
   309    0.4558146026E-02
   310    0.2359395286E-02
   311   -0.1072220338E-01
   312    0.1226863642E-01
   313    0.8696349926E-02
   314    0.4995677996E-02
   315    0.2799979849E-02
   316    0.1551843788E-02
   317    0.2821741160E-02
   318    0.3232318662E-02
   319    0.3341528972E-02
   320    0.3291554345E-02
   321    0.2228732582E-02
   322    0.1657910261E-02
   323    0.2543864674E-02
   324    0.2650640313E-02
   325    0.1843987006E-02
   326    0.1855942803E-02
   327    0.2213492739E-02
   328    0.1627764367E-02
   329    0.1314946177E-02
   330    0.1697748827E-02
   331    0.1723761217E-02
   332    0.1278929055E-02
   333    0.1109586483E-02
   334    0.1276821998E-02
   335    0.1101507066E-02
   336    0.9415049170E-03
   337    0.9793411001E-03
   338    0.8754735495E-03
   339    0.6829950237E-03
   340    0.6901674833E-03
   341    0.6892967710E-03
   342    0.6351235709E-03
   343    0.5814494566E-03
   344    0.4766723787E-03
   345    0.4265928220E-03
   346    0.4084548903E-03
   347    0.4014082837E-03
   348    0.3610115889E-03
   349    0.2799422753E-03
   350    0.2546316888E-03
   351    0.2600299054E-03
   352    0.2297869790E-03
   353    0.2066635875E-03
   354    0.1680734921E-03
   355    0.1483149875E-03
   356    0.1615760141E-03
   357    0.1333996485E-03
   358    0.1065173360E-03
   359    0.1086031415E-03
   360    0.9309435300E-04
   361    0.6885670611E-04
   362    0.7166403635E-04
   363    0.6967665741E-04
   364    0.5120600437E-04
   365    0.4786496330E-04
   366    0.4436166131E-04
   367    0.3792072305E-04
   368    0.3352075273E-04
   369    0.2836487378E-04
   370    0.2488923258E-04
   371    0.2172053581E-04
   372    0.1922528112E-04
   373    0.1665790161E-04
   374    0.1496095888E-04
   375    0.1366474166E-04
   376    0.1078906243E-04
   377    0.8906710775E-05
   378    0.8500792881E-05
   379    0.6934647886E-05
   380    0.5632152044E-05
   381    0.5376162057E-05
   382    0.4795842125E-05
   383    0.4127295822E-05
   384    0.3198626783E-05
   385    0.2763123683E-05
   386    0.2471478123E-05
   387    0.2058114060E-05
   388    0.1767149287E-05
   389    0.1565988333E-05
   390    0.1348968528E-05
   391    0.1049941246E-05
   392    0.8957269559E-06
   393    0.7810836438E-06
   394    0.6827791807E-06
   395    0.5683962035E-06
   396    0.4499812852E-06
   397    0.3849290744E-06
   398    0.3462072563E-06
   399    0.2952558374E-06
   400    0.2383495854E-06
   401    0.1999434673E-06
   402    0.1610670959E-06
   403    0.1323135425E-06
   404    0.1139703678E-06
   405    0.9955643718E-07
   406    0.8348057740E-07
   407    0.6606082395E-07
   408    0.5279727908E-07
   409    0.4377242671E-07
   410    0.3785522498E-07
   411    0.3301297485E-07
   412    0.2615353822E-07
   413    0.2064945637E-07
   414    0.1776282280E-07
   415    0.1420906254E-07
   416    0.1142587072E-07
   417    0.9990015093E-08
   418    0.7991681705E-08
   419    0.6356910803E-08
   420    0.5317524310E-08
   421    0.4379840740E-08
   422    0.3321745240E-08
   423    0.2851472614E-08
   424    0.2580483466E-08
   425    0.1913811970E-08
   426    0.1422124696E-08
   427    0.1247226045E-08
   428    0.9999454043E-09
   429    0.8085800918E-09
   430    0.6612326797E-09
   431    0.5144708826E-09
   432    0.4310414803E-09
   433    0.3389570569E-09
   434    0.2667789878E-09
   435    0.2280342026E-09
   436    0.1758880541E-09
   437    0.1328808175E-09
   438    0.1108451941E-09
   439    0.9248718458E-10
   440    0.7025935389E-10
   441    0.5434880324E-10
   442    0.4507713647E-10
   443    0.3510564062E-10
   444    0.2871830551E-10
   445    0.2250186149E-10
   446    0.1650471426E-10
   447    0.1403438477E-10
   448    0.1112440695E-10
   449    0.8460315781E-11
   450    0.6767086891E-11
   451    0.5226208355E-11
   452    0.4099359741E-11
   453    0.3283262551E-11
   454    0.2475603056E-11
   455    0.1940420047E-11
   456    0.1600969357E-11
   457    0.1222216772E-11
   458    0.9038048088E-12
   459    0.7033540417E-12
   460    0.5591083152E-12
   461    0.4393152508E-12
   462    0.3484157407E-12
   463    0.2586264536E-12
   464    0.1984246101E-12
   465    0.1545430450E-12
   466    0.1194599974E-12
   467    0.9098277687E-13
   468    0.7163714066E-13
   469    0.5279110482E-13
   470    0.4463096559E-13
   471    0.2972622148E-13
   472    0.2234323837E-13
   473    0.1967870311E-13
   474    0.1401656569E-13
   475    0.1099120794E-13
   476    0.7827072324E-14
   477    0.5329070518E-14
   478    0.4940492460E-14
   479    0.4357625372E-14
   480    0.1915134717E-14
   481    0.1859623566E-14
   482    0.2109423747E-14
   483    0.8881784197E-15
   484    0.8326672685E-15
   485    0.2220446049E-14
   486    0.7216449660E-15
   487    0.9992007222E-15
   488   -0.8881784197E-15
   489    0.4440892099E-15
   490   -0.6661338148E-15
   491    0.2220446049E-15
   492    0.0000000000E+00
   493    0.0000000000E+00
   494    0.0000000000E+00
   495    0.0000000000E+00
   496    0.2220446049E-15
   497    0.2220446049E-15
   498    0.0000000000E+00
   499    0.0000000000E+00
   500    0.3571428571E+01
   501    0.3571428571E+01
   502    0.0000000000E+00
