    -1    0.0000000000E+00
     0   -0.2512755455E+01
     1   -0.4540143615E+01
     2    0.2188449066E-01
     3   -0.1927281926E+01
     4    0.4308048325E+01
     5   -0.1350119214E+01
     6   -0.1767557245E+01
     7   -0.2572622684E+01
     8    0.5106939760E+01
     9    0.5158675764E+00
    10   -0.1712666633E+01
    11    0.1640946693E+01
    12   -0.2735898097E+00
    13    0.4608180093E+00
    14    0.3857600042E+01
    15   -0.5032573497E+01
    16   -0.1373928651E+01
    17   -0.1308520239E+01
    18    0.3109435153E+00
    19    0.4072540165E+01
    20    0.1088676317E+01
    21   -0.8291266108E+01
    22    0.1814167300E+01
    23   -0.6677556295E+00
    24    0.8160335224E+00
    25    0.5633733638E+01
    26   -0.7394947990E+01
    27    0.2685668404E+01
    28    0.4291940381E+01
    29   -0.7200471612E+01
    30    0.2550631519E+01
    31   -0.3547080557E+01
    32    0.1640958644E+01
    33    0.6792835332E+01
    34   -0.2182035100E+01
    35    0.1381457549E+01
    36   -0.3172951258E+01
    37    0.1942925332E+00
    38    0.4118507905E+01
    39   -0.4859062444E+01
    40   -0.8959995067E+00
    41    0.1953642127E+01
    42   -0.1545756525E+01
    43    0.3092044586E+01
    44    0.1123167176E+01
    45    0.1655662487E+01
    46   -0.3135695040E+01
    47   -0.2003844243E+01
    48    0.1132433104E+01
    49    0.1463942601E+01
    50   -0.6029081099E+00
    51    0.1013404898E+01
    52    0.3382218924E-01
    53    0.9514889282E+00
    54   -0.4607087252E+01
    55    0.4218915655E+01
    56    0.6171284602E+00
    57   -0.8050260806E+00
    58    0.5295887327E+00
    59   -0.1057946750E+01
    60   -0.3383190438E+01
    61    0.1964723269E+01
    62   -0.1947973476E-01
    63   -0.1965586332E+01
    64    0.3529222460E+01
    65    0.2164335341E+01
    66   -0.7675271955E+00
    67   -0.6365934259E+01
    68    0.3213679403E+01
    69    0.1075146824E+01
    70   -0.1240185426E+01
    71   -0.2232394571E+01
    72   -0.5306962890E+01
    73    0.6127922871E+01
    74    0.1032372140E+01
    75    0.1270185425E+01
    76    0.7455306103E+00
    77   -0.3847695823E+00
    78   -0.1845707301E+01
    79    0.1226049434E+01
    80   -0.5408680703E+01
    81    0.2548311693E+01
    82   -0.8186596854E+00
    83    0.2243446797E+01
    84   -0.1928312779E+01
    85    0.6842159201E+01
    86   -0.1936997803E+01
    87   -0.1548036107E+01
    88    0.2552005581E+01
    89    0.5062489722E+00
    90   -0.3984632158E+01
    91   -0.1186541746E+01
    92   -0.9388219283E+00
    93    0.6313008759E+01
    94    0.2322834853E-01
    95   -0.3538857876E+01
    96   -0.2357510672E+01
    97    0.1244674889E+01
    98    0.3010378112E+01
    99   -0.8847349001E+00
   100   -0.9127190181E-02
   101    0.6030851679E+00
   102    0.6268851434E+00
   103    0.1161675793E+01
   104    0.9280386253E-01
   105   -0.3467425954E-01
   106   -0.3022485372E+01
   107   -0.6023572554E+01
   108   -0.1627797988E+01
   109    0.5671949926E+01
   110    0.3051894419E+01
   111    0.2379558065E+00
   112    0.3780782308E+00
   113   -0.6276543582E+01
   114    0.1810374064E+01
   115   -0.6644815325E-01
   116    0.1913859732E+01
   117   -0.1972164672E+01
   118    0.2662621966E+01
   119   -0.2802334185E+01
   120    0.5548318752E+00
   121    0.5109070329E+00
   122   -0.3011361518E+01
   123    0.3735468278E+01
   124   -0.4487941972E+00
   125    0.4043697664E+00
   126    0.4080185164E+01
   127   -0.2219995759E+01
   128   -0.2073801032E+01
   129   -0.5669090057E+00
   130    0.2123349425E+01
   131    0.2514075178E+01
   132   -0.3116157333E+01
   133   -0.1392274119E+01
   134   -0.3532071981E+00
   135    0.5033815331E+01
   136   -0.2114055202E+01
   137    0.1998135222E+00
   138   -0.1147850155E+01
   139    0.1105877172E+00
   140    0.1569634848E+01
   141   -0.2012805665E+01
   142    0.2439379886E+01
   143   -0.2764843153E+01
   144    0.7790530076E+00
   145    0.2570706882E+01
   146   -0.2609218632E+01
   147    0.9787265903E+00
   148   -0.2728531709E+01
   149    0.3905056521E+01
   150   -0.2028087116E+01
   151   -0.5693217055E+00
   152   -0.1254463578E+01
   153    0.3271490881E+01
   154   -0.3541096388E+01
   155    0.2589411173E+01
   156   -0.1886796400E+01
   157   -0.2337046572E+01
   158   -0.4675402731E+00
   159    0.4500350143E+01
   160   -0.5703651114E+01
   161    0.1165674629E+01
   162    0.5610361869E+01
   163   -0.3453896401E+01
   164   -0.2183939482E+01
   165    0.4048294079E+01
   166   -0.5547429198E+00
   167   -0.1148867885E+01
   168    0.1705143318E+01
   169   -0.1642600397E+00
   170   -0.2730318870E+01
   171    0.4157495226E+01
   172   -0.5447821177E+00
   173   -0.4208880770E+00
   174   -0.1568829920E+01
   175    0.1787478411E+01
   176    0.7986051598E+00
   177   -0.1910761029E+01
   178    0.2165870112E+01
   179   -0.4153775885E+01
   180    0.3859684117E+01
   181    0.7979384802E+00
   182   -0.2488757537E+01
   183   -0.7313025757E+00
   184    0.1169973029E+01
   185    0.2340326630E+01
   186   -0.3525425806E+01
   187    0.4561581631E+00
   188    0.1971676623E+01
   189   -0.2429985469E+01
   190    0.8606271532E+00
   191   -0.1187209917E+01
   192    0.1638692568E+01
   193   -0.1746004289E+01
   194    0.1006989640E+01
   195   -0.1621418292E+01
   196    0.1960026797E+01
   197   -0.3450086663E+00
   198    0.6422455334E+00
   199   -0.8506006999E+00
   200    0.9247618389E-01
   201   -0.1535927496E+00
   202    0.1590784440E+01
   203   -0.3707997811E+01
   204   -0.5466093781E+00
   205    0.2705286281E+01
   206    0.2072247878E+01
   207   -0.1600593404E+01
   208   -0.4345336284E+00
   209   -0.4297681502E+00
   210    0.5037917172E+00
   211    0.5239251920E+00
   212   -0.2018961974E+01
   213   -0.8267100313E-01
   214    0.3100363495E+01
   215   -0.1644410996E+01
   216    0.3039702474E+00
   217   -0.3634620065E+00
   218    0.1193727572E+01
   219   -0.5684702538E+00
   220    0.3687016199E+00
   221   -0.1171126456E+00
   222   -0.5432006838E+00
   223    0.1559772173E+01
   224    0.4601146562E+00
   225   -0.2152514127E+01
   226    0.5083884333E+00
   227    0.8962525875E+00
   228   -0.6126167560E+00
   229    0.7494145038E+00
   230    0.5723306831E+00
   231   -0.1523867917E+01
   232   -0.2479228046E+00
   233    0.1412692148E+01
   234   -0.8229144759E+00
   235   -0.2708515418E+00
   236    0.8285199729E+00
   237   -0.8151832848E+00
   238   -0.6248964291E+00
   239    0.1308974373E+01
   240   -0.9233927212E+00
   241   -0.1366485927E+01
   242    0.9047991793E+00
   243   -0.1841699772E+00
   244   -0.5299184744E+00
   245    0.1904109152E+01
   246    0.2819033061E+00
   247   -0.2558692487E+01
   248    0.6698928535E+00
   249    0.1612525978E+01
   250   -0.1014469299E+01
   251   -0.4384051253E+00
   252    0.1256617529E+01
   253   -0.1945765788E+00
   254   -0.9141085342E+00
   255    0.1287643644E+00
   256    0.1080306568E+01
   257   -0.4748268218E-01
   258   -0.1435607397E+01
   259   -0.4009084058E-01
   260    0.1069588420E+01
   261    0.3943516353E+00
   262   -0.1423373498E+01
   263   -0.3320741575E+00
   264    0.1064555494E+01
   265    0.3479946023E+00
   266   -0.7367895779E+00
   267   -0.2172068339E+00
   268    0.3199046159E+00
   269    0.1144121479E+00
   270   -0.1328617347E+00
   271    0.9600661551E-02
   272   -0.1971880041E-01
   273   -0.5277671377E-01
   274    0.9724460372E-01
   275    0.1887435373E-01
   276   -0.1597712596E+00
   277   -0.3679716781E-01
   278    0.2297249574E+00
   279    0.1029419658E+00
   280   -0.4144580503E+00
   281    0.3168867112E-01
   282    0.3174968486E+00
   283   -0.8667814244E-01
   284   -0.8640058170E-01
   285    0.4426511345E-01
   286    0.1276337368E-01
   287   -0.2807293428E-01
   288    0.2885483767E-01
   289    0.3090294650E-01
   290   -0.2997248311E-01
   291   -0.1212096633E-01
   292    0.3263712324E-01
   293    0.1375873130E-01
   294   -0.1479591458E-01
   295   -0.3979113639E-02
   296    0.1970971779E-01
   297    0.1248931873E-01
   298   -0.3147269499E-01
   299   -0.2431629001E-01
   300    0.5002970592E-01
   301    0.1426639575E-01
   302   -0.1990230608E-02
   303   -0.5256823361E-02
   304   -0.1167049272E-02
   305    0.3715771827E-02
   306    0.4859891551E-02
   307    0.7065787861E-02
   308    0.2517441560E-02
   309   -0.1583306940E-02
   310    0.1248474854E-02
   311    0.4391892373E-02
   312    0.2619534409E-02
   313    0.2635545852E-03
   314    0.2917049618E-02
   315    0.2641008702E-02
   316   -0.5695931204E-04
   317    0.1066668828E-02
   318    0.2866977393E-02
   319    0.1845117566E-02
   320    0.5770471436E-03
   321    0.1177954619E-02
   322    0.1392170586E-02
   323    0.9734804614E-03
   324    0.9306468569E-03
   325    0.1049509521E-02
   326    0.7402306194E-03
   327    0.4044458766E-03
   328    0.5840884553E-03
   329    0.8566761710E-03
   330    0.8364869319E-03
   331    0.3985599607E-03
   332    0.3697845034E-03
   333    0.4475669225E-03
   334    0.3274086646E-03
   335    0.5135894823E-03
   336    0.3726842934E-03
   337    0.1095883434E-03
   338    0.2307342963E-03
   339    0.3188600305E-03
   340    0.2235973105E-03
   341    0.1791961693E-03
   342    0.1040721066E-03
   343    0.1626543384E-03
   344    0.2049341495E-03
   345    0.1017921222E-03
   346    0.1007213273E-03
   347    0.1339092069E-03
   348    0.5874622785E-04
   349    0.4289985434E-04
   350    0.9912312483E-04
   351    0.6148735345E-04
   352    0.3667776412E-04
   353    0.5181544395E-04
   354    0.4176154265E-04
   355    0.3885460811E-04
   356    0.3018472467E-04
   357    0.2586604546E-04
   358    0.2139775475E-04
   359    0.1953000173E-04
   360    0.1882365631E-04
   361    0.1461602422E-04
   362    0.1762478743E-04
   363    0.1452322164E-04
   364    0.7370928200E-05
   365    0.7870687181E-05
   366    0.9210349815E-05
   367    0.4448943852E-05
   368    0.4459839121E-05
   369    0.6173626799E-05
   370    0.5395533776E-05
   371    0.3829731140E-05
   372    0.2416381596E-05
   373    0.2646273508E-05
   374    0.2186062040E-05
   375    0.1894694457E-05
   376    0.1719774024E-05
   377    0.1699800087E-05
   378    0.1223834807E-05
   379    0.8356888039E-06
   380    0.7758573060E-06
   381    0.7373578310E-06
   382    0.7236527393E-06
   383    0.4641822510E-06
   384    0.3457256770E-06
   385    0.3679719273E-06
   386    0.3701900889E-06
   387    0.2917757463E-06
   388    0.2298312405E-06
   389    0.1784096415E-06
   390    0.1265575648E-06
   391    0.1111029373E-06
   392    0.1077455977E-06
   393    0.1101493110E-06
   394    0.8026831430E-07
   395    0.5222010024E-07
   396    0.4161873601E-07
   397    0.3724965070E-07
   398    0.3901626600E-07
   399    0.3430224463E-07
   400    0.2258831724E-07
   401    0.1792575111E-07
   402    0.1680534925E-07
   403    0.1169372643E-07
   404    0.1033620789E-07
   405    0.9754915903E-08
   406    0.7197143631E-08
   407    0.5369440892E-08
   408    0.5146149062E-08
   409    0.3675441812E-08
   410    0.2414115241E-08
   411    0.3238161517E-08
   412    0.2945880206E-08
   413    0.1328269494E-08
   414    0.1115614934E-08
   415    0.1204226940E-08
   416    0.8746503799E-09
   417    0.7676790315E-09
   418    0.5708963580E-09
   419    0.4588981972E-09
   420    0.4271565324E-09
   421    0.2614015671E-09
   422    0.2681738720E-09
   423    0.2290170553E-09
   424    0.1362876478E-09
   425    0.1093430624E-09
   426    0.1102450631E-09
   427    0.8877162894E-10
   428    0.5643951972E-10
   429    0.4812128473E-10
   430    0.4078415383E-10
   431    0.3250519298E-10
   432    0.2888866923E-10
   433    0.1755867673E-10
   434    0.1360450641E-10
   435    0.1424599327E-10
   436    0.9927114686E-11
   437    0.7478240249E-11
   438    0.6181777312E-11
   439    0.4390043884E-11
   440    0.3818501071E-11
   441    0.2908701058E-11
   442    0.1992406240E-11
   443    0.1847522135E-11
   444    0.1601718758E-11
   445    0.1047412157E-11
   446    0.7142064717E-12
   447    0.5857259122E-12
   448    0.5062061881E-12
   449    0.4323208458E-12
   450    0.3141931160E-12
   451    0.2204902927E-12
   452    0.1730560140E-12
   453    0.1371402991E-12
   454    0.1008082506E-12
   455    0.8038014698E-13
   456    0.6217248938E-13
   457    0.5284661597E-13
   458    0.3930189507E-13
   459    0.2417510636E-13
   460    0.1923461390E-13
   461    0.1759703494E-13
   462    0.1154631946E-13
   463    0.9103828802E-14
   464    0.8187894807E-14
   465    0.4662936703E-14
   466    0.4551914401E-14
   467    0.3136380045E-14
   468    0.1998401444E-14
   469    0.2442490654E-14
   470    0.1998401444E-14
   471    0.8049116929E-15
   472    0.1526556659E-14
   473    0.0000000000E+00
   474    0.0000000000E+00
   475    0.8881784197E-15
   476    0.1554312234E-14
   477    0.8881784197E-15
   478    0.6661338148E-15
   479    0.2220446049E-15
   480    0.0000000000E+00
   481    0.2220446049E-15
   482    0.0000000000E+00
   483    0.2220446049E-15
   484    0.0000000000E+00
   485   -0.6661338148E-15
   486    0.0000000000E+00
   487   -0.8881784197E-15
   488    0.3330669074E-15
   489    0.3330669074E-15
   490    0.0000000000E+00
   491    0.2220446049E-15
   492    0.2220446049E-15
   493    0.0000000000E+00
   494   -0.8881784197E-15
   495   -0.2220446049E-15
   496    0.6661338148E-15
   497   -0.8881784197E-15
   498    0.0000000000E+00
   499   -0.2220446049E-15
   500    0.3571428571E+01
   501    0.3571428571E+01
   502    0.0000000000E+00
