    -1    0.0000000000E+00
     0   -0.1051926925E+01
     1   -0.2569883319E+01
     2   -0.1248006282E+01
     3   -0.1554249574E+01
     4    0.3520321827E+01
     5    0.4724660763E+00
     6   -0.3809783450E+01
     7    0.7950095336E+00
     8   -0.6732454530E+01
     9    0.6985709028E+01
    10    0.7768667854E+00
    11    0.1271505068E+01
    12   -0.2226378102E+01
    13   -0.8405460296E+00
    14    0.4663102853E+00
    15    0.4624127925E+00
    16    0.1930700934E+01
    17   -0.3151393223E+01
    18   -0.2358935252E+00
    19   -0.1539865722E+01
    20   -0.2668162109E+01
    21    0.6554441762E+01
    22   -0.2382399786E+01
    23    0.1004387622E+01
    24    0.1863534455E+00
    25    0.2444470179E+01
    26   -0.7380686253E+01
    27   -0.2063713515E+00
    28   -0.4978034565E+00
    29    0.7138856531E+01
    30   -0.2633385305E+01
    31   -0.3991576363E+01
    32   -0.2318924086E+00
    33    0.2003717300E+01
    34    0.4747488065E+01
    35   -0.3367394715E+01
    36    0.3928096988E+00
    37    0.1704621293E+01
    38    0.2127043183E+01
    39   -0.2951555044E+01
    40   -0.7950863939E+00
    41    0.3472375483E+01
    42   -0.2924597581E+01
    43   -0.1114948935E+00
    44    0.2146637908E+01
    45   -0.1685553647E+00
    46   -0.4523403830E+01
    47    0.6997423350E+01
    48   -0.6446819316E+00
    49   -0.4293515558E+01
    50    0.1192722588E+01
    51    0.9269883794E+00
    52   -0.2460436178E+01
    53    0.1229850572E+01
    54   -0.1228839278E+01
    55    0.3149433129E+01
    56   -0.2399553729E+01
    57    0.2034193034E+01
    58   -0.2144340008E+01
    59   -0.4135158793E+01
    60    0.3457370596E+01
    61    0.3403485189E+01
    62   -0.4185936206E+01
    63    0.2701498084E+01
    64   -0.2679225088E+01
    65    0.1500743721E+01
    66   -0.3659475369E+01
    67   -0.1849444334E+01
    68    0.5971252794E+01
    69    0.1046199863E+01
    70    0.3808804118E+00
    71   -0.4323536738E+01
    72    0.1116049222E+01
    73   -0.1274890042E+01
    74    0.5028076850E+01
    75   -0.2091906514E+01
    76    0.1357006714E+01
    77   -0.4495894251E+01
    78    0.1346104656E+01
    79    0.1813546918E+01
    80    0.4077503135E+00
    81    0.3404530243E+01
    82   -0.4078665282E+01
    83   -0.4089717849E+01
    84    0.5724426893E+01
    85   -0.2506169583E+01
    86    0.3720824296E+01
    87    0.3495706675E+01
    88   -0.4229188060E+01
    89   -0.5968050812E+00
    90   -0.1726970241E+01
    91   -0.5628264967E+00
    92    0.2250015313E+01
    93   -0.1585685914E+01
    94    0.1962109321E+01
    95   -0.6206025309E+00
    96    0.2388390102E+01
    97   -0.1353891923E+01
    98   -0.1908490669E+01
    99    0.1523989676E+01
   100   -0.6088146506E+01
   101    0.3565658930E+01
   102   -0.1032420428E+01
   103   -0.1405014357E+01
   104    0.1947681721E+01
   105   -0.8913997697E+00
   106    0.2707719334E+01
   107   -0.3438551900E+01
   108    0.4208014084E-01
   109   -0.6285017716E+01
   110    0.4578901277E+01
   111    0.7364275290E+01
   112   -0.5742686630E+01
   113    0.3682056206E+01
   114   -0.5755517600E+01
   115    0.4318809536E+01
   116    0.9617323217E+00
   117    0.1136599659E+01
   118    0.1752046343E+01
   119   -0.3640799630E+01
   120    0.3004159524E+00
   121    0.2755439092E+01
   122   -0.3240922978E+01
   123    0.4273387865E+01
   124   -0.7629020434E+00
   125    0.1452457325E+01
   126   -0.3044216604E+01
   127   -0.2459821069E+01
   128    0.6023908537E+01
   129   -0.9708330971E+00
   130   -0.3461354285E+01
   131    0.9435831054E+00
   132    0.4355584755E+01
   133   -0.5350684349E+01
   134    0.3132307453E+01
   135   -0.7474737914E+00
   136   -0.1878091027E+01
   137    0.2872931471E+00
   138   -0.1234747381E+01
   139   -0.2055291943E+01
   140   -0.2138505785E+01
   141    0.7085392060E+01
   142   -0.3477702656E+00
   143    0.6204343817E-01
   144   -0.6364550186E+01
   145    0.2554101655E+01
   146   -0.3434529485E+01
   147   -0.2228539985E+01
   148    0.9106528763E+01
   149   -0.1604985223E+01
   150   -0.7687894528E+01
   151    0.1733712249E+00
   152    0.3836660332E+01
   153    0.9871643161E+00
   154    0.1931107223E+01
   155   -0.4185925486E+00
   156   -0.8850769549E+00
   157    0.1425847149E+01
   158    0.5619639025E+01
   159   -0.5899992842E+01
   160    0.2539929653E+00
   161    0.2577639884E+01
   162   -0.1528077838E+01
   163   -0.7380736076E+00
   164   -0.3717330257E+00
   165    0.9524008529E+00
   166   -0.1900084406E+00
   167    0.1790754393E+01
   168   -0.1305783421E+01
   169   -0.4599718011E+01
   170    0.7136338744E+01
   171   -0.1194068623E+01
   172   -0.2690360579E+01
   173    0.1209811879E+00
   174    0.4204596488E+01
   175   -0.1482580914E+00
   176   -0.1795539986E+01
   177   -0.1313090382E+01
   178   -0.1099603911E+00
   179    0.1745978952E+01
   180    0.1293551717E+01
   181   -0.4401484891E+01
   182   -0.1619638625E+01
   183    0.2173853214E+01
   184    0.1702746793E+01
   185   -0.6707930231E+01
   186    0.3971094161E+01
   187   -0.3443607102E+01
   188   -0.1623808525E+01
   189    0.8184003021E+01
   190   -0.1551021242E+01
   191   -0.7282645870E+01
   192    0.4878268395E+01
   193   -0.2254803674E+00
   194    0.9623340109E+00
   195    0.2826390680E+01
   196   -0.2485190384E+01
   197   -0.2053259201E+01
   198    0.1868142129E+01
   199   -0.1518989363E+01
   200    0.1755000045E+01
   201    0.3692347518E+01
   202    0.2157018826E+00
   203   -0.3616866736E+01
   204   -0.2334781228E+01
   205    0.4885399701E+01
   206    0.3011109119E+00
   207   -0.3539073108E+01
   208    0.1605610321E+01
   209    0.1249956330E+01
   210   -0.3869793796E+00
   211   -0.3418531606E+00
   212   -0.8593791176E+00
   213    0.2347581168E+00
   214    0.2545129035E+00
   215    0.1064916359E+01
   216   -0.1770181834E+00
   217   -0.2791975588E+01
   218    0.3228456227E+01
   219    0.6999601615E+00
   220   -0.2976579140E+01
   221   -0.2109910188E+01
   222    0.2140165829E+01
   223   -0.1004923539E+01
   224    0.2200372894E+01
   225    0.1454106475E+01
   226   -0.1709728352E+01
   227   -0.5363263381E+01
   228    0.3822141030E+00
   229    0.3087182794E+01
   230    0.2082795984E+01
   231    0.1663140960E+01
   232   -0.9201015093E+00
   233   -0.2771242159E+01
   234   -0.5243193702E+00
   235    0.1381973348E+01
   236    0.6757165061E-01
   237    0.1345332493E+01
   238   -0.1576273942E+00
   239    0.2627068442E-01
   240   -0.1181369254E+01
   241    0.1363886960E+01
   242   -0.2215867942E+00
   243   -0.9143612458E+00
   244    0.1120933040E+01
   245   -0.1171471341E+01
   246   -0.5385678503E+00
   247    0.1342644711E+01
   248   -0.1917080742E+01
   249   -0.8284588798E+00
   250    0.1647359245E+01
   251    0.1085368456E+01
   252   -0.1543241402E+01
   253   -0.1027593586E+01
   254    0.1735579470E+01
   255    0.1225580180E+01
   256   -0.1476807240E+01
   257   -0.8815815582E+00
   258    0.1200644977E+01
   259    0.1140661762E+01
   260   -0.1538380031E+01
   261   -0.1289767338E+01
   262    0.7811649193E+00
   263    0.1042379516E+01
   264   -0.4476198977E+00
   265   -0.3151316300E+00
   266    0.1262790453E+00
   267   -0.1513492905E+00
   268    0.5572916193E-01
   269    0.3810646623E+00
   270   -0.2500320641E+00
   271   -0.6559151958E+00
   272    0.5876279736E+00
   273    0.4809839411E+00
   274   -0.2923495998E+00
   275   -0.7565462517E+00
   276    0.5400267942E+00
   277    0.2462048263E+00
   278   -0.2952279667E+00
   279   -0.1627089595E-01
   280    0.1338441090E+00
   281   -0.5549326235E-01
   282   -0.1991346481E-01
   283    0.9369863003E-01
   284   -0.5040479120E-02
   285   -0.7637688518E-01
   286    0.1873160524E-01
   287    0.6704730590E-01
   288   -0.8063673622E-02
   289   -0.4191184364E-01
   290    0.1548223942E-01
   291    0.4359022877E-01
   292   -0.8654796867E-02
   293   -0.9356353922E-01
   294    0.5610117409E-01
   295    0.4995744076E-01
   296   -0.1527311554E-02
   297   -0.1055468856E-01
   298   -0.7334313117E-02
   299    0.2587372080E-02
   300    0.5172606168E-02
   301    0.7898040351E-02
   302    0.6446821893E-02
   303   -0.1434057576E-02
   304   -0.2760507134E-02
   305    0.4312552474E-02
   306    0.4866036765E-02
   307    0.2880303027E-03
   308    0.9517941617E-03
   309    0.4198557114E-02
   310    0.9766740660E-03
   311   -0.8701842533E-03
   312    0.2597548811E-02
   313    0.3221839804E-02
   314    0.7947854169E-03
   315    0.3418670504E-03
   316    0.1808161871E-02
   317    0.1126818148E-02
   318    0.6818737229E-03
   319    0.1252867287E-02
   320    0.9320842455E-03
   321    0.3307457210E-03
   322    0.4598737379E-03
   323    0.7409261674E-03
   324    0.9794150980E-03
   325    0.6671079122E-03
   326    0.2521045610E-03
   327    0.4217240559E-03
   328    0.3548261520E-03
   329    0.4569527958E-03
   330    0.5187471729E-03
   331    0.1624542663E-03
   332    0.1192567180E-03
   333    0.3205480822E-03
   334    0.2671902279E-03
   335    0.2233223869E-03
   336    0.1121055900E-03
   337    0.9524602400E-04
   338    0.2398490025E-03
   339    0.1516652455E-03
   340    0.7707736015E-04
   341    0.1359923110E-03
   342    0.1035036520E-03
   343    0.2323434702E-04
   344    0.7414133197E-04
   345    0.1007511176E-03
   346    0.3335276120E-04
   347    0.4303117836E-04
   348    0.5172875499E-04
   349    0.3967613647E-04
   350    0.3473696270E-04
   351    0.2665697524E-04
   352    0.2396226820E-04
   353    0.1891433114E-04
   354    0.1910230678E-04
   355    0.1700020848E-04
   356    0.1543176469E-04
   357    0.1884869864E-04
   358    0.1052261406E-04
   359    0.5037994751E-05
   360    0.1023248707E-04
   361    0.6730642758E-05
   362    0.2713784513E-05
   363    0.5885478754E-05
   364    0.6276900705E-05
   365    0.5051993307E-05
   366    0.2583487110E-05
   367    0.2425135720E-05
   368    0.2527868261E-05
   369    0.1912505224E-05
   370    0.1797485779E-05
   371    0.1779940201E-05
   372    0.1618031911E-05
   373    0.8485593996E-06
   374    0.7747605029E-06
   375    0.7687175596E-06
   376    0.7347152758E-06
   377    0.6241020681E-06
   378    0.3516396173E-06
   379    0.3223349570E-06
   380    0.4018891218E-06
   381    0.3523256009E-06
   382    0.2467537184E-06
   383    0.2134241590E-06
   384    0.1460427524E-06
   385    0.1012622459E-06
   386    0.1075901434E-06
   387    0.1191633492E-06
   388    0.9852090729E-07
   389    0.6360595939E-07
   390    0.4232313544E-07
   391    0.3595576839E-07
   392    0.3796760284E-07
   393    0.4068676263E-07
   394    0.2821760225E-07
   395    0.1769077757E-07
   396    0.1881747225E-07
   397    0.1368037639E-07
   398    0.9556085062E-08
   399    0.1112001513E-07
   400    0.8299332277E-08
   401    0.5933213920E-08
   402    0.5196155284E-08
   403    0.4606927950E-08
   404    0.2516874487E-08
   405    0.2732460980E-08
   406    0.3700695750E-08
   407    0.2035674740E-08
   408    0.9102560927E-09
   409    0.1250292980E-08
   410    0.1003944095E-08
   411    0.8162253096E-09
   412    0.6880173098E-09
   413    0.4650557717E-09
   414    0.4708979873E-09
   415    0.3316661668E-09
   416    0.2455684545E-09
   417    0.2730089488E-09
   418    0.1784389303E-09
   419    0.1067058664E-09
   420    0.1085636026E-09
   421    0.1072799904E-09
   422    0.7064016039E-10
   423    0.4625344552E-10
   424    0.4646674712E-10
   425    0.3522560021E-10
   426    0.3202835219E-10
   427    0.2378622299E-10
   428    0.1242606018E-10
   429    0.1507238778E-10
   430    0.1234617963E-10
   431    0.8206768598E-11
   432    0.6993738921E-11
   433    0.4991229652E-11
   434    0.4028499756E-11
   435    0.3526845482E-11
   436    0.2187361403E-11
   437    0.1863620369E-11
   438    0.1865285704E-11
   439    0.1318500864E-11
   440    0.8141820551E-12
   441    0.5978550988E-12
   442    0.5495881528E-12
   443    0.4674038934E-12
   444    0.3914646385E-12
   445    0.2555733403E-12
   446    0.1858513343E-12
   447    0.1578182030E-12
   448    0.1143529715E-12
   449    0.8593126211E-13
   450    0.7202571872E-13
   451    0.5698219674E-13
   452    0.4785061236E-13
   453    0.2969846591E-13
   454    0.1998401444E-13
   455    0.2084443729E-13
   456    0.1454392162E-13
   457    0.9464651285E-14
   458    0.9103828802E-14
   459    0.6550315845E-14
   460    0.4607425552E-14
   461    0.3469446952E-14
   462    0.2914335440E-14
   463    0.1332267630E-14
   464    0.7771561172E-15
   465    0.1110223025E-14
   466    0.8326672685E-15
   467    0.1332267630E-14
   468    0.8881784197E-15
   469    0.9992007222E-15
   470   -0.6661338148E-15
   471    0.1110223025E-14
   472    0.6661338148E-15
   473    0.2220446049E-15
   474    0.0000000000E+00
   475    0.2220446049E-15
   476    0.2220446049E-15
   477    0.0000000000E+00
   478   -0.8881784197E-15
   479    0.2220446049E-15
   480    0.2220446049E-15
   481    0.0000000000E+00
   482    0.2220446049E-15
   483    0.0000000000E+00
   484   -0.7771561172E-15
   485    0.2220446049E-15
   486    0.3330669074E-15
   487    0.3330669074E-15
   488    0.0000000000E+00
   489    0.0000000000E+00
   490    0.2220446049E-15
   491    0.0000000000E+00
   492   -0.5551115123E-15
   493    0.2220446049E-15
   494    0.0000000000E+00
   495    0.0000000000E+00
   496    0.2220446049E-15
   497    0.2220446049E-15
   498    0.0000000000E+00
   499    0.2220446049E-15
   500    0.3571428571E+01
   501    0.3571428571E+01
   502    0.0000000000E+00
