    -1   -0.1450775854E+01
     0   -0.3326866009E+01
     1   -0.2694725156E+01
     2   -0.2632754485E+01
     3   -0.2374929699E+01
     4    0.5056271327E+01
     5    0.1591993687E+01
     6    0.3855222758E+01
     7   -0.5024160041E+00
     8    0.1015148001E+00
     9   -0.4072064988E+01
    10    0.3173687583E+00
    11    0.1575256821E+01
    12    0.5168433672E-01
    13    0.7710149191E-01
    14   -0.1044566461E+01
    15    0.2250656775E+01
    16    0.1469477439E+00
    17   -0.3672809670E+01
    18   -0.5245063219E+00
    19    0.2072913676E+01
    20   -0.2438953393E+01
    21   -0.7289771153E+00
    22    0.2276278504E+01
    23    0.1634488930E+01
    24    0.2787770509E+00
    25   -0.9439146406E+00
    26   -0.1321893624E+01
    27    0.8543401987E+00
    28    0.9293725591E+00
    29    0.3216516865E+00
    30    0.6670466932E+00
    31   -0.1565428140E+01
    32   -0.1127443724E+01
    33   -0.4139158347E+01
    34   -0.7113028190E+00
    35    0.5398123715E+01
    36   -0.4756194939E+01
    37    0.4630122640E+01
    38   -0.9952252880E+00
    39   -0.2976275283E+00
    40   -0.4168368338E+00
    41    0.2404796687E+01
    42   -0.1380029932E+00
    43    0.1221364074E+00
    44    0.6514866408E+00
    45   -0.1920582749E+01
    46   -0.4170633395E+01
    47    0.9402333062E+00
    48    0.1730269398E+01
    49    0.3537722466E+01
    50    0.4208418783E+00
    51   -0.2745187756E+01
    52   -0.1955114795E+01
    53    0.3764212456E+01
    54    0.1749603632E+01
    55   -0.4333851665E+01
    56    0.3482837185E+01
    57   -0.1723948833E+01
    58    0.6347032805E+00
    59   -0.3170383814E+01
    60    0.1536791570E+01
    61    0.1820826086E+01
    62    0.7173282065E+00
    63    0.1915768259E+01
    64   -0.1269596964E+01
    65    0.2030722023E+01
    66    0.8523042947E+00
    67   -0.6406573111E+01
    68    0.6608432777E+00
    69   -0.6323470791E+01
    70   -0.4917433655E+01
    71    0.9010673623E+01
    72    0.3166120443E-01
    73   -0.5611204782E+00
    74    0.5939883680E+01
    75   -0.3330729108E+01
    76   -0.6629217837E+00
    77    0.3361249697E+01
    78   -0.6030244680E+01
    79    0.4584431583E+01
    80   -0.5652868876E+00
    81   -0.6974255725E+00
    82    0.1146472628E-01
    83    0.2641585904E+00
    84   -0.8811575147E-01
    85   -0.1739354495E+01
    86    0.1883888605E+01
    87    0.9143496196E+00
    88   -0.4164861178E+01
    89    0.4353588310E+01
    90   -0.2184860950E+01
    91    0.2970505909E+01
    92   -0.1065830955E+01
    93    0.2083764852E+00
    94   -0.1806518245E+01
    95   -0.2742402676E+01
    96    0.7272517462E+01
    97   -0.3203931961E+01
    98    0.2391478593E+01
    99   -0.3582861968E+01
   100    0.1132160160E+01
   101    0.8941240793E+00
   102   -0.1911155396E+01
   103    0.2294699048E+00
   104    0.2226239320E+01
   105    0.3583386899E-01
   106   -0.2947814522E+01
   107   -0.9268589208E+00
   108   -0.4200013243E+01
   109    0.3879306374E+01
   110    0.1008144476E+01
   111    0.3183299198E+01
   112   -0.6935001842E+00
   113   -0.1190238078E+01
   114   -0.1199642964E+01
   115   -0.2446824650E+01
   116    0.3918054393E+00
   117    0.1906408352E+01
   118   -0.5338742850E+00
   119    0.1314314433E+01
   120   -0.4342107048E+00
   121   -0.6002070468E-01
   122    0.1753599434E+01
   123    0.2481696096E+00
   124   -0.9974425447E+00
   125    0.8073788119E+00
   126   -0.1308700677E+01
   127   -0.6044987734E+00
   128    0.2164567517E+01
   129   -0.2572556745E+01
   130    0.4197978689E+01
   131   -0.7086715179E+01
   132    0.6096915770E+01
   133    0.1112758058E+01
   134   -0.3553739692E+01
   135    0.1327301007E+01
   136   -0.6918564974E+00
   137   -0.7458458827E+00
   138    0.4252760493E+01
   139   -0.2266744924E+01
   140   -0.3927781918E+01
   141    0.2043731657E+01
   142   -0.2793850365E+01
   143    0.3669899399E+01
   144    0.1662773464E+01
   145   -0.2460468684E+01
   146    0.1611052497E+01
   147   -0.1950850454E+01
   148    0.9843977309E+00
   149   -0.5413608063E-01
   150   -0.1065593880E+01
   151    0.1904097388E+01
   152   -0.2031131560E+00
   153   -0.1428315976E+01
   154   -0.1571565286E+01
   155    0.4141734254E+01
   156   -0.3872414057E+01
   157    0.3073813868E+01
   158    0.1741091101E+01
   159   -0.3951863131E+01
   160    0.1125512664E+01
   161    0.2055176809E+01
   162   -0.2107240444E+01
   163    0.5130995332E+00
   164    0.8696000300E+00
   165    0.4452616442E+00
   166   -0.1993070155E+01
   167   -0.1095698565E+01
   168    0.3476989619E+01
   169   -0.6032973202E+00
   170   -0.2426208639E+01
   171   -0.1030057308E+00
   172    0.1158446408E+01
   173    0.1437743204E+01
   174   -0.3986502421E+01
   175   -0.1598689089E+01
   176    0.3115279445E+01
   177    0.5180683883E+00
   178   -0.2772471325E+01
   179    0.4272796556E+00
   180    0.2216157210E+01
   181    0.4548291405E+00
   182   -0.5432754527E+00
   183   -0.3325774505E+00
   184    0.9309759873E+00
   185    0.1242949257E+01
   186   -0.1425872545E+01
   187    0.1423783428E+01
   188    0.1241251836E+00
   189   -0.1854298545E+01
   190    0.2158277934E+01
   191    0.1851969844E+01
   192   -0.4854404162E+01
   193    0.1104392163E+01
   194    0.5501747230E+00
   195   -0.1500086570E+00
   196    0.3173723638E+01
   197   -0.2881408260E+01
   198   -0.1907170963E+01
   199    0.2308425462E+01
   200   -0.1405878611E+01
   201    0.9128805765E+00
   202   -0.2433725813E+01
   203    0.1059549861E+00
   204   -0.2642890602E+01
   205    0.1910691855E+00
   206    0.4943282505E+01
   207    0.7599530354E+00
   208   -0.1665978103E+01
   209    0.3170087417E+01
   210   -0.1811348515E+01
   211   -0.2463596446E+01
   212   -0.2511045013E+00
   213    0.1983824252E+01
   214   -0.1710515595E+01
   215    0.4441430984E+00
   216   -0.1289665780E+01
   217    0.3106390458E+01
   218    0.3498970376E+00
   219    0.3362065870E+00
   220    0.3841758191E-01
   221   -0.7379808226E+00
   222   -0.1645952032E+01
   223   -0.4857194393E+00
   224    0.2472969816E+01
   225    0.8225684884E+00
   226    0.1398799699E+00
   227   -0.3246583087E+00
   228   -0.1969908287E+01
   229   -0.3103470167E+01
   230    0.2350407140E+01
   231    0.1701078873E+01
   232    0.6295564183E+00
   233    0.1075043827E+01
   234   -0.2637704051E+01
   235   -0.1154058805E+01
   236    0.1247348596E+01
   237   -0.8227582595E+00
   238   -0.2216759984E+00
   239    0.4805244539E+00
   240   -0.1346309919E+01
   241    0.7966148783E+00
   242    0.9925554112E+00
   243    0.2611329854E+00
   244    0.7330821029E+00
   245   -0.1573574752E+01
   246   -0.1073336925E+01
   247    0.1436963656E+01
   248    0.1687121710E+00
   249   -0.1476517711E+01
   250    0.5728434554E+00
   251    0.1462720725E+01
   252   -0.1530544995E+00
   253   -0.1431059014E+01
   254    0.3094671999E+00
   255    0.1215172440E+01
   256   -0.5967878630E+00
   257   -0.9003723176E+00
   258    0.2424219723E+00
   259   -0.2359433310E+00
   260    0.5348166239E+00
   261    0.7408925171E+00
   262   -0.5047917728E+00
   263   -0.7009692982E+00
   264    0.2962781620E+00
   265    0.7897321002E+00
   266   -0.1995285826E-01
   267   -0.7187004532E+00
   268   -0.4655697727E+00
   269    0.5789696233E+00
   270   -0.1235854478E+00
   271   -0.3002385169E+00
   272    0.3484915725E+00
   273    0.7296208839E-01
   274   -0.2411638162E+00
   275    0.1840018646E+00
   276    0.1804597654E+00
   277   -0.2213777727E+00
   278   -0.1088562242E+00
   279    0.1830861134E+00
   280    0.8445102710E-01
   281   -0.1144615026E+00
   282   -0.6078696361E-01
   283    0.9721626184E-01
   284    0.7411348666E-01
   285   -0.1441528090E+00
   286   -0.4954412431E-01
   287    0.1427482034E+00
   288    0.1413744383E-01
   289   -0.2547567762E-01
   290   -0.1692258618E-01
   291   -0.1061666375E-02
   292    0.7059384576E-02
   293    0.9676112607E-02
   294    0.1154382631E-01
   295   -0.4141049817E-03
   296   -0.7804743243E-02
   297    0.2356985700E-02
   298    0.7884849847E-02
   299    0.1445669158E-02
   300   -0.1607662739E-02
   301    0.5070030591E-02
   302    0.2687699039E-02
   303   -0.2358577941E-02
   304    0.1347382871E-02
   305    0.4358787322E-02
   306    0.1849376802E-02
   307   -0.3672935493E-03
   308    0.1428071808E-02
   309    0.1604662485E-02
   310    0.7266913390E-03
   311    0.9867628872E-03
   312    0.1234931111E-02
   313    0.5188687731E-03
   314    0.8902404779E-04
   315    0.6165596014E-03
   316    0.1108406069E-02
   317    0.9422133609E-03
   318    0.2223186413E-03
   319    0.3047124911E-03
   320    0.4393343072E-03
   321    0.3445226840E-03
   322    0.6090850623E-03
   323    0.3161270335E-03
   324    0.2864888851E-05
   325    0.2411679515E-03
   326    0.3458604238E-03
   327    0.2504479104E-03
   328    0.1381095275E-03
   329    0.3830711819E-04
   330    0.2242857089E-03
   331    0.2275904400E-03
   332    0.6401692139E-04
   333    0.1187600346E-03
   334    0.1482766037E-03
   335    0.2070329061E-04
   336    0.3613380352E-04
   337    0.1288548168E-03
   338    0.4516587359E-04
   339    0.2749298162E-04
   340    0.6081235249E-04
   341    0.3907713259E-04
   342    0.3949835209E-04
   343    0.2924538318E-04
   344    0.2387263015E-04
   345    0.1910030768E-04
   346    0.1886272678E-04
   347    0.1846699018E-04
   348    0.1400942541E-04
   349    0.2135018514E-04
   350    0.1446741789E-04
   351    0.4134586495E-05
   352    0.8338509856E-05
   353    0.9628612814E-05
   354    0.2107570467E-05
   355    0.4127011377E-05
   356    0.7220456138E-05
   357    0.6112888732E-05
   358    0.3353147112E-05
   359    0.1913741190E-05
   360    0.2681378699E-05
   361    0.2028518553E-05
   362    0.1821299673E-05
   363    0.1809844428E-05
   364    0.1901395974E-05
   365    0.1033563332E-05
   366    0.7073175559E-06
   367    0.7414278040E-06
   368    0.7516084790E-06
   369    0.7442052490E-06
   370    0.3802665367E-06
   371    0.2949694116E-06
   372    0.3842384755E-06
   373    0.4004149479E-06
   374    0.2927244608E-06
   375    0.2320315562E-06
   376    0.1624415360E-06
   377    0.1018746341E-06
   378    0.9877043805E-07
   379    0.1154421800E-06
   380    0.1228572821E-06
   381    0.7535140811E-07
   382    0.4148695054E-07
   383    0.3521927058E-07
   384    0.3468553444E-07
   385    0.4360971592E-07
   386    0.3543897664E-07
   387    0.1914670866E-07
   388    0.1785312431E-07
   389    0.1649253742E-07
   390    0.9413914093E-08
   391    0.1070570055E-07
   392    0.9860653405E-08
   393    0.6515616824E-08
   394    0.5031194794E-08
   395    0.5291101335E-08
   396    0.2870538474E-08
   397    0.2091602030E-08
   398    0.4014264143E-08
   399    0.3030271228E-08
   400    0.8263167928E-09
   401    0.1052547605E-08
   402    0.1193914856E-08
   403    0.8189416367E-09
   404    0.7785232459E-09
   405    0.5124907165E-09
   406    0.4496485406E-09
   407    0.4268929654E-09
   408    0.2211554273E-09
   409    0.2911703101E-09
   410    0.2284423761E-09
   411    0.1099285940E-09
   412    0.9899037146E-10
   413    0.1182288156E-09
   414    0.8771344762E-10
   415    0.4533151632E-10
   416    0.4833622391E-10
   417    0.3880878952E-10
   418    0.3310388075E-10
   419    0.2980438119E-10
   420    0.1304259478E-10
   421    0.1356537105E-10
   422    0.1490882418E-10
   423    0.9115375121E-11
   424    0.7396971924E-11
   425    0.5814015935E-11
   426    0.3966799111E-11
   427    0.3933298132E-11
   428    0.2601918681E-11
   429    0.1749489442E-11
   430    0.1981748099E-11
   431    0.1630223734E-11
   432    0.9253431354E-12
   433    0.6081801729E-12
   434    0.5413447468E-12
   435    0.4944933352E-12
   436    0.4560796185E-12
   437    0.2990940828E-12
   438    0.1966482532E-12
   439    0.1682820550E-12
   440    0.1307842723E-12
   441    0.8859579737E-13
   442    0.7771561172E-13
   443    0.6372680161E-13
   444    0.5315192730E-13
   445    0.3827493877E-13
   446    0.1892930257E-13
   447    0.2026157020E-13
   448    0.1776356839E-13
   449    0.1021405183E-13
   450    0.9797718192E-14
   451    0.6439293543E-14
   452    0.4912736884E-14
   453    0.3913536162E-14
   454    0.2858824288E-14
   455    0.3136380045E-14
   456    0.1165734176E-14
   457    0.4440892099E-15
   458    0.9992007222E-15
   459    0.1554312234E-14
   460   -0.1193489751E-14
   461   -0.1387778781E-15
   462    0.6661338148E-15
   463    0.5551115123E-15
   464   -0.2220446049E-15
   465    0.1554312234E-14
   466    0.0000000000E+00
   467    0.0000000000E+00
   468    0.0000000000E+00
   469   -0.6661338148E-15
   470    0.2220446049E-15
   471    0.2220446049E-15
   472    0.0000000000E+00
   473   -0.8881784197E-15
   474   -0.8881784197E-15
   475    0.2220446049E-15
   476    0.2220446049E-15
   477    0.2220446049E-15
   478    0.0000000000E+00
   479    0.0000000000E+00
   480    0.2220446049E-15
   481    0.2220446049E-15
   482    0.1110223025E-15
   483    0.0000000000E+00
   484    0.0000000000E+00
   485   -0.6661338148E-15
   486    0.0000000000E+00
   487   -0.8881784197E-15
   488    0.2220446049E-15
   489    0.0000000000E+00
   490   -0.6661338148E-15
   491    0.2220446049E-15
   492   -0.8881784197E-15
   493   -0.8881784197E-15
   494    0.2220446049E-15
   495    0.2220446049E-15
   496    0.2220446049E-15
   497   -0.2220446049E-15
   498    0.2220446049E-15
   499   -0.8881784197E-15
   500    0.3571428571E+01
   501    0.3571428571E+01
   502    0.0000000000E+00
