    -1    0.0000000000E+00
     0   -0.4079740713E+01
     1   -0.3082785301E+01
     2   -0.5165815953E-01
     3    0.4053537677E-01
     4    0.3685386632E-01
     5   -0.3313617131E-01
     6    0.3243531170E-01
     7    0.3010429272E-01
     8   -0.1500668592E-01
     9    0.1855966162E-01
    10    0.2258759997E-01
    11    0.2249007117E-02
    12    0.1373924267E-02
    13    0.1235436118E-01
    14    0.1968355029E-01
    15   -0.1752275328E-01
    16   -0.1800050864E-02
    17    0.3981194149E-01
    18   -0.3941789347E-01
    19   -0.1547732856E-01
    20    0.5846089296E-01
    21   -0.5852941785E-01
    22   -0.3017030692E-01
    23    0.7640631671E-01
    24   -0.7312699528E-01
    25   -0.4540124687E-01
    26    0.9587613912E-01
    27   -0.8695930381E-01
    28   -0.5435710070E-01
    29    0.1129437862E+00
    30   -0.9937999808E-01
    31   -0.5387702574E-01
    32    0.1235700501E+00
    33   -0.1065016817E+00
    34   -0.4674785305E-01
    35    0.1277172031E+00
    36   -0.1064016162E+00
    37   -0.3738376951E-01
    38    0.1289597509E+00
    39   -0.1030846021E+00
    40   -0.2457202732E-01
    41    0.1252637408E+00
    42   -0.9545490112E-01
    43   -0.1210526465E-01
    44    0.1184613726E+00
    45   -0.8531572796E-01
    46   -0.2036998067E-02
    47    0.1101267235E+00
    48   -0.7550044779E-01
    49    0.5635773674E-02
    50    0.1000126322E+00
    51   -0.6710579126E-01
    52    0.1042787747E-01
    53    0.8838795503E-01
    54   -0.6150284448E-01
    55    0.1370234604E-01
    56    0.7392791906E-01
    57   -0.5789887629E-01
    58    0.1615555329E-01
    59    0.5542868216E-01
    60   -0.5308812324E-01
    61    0.1589022714E-01
    62    0.3394275285E-01
    63   -0.4365206309E-01
    64    0.9523891537E-02
    65    0.1536201688E-01
    66   -0.3351729344E-01
    67    0.1408155447E-02
    68   -0.5838166377E-03
    69   -0.2197189560E-01
    70   -0.7319648418E-02
    71   -0.1283034863E-01
    72   -0.8762332560E-02
    73   -0.1574311127E-01
    74   -0.2183605482E-01
    75    0.8789737319E-02
    76   -0.2693994878E-01
    77   -0.2459678998E-01
    78    0.2930665290E-01
    79   -0.4195857379E-01
    80   -0.1800900840E-01
    81    0.4649409656E-01
    82   -0.5388983634E-01
    83   -0.9777214453E-02
    84    0.6486743147E-01
    85   -0.6655420036E-01
    86    0.8614167150E-03
    87    0.8312684454E-01
    88   -0.8173169821E-01
    89    0.1605127310E-01
    90    0.9495503655E-01
    91   -0.9386772722E-01
    92    0.3095607632E-01
    93    0.9836102187E-01
    94   -0.9763464335E-01
    95    0.3727858037E-01
    96    0.9874971649E-01
    97   -0.9694627762E-01
    98    0.3641552427E-01
    99    0.9520563242E-01
   100   -0.9227680466E-01
   101    0.2923106700E-01
   102    0.8767959021E-01
   103   -0.8427931326E-01
   104    0.1741613215E-01
   105    0.7636249982E-01
   106   -0.7269591026E-01
   107    0.8827317555E-03
   108    0.6568353225E-01
   109   -0.6194419562E-01
   110   -0.1503789231E-01
   111    0.5492195166E-01
   112   -0.5175521209E-01
   113   -0.2825887307E-01
   114    0.4588358973E-01
   115   -0.4507391979E-01
   116   -0.3287860158E-01
   117    0.3511637551E-01
   118   -0.3864097036E-01
   119   -0.3010593656E-01
   120    0.2340229331E-01
   121   -0.3070849597E-01
   122   -0.2252113264E-01
   123    0.1218212278E-01
   124   -0.2018837619E-01
   125   -0.1367384232E-01
   126    0.4112470479E-02
   127   -0.9040353213E-02
   128   -0.4066589473E-02
   129   -0.2035079565E-02
   130    0.4367088796E-02
   131    0.1597831436E-02
   132   -0.3735690532E-02
   133    0.1779646685E-01
   134    0.2350777251E-02
   135   -0.1918782364E-02
   136    0.3124155720E-01
   137   -0.4059376377E-02
   138    0.4489014544E-02
   139    0.4114000431E-01
   140   -0.1475103000E-01
   141    0.1217970308E-01
   142    0.4733327466E-01
   143   -0.2799976692E-01
   144    0.1807146113E-01
   145    0.5187060794E-01
   146   -0.4557192823E-01
   147    0.2473882317E-01
   148    0.5131205526E-01
   149   -0.6249825554E-01
   150    0.2953537140E-01
   151    0.4638749021E-01
   152   -0.7564957563E-01
   153    0.3042775164E-01
   154    0.3956819741E-01
   155   -0.8325368899E-01
   156    0.2648357237E-01
   157    0.3350255251E-01
   158   -0.8658208932E-01
   159    0.2160713918E-01
   160    0.2702306744E-01
   161   -0.8397309935E-01
   162    0.1551060673E-01
   163    0.2072973534E-01
   164   -0.7401984582E-01
   165    0.9494373191E-02
   166    0.1538303200E-01
   167   -0.6011251184E-01
   168    0.3860828626E-02
   169    0.1218181221E-01
   170   -0.4161115443E-01
   171   -0.1006356655E-02
   172    0.1121937268E-01
   173   -0.2369662699E-01
   174   -0.5683541295E-02
   175    0.1213640906E-01
   176   -0.6483209488E-02
   177   -0.1373840139E-01
   178   -0.6880356596E-02
   179    0.3989483967E-01
   180   -0.1746933652E-01
   181    0.2296073279E-01
   182    0.1564476504E-01
   183   -0.1278281259E-01
   184    0.1980978989E-01
   185    0.2373970073E-01
   186   -0.6362271324E-02
   187    0.5562878280E-02
   188    0.2364811918E-01
   189    0.3084190179E-02
   190   -0.4989178456E-02
   191    0.2013386674E-01
   192    0.7519446751E-02
   193   -0.1612407669E-01
   194    0.1715465176E-01
   195    0.1275772063E-01
   196   -0.3303720688E-01
   197    0.8655699832E-02
   198    0.1615800588E-01
   199   -0.3904575381E-01
   200    0.5562763648E-02
   201    0.2244485379E-01
   202   -0.4639624081E-01
   203   -0.8014715241E-02
   204    0.1602530564E-01
   205   -0.4361608709E-01
   206   -0.1877153323E-01
   207    0.7692041679E-02
   208   -0.1921070958E-01
   209    0.1160468716E-02
   210    0.1045553844E-01
   211   -0.2223146956E-01
   212   -0.4933492997E-02
   213    0.5550785453E-02
   214   -0.8546430149E-02
   215    0.6060022409E-02
   216    0.1083340320E-01
   217    0.3107970431E-02
   218    0.9161526288E-03
   219   -0.5817446190E-02
   220    0.5747605560E-01
   221    0.5078595568E-03
   222    0.2320812961E-01
   223    0.2317058099E-01
   224    0.1226623590E-01
   225    0.2560990379E-01
   226    0.2250487577E-01
   227    0.1914675948E-01
   228    0.2990877414E-01
   229    0.2270938288E-01
   230   -0.1077779721E-01
   231    0.5544550619E-01
   232    0.2601151598E-01
   233    0.3063526627E-01
   234    0.1226982402E-01
   235    0.1913359899E-01
   236    0.3478758684E-01
   237   -0.2947604807E-02
   238   -0.3756028544E-01
   239    0.1836369924E-01
   240    0.7387256394E-01
   241    0.1660319622E-02
   242    0.1822573334E-01
   243   -0.7967053732E-02
   244   -0.6155783846E-01
   245   -0.1157663105E-01
   246    0.9797055940E-01
   247   -0.2964085632E-02
   248   -0.1192837702E-01
   249   -0.6209819932E-02
   250   -0.8608592252E-01
   251   -0.2113445649E-02
   252    0.6945355588E-01
   253    0.5586082292E-02
   254   -0.3816525791E-01
   255   -0.6450762381E-02
   256   -0.2488603707E-01
   257   -0.9536143350E-01
   258    0.5469714355E-01
   259    0.3397197542E-01
   260   -0.5082843932E-01
   261   -0.2252858827E-01
   262    0.1763881694E-01
   263   -0.4359397759E-01
   264   -0.2947632561E-01
   265    0.1147575474E-01
   266   -0.3017303400E-01
   267   -0.2506796239E-01
   268    0.1817312751E-02
   269   -0.2247468959E-01
   270   -0.1823511914E-01
   271   -0.2104702666E-02
   272   -0.2555281060E-01
   273   -0.1560854318E-01
   274    0.2001295085E-02
   275   -0.1408620577E-01
   276   -0.3004506462E-01
   277   -0.2291702030E-02
   278   -0.7819727575E-02
   279    0.2734675341E-02
   280   -0.8615943805E-02
   281   -0.1665663819E-01
   282   -0.3539697396E-02
   283   -0.2346233291E-02
   284   -0.9713089898E-02
   285   -0.2176553439E-02
   286   -0.2511202512E-02
   287   -0.8738912365E-02
   288   -0.6730687208E-03
   289   -0.1965800857E-02
   290   -0.7880278106E-02
   291    0.1872523130E-02
   292    0.6540896290E-02
   293   -0.2374405432E-02
   294   -0.1698159356E-01
   295   -0.6621778374E-03
   296    0.1790792761E-01
   297    0.1290537636E-03
   298    0.1558454127E-02
   299    0.3325519974E-02
   300    0.2239516727E-02
   301    0.1739579830E-02
   302    0.4549160533E-02
   303    0.4547709324E-02
   304    0.1182870171E-02
   305    0.2859376592E-02
   306    0.5429158043E-02
   307    0.3808252457E-02
   308    0.2640189359E-02
   309    0.3111768661E-02
   310    0.4286736218E-02
   311    0.3675833072E-02
   312   -0.3563434381E-03
   313   -0.7593596250E-02
   314    0.1750777790E-01
   315    0.4368568981E-02
   316    0.4042611244E-02
   317    0.2421898860E-02
   318    0.2209120912E-02
   319    0.3137265509E-02
   320    0.3141567731E-02
   321    0.3284741922E-02
   322    0.2760050512E-02
   323    0.2049341558E-02
   324    0.2130834265E-02
   325    0.2581343275E-02
   326    0.2312610889E-02
   327    0.1780233908E-02
   328    0.2085390502E-02
   329    0.1944289326E-02
   330    0.1488855108E-02
   331    0.1523494701E-02
   332    0.1679377186E-02
   333    0.1522738954E-02
   334    0.1199932434E-02
   335    0.1181267961E-02
   336    0.1201627663E-02
   337    0.1048197259E-02
   338    0.9326556761E-03
   339    0.9313793988E-03
   340    0.8227957662E-03
   341    0.6741811378E-03
   342    0.6885636290E-03
   343    0.6775603015E-03
   344    0.5998901641E-03
   345    0.5206614157E-03
   346    0.4702821060E-03
   347    0.4247621629E-03
   348    0.3893771613E-03
   349    0.3913077046E-03
   350    0.3267297649E-03
   351    0.2632496583E-03
   352    0.2626643648E-03
   353    0.2486038827E-03
   354    0.2153169812E-03
   355    0.1909957842E-03
   356    0.1600830101E-03
   357    0.1549159461E-03
   358    0.1477820929E-03
   359    0.1194766346E-03
   360    0.1078072252E-03
   361    0.1020978866E-03
   362    0.8182945949E-04
   363    0.7028955150E-04
   364    0.7201754594E-04
   365    0.6015869871E-04
   366    0.4971396650E-04
   367    0.4698702949E-04
   368    0.4069429406E-04
   369    0.3609940912E-04
   370    0.3113279587E-04
   371    0.2699703859E-04
   372    0.2332858716E-04
   373    0.2071540295E-04
   374    0.1832080941E-04
   375    0.1545935676E-04
   376    0.1442923615E-04
   377    0.1240026577E-04
   378    0.9765829881E-05
   379    0.8788857221E-05
   380    0.7980912335E-05
   381    0.6243699178E-05
   382    0.5566900971E-05
   383    0.5148666590E-05
   384    0.4400195104E-05
   385    0.3695996902E-05
   386    0.3009705653E-05
   387    0.2649164266E-05
   388    0.2275382814E-05
   389    0.1940987499E-05
   390    0.1656236393E-05
   391    0.1466055242E-05
   392    0.1208006538E-05
   393    0.9824823214E-06
   394    0.8502972005E-06
   395    0.7311800265E-06
   396    0.6341897747E-06
   397    0.5135189949E-06
   398    0.4222289906E-06
   399    0.3669742289E-06
   400    0.3229200732E-06
   401    0.2660041771E-06
   402    0.2194027292E-06
   403    0.1834473124E-06
   404    0.1481240776E-06
   405    0.1247329559E-06
   406    0.1070291551E-06
   407    0.9208321181E-07
   408    0.7480547509E-07
   409    0.6003552164E-07
   410    0.4932957842E-07
   411    0.4104093757E-07
   412    0.3551825595E-07
   413    0.2984313777E-07
   414    0.2346880232E-07
   415    0.1926686077E-07
   416    0.1625897597E-07
   417    0.1293148807E-07
   418    0.1076851705E-07
   419    0.9059381051E-08
   420    0.7253711132E-08
   421    0.5846607865E-08
   422    0.4920607838E-08
   423    0.3913481122E-08
   424    0.3081680938E-08
   425    0.2721112363E-08
   426    0.2271455884E-08
   427    0.1665866445E-08
   428    0.1350377032E-08
   429    0.1143254713E-08
   430    0.9083687413E-09
   431    0.7414432401E-09
   432    0.5920226254E-09
   433    0.4752212512E-09
   434    0.3911467539E-09
   435    0.3016990546E-09
   436    0.2504293162E-09
   437    0.2031866619E-09
   438    0.1554305018E-09
   439    0.1232045577E-09
   440    0.1024171303E-09
   441    0.8206588187E-10
   442    0.6254161078E-10
   443    0.5039196838E-10
   444    0.4040190404E-10
   445    0.3193553755E-10
   446    0.2595132442E-10
   447    0.1959907237E-10
   448    0.1537567296E-10
   449    0.1273561812E-10
   450    0.9820089186E-11
   451    0.7658179646E-11
   452    0.6064676539E-11
   453    0.4688416322E-11
   454    0.3727212983E-11
   455    0.2906036523E-11
   456    0.2227856788E-11
   457    0.1776939706E-11
   458    0.1421779361E-11
   459    0.1072392175E-11
   460    0.8130440765E-12
   461    0.6386002838E-12
   462    0.5033473638E-12
   463    0.3959610417E-12
   464    0.3046451980E-12
   465    0.2304545443E-12
   466    0.1782740622E-12
   467    0.1393052340E-12
   468    0.1025013407E-12
   469    0.8204548152E-13
   470    0.6153411114E-13
   471    0.4735101200E-13
   472    0.3969047313E-13
   473    0.2584044090E-13
   474    0.2164934898E-13
   475    0.1790234627E-13
   476    0.1221245327E-13
   477    0.9131584378E-14
   478    0.6522560270E-14
   479    0.5634381850E-14
   480    0.4191091918E-14
   481    0.4135580767E-14
   482    0.2442490654E-14
   483    0.1915134717E-14
   484    0.8049116929E-15
   485    0.1693090113E-14
   486    0.1526556659E-14
   487    0.6938893904E-15
   488   -0.2498001805E-15
   489    0.4440892099E-15
   490    0.6661338148E-15
   491    0.3330669074E-15
   492    0.2220446049E-15
   493    0.0000000000E+00
   494    0.0000000000E+00
   495    0.2220446049E-15
   496    0.2220446049E-15
   497    0.0000000000E+00
   498    0.0000000000E+00
   499    0.0000000000E+00
   500    0.3571428571E+01
   501    0.3571428571E+01
   502    0.0000000000E+00
