    -1   -0.2083637818E+01
     0   -0.7470072283E+00
     1    0.3723434405E+00
     2    0.6641642397E+00
     3   -0.4409456228E-01
     4   -0.1223017445E+01
     5    0.2115132117E+01
     6   -0.3511931887E+01
     7    0.3544791297E+01
     8   -0.2159236089E+01
     9    0.6258379155E+00
    10    0.1320874959E-01
    11    0.4717711504E+00
    12   -0.1768846874E+01
    13    0.1122684698E+01
    14   -0.1478381995E+00
    15   -0.9771996661E+00
    16    0.2014255575E+01
    17   -0.5406753062E+00
    18   -0.1024507128E+00
    19    0.9558490525E+00
    20   -0.3829019682E+00
    21   -0.4187067448E+00
    22    0.4577633931E+00
    23    0.2647687876E+00
    24   -0.1586783761E+01
    25    0.5256911148E+00
    26   -0.4937793119E+00
    27    0.1992804476E+01
    28   -0.1694246120E+01
    29    0.1330859554E+01
    30   -0.3711642411E+00
    31   -0.5937757425E+00
    32    0.1982538517E+01
    33   -0.1766264240E+01
    34    0.5472912788E+00
    35    0.1039165066E+01
    36   -0.4470504853E+00
    37   -0.2521440770E+01
    38    0.1851561555E+01
    39    0.3395344516E+00
    40   -0.9083144690E+00
    41    0.7166762567E-01
    42    0.6218046716E+00
    43    0.4804965170E+00
    44    0.3929620780E+00
    45   -0.1136265269E+01
    46    0.1102072006E+01
    47    0.8717705979E-02
    48   -0.9266458762E+00
    49    0.1764571173E+00
    50   -0.2282011958E+00
    51    0.8317083915E+00
    52   -0.4552529829E+00
    53   -0.3986885280E+00
    54    0.8632443634E+00
    55   -0.2912252618E+00
    56   -0.7675754047E+00
    57    0.1119977828E+01
    58    0.2973188222E+00
    59   -0.2683933361E+01
    60    0.1220976364E+01
    61    0.5060744070E+00
    62    0.4941428984E+00
    63    0.3363824695E-01
    64   -0.1334541461E+01
    65    0.3276711396E+00
    66    0.7565336135E+00
    67   -0.3543432797E+00
    68    0.3034466044E+00
    69   -0.5217432926E-02
    70   -0.1191236611E+01
    71    0.1375532109E+01
    72   -0.1930730285E+01
    73    0.2116510383E+01
    74   -0.1665113579E+00
    75   -0.1058353532E+01
    76   -0.4305439410E-01
    77    0.7811894932E+00
    78   -0.5710483092E+00
    79   -0.7655088611E+00
    80    0.1181301594E+01
    81   -0.5776934361E-01
    82    0.4503838766E+00
    83   -0.1352594510E+01
    84    0.5895380369E+00
    85    0.8367845580E+00
    86   -0.2477172587E+01
    87    0.2230015036E+01
    88   -0.8280965635E-01
    89    0.1440051174E-01
    90   -0.4608597929E+00
    91    0.3817401452E+00
    92    0.1940127110E+00
    93    0.4153054706E+00
    94   -0.1223431770E+01
    95    0.1775693587E+00
    96   -0.1886757396E+00
    97    0.1555331565E+00
    98   -0.7662179157E+00
    99    0.9139890585E+00
   100   -0.7161216149E+00
   101   -0.1212833886E+01
   102   -0.8950871236E+00
   103    0.2581376098E+01
   104   -0.1490099794E+00
   105    0.5167892781E+00
   106   -0.4427117437E-02
   107   -0.3137347479E+01
   108    0.2879601559E+01
   109   -0.1158823486E+01
   110    0.1332899714E+01
   111    0.1594088581E+01
   112   -0.2573540492E+01
   113   -0.2495202208E+01
   114    0.2747338883E+01
   115    0.4160942474E+00
   116   -0.1038803254E+01
   117    0.5952970779E+00
   118    0.7819893683E+00
   119   -0.1376038161E+01
   120   -0.1688445987E+00
   121   -0.6595485293E+01
   122    0.3330915026E+00
   123    0.5817039127E+01
   124   -0.1404441367E+01
   125    0.2831486747E+01
   126   -0.1494416658E+01
   127   -0.2666003911E+01
   128   -0.4238066587E-01
   129    0.1389950518E+01
   130    0.2931084505E+01
   131   -0.4163735370E+01
   132   -0.3461661417E+00
   133    0.9683545107E-01
   134   -0.2761889959E+01
   135    0.3677326158E+01
   136   -0.1882480775E+01
   137    0.3150620961E+01
   138   -0.3792517989E+01
   139    0.3503069491E+01
   140    0.3428722333E+00
   141   -0.2013767393E+01
   142    0.3217284627E+01
   143   -0.9929069880E+00
   144   -0.1539390780E+01
   145    0.9844875829E+00
   146   -0.8244308770E+00
   147    0.2547014651E+01
   148    0.1511288665E+01
   149   -0.2934055295E+01
   150   -0.4588534856E+00
   151    0.1467760212E+00
   152    0.3649903474E+01
   153    0.1148647664E-01
   154   -0.3341645693E+01
   155    0.1395751995E+01
   156   -0.2133075442E+01
   157    0.3386975179E+01
   158    0.6696448896E+00
   159   -0.2901786435E+01
   160    0.9804637408E+00
   161   -0.2027004573E+01
   162    0.2678576793E+01
   163    0.8548273683E+00
   164   -0.2222925487E+01
   165    0.6070724784E+00
   166   -0.6022380197E+00
   167    0.5026908631E+00
   168   -0.2943645434E+00
   169    0.5351412408E+00
   170   -0.1508513473E+01
   171    0.1242900739E+01
   172    0.6146880417E-01
   173   -0.2543499258E+01
   174    0.4225128579E+01
   175   -0.2738912428E+01
   176    0.1983192476E+01
   177   -0.1813400510E+01
   178   -0.3044899919E+01
   179    0.4544986987E+01
   180   -0.1536986383E+01
   181    0.1017828310E+01
   182   -0.5489201430E+01
   183    0.3928289534E+01
   184   -0.5135463334E+00
   185   -0.9102546313E+01
   186    0.2661780060E+01
   187    0.3804365175E+01
   188   -0.3272557198E+00
   189    0.4810714701E+00
   190    0.7435632089E+00
   191    0.2126759801E+00
   192    0.1934478906E+01
   193    0.1056967483E+01
   194   -0.1894123284E+01
   195    0.6826131435E+00
   196    0.1042049017E+01
   197   -0.7245615164E+00
   198    0.2327241313E+01
   199    0.3457768685E+00
   200   -0.2688660087E+01
   201    0.1402467905E+01
   202   -0.8035183862E+00
   203    0.2021833906E+01
   204   -0.8904551615E-01
   205   -0.1959539543E+01
   206    0.1555640402E+01
   207   -0.1243610028E+01
   208    0.2563058453E+01
   209   -0.1472300134E+01
   210   -0.2156696784E+00
   211   -0.7912046652E+00
   212    0.8998477823E+00
   213    0.1051891112E+01
   214   -0.1080712591E+01
   215    0.1057989739E+01
   216   -0.2451776945E+01
   217    0.3142529742E+01
   218   -0.2790467887E+01
   219    0.1596318919E+01
   220   -0.9317597412E+00
   221   -0.1723645007E+01
   222    0.2815641683E+01
   223   -0.2732539568E+01
   224    0.2775673093E+00
   225    0.6975578437E+00
   226   -0.2230057851E+01
   227   -0.3549629865E+01
   228    0.1129493068E+00
   229    0.3352584027E+01
   230    0.6847539936E+00
   231   -0.4084394292E+00
   232   -0.5447226075E+01
   233   -0.5727700098E+01
   234    0.8002554005E+01
   235    0.2589555205E+01
   236    0.5477107542E-01
   237   -0.5200617380E-01
   238   -0.1238565383E+01
   239   -0.1760520272E+01
   240   -0.2259525342E+00
   241    0.1543736624E+01
   242    0.1174108787E+01
   243    0.2833166944E+00
   244   -0.1264676472E+01
   245   -0.4583252228E+00
   246    0.5284356690E+00
   247    0.7967927539E+00
   248    0.5578283146E+00
   249    0.2813789651E+00
   250   -0.6792100087E-01
   251   -0.9618872368E+00
   252   -0.4279032756E+00
   253    0.5789728739E+00
   254    0.5722305503E+00
   255   -0.4299257627E+00
   256   -0.7007349869E+00
   257    0.6592629789E-01
   258    0.2704386702E+00
   259   -0.1035903467E+00
   260   -0.2906145491E-01
   261    0.1983339480E+00
   262   -0.1156651933E+00
   263   -0.1017526352E+00
   264    0.3130344849E+00
   265    0.6008333932E-01
   266   -0.3544661755E+00
   267   -0.2956899705E-01
   268    0.3026610947E+00
   269   -0.3879938296E-02
   270   -0.2741441313E+00
   271    0.4332938911E-01
   272    0.2843670963E+00
   273   -0.5959534992E-01
   274   -0.2477376135E+00
   275    0.8936395434E-01
   276    0.1393758144E+00
   277   -0.2892370844E-01
   278   -0.4687539989E-01
   279    0.1793167362E-02
   280    0.1527115018E-01
   281    0.1635009991E-01
   282    0.2173973493E-01
   283   -0.1730683629E-02
   284   -0.2032181511E-01
   285   -0.8223607843E-04
   286    0.1593130770E-01
   287    0.2668725994E-02
   288   -0.7205328329E-02
   289    0.7278858271E-02
   290    0.6182339294E-02
   291   -0.6475141835E-02
   292   -0.3122851691E-03
   293    0.7499053772E-02
   294    0.2464578623E-02
   295   -0.1897468803E-02
   296    0.1630013933E-02
   297    0.1999262915E-02
   298    0.3689625743E-03
   299    0.1117296097E-02
   300    0.1478693247E-02
   301    0.4471882947E-03
   302   -0.1686739448E-03
   303    0.3659899861E-03
   304    0.1338220040E-02
   305    0.1295679641E-02
   306    0.3265955656E-04
   307    0.2281427836E-03
   308    0.4836392925E-03
   309    0.2264835698E-03
   310    0.7666383305E-03
   311    0.3858459934E-03
   312   -0.1514654143E-03
   313    0.2159593636E-03
   314    0.4015712876E-03
   315    0.2568672000E-03
   316    0.1579019800E-03
   317   -0.1332494684E-04
   318    0.2064332722E-03
   319    0.2927145263E-03
   320    0.6491081826E-04
   321    0.9702488323E-04
   322    0.1710542270E-03
   323    0.2565739468E-04
   324    0.3209008898E-05
   325    0.1425160556E-03
   326    0.6344812935E-04
   327    0.9779926996E-05
   328    0.6082299943E-04
   329    0.4705319602E-04
   330    0.4016316692E-04
   331    0.2780951679E-04
   332    0.2557529473E-04
   333    0.1797958669E-04
   334    0.1681635105E-04
   335    0.1968399316E-04
   336    0.1339857044E-04
   337    0.2350623040E-04
   338    0.1780500452E-04
   339    0.2186146455E-05
   340    0.6784568504E-05
   341    0.1175099171E-04
   342    0.8373864180E-06
   343    0.2478460666E-05
   344    0.8308709784E-05
   345    0.7086418069E-05
   346    0.3724202454E-05
   347    0.1444885308E-05
   348    0.2660821030E-05
   349    0.1979257132E-05
   350    0.1822880413E-05
   351    0.1944042789E-05
   352    0.2065435038E-05
   353    0.1107503257E-05
   354    0.6219700932E-06
   355    0.6884099621E-06
   356    0.7380217837E-06
   357    0.8346065001E-06
   358    0.3827523300E-06
   359    0.2167492930E-06
   360    0.4032397150E-06
   361    0.4480049569E-06
   362    0.2919358997E-06
   363    0.2619115448E-06
   364    0.1790133555E-06
   365    0.6897441418E-07
   366    0.9155489980E-07
   367    0.1251724848E-06
   368    0.1320039926E-06
   369    0.8460049403E-07
   370    0.3995780173E-07
   371    0.2611000882E-07
   372    0.3272614402E-07
   373    0.4788786989E-07
   374    0.3948261584E-07
   375    0.1919062426E-07
   376    0.1694094176E-07
   377    0.1786744885E-07
   378    0.8770824067E-08
   379    0.9876261808E-08
   380    0.1083189183E-07
   381    0.6953112308E-08
   382    0.4635937606E-08
   383    0.5392736313E-08
   384    0.3053390540E-08
   385    0.1555838791E-08
   386    0.4268646270E-08
   387    0.3853302344E-08
   388    0.6410929287E-09
   389    0.7397362722E-09
   390    0.1332134653E-08
   391    0.8280081065E-09
   392    0.7991114159E-09
   393    0.5261893143E-09
   394    0.4345603877E-09
   395    0.4711724344E-09
   396    0.2003621713E-09
   397    0.3024887008E-09
   398    0.2587565717E-09
   399    0.1058714227E-09
   400    0.8493594716E-10
   401    0.1251989623E-09
   402    0.9843340032E-10
   403    0.4240119367E-10
   404    0.4590741676E-10
   405    0.4108813290E-10
   406    0.3478017874E-10
   407    0.3230349321E-10
   408    0.1272140726E-10
   409    0.1177635767E-10
   410    0.1654956727E-10
   411    0.9846568005E-11
   412    0.7266853785E-11
   413    0.6088907156E-11
   414    0.3926858838E-11
   415    0.4060085601E-11
   416    0.2708722135E-11
   417    0.1625144463E-11
   418    0.2053468506E-11
   419    0.1830091634E-11
   420    0.9656719868E-12
   421    0.5531131109E-12
   422    0.5031530748E-12
   423    0.5038192086E-12
   424    0.4962696920E-12
   425    0.3217426325E-12
   426    0.1947331185E-12
   427    0.1699751451E-12
   428    0.1354472090E-12
   429    0.8659739592E-13
   430    0.7838174554E-13
   431    0.6475375791E-13
   432    0.6006306563E-13
   433    0.4174438573E-13
   434    0.1709743458E-13
   435    0.1953992523E-13
   436    0.1865174681E-13
   437    0.9187095529E-14
   438    0.8881784197E-14
   439    0.7882583475E-14
   440    0.5329070518E-14
   441    0.3330669074E-14
   442    0.3774758284E-14
   443    0.1110223025E-14
   444    0.1554312234E-14
   445    0.1110223025E-14
   446    0.1471045508E-14
   447    0.4440892099E-15
   448   -0.1942890293E-15
   449   -0.2220446049E-15
   450    0.8881784197E-15
   451    0.1776356839E-14
   452    0.8881784197E-15
   453    0.2220446049E-15
   454    0.2220446049E-15
   455    0.2220446049E-15
   456    0.0000000000E+00
   457   -0.6661338148E-15
   458    0.0000000000E+00
   459   -0.5551115123E-15
   460    0.2220446049E-15
   461    0.2220446049E-15
   462    0.2220446049E-15
   463    0.2220446049E-15
   464    0.3330669074E-15
   465    0.2220446049E-15
   466    0.0000000000E+00
   467   -0.6661338148E-15
   468    0.1110223025E-15
   469    0.2220446049E-15
   470    0.2220446049E-15
   471    0.2220446049E-15
   472   -0.8881784197E-15
   473   -0.6661338148E-15
   474    0.2220446049E-15
   475    0.3330669074E-15
   476    0.2220446049E-15
   477    0.2220446049E-15
   478    0.2220446049E-15
   479   -0.6661338148E-15
   480    0.0000000000E+00
   481   -0.6661338148E-15
   482    0.2220446049E-15
   483    0.2220446049E-15
   484    0.0000000000E+00
   485    0.2220446049E-15
   486    0.2220446049E-15
   487    0.2220446049E-15
   488    0.2220446049E-15
   489    0.1110223025E-15
   490    0.0000000000E+00
   491    0.2220446049E-15
   492    0.2220446049E-15
   493    0.0000000000E+00
   494    0.1110223025E-15
   495    0.0000000000E+00
   496    0.2220446049E-15
   497    0.2220446049E-15
   498   -0.2220446049E-15
   499   -0.8881784197E-15
   500    0.3571428571E+01
   501    0.3571428571E+01
   502    0.0000000000E+00
