    -1   -0.3890862677E+01
     0   -0.1743300100E+01
     1   -0.2502413405E+01
     2    0.1344233191E+01
     3    0.1576615134E+01
     4   -0.1064183025E+01
     5    0.1167045297E+01
     6   -0.2247544003E+01
     7    0.5667118244E+01
     8   -0.1299353396E+02
     9    0.1035593643E+02
    10   -0.5111691498E+01
    11    0.3229120595E+01
    12   -0.1880164930E+01
    13    0.6413879953E+00
    14    0.5028307378E+01
    15   -0.4154183591E+01
    16    0.4267857610E+01
    17   -0.5308698376E+01
    18   -0.2343103072E+01
    19    0.2116077216E+01
    20    0.5705130469E+01
    21   -0.4177418465E+01
    22    0.2022456505E+01
    23   -0.3442238643E+01
    24    0.2588223241E-01
    25    0.3614419147E+01
    26   -0.3757069757E+01
    27    0.8597020950E+00
    28    0.3779979354E+00
    29   -0.1976204408E+01
    30    0.2804477786E+01
    31    0.1453337092E+01
    32   -0.8509843629E+00
    33    0.1303726480E+01
    34   -0.5346606500E+01
    35    0.2163003912E+01
    36    0.2983360079E+01
    37   -0.8254031423E+01
    38    0.7762965599E+01
    39   -0.2327667338E+01
    40    0.3830094983E+01
    41   -0.1500057901E+01
    42   -0.5216567180E+01
    43   -0.2293648474E+00
    44    0.3307041360E+01
    45    0.6343158305E+00
    46   -0.2787227513E+01
    47    0.5620067840E+01
    48   -0.5620224134E+01
    49    0.1872769510E+01
    50   -0.2697223357E-01
    51   -0.2030817876E+01
    52    0.4772126502E+00
    53    0.1104888966E+01
    54    0.3285427625E+01
    55    0.3964210370E+00
    56   -0.7396534858E+00
    57   -0.1005637049E+01
    58    0.3648175301E+00
    59    0.9611663594E+00
    60   -0.3095683106E+01
    61   -0.1103935566E+01
    62   -0.1348816073E+00
    63   -0.4688319793E+01
    64    0.5698640356E+01
    65    0.2082066239E+01
    66    0.7942866979E+00
    67   -0.1496007735E+01
    68   -0.1730523585E+01
    69   -0.1154499312E+01
    70    0.2577955650E+01
    71    0.1491737564E+01
    72   -0.3306927605E+01
    73    0.3978175067E+01
    74   -0.9761893397E+00
    75   -0.3806209053E+01
    76    0.2410959621E+01
    77    0.1975682243E+01
    78   -0.5479055869E+00
    79    0.2225966299E+01
    80    0.6247599060E-01
    81   -0.1249270760E+01
    82   -0.2429899236E+01
    83    0.3567889980E+01
    84   -0.1029678979E+01
    85   -0.1778794265E+01
    86    0.2492858676E+01
    87   -0.1478357725E+01
    88    0.1266073205E+01
    89   -0.1695651115E+01
    90   -0.4502223681E+01
    91    0.3339494154E+01
    92    0.4222285158E+01
    93   -0.1218678125E+01
    94   -0.2147428754E+01
    95   -0.5807533066E+01
    96    0.1263945100E+01
    97    0.3502876026E+01
    98   -0.3765266423E+01
    99    0.4349138930E+00
   100   -0.6429989637E+00
   101    0.4629248376E+01
   102   -0.2151455296E+01
   103    0.5886695564E+01
   104   -0.6214523803E+01
   105    0.1374468076E+01
   106   -0.1200881774E+01
   107   -0.1434779921E+01
   108   -0.8405240076E+00
   109    0.1944763784E+01
   110    0.3345671447E+01
   111   -0.2788155887E+01
   112    0.2157416231E+01
   113   -0.8557762261E+00
   114    0.1494751023E-01
   115    0.2037045578E+01
   116   -0.4983977089E+01
   117    0.3870108625E+01
   118   -0.3741511294E+01
   119    0.3914629345E+01
   120   -0.2065029398E+00
   121    0.2282143897E+01
   122   -0.3701875362E+01
   123    0.2122957972E+01
   124   -0.9740284052E+00
   125    0.1485327004E+01
   126   -0.3161057945E+00
   127    0.1162141225E+01
   128    0.2447611534E+01
   129   -0.3230043965E+01
   130    0.5363881806E+00
   131   -0.8735918011E-01
   132    0.2782235214E+00
   133    0.1323062770E+01
   134   -0.6148458700E+01
   135    0.4078598100E+01
   136   -0.3911865067E+01
   137    0.3859706626E+01
   138    0.1273518960E+01
   139   -0.3211058498E+01
   140   -0.4582892260E+00
   141   -0.6935231852E+00
   142    0.1247545203E+01
   143    0.5182556137E+00
   144   -0.6037353297E+00
   145   -0.2834360416E+01
   146   -0.1033446735E+01
   147    0.4011843054E+01
   148    0.1528711100E+01
   149   -0.1049874834E+01
   150   -0.3443826331E+01
   151   -0.1501065252E+01
   152   -0.7347925119E+00
   153    0.2207260435E+00
   154    0.4025908395E+01
   155    0.1609568016E+01
   156   -0.6430540637E+00
   157   -0.6604879151E+00
   158    0.2387437795E+01
   159   -0.2422869166E+00
   160   -0.2304372401E+01
   161    0.1392956559E+01
   162    0.4631506112E+01
   163   -0.2947302865E+01
   164   -0.8060032128E+00
   165    0.1121406320E+01
   166   -0.1161893695E+01
   167    0.1733940019E+01
   168   -0.2679319850E+01
   169    0.3345707714E+01
   170    0.2515638141E+00
   171   -0.1764082256E+01
   172   -0.2864856598E+01
   173    0.2103930104E+01
   174    0.1530477325E+01
   175   -0.1938925956E-01
   176    0.7667489112E+00
   177    0.2509583086E+00
   178   -0.3091367777E+01
   179   -0.1862770844E+01
   180    0.2101513372E+01
   181   -0.3694449813E+01
   182    0.1138673639E+01
   183    0.1595772688E+00
   184   -0.3184186581E+01
   185    0.1972168881E+01
   186    0.2870924899E+01
   187   -0.6272531283E+01
   188    0.3548137014E+00
   189    0.3688808224E+01
   190    0.2704188316E+01
   191    0.1120019860E+01
   192   -0.3523679885E+01
   193    0.3961727648E+01
   194   -0.3022090909E+01
   195   -0.5922571327E+01
   196    0.1687461076E+01
   197    0.1970833379E+01
   198    0.5773932711E+00
   199    0.4412016680E+01
   200   -0.1152803949E+01
   201   -0.5603448016E+01
   202    0.2578976797E+01
   203    0.4147326545E+01
   204   -0.5196214995E+01
   205    0.4142030800E+01
   206   -0.3173752380E+01
   207    0.2878644063E+01
   208    0.4743984832E+00
   209   -0.2432827152E+01
   210   -0.1128709955E+00
   211    0.3001294975E+01
   212   -0.1410061749E+01
   213    0.2144570035E+01
   214   -0.2234520136E+01
   215    0.1795772018E+01
   216    0.1604735471E+00
   217   -0.3720895382E+01
   218    0.1102915933E+01
   219   -0.7599486103E+00
   220    0.1435643126E+01
   221   -0.1135987322E+01
   222    0.9454512262E+00
   223   -0.4265444037E+00
   224    0.5851598603E+00
   225   -0.3446153257E+01
   226    0.2898745103E+01
   227    0.2667870470E+01
   228    0.7529317695E+00
   229   -0.1097225048E+01
   230   -0.1945589506E+01
   231   -0.1162431363E+01
   232    0.1558335011E+00
   233    0.5248087731E+00
   234    0.1028669098E+01
   235    0.1688398125E+01
   236   -0.2243863174E+01
   237   -0.6622586654E+00
   238    0.5170498129E+00
   239    0.3324019450E+00
   240   -0.2450469935E+01
   241    0.1280404417E+01
   242    0.7174725752E-01
   243   -0.2481894707E+01
   244    0.1498526902E+01
   245    0.7663115279E+00
   246   -0.3065997176E+00
   247    0.1245251688E+01
   248    0.7192915418E+00
   249   -0.1754141459E+01
   250   -0.2690407943E+00
   251    0.1653369603E+01
   252   -0.3668432535E+00
   253   -0.1434202649E+01
   254    0.7467263404E+00
   255    0.1591001734E+01
   256   -0.7336984541E+00
   257   -0.1895315556E+01
   258    0.7361057034E+00
   259    0.1495921325E+01
   260   -0.6186293113E+00
   261   -0.7953714115E+00
   262    0.4330990887E+00
   263   -0.4958084221E+00
   264    0.2369195152E+00
   265    0.7050902203E+00
   266   -0.4535262658E+00
   267   -0.9294321600E+00
   268    0.5576442671E+00
   269    0.8516002727E+00
   270   -0.2385496548E+00
   271   -0.7413944423E+00
   272   -0.1395270483E+00
   273    0.6282310708E+00
   274   -0.2191561734E+00
   275   -0.2172875290E+00
   276    0.2421551783E+00
   277    0.2383711305E-01
   278   -0.1296540184E+00
   279    0.1238569265E+00
   280    0.8581009145E-01
   281   -0.1373126596E+00
   282   -0.3991123058E-01
   283    0.1154057978E+00
   284    0.2939482299E-01
   285   -0.6706853471E-01
   286   -0.1882078929E-01
   287    0.6096645969E-01
   288    0.3426933210E-01
   289   -0.1086800090E+00
   290   -0.1379530614E-01
   291    0.1028221057E+00
   292    0.8270869779E-02
   293   -0.1689195176E-01
   294   -0.1172549215E-01
   295   -0.7728009102E-03
   296    0.5525350931E-02
   297    0.8363177933E-02
   298    0.9394180269E-02
   299    0.3988219665E-04
   300   -0.5241520115E-02
   301    0.2446511764E-02
   302    0.6518240756E-02
   303    0.1468190523E-02
   304   -0.8629174841E-03
   305    0.4684633509E-02
   306    0.2258742842E-02
   307   -0.1768674824E-02
   308    0.1785529847E-02
   309    0.3795143768E-02
   310    0.1455042279E-02
   311    0.1174571231E-03
   312    0.1480070776E-02
   313    0.1327184963E-02
   314    0.8742992507E-03
   315    0.1032802686E-02
   316    0.1064303531E-02
   317    0.5815165584E-03
   318    0.2186241455E-03
   319    0.6084775000E-03
   320    0.1059562974E-02
   321    0.8593889003E-03
   322    0.2593000908E-03
   323    0.3450514969E-03
   324    0.4152674445E-03
   325    0.3734714845E-03
   326    0.5719528309E-03
   327    0.2897475042E-03
   328    0.5349658605E-04
   329    0.2508908148E-03
   330    0.3242516325E-03
   331    0.2446892355E-03
   332    0.1388903823E-03
   333    0.5902116915E-04
   334    0.2175147321E-03
   335    0.2102013183E-03
   336    0.7209601718E-04
   337    0.1168323486E-03
   338    0.1402876993E-03
   339    0.2753880291E-04
   340    0.4189584236E-04
   341    0.1206084900E-03
   342    0.4622378084E-04
   343    0.3037016379E-04
   344    0.5797074945E-04
   345    0.4072411192E-04
   346    0.3749625393E-04
   347    0.2858177464E-04
   348    0.2534992672E-04
   349    0.1877123852E-04
   350    0.1892601703E-04
   351    0.1874971467E-04
   352    0.1403614571E-04
   353    0.2023608519E-04
   354    0.1376978322E-04
   355    0.4844197706E-05
   356    0.8643632250E-05
   357    0.9001686426E-05
   358    0.2640019289E-05
   359    0.4528166532E-05
   360    0.6868220349E-05
   361    0.5770830002E-05
   362    0.3260009426E-05
   363    0.2137053297E-05
   364    0.2625552231E-05
   365    0.2026986458E-05
   366    0.1860763017E-05
   367    0.1756481693E-05
   368    0.1819573382E-05
   369    0.1037275376E-05
   370    0.7402531335E-06
   371    0.7456853619E-06
   372    0.7528726762E-06
   373    0.7237055701E-06
   374    0.3783212150E-06
   375    0.3122112162E-06
   376    0.3904433959E-06
   377    0.3793921844E-06
   378    0.2831893114E-06
   379    0.2342059677E-06
   380    0.1565795535E-06
   381    0.1060396038E-06
   382    0.1066297750E-06
   383    0.1116624919E-06
   384    0.1159863852E-06
   385    0.7559449575E-07
   386    0.4238520757E-07
   387    0.3648756364E-07
   388    0.3620428629E-07
   389    0.4213304217E-07
   390    0.3364242204E-07
   391    0.1960473187E-07
   392    0.1805987154E-07
   393    0.1591380694E-07
   394    0.9890138125E-08
   395    0.1074756217E-07
   396    0.9511457566E-08
   397    0.6558689813E-08
   398    0.5067371162E-08
   399    0.5173093759E-08
   400    0.2967745882E-08
   401    0.2210535061E-08
   402    0.3840522816E-08
   403    0.2845454983E-08
   404    0.9010436841E-09
   405    0.1107130665E-08
   406    0.1168248054E-08
   407    0.8246465732E-09
   408    0.7576994587E-09
   409    0.5127380187E-09
   410    0.4574956802E-09
   411    0.4091200434E-09
   412    0.2291351553E-09
   413    0.2861955117E-09
   414    0.2191487547E-09
   415    0.1124817739E-09
   416    0.1029875352E-09
   417    0.1149400852E-09
   418    0.8494094317E-10
   419    0.4681591226E-10
   420    0.4812178434E-10
   421    0.3867550724E-10
   422    0.3246358737E-10
   423    0.2869571247E-10
   424    0.1361946667E-10
   425    0.1381916803E-10
   426    0.1439937058E-10
   427    0.9019757163E-11
   428    0.7297051852E-11
   429    0.5776712442E-11
   430    0.4033218204E-11
   431    0.3817085537E-11
   432    0.2592148718E-11
   433    0.1811800709E-11
   434    0.1928235349E-11
   435    0.1572658670E-11
   436    0.9212630658E-12
   437    0.6235012506E-12
   438    0.5548339566E-12
   439    0.4884981308E-12
   440    0.4396483178E-12
   441    0.2921829445E-12
   442    0.1990629883E-12
   443    0.1651456749E-12
   444    0.1296740493E-12
   445    0.8901213100E-13
   446    0.7704947791E-13
   447    0.6017408793E-13
   448    0.5426215033E-13
   449    0.3619327060E-13
   450    0.1942890293E-13
   451    0.2053912596E-13
   452    0.1695865670E-13
   453    0.9409140134E-14
   454    0.1065814104E-13
   455    0.6966649480E-14
   456    0.4218847494E-14
   457    0.4135580767E-14
   458    0.1526556659E-14
   459    0.2470246230E-14
   460    0.1554312234E-14
   461    0.1637578961E-14
   462   -0.6661338148E-15
   463    0.1193489751E-14
   464   -0.1859623566E-14
   465    0.7494005416E-15
   466    0.3330669074E-15
   467    0.5551115123E-15
   468   -0.6661338148E-15
   469    0.1110223025E-14
   470    0.2220446049E-15
   471    0.2220446049E-15
   472    0.0000000000E+00
   473    0.0000000000E+00
   474    0.3330669074E-15
   475    0.2220446049E-15
   476    0.2220446049E-15
   477    0.0000000000E+00
   478    0.0000000000E+00
   479    0.0000000000E+00
   480    0.0000000000E+00
   481    0.2220446049E-15
   482    0.0000000000E+00
   483   -0.8881784197E-15
   484   -0.8881784197E-15
   485    0.0000000000E+00
   486    0.2220446049E-15
   487    0.0000000000E+00
   488    0.2220446049E-15
   489    0.2220446049E-15
   490    0.0000000000E+00
   491    0.2220446049E-15
   492    0.3330669074E-15
   493   -0.6661338148E-15
   494    0.8881784197E-15
   495    0.0000000000E+00
   496    0.2220446049E-15
   497    0.0000000000E+00
   498   -0.4440892099E-15
   499    0.0000000000E+00
   500    0.3571428571E+01
   501    0.3571428571E+01
   502    0.0000000000E+00
