    -1   -0.1933495395E+01
     0   -0.1327292061E+01
     1    0.1439120843E+01
     2   -0.1977603216E+01
     3   -0.1948035185E+01
     4   -0.4262287150E+01
     5    0.6634487894E+01
     6   -0.1822628364E+01
     7    0.4703844851E+00
     8   -0.1474472452E+01
     9    0.5195406708E+00
    10   -0.2502591356E+01
    11    0.2756930550E+01
    12    0.8613658371E+00
    13   -0.6467388775E+00
    14   -0.4755110997E+01
    15    0.4292091482E+01
    16    0.1265129288E+01
    17   -0.2299675582E+01
    18   -0.2506975602E+00
    19    0.3787032479E+00
    20   -0.5456499958E+01
    21    0.4307234451E+01
    22    0.8847441460E+00
    23   -0.2476368055E+01
    24   -0.4489195326E+01
    25    0.3911183603E+01
    26    0.3129369168E+01
    27    0.1813190957E+01
    28   -0.1141531308E+01
    29   -0.3551751843E+01
    30    0.2399959564E+01
    31   -0.3295784615E+01
    32    0.2719121357E+01
    33    0.4804042547E+01
    34   -0.2286033670E+01
    35   -0.2528115305E+01
    36   -0.2389317857E+01
    37    0.5257114011E+01
    38    0.1658290176E+01
    39   -0.2931613692E+01
    40    0.3296221271E+01
    41   -0.4255875826E+01
    42    0.6916148312E+00
    43    0.3881353804E+01
    44   -0.4532165958E+01
    45    0.3313731308E+01
    46   -0.4354141864E+01
    47    0.4603623427E+01
    48   -0.2659213112E+01
    49    0.1472850944E+01
    50    0.1503575640E+01
    51   -0.3331811943E+01
    52    0.1615322804E+01
    53   -0.1589073125E+01
    54    0.1801343293E-01
    55    0.2806360814E+01
    56    0.3779884691E+00
    57   -0.6829100967E+00
    58   -0.4687675239E+01
    59    0.2534917059E+01
    60    0.4554585213E+00
    61   -0.2889769975E-01
    62    0.9496455236E+00
    63   -0.3872141988E+00
    64    0.2047376352E+01
    65   -0.8364048473E-01
    66   -0.1255575020E+00
    67   -0.3674038418E+01
    68    0.1851539604E+00
    69    0.1074907846E+01
    70    0.2379916759E+01
    71   -0.6323664194E+00
    72   -0.8707732798E+01
    73    0.3707748993E+01
    74    0.5770267471E+01
    75   -0.3019598223E+01
    76    0.8249958454E+00
    77   -0.1498796828E+01
    78   -0.3723366372E+01
    79   -0.6874347785E+00
    80    0.7225992268E+01
    81    0.1445893530E+01
    82   -0.4197755530E+01
    83   -0.5947158672E+01
    84    0.1338908406E+01
    85    0.2734736627E+00
    86    0.5357092441E+01
    87   -0.1281783568E+01
    88   -0.2773095748E+01
    89    0.1420304459E+01
    90    0.1297492748E-01
    91    0.3030496730E+01
    92    0.1196256703E+01
    93   -0.3014994940E+01
    94    0.6862527230E+00
    95    0.2175469053E+01
    96   -0.6568323403E+00
    97   -0.8702317013E+00
    98    0.2366901467E+01
    99   -0.5069982860E+00
   100   -0.1861778852E+01
   101   -0.1181568940E+00
   102    0.2877438228E+01
   103    0.9331026320E+00
   104   -0.3382584957E+01
   105   -0.1209258334E+01
   106    0.1798924627E+01
   107    0.1909549427E+01
   108    0.2048678197E+01
   109   -0.1623400519E+01
   110    0.9110620098E-01
   111   -0.1656657856E+01
   112   -0.9922509644E-01
   113   -0.7106378897E+00
   114   -0.1787668879E+00
   115    0.2798250884E+00
   116   -0.1103791159E+01
   117    0.4928870176E+00
   118   -0.8518914016E+00
   119    0.2863265461E+01
   120    0.8726001661E+00
   121   -0.4486365248E+01
   122   -0.3388302628E+01
   123    0.3085307327E+01
   124    0.8993941394E+00
   125   -0.3407904740E+01
   126    0.1042974864E+01
   127    0.3227064116E+01
   128   -0.4180529545E+01
   129   -0.5210126014E+00
   130    0.3244892195E+01
   131   -0.3357123203E+00
   132    0.4715656808E+00
   133   -0.2213021149E+01
   134    0.2212550260E+01
   135   -0.5815259318E+00
   136   -0.3562738454E+01
   137    0.5071191269E+01
   138    0.1991669055E+01
   139   -0.1353605949E+01
   140    0.4690917724E+00
   141   -0.5640115017E+00
   142    0.1274803633E+01
   143   -0.1182822924E+01
   144    0.2105530621E+01
   145   -0.8948048790E+00
   146    0.4169110992E+00
   147   -0.7513036552E+00
   148    0.2380026761E+01
   149    0.9372020368E-01
   150   -0.5287561189E+01
   151    0.4718753744E+01
   152    0.1765386039E+01
   153   -0.2727351481E+01
   154   -0.3027931973E+01
   155    0.3441603883E+01
   156    0.2744651297E-01
   157   -0.7433592662E+00
   158    0.1575469683E+01
   159   -0.7552015485E-01
   160   -0.3843565273E+01
   161    0.4185952977E+01
   162   -0.4162074430E+01
   163    0.1409994149E+01
   164    0.2560694465E+01
   165   -0.9812848896E-01
   166   -0.4922275543E+00
   167   -0.1941707135E+01
   168    0.2523134390E+01
   169   -0.1582554535E+01
   170    0.9661603436E+00
   171    0.8981534185E+00
   172   -0.2265634079E+00
   173   -0.2982477528E+00
   174    0.1157716218E+01
   175   -0.5809428974E+00
   176   -0.6790313919E+00
   177   -0.2397934365E+01
   178    0.6276091172E+00
   179    0.3824983620E+01
   180   -0.2071783201E+01
   181    0.2101126517E+00
   182    0.7484148802E+00
   183   -0.2928091674E+01
   184   -0.2734415391E+00
   185    0.2428451859E+01
   186    0.4095872114E+00
   187   -0.2808521071E+01
   188    0.1078759301E+01
   189   -0.1970261662E+01
   190   -0.7329568314E+01
   191   -0.1826293419E+01
   192   -0.1986650337E+01
   193    0.3120183478E+01
   194    0.1744575093E+01
   195    0.5169799925E+01
   196    0.5130345881E+00
   197   -0.5705461945E+01
   198    0.8076597299E+00
   199    0.3130130940E+01
   200    0.2542322524E+01
   201    0.1521883137E+01
   202   -0.1700260953E+01
   203   -0.1188422134E+01
   204    0.7712623790E+00
   205   -0.1617028436E+01
   206    0.1219999041E+01
   207    0.1707021039E+01
   208    0.7933393006E+00
   209   -0.7627516516E+00
   210    0.1499699724E+01
   211   -0.9590052870E+00
   212   -0.9680703972E+00
   213   -0.9943109649E+00
   214    0.1214951298E+01
   215    0.1109636865E+01
   216    0.6525347199E+00
   217   -0.3895313998E+00
   218   -0.3305901033E-01
   219   -0.4338570901E+00
   220   -0.7990439315E+00
   221    0.7779385428E+00
   222    0.2557931929E-01
   223   -0.4695863753E+00
   224   -0.1241143577E+01
   225   -0.7196282481E+00
   226    0.1243411085E+01
   227    0.4607182512E+00
   228    0.1407905618E+00
   229   -0.1037781994E+01
   230   -0.4433218503E+01
   231   -0.2503128372E+00
   232    0.2013960188E+01
   233    0.1310600825E+01
   234   -0.5470068578E+00
   235   -0.1125457910E+01
   236    0.1087844500E+01
   237    0.3109625423E+00
   238   -0.1553328772E+01
   239    0.1107740269E+01
   240    0.1476267834E+01
   241   -0.2725388191E+00
   242   -0.1866287457E+01
   243    0.4728435513E+00
   244    0.8290575572E+00
   245   -0.8255403211E+00
   246    0.7227444951E+00
   247    0.5973921855E+00
   248   -0.8888815252E+00
   249   -0.2363628310E+00
   250    0.4146165725E+00
   251    0.3576453956E+00
   252    0.5687592323E+00
   253    0.4318972857E+00
   254   -0.1732216296E+00
   255   -0.1143734808E+01
   256   -0.1121186084E+00
   257    0.7339423370E+00
   258    0.4188547951E+00
   259   -0.4895080430E+00
   260   -0.7810299127E+00
   261    0.1654159566E+00
   262    0.2119660225E+00
   263   -0.1719586284E+00
   264    0.1498502884E+00
   265    0.1524000955E+00
   266   -0.2665888441E+00
   267    0.8025768212E-01
   268    0.3735299325E+00
   269   -0.1729443948E+00
   270   -0.3722180376E+00
   271    0.1838046748E+00
   272    0.3503623574E+00
   273   -0.1941711138E+00
   274   -0.2234445006E+00
   275    0.1522835947E+00
   276    0.2202293277E+00
   277   -0.1445826055E+00
   278   -0.2120543411E+00
   279    0.1876504936E+00
   280    0.7223805791E-01
   281   -0.4044134099E-01
   282   -0.3356935074E-01
   283    0.1142076239E-02
   284    0.1102441390E-01
   285    0.1355213180E-01
   286    0.1779131321E-01
   287   -0.1468933987E-02
   288   -0.1500202398E-01
   289    0.1045157577E-02
   290    0.1245235575E-01
   291    0.2202928532E-02
   292   -0.4926998846E-02
   293    0.6353367422E-02
   294    0.4838958636E-02
   295   -0.4880455153E-02
   296    0.2743734326E-03
   297    0.6399026805E-02
   298    0.2224839889E-02
   299   -0.1442698048E-02
   300    0.1649150278E-02
   301    0.1893829234E-02
   302    0.3977021666E-03
   303    0.1117942240E-02
   304    0.1437059276E-02
   305    0.3840086166E-03
   306   -0.4687641787E-04
   307    0.4957620950E-03
   308    0.1211684440E-02
   309    0.1190908386E-02
   310    0.9941054293E-04
   311    0.2415511382E-03
   312    0.4827157654E-03
   313    0.2625636347E-03
   314    0.7098827020E-03
   315    0.3687474136E-03
   316   -0.1073255744E-03
   317    0.2249901383E-03
   318    0.3910366337E-03
   319    0.2509773447E-03
   320    0.1456824049E-03
   321    0.8057208911E-05
   322    0.2161805942E-03
   323    0.2659748857E-03
   324    0.6446826942E-04
   325    0.1085177149E-03
   326    0.1603315466E-03
   327    0.2223859884E-04
   328    0.1856568337E-04
   329    0.1354013630E-03
   330    0.5626493736E-04
   331    0.1901982720E-04
   332    0.5816172683E-04
   333    0.4467414631E-04
   334    0.4165664463E-04
   335    0.2652418418E-04
   336    0.2524737385E-04
   337    0.1926732459E-04
   338    0.1664402839E-04
   339    0.1931931620E-04
   340    0.1417979071E-04
   341    0.2244480244E-04
   342    0.1655327727E-04
   343    0.3025332769E-05
   344    0.7260420523E-05
   345    0.1100492194E-04
   346    0.1248684791E-05
   347    0.3070834946E-05
   348    0.7950803604E-05
   349    0.6784613796E-05
   350    0.3567701318E-05
   351    0.1566249677E-05
   352    0.2715998924E-05
   353    0.1995048687E-05
   354    0.1791858216E-05
   355    0.1919309856E-05
   356    0.2022799969E-05
   357    0.1058297920E-05
   358    0.6565115501E-06
   359    0.7131077489E-06
   360    0.7378934195E-06
   361    0.8047510620E-06
   362    0.3845606062E-06
   363    0.2404507470E-06
   364    0.3926697176E-06
   365    0.4414108720E-06
   366    0.2890408475E-06
   367    0.2464412761E-06
   368    0.1800440085E-06
   369    0.7795074775E-07
   370    0.9062516490E-07
   371    0.1263422181E-06
   372    0.1281934618E-06
   373    0.7925968148E-07
   374    0.4237003343E-07
   375    0.2876381888E-07
   376    0.3268185966E-07
   377    0.4743023624E-07
   378    0.3777478405E-07
   379    0.1886937004E-07
   380    0.1770016272E-07
   381    0.1712391762E-07
   382    0.8962754872E-08
   383    0.1037471509E-07
   384    0.1032639418E-07
   385    0.6835480848E-08
   386    0.4849504548E-08
   387    0.5287792648E-08
   388    0.2968833845E-08
   389    0.1800529059E-08
   390    0.4171619605E-08
   391    0.3548587646E-08
   392    0.7181178430E-09
   393    0.8511276128E-09
   394    0.1271463795E-08
   395    0.8321501266E-09
   396    0.7981431072E-09
   397    0.5112819057E-09
   398    0.4441240709E-09
   399    0.4581548751E-09
   400    0.2040962954E-09
   401    0.3008722160E-09
   402    0.2478139083E-09
   403    0.1068624911E-09
   404    0.9001754897E-10
   405    0.1228765978E-09
   406    0.9475176199E-10
   407    0.4345740434E-10
   408    0.4669020726E-10
   409    0.4014241717E-10
   410    0.3459224573E-10
   411    0.3121933267E-10
   412    0.1276456718E-10
   413    0.1257194349E-10
   414    0.1586464293E-10
   415    0.9637124432E-11
   416    0.7358030851E-11
   417    0.5918515678E-11
   418    0.3971711848E-11
   419    0.4042988166E-11
   420    0.2640110353E-11
   421    0.1671551786E-11
   422    0.2041145031E-11
   423    0.1758537760E-11
   424    0.9497125308E-12
   425    0.5673239656E-12
   426    0.5186684415E-12
   427    0.5040412532E-12
   428    0.4805045251E-12
   429    0.3136102489E-12
   430    0.1965094754E-12
   431    0.1683098105E-12
   432    0.1333100297E-12
   433    0.8792966355E-13
   434    0.7946421299E-13
   435    0.6308842337E-13
   436    0.5706546347E-13
   437    0.4174438573E-13
   438    0.1632027846E-13
   439    0.2131628207E-13
   440    0.1842970221E-13
   441    0.9103828802E-14
   442    0.9076073226E-14
   443    0.7771561172E-14
   444    0.4246603069E-14
   445    0.4024558464E-14
   446    0.3330669074E-14
   447    0.2442490654E-14
   448    0.9436895709E-15
   449    0.6106226635E-15
   450    0.1026956298E-14
   451    0.3330669074E-15
   452   -0.2220446049E-15
   453    0.8604228441E-15
   454    0.4440892099E-15
   455    0.5551115123E-15
   456   -0.2220446049E-15
   457    0.1332267630E-14
   458    0.2220446049E-15
   459    0.0000000000E+00
   460   -0.8881784197E-15
   461    0.2220446049E-15
   462    0.4440892099E-15
   463    0.0000000000E+00
   464    0.0000000000E+00
   465    0.2220446049E-15
   466    0.1110223025E-15
   467    0.3330669074E-15
   468    0.2220446049E-15
   469    0.0000000000E+00
   470    0.2220446049E-15
   471    0.0000000000E+00
   472   -0.8881784197E-15
   473    0.3330669074E-15
   474    0.2220446049E-15
   475    0.2220446049E-15
   476    0.2220446049E-15
   477    0.2220446049E-15
   478    0.2220446049E-15
   479    0.0000000000E+00
   480   -0.8881784197E-15
   481    0.2220446049E-15
   482    0.0000000000E+00
   483    0.0000000000E+00
   484    0.1110223025E-15
   485    0.0000000000E+00
   486    0.2220446049E-15
   487   -0.1110223025E-15
   488    0.0000000000E+00
   489    0.1110223025E-15
   490    0.0000000000E+00
   491    0.0000000000E+00
   492    0.0000000000E+00
   493    0.0000000000E+00
   494    0.7771561172E-15
   495    0.0000000000E+00
   496   -0.6661338148E-15
   497    0.0000000000E+00
   498    0.2220446049E-15
   499    0.0000000000E+00
   500    0.3571428571E+01
   501    0.3571428571E+01
   502    0.0000000000E+00
