    -1    0.0000000000E+00
     0   -0.1997325707E+01
     1   -0.1171754784E-01
     2    0.8132265130E+00
     3   -0.5237253057E+00
     4   -0.1814849008E+01
     5   -0.3392542815E-01
     6    0.1841126483E+01
     7   -0.2458801644E+01
     8    0.2190039532E+01
     9    0.1300394428E+01
    10   -0.1519704526E+01
    11   -0.6579006604E+00
    12    0.7287162870E+00
    13    0.4926297869E+00
    14    0.8747707078E+00
    15   -0.1541018567E+01
    16   -0.1375343594E-01
    17   -0.2885749170E+00
    18    0.6818844378E+00
    19   -0.1596492706E+00
    20   -0.5072739288E+00
    21    0.1792361865E+01
    22   -0.1743078109E+01
    23   -0.1924338478E+00
    24    0.1008725785E+01
    25   -0.5042632074E+01
    26    0.3202238046E+01
    27    0.1580213621E+01
    28    0.5240947831E+00
    29   -0.1250838848E+01
    30   -0.2590294511E+00
    31   -0.6439313520E+00
    32   -0.3409400367E+00
    33    0.1493526241E+01
    34    0.4057159589E+00
    35    0.6273834512E+00
    36   -0.1661368013E+00
    37   -0.8799395829E+00
    38   -0.1280242125E+01
    39   -0.2458233242E+01
    40    0.4074728981E+01
    41    0.1449614642E+00
    42   -0.1001664356E+01
    43    0.1649072746E-01
    44   -0.6687122581E+00
    45    0.1545363491E+01
    46   -0.6177975879E+00
    47   -0.8855202538E+00
    48    0.3552503194E+00
    49   -0.1614536607E+01
    50    0.6340649528E+00
    51    0.3025203174E+01
    52   -0.1213412106E+00
    53   -0.1382742161E+01
    54    0.8330841162E+00
    55   -0.4390232309E+01
    56    0.3836887773E+01
    57   -0.2536252264E+00
    58    0.8967656007E+00
    59   -0.4357658742E+01
    60    0.3567714953E+01
    61   -0.2095248023E+01
    62    0.3480528477E+01
    63   -0.2323265684E+01
    64   -0.2484371026E+01
    65    0.3423821134E+01
    66   -0.5902415286E+01
    67    0.1755530968E+01
    68    0.4095670431E+01
    69    0.5883503097E-01
    70   -0.1399062536E+01
    71    0.3271066024E+01
    72   -0.1383263720E+01
    73   -0.2474648470E+01
    74    0.2655028878E+01
    75   -0.6249662677E+00
    76   -0.2727093895E+00
    77   -0.2588041559E+01
    78    0.3118588654E+00
    79   -0.2583711064E+01
    80    0.3246324103E+01
    81    0.2514118129E+01
    82   -0.1668644941E+01
    83    0.1753183941E+01
    84   -0.5754210721E+01
    85    0.5986263714E+01
    86   -0.2311056432E+01
    87   -0.3138529408E+01
    88    0.2357127313E+01
    89    0.4801386965E+00
    90   -0.1825755662E+01
    91   -0.2240513409E+00
    92    0.9427669477E+00
    93    0.4479116747E+00
    94   -0.1075527048E+01
    95    0.2066042253E+01
    96   -0.1560485530E+01
    97   -0.2598515031E+01
    98   -0.2396898455E+01
    99    0.5933491412E+01
   100   -0.5596779742E+00
   101    0.2438940739E+01
   102    0.1778618927E+01
   103   -0.3201832101E+01
   104   -0.2907907358E+01
   105    0.2843137397E+01
   106   -0.2186252601E+01
   107    0.2973110041E+01
   108    0.1371978669E+01
   109   -0.1115999139E+01
   110   -0.2423218258E+01
   111   -0.5952269246E+00
   112    0.2432437994E+01
   113   -0.8332908544E+00
   114    0.1900534245E+01
   115   -0.2867771279E+01
   116    0.7673221358E+00
   117    0.9503928202E+00
   118   -0.3014867397E+01
   119   -0.4544125622E+01
   120    0.6872278653E+01
   121    0.2228989154E-01
   122   -0.1713919039E+01
   123    0.2390754782E+01
   124    0.8140588491E+00
   125    0.1444487745E+01
   126   -0.2057514852E+01
   127    0.1222599356E+01
   128   -0.7385576982E+00
   129   -0.2374443538E+01
   130    0.1557327638E+01
   131    0.6306917967E-01
   132    0.5130906302E+00
   133   -0.9691567940E+00
   134    0.1988049877E+01
   135    0.1521352500E+00
   136   -0.1683684855E+01
   137   -0.1105046106E+01
   138    0.2115289073E+00
   139    0.7526215982E+00
   140    0.1716979255E+01
   141   -0.2245402305E+01
   142   -0.4944310328E+01
   143    0.2784979025E+01
   144    0.2731306419E+01
   145    0.1147211041E+01
   146   -0.2823071064E+01
   147    0.3148947198E+01
   148    0.8803624369E+00
   149   -0.1015728025E+01
   150   -0.3114448128E+01
   151    0.3101828748E+01
   152   -0.4490241565E+00
   153   -0.1156964218E+01
   154    0.3189011845E+00
   155    0.2602584345E+01
   156   -0.1912298745E+01
   157    0.1288058749E+01
   158   -0.7459305370E+00
   159   -0.3468835605E+00
   160   -0.9290874882E+00
   161   -0.4322995337E+00
   162    0.1135775573E+01
   163    0.3284207881E+00
   164    0.2536735704E+01
   165   -0.4523784060E+00
   166   -0.3532172225E+01
   167    0.1027805041E+01
   168   -0.1383609763E+01
   169    0.2209140628E+01
   170   -0.2676653709E+00
   171   -0.7372155179E+00
   172    0.1404388052E+01
   173    0.3960604653E+00
   174   -0.1972860497E+00
   175   -0.5150562746E+00
   176   -0.1032843783E+01
   177    0.3856290528E+00
   178   -0.2341250650E+01
   179    0.2233980026E+01
   180    0.1883608898E+00
   181    0.6129714953E+00
   182   -0.3453100461E+01
   183   -0.4863415730E+01
   184    0.2374967224E+00
   185   -0.8640646253E+00
   186   -0.1991027280E+01
   187    0.5840019016E+01
   188    0.1873018026E+01
   189   -0.1355480996E+00
   190   -0.1746132023E+01
   191    0.1018777621E+01
   192    0.3771377987E+00
   193    0.8521831470E+00
   194    0.1906502211E+01
   195   -0.3573418414E+01
   196    0.6720140026E+00
   197    0.1376127827E+01
   198    0.2350125505E+01
   199   -0.1762977482E+01
   200    0.4318831395E+00
   201    0.1217646866E+01
   202   -0.1554964350E+01
   203    0.1427862100E+01
   204   -0.1170220245E+01
   205   -0.7173406314E-01
   206    0.1325429700E+01
   207   -0.7376119430E+00
   208    0.7449484022E+00
   209   -0.3620317746E+00
   210   -0.4597704982E+00
   211   -0.4859179989E-01
   212    0.1325124657E+00
   213    0.1231968943E+00
   214    0.9623871513E+00
   215   -0.1014381435E+01
   216    0.7363970136E+00
   217   -0.3743905938E+00
   218   -0.7508609602E+00
   219    0.2417553392E+00
   220   -0.9586643503E+00
   221    0.5366522638E+00
   222    0.3579495120E+00
   223   -0.1339881384E+01
   224   -0.4440556959E+00
   225    0.4766835203E-01
   226   -0.2075195517E+01
   227   -0.5312238482E+01
   228    0.2779373561E+01
   229    0.4470986419E+01
   230    0.3514276767E+00
   231   -0.3422728409E+01
   232   -0.4976799048E+01
   233    0.2265639889E+01
   234    0.4705303131E+01
   235    0.4344978570E+00
   236   -0.2104246178E+00
   237   -0.5562365438E+00
   238   -0.2006046905E+01
   239   -0.2187345627E+01
   240    0.1585434441E+01
   241    0.2500776990E+01
   242    0.6020435518E+00
   243   -0.1021137082E+01
   244   -0.1237904860E+01
   245    0.1296266833E+00
   246    0.1138675769E+01
   247    0.7029897217E+00
   248    0.3046182359E+00
   249    0.1318469231E+00
   250   -0.5391373172E+00
   251   -0.8687126596E+00
   252    0.1295695390E+00
   253    0.7112423082E+00
   254    0.1103156106E+00
   255   -0.7763758278E+00
   256   -0.2683148996E+00
   257    0.2789767468E+00
   258    0.1003538205E+00
   259   -0.1761241010E+00
   260    0.1162239482E+00
   261    0.1198654601E+00
   262   -0.2019879112E+00
   263    0.1015417362E+00
   264    0.2841265378E+00
   265   -0.1781364320E+00
   266   -0.2650523174E+00
   267    0.1398925212E+00
   268    0.2307862544E+00
   269   -0.1893505448E+00
   270   -0.1686106992E+00
   271    0.2210192651E+00
   272    0.1547039645E+00
   273   -0.1962645307E+00
   274   -0.1457559106E+00
   275    0.2031985040E+00
   276    0.4229030517E-01
   277   -0.5964049060E-01
   278   -0.1976704415E-01
   279    0.1655792436E-01
   280    0.1464300158E-01
   281    0.2291163561E-01
   282    0.1223154690E-01
   283   -0.1783564083E-01
   284   -0.1378304123E-01
   285    0.1392850210E-01
   286    0.1175558547E-01
   287   -0.7593951095E-02
   288    0.6610402266E-03
   289    0.1045126846E-01
   290   -0.2601909525E-02
   291   -0.5406259703E-02
   292    0.6036332802E-02
   293    0.5612740050E-02
   294   -0.1067098551E-02
   295   -0.2541713431E-03
   296    0.2459261095E-02
   297    0.9778789480E-03
   298    0.5149190151E-03
   299    0.1560189367E-02
   300    0.1026616856E-02
   301   -0.9933924656E-04
   302   -0.2910357743E-04
   303    0.9703958943E-03
   304    0.1576704448E-02
   305    0.5243102974E-03
   306   -0.3201954800E-04
   307    0.4992509058E-03
   308    0.2172947369E-03
   309    0.6052617454E-03
   310    0.6554706828E-03
   311   -0.3465566718E-04
   312    0.1902168367E-04
   313    0.3825135070E-03
   314    0.3033443304E-03
   315    0.2431062160E-03
   316    0.2327689287E-04
   317    0.5581118372E-04
   318    0.3384316006E-03
   319    0.1561545235E-03
   320    0.4097946509E-04
   321    0.1660756940E-03
   322    0.1083723242E-03
   323   -0.3203813300E-04
   324    0.9386609824E-04
   325    0.1271935903E-03
   326    0.3922514270E-05
   327    0.4322551527E-04
   328    0.5967286615E-04
   329    0.4021260605E-04
   330    0.3393351438E-04
   331    0.2563157560E-04
   332    0.2164154231E-04
   333    0.1632152888E-04
   334    0.1893211657E-04
   335    0.1557766385E-04
   336    0.1822512575E-04
   337    0.2415911894E-04
   338    0.7514295282E-05
   339    0.1637887015E-05
   340    0.1298612143E-04
   341    0.5009895714E-05
   342   -0.2733970552E-06
   343    0.6947610036E-05
   344    0.7787937758E-05
   345    0.5734365581E-05
   346    0.1741808186E-05
   347    0.2103759132E-05
   348    0.2414136143E-05
   349    0.1824482655E-05
   350    0.1872288170E-05
   351    0.2019625789E-05
   352    0.1762758966E-05
   353    0.5824869396E-06
   354    0.6766224298E-06
   355    0.7216006392E-06
   356    0.8177929109E-06
   357    0.6308384042E-06
   358    0.1931548601E-06
   359    0.3271748928E-06
   360    0.4691429365E-06
   361    0.3463382654E-06
   362    0.2796102847E-06
   363    0.2267132753E-06
   364    0.9809830925E-07
   365    0.7749336417E-07
   366    0.1080941619E-06
   367    0.1372809408E-06
   368    0.1109222135E-06
   369    0.5614769050E-07
   370    0.2597473242E-07
   371    0.2947631339E-07
   372    0.4148640254E-07
   373    0.4717945057E-07
   374    0.2751750916E-07
   375    0.1460026078E-07
   376    0.1997894172E-07
   377    0.1229851887E-07
   378    0.7554124548E-08
   379    0.1197175603E-07
   380    0.8546668484E-08
   381    0.5213001919E-08
   382    0.4950581722E-08
   383    0.4661065534E-08
   384    0.1475202516E-08
   385    0.2883958627E-08
   386    0.4996628666E-08
   387    0.1711469633E-08
   388    0.2943905120E-09
   389    0.1352114420E-08
   390    0.9801256473E-09
   391    0.8002714047E-09
   392    0.6885767512E-09
   393    0.4061189163E-09
   394    0.5089910715E-09
   395    0.2928099985E-09
   396    0.2381430331E-09
   397    0.3142983929E-09
   398    0.1631426105E-09
   399    0.7544453950E-10
   400    0.1123138527E-09
   401    0.1182847154E-09
   402    0.6481193360E-10
   403    0.3753247713E-10
   404    0.4683545218E-10
   405    0.3624167633E-10
   406    0.3471900545E-10
   407    0.2218536466E-10
   408    0.8278933095E-11
   409    0.1653835402E-10
   410    0.1315669795E-10
   411    0.7453371254E-11
   412    0.7057937568E-11
   413    0.4609645998E-11
   414    0.3880451516E-11
   415    0.3597566689E-11
   416    0.1795896765E-11
   417    0.1820849027E-11
   418    0.2104372232E-11
   419    0.1328825938E-11
   420    0.6694644838E-12
   421    0.4713451851E-12
   422    0.5364597655E-12
   423    0.4956035582E-12
   424    0.4198863479E-12
   425    0.2341737915E-12
   426    0.1731947918E-12
   427    0.1552091788E-12
   428    0.1063593658E-12
   429    0.7732703367E-13
   430    0.7285838599E-13
   431    0.6256106744E-13
   432    0.5417888360E-13
   433    0.2398081733E-13
   434    0.1532107774E-13
   435    0.2309263891E-13
   436    0.1176836406E-13
   437    0.8659739592E-14
   438    0.9769962617E-14
   439    0.4662936703E-14
   440    0.4440892099E-14
   441    0.3552713679E-14
   442    0.2442490654E-14
   443    0.1554312234E-14
   444    0.8881784197E-15
   445    0.1110223025E-14
   446    0.1276756478E-14
   447    0.4440892099E-15
   448   -0.4440892099E-15
   449    0.8881784197E-15
   450    0.1110223025E-14
   451    0.0000000000E+00
   452    0.6661338148E-15
   453    0.4440892099E-15
   454    0.2220446049E-15
   455   -0.8881784197E-15
   456   -0.8881784197E-15
   457    0.2220446049E-15
   458    0.2220446049E-15
   459    0.2220446049E-15
   460   -0.6661338148E-15
   461    0.2220446049E-15
   462    0.2220446049E-15
   463    0.3330669074E-15
   464    0.2220446049E-15
   465    0.2220446049E-15
   466    0.2220446049E-15
   467   -0.5551115123E-15
   468    0.2220446049E-15
   469    0.0000000000E+00
   470    0.2220446049E-15
   471    0.2220446049E-15
   472   -0.4440892099E-15
   473    0.0000000000E+00
   474    0.0000000000E+00
   475    0.2220446049E-15
   476    0.3330669074E-15
   477    0.2220446049E-15
   478    0.0000000000E+00
   479    0.0000000000E+00
   480    0.0000000000E+00
   481    0.2220446049E-15
   482    0.0000000000E+00
   483   -0.9992007222E-15
   484   -0.6661338148E-15
   485    0.2220446049E-15
   486    0.0000000000E+00
   487   -0.8881784197E-15
   488    0.3330669074E-15
   489    0.2220446049E-15
   490    0.2220446049E-15
   491    0.0000000000E+00
   492   -0.8881784197E-15
   493    0.2220446049E-15
   494   -0.2220446049E-15
   495   -0.8881784197E-15
   496    0.2220446049E-15
   497    0.2220446049E-15
   498    0.0000000000E+00
   499   -0.1110223025E-15
   500    0.3571428571E+01
   501    0.3571428571E+01
   502    0.0000000000E+00
