    -1    0.0000000000E+00
     0   -0.1440962471E+01
     1   -0.1644266990E+01
     2   -0.4086642123E+00
     3    0.2740969060E-01
     4   -0.8245565541E+00
     5   -0.2351059318E+01
     6    0.2943281215E+01
     7   -0.1216352063E+01
     8   -0.4079572739E+00
     9    0.8877066697E+00
    10    0.3299597754E+01
    11   -0.1269259016E+01
    12    0.4738031142E+00
    13   -0.3679275916E+01
    14    0.7894838776E+00
    15    0.1534157279E+01
    16    0.3335968109E-01
    17   -0.9241380138E+00
    18    0.9120313315E+00
    19   -0.3477059893E+01
    20    0.1759152246E+01
    21    0.9809947846E-02
    22    0.1746177804E+01
    23   -0.1101933070E+01
    24   -0.2635072820E+00
    25   -0.1158131860E+00
    26    0.3634361485E+00
    27    0.1159311024E+01
    28    0.1611627790E+01
    29   -0.2905803674E+01
    30    0.1667178779E+01
    31   -0.4490379672E+00
    32   -0.1132132414E+01
    33    0.1738094781E+01
    34   -0.2081100254E+01
    35   -0.7475779531E+00
    36    0.3194801840E+01
    37   -0.6402645390E+00
    38    0.1492317498E+01
    39   -0.1400876528E+01
    40   -0.8998247662E+00
    41   -0.5698824200E+00
    42    0.1871412331E+01
    43   -0.3488357383E+00
    44   -0.2072698787E+00
    45   -0.1149369074E+01
    46    0.1561779531E+01
    47    0.2630591844E+00
    48   -0.3808819600E+00
    49    0.9105951116E+00
    50   -0.1196680456E+01
    51    0.3414708859E+00
    52    0.9788116690E-01
    53   -0.1645181988E+01
    54    0.1511156421E+01
    55    0.1454438819E+01
    56   -0.2011713000E+01
    57   -0.4870348413E+00
    58   -0.1088459172E+01
    59    0.1605195967E+01
    60    0.1524861389E+01
    61   -0.4622878568E+00
    62   -0.3206730752E+01
    63    0.2392556863E+01
    64   -0.1246745092E+01
    65    0.1598045711E+01
    66   -0.4679685728E+01
    67    0.6427425265E+01
    68   -0.2156031442E+01
    69   -0.1744573818E+01
    70    0.1496505220E+01
    71   -0.3206353906E+00
    72    0.1059339431E+01
    73   -0.2557399450E+00
    74    0.4095831199E+00
    75   -0.2402031393E+01
    76    0.7572583863E+00
    77    0.5045593738E+00
    78   -0.2393770646E+00
    79    0.1198240120E+01
    80    0.7306982723E+00
    81   -0.1411534664E+01
    82   -0.8963502707E+00
    83    0.4709426097E+00
    84    0.7573487685E+00
    85   -0.3353338732E+00
    86    0.2695518827E+01
    87   -0.2372420029E+01
    88   -0.7659355508E+00
    89    0.5405288998E+00
    90    0.6890513802E+00
    91    0.4182497732E+00
    92   -0.2539580285E+00
    93   -0.6871502739E+00
    94    0.1954837022E+01
    95   -0.4797742248E+01
    96    0.1698226081E+01
    97    0.2259086273E+01
    98   -0.9900173180E+00
    99    0.4936186417E+00
   100    0.1534834902E+00
   101   -0.2711788946E+01
   102    0.2734250198E+01
   103   -0.2131428046E+01
   104    0.2192875217E+01
   105    0.8250979692E+00
   106   -0.1645890685E+01
   107   -0.7111874038E+00
   108    0.1060711544E+01
   109    0.4064133710E+00
   110   -0.3572823113E+00
   111   -0.9322871712E+00
   112    0.8991898688E+00
   113    0.7387122436E+00
   114   -0.1199444644E+01
   115   -0.1966011517E+01
   116    0.1825609266E+01
   117    0.1290746864E+01
   118    0.8163663161E-01
   119   -0.9000333846E+00
   120   -0.2022013527E+01
   121    0.7751059608E+00
   122    0.2804083496E+01
   123   -0.1922274392E+01
   124    0.3827447967E+00
   125   -0.4627414875E+01
   126    0.6597623556E+01
   127   -0.3582776098E+01
   128    0.1454622365E+00
   129    0.1601355538E+01
   130    0.1022059593E+01
   131   -0.1023650850E+01
   132   -0.2213235408E+01
   133   -0.1741622792E+00
   134    0.9651405766E+00
   135   -0.5563044379E+00
   136    0.1861769901E+01
   137   -0.8598051380E+00
   138   -0.8047617346E+01
   139    0.4230106058E+00
   140    0.7513032986E+01
   141   -0.6364090084E+01
   142   -0.1028489888E+01
   143    0.4486308145E+01
   144   -0.8192535421E+00
   145   -0.2447357055E+00
   146    0.3105918605E+00
   147    0.1369899077E+01
   148   -0.3078207554E+01
   149    0.3984649857E+01
   150    0.8930352776E+00
   151   -0.5496682000E+00
   152   -0.2447823509E+01
   153    0.2258298509E+01
   154   -0.1305211317E+01
   155    0.2526083458E+01
   156   -0.9869845644E+00
   157    0.8024648140E-02
   158    0.4850938472E+00
   159   -0.2366029573E+01
   160    0.2956605440E-02
   161    0.2051651209E+01
   162    0.2030385188E+01
   163   -0.3141274864E+01
   164    0.2460289725E+01
   165   -0.2945686982E+01
   166    0.3228375536E+01
   167   -0.2821350379E+00
   168   -0.2743503875E+01
   169    0.2323601464E+01
   170   -0.4096183587E+00
   171    0.1297862266E+01
   172   -0.2159536016E+01
   173   -0.2483342895E+00
   174    0.2807649359E+01
   175   -0.1680416838E+01
   176    0.5527989815E+00
   177   -0.2727640601E+00
   178   -0.1959416578E+01
   179    0.3240305211E+01
   180   -0.2196068165E+01
   181   -0.1144296975E+01
   182    0.3647338236E+00
   183   -0.4711244178E+00
   184   -0.1855485498E+01
   185   -0.4947794912E+01
   186    0.1310062605E+01
   187    0.5387461432E+01
   188   -0.1502669111E-01
   189   -0.9808185884E+00
   190    0.1671264390E+01
   191    0.1019703805E+01
   192   -0.1167290955E+01
   193    0.2263718472E+01
   194   -0.9280546098E+00
   195   -0.1311679953E+01
   196    0.1993824031E+01
   197   -0.1312993620E+00
   198    0.2689612269E+00
   199    0.9073942210E+00
   200   -0.1721295244E+01
   201    0.2025927611E+01
   202   -0.1232958959E+01
   203    0.1163251816E+01
   204   -0.8013552199E+00
   205   -0.2443767904E+00
   206    0.1409020627E+01
   207   -0.1644509508E+01
   208    0.2301133294E+01
   209   -0.2234053176E+01
   210    0.1547080322E+01
   211   -0.1333013406E+01
   212    0.4589502062E+00
   213    0.8496388239E+00
   214   -0.1210379977E+01
   215    0.1426858876E+01
   216   -0.1557912039E+01
   217    0.1656223127E+01
   218   -0.2288950170E+01
   219    0.1532276333E+01
   220   -0.9480833699E+00
   221   -0.4414993854E+00
   222    0.1472080909E+01
   223   -0.2869892218E+01
   224    0.1327480308E+01
   225    0.6450174554E+00
   226   -0.3740481366E+01
   227   -0.3192359105E+01
   228    0.1129239311E+01
   229    0.2897553054E+01
   230    0.8588520125E+00
   231   -0.1522742279E+01
   232   -0.7802128172E+01
   233   -0.8918470642E+00
   234    0.8068001567E+01
   235    0.1373222890E+01
   236   -0.3679091024E+00
   237   -0.3112408213E+00
   238   -0.1591434605E+01
   239   -0.1663510217E+01
   240   -0.9588923646E-01
   241    0.2386829886E+01
   242    0.1027888970E+01
   243   -0.3655137901E+00
   244   -0.1386728954E+01
   245   -0.1798717131E+00
   246    0.8329717417E+00
   247    0.8191464177E+00
   248    0.4227017786E+00
   249    0.2117197568E+00
   250   -0.2916439636E+00
   251   -0.9891058725E+00
   252   -0.1292302976E+00
   253    0.6808026723E+00
   254    0.3756073617E+00
   255   -0.6749014082E+00
   256   -0.4793910820E+00
   257    0.1880914724E+00
   258    0.2067001371E+00
   259   -0.1652032477E+00
   260    0.4834957675E-01
   261    0.1744085137E+00
   262   -0.1826899849E+00
   263    0.3746998103E-02
   264    0.3233793260E+00
   265   -0.7463691497E-01
   266   -0.3226813892E+00
   267    0.6652512003E-01
   268    0.2782739096E+00
   269   -0.1068026091E+00
   270   -0.2335914853E+00
   271    0.1402446377E+00
   272    0.2352102124E+00
   273   -0.1330138331E+00
   274   -0.2271451672E+00
   275    0.1775352181E+00
   276    0.8727172907E-01
   277   -0.5007251917E-01
   278   -0.3425226775E-01
   279    0.1139263525E-01
   280    0.1384718530E-01
   281    0.2006313861E-01
   282    0.1906804249E-01
   283   -0.1109272593E-01
   284   -0.1879491039E-01
   285    0.8123513939E-02
   286    0.1462170072E-01
   287   -0.3089008944E-02
   288   -0.3759076499E-02
   289    0.9525300281E-02
   290    0.1957081360E-02
   291   -0.6559505289E-02
   292    0.2880277602E-02
   293    0.6934218193E-02
   294    0.7817229759E-03
   295   -0.1469308859E-02
   296    0.2181819908E-02
   297    0.1627798167E-02
   298    0.2710268975E-03
   299    0.1379643975E-02
   300    0.1368820041E-02
   301    0.6711257650E-04
   302   -0.1212000766E-03
   303    0.6934419918E-03
   304    0.1452938215E-02
   305    0.9913578241E-03
   306   -0.7499291815E-04
   307    0.3400989469E-03
   308    0.4041454003E-03
   309    0.3863564493E-03
   310    0.7190535852E-03
   311    0.2030363758E-03
   312   -0.1051001176E-03
   313    0.2950802989E-03
   314    0.3762016793E-03
   315    0.2560955716E-03
   316    0.7632150974E-04
   317    0.4561788136E-05
   318    0.2973650038E-03
   319    0.2247568029E-03
   320    0.3672099264E-04
   321    0.1398380571E-03
   322    0.1490104983E-03
   323   -0.1827119235E-04
   324    0.4939723584E-04
   325    0.1474735378E-03
   326    0.2267501417E-04
   327    0.2842121090E-04
   328    0.6353163173E-04
   329    0.4006208764E-04
   330    0.3929015467E-04
   331    0.2603236835E-04
   332    0.2331979234E-04
   333    0.1740127336E-04
   334    0.1756817166E-04
   335    0.1782877628E-04
   336    0.1518989111E-04
   337    0.2493257995E-04
   338    0.1254511318E-04
   339    0.9976874211E-06
   340    0.1040378112E-04
   341    0.8705725841E-05
   342   -0.3340010636E-06
   343    0.4788978168E-05
   344    0.8172652477E-05
   345    0.6646782760E-05
   346    0.2563679063E-05
   347    0.1612269478E-05
   348    0.2698288452E-05
   349    0.1876957234E-05
   350    0.1781436305E-05
   351    0.1997772059E-05
   352    0.2025091801E-05
   353    0.7324727404E-06
   354    0.6669232651E-06
   355    0.7149667509E-06
   356    0.7657903447E-06
   357    0.7598097993E-06
   358    0.2647967281E-06
   359    0.2688622485E-06
   360    0.4381209555E-06
   361    0.4049905635E-06
   362    0.2845748572E-06
   363    0.2416632403E-06
   364    0.1393592668E-06
   365    0.7279232483E-07
   366    0.9420665914E-07
   367    0.1344984817E-06
   368    0.1260300894E-06
   369    0.6676663067E-07
   370    0.3232974463E-07
   371    0.2833459556E-07
   372    0.3545360960E-07
   373    0.4952302568E-07
   374    0.3360148104E-07
   375    0.1559511192E-07
   376    0.1918703954E-07
   377    0.1508544267E-07
   378    0.7548035613E-08
   379    0.1139477071E-07
   380    0.9646445920E-08
   381    0.5962428773E-08
   382    0.4739659776E-08
   383    0.5270753167E-08
   384    0.2001774690E-08
   385    0.2142039240E-08
   386    0.4896242523E-08
   387    0.2731800786E-08
   388    0.3449035502E-09
   389    0.1108362957E-08
   390    0.1144379924E-08
   391    0.7999212404E-09
   392    0.7748088837E-09
   393    0.4383506891E-09
   394    0.4754070471E-09
   395    0.3943985971E-09
   396    0.1999809207E-09
   397    0.3204581045E-09
   398    0.2116011810E-09
   399    0.8492229142E-10
   400    0.9743206242E-10
   401    0.1245783476E-09
   402    0.8318301603E-10
   403    0.3589617492E-10
   404    0.4815192689E-10
   405    0.3822786532E-10
   406    0.3478550781E-10
   407    0.2800559784E-10
   408    0.9135581180E-11
   409    0.1469424582E-10
   410    0.1500222169E-10
   411    0.8354678060E-11
   412    0.7352118914E-11
   413    0.5246914014E-11
   414    0.3806732707E-11
   415    0.3982369989E-11
   416    0.2160605028E-11
   417    0.1672550987E-11
   418    0.2143174527E-11
   419    0.1584288256E-11
   420    0.7936151736E-12
   421    0.4964917366E-12
   422    0.5309086504E-12
   423    0.4933831121E-12
   424    0.4647116025E-12
   425    0.2756406214E-12
   426    0.1784405956E-12
   427    0.1654232307E-12
   428    0.1225686219E-12
   429    0.7704947791E-13
   430    0.7815970093E-13
   431    0.6261657859E-13
   432    0.5681566329E-13
   433    0.3419486916E-13
   434    0.1398881011E-13
   435    0.2109423747E-13
   436    0.1709743458E-13
   437    0.7771561172E-14
   438    0.9769962617E-14
   439    0.6217248938E-14
   440    0.5440092821E-14
   441    0.3996802889E-14
   442    0.2886579864E-14
   443    0.2609024108E-14
   444    0.1082467449E-14
   445    0.6661338148E-15
   446    0.1693090113E-14
   447    0.2220446049E-15
   448   -0.4440892099E-15
   449    0.7494005416E-15
   450    0.2220446049E-15
   451    0.8881784197E-15
   452   -0.4440892099E-15
   453   -0.4440892099E-15
   454    0.2220446049E-15
   455    0.2220446049E-15
   456    0.2220446049E-15
   457    0.0000000000E+00
   458   -0.6661338148E-15
   459    0.0000000000E+00
   460   -0.8881784197E-15
   461    0.2220446049E-15
   462    0.2220446049E-15
   463    0.2220446049E-15
   464   -0.8881784197E-15
   465   -0.8881784197E-15
   466    0.0000000000E+00
   467    0.2220446049E-15
   468    0.0000000000E+00
   469   -0.6661338148E-15
   470    0.2220446049E-15
   471   -0.8881784197E-15
   472   -0.8881784197E-15
   473    0.2220446049E-15
   474    0.2220446049E-15
   475   -0.8881784197E-15
   476   -0.8881784197E-15
   477    0.2220446049E-15
   478   -0.6661338148E-15
   479    0.2220446049E-15
   480    0.2220446049E-15
   481    0.3330669074E-15
   482    0.0000000000E+00
   483   -0.6661338148E-15
   484    0.2220446049E-15
   485    0.0000000000E+00
   486   -0.6661338148E-15
   487    0.3330669074E-15
   488    0.2220446049E-15
   489    0.2220446049E-15
   490    0.0000000000E+00
   491   -0.6661338148E-15
   492    0.0000000000E+00
   493    0.2220446049E-15
   494   -0.8881784197E-15
   495   -0.7771561172E-15
   496    0.0000000000E+00
   497    0.2220446049E-15
   498    0.1110223025E-15
   499    0.0000000000E+00
   500    0.3571428571E+01
   501    0.3571428571E+01
   502    0.0000000000E+00
