    -1    0.0000000000E+00
     0   -0.3904522690E+01
     1   -0.3256683495E+01
     2    0.9276577102E-02
     3    0.8627168141E-02
     4    0.1773670987E-02
     5    0.1128679410E-01
     6    0.8148270288E-02
     7   -0.3299567132E-03
     8    0.1177618643E-01
     9    0.6624200689E-02
    10   -0.3093865549E-02
    11    0.1052767768E-01
    12    0.4376092776E-02
    13   -0.6091683006E-02
    14    0.7625240470E-02
    15    0.2217902619E-02
    16   -0.9190789614E-02
    17    0.3430402482E-02
    18    0.1300797333E-02
    19   -0.1309507119E-01
    20    0.4133806567E-03
    21   -0.3422715248E-03
    22   -0.1496526318E-01
    23   -0.2919768672E-02
    24   -0.4735337673E-03
    25   -0.1614765867E-01
    26   -0.4917704937E-02
    27    0.3663916401E-03
    28   -0.1614637632E-01
    29   -0.5329531958E-02
    30    0.2069199275E-02
    31   -0.1546964508E-01
    32   -0.2795013649E-02
    33    0.2383786258E-02
    34   -0.1195414238E-01
    35   -0.9618936016E-04
    36    0.3293174795E-02
    37   -0.7567995110E-02
    38    0.2842126934E-02
    39    0.4917449957E-02
    40   -0.4216556849E-02
    41    0.7833098548E-02
    42    0.3527044717E-02
    43    0.1563548501E-02
    44    0.1027194992E-01
    45    0.2169220300E-02
    46    0.7383297217E-02
    47    0.9568098974E-02
    48    0.2418212057E-02
    49    0.1059228682E-01
    50    0.6895168715E-02
    51    0.4300472232E-02
    52    0.9106486478E-02
    53    0.5733193517E-02
    54    0.3285172268E-02
    55    0.7714267982E-02
    56    0.2273072358E-02
    57    0.2508545575E-02
    58    0.4719316377E-02
    59   -0.1779331898E-02
    60    0.1620534320E-02
    61    0.7105327721E-03
    62   -0.5586312243E-02
    63    0.5893158934E-03
    64   -0.3448196257E-02
    65   -0.8473892832E-02
    66   -0.7460344074E-03
    67   -0.6302207306E-02
    68   -0.1085154708E-01
    69   -0.1390168509E-02
    70   -0.7671517073E-02
    71   -0.1266576964E-01
    72   -0.1177683477E-03
    73   -0.9060406213E-02
    74   -0.1133210004E-01
    75   -0.1005507497E-03
    76   -0.6773642371E-02
    77   -0.1053945152E-01
    78    0.1766237254E-02
    79   -0.4041658392E-02
    80   -0.7880835776E-02
    81    0.2911662474E-02
    82    0.8470316610E-03
    83   -0.6082390634E-02
    84    0.5370026524E-02
    85    0.4933304617E-02
    86   -0.3307995091E-02
    87    0.6670452617E-02
    88    0.9394002092E-02
    89   -0.1904267749E-02
    90    0.8729172467E-02
    91    0.1112281357E-01
    92    0.2485452446E-03
    93    0.8925878964E-02
    94    0.1175802121E-01
    95    0.1489258211E-02
    96    0.7734975225E-02
    97    0.1120727316E-01
    98    0.1128105146E-02
    99    0.6363173363E-02
   100    0.8083885230E-02
   101    0.6295097965E-03
   102    0.4219316688E-02
   103    0.2937943516E-02
   104    0.8611941927E-03
   105    0.3395561439E-03
   106   -0.2063793323E-02
   107    0.1298912359E-02
   108   -0.5238756350E-02
   109   -0.4416452613E-02
   110   -0.4518025141E-03
   111   -0.8815592104E-02
   112   -0.6400318011E-02
   113   -0.1968416247E-02
   114   -0.1094273789E-01
   115   -0.7442871365E-02
   116   -0.2561353596E-02
   117   -0.1195989979E-01
   118   -0.6623089668E-02
   119   -0.2836694550E-02
   120   -0.1121799457E-01
   121   -0.4175767601E-02
   122   -0.2982927869E-02
   123   -0.8446289155E-02
   124   -0.1271229235E-02
   125   -0.1753538904E-02
   126   -0.5624987356E-02
   127    0.2979098084E-02
   128   -0.4079192338E-03
   129   -0.2633060267E-02
   130    0.7758567086E-02
   131    0.5431181757E-03
   132    0.4205817390E-03
   133    0.1185008948E-01
   134    0.1285849674E-02
   135    0.3001304901E-02
   136    0.1398265015E-01
   137    0.2700965053E-02
   138    0.3413390941E-02
   139    0.1526395202E-01
   140    0.2773179442E-02
   141    0.3365793962E-02
   142    0.1379431882E-01
   143    0.3011704160E-02
   144    0.1341183117E-02
   145    0.1122320106E-01
   146    0.2180012930E-02
   147   -0.1582243375E-02
   148    0.7670293152E-02
   149    0.3740761113E-03
   150   -0.4693893376E-02
   151    0.3468339625E-02
   152   -0.2032833038E-02
   153   -0.7061717099E-02
   154   -0.1553861731E-02
   155   -0.3763474866E-02
   156   -0.8903288353E-02
   157   -0.5959006078E-02
   158   -0.5067141835E-02
   159   -0.9752040748E-02
   160   -0.8837972015E-02
   161   -0.6321066718E-02
   162   -0.8442123769E-02
   163   -0.1083487014E-01
   164   -0.6850380696E-02
   165   -0.5284477496E-02
   166   -0.1206250647E-01
   167   -0.5518920174E-02
   168   -0.1647812177E-02
   169   -0.1237821464E-01
   170   -0.2661450906E-02
   171    0.1363556919E-02
   172   -0.1035086762E-01
   173   -0.9851591059E-04
   174    0.4561724663E-02
   175   -0.7740423515E-02
   176    0.1824789227E-02
   177    0.7008622530E-02
   178   -0.6148240969E-02
   179   -0.1267625711E-01
   180    0.2786941193E-01
   181   -0.3597034380E-02
   182    0.4552243913E-02
   183    0.1020850642E-01
   184   -0.2313804208E-02
   185    0.3120359740E-02
   186    0.9792486434E-02
   187   -0.1322233358E-02
   188    0.1575170632E-02
   189    0.6321272302E-02
   190   -0.2493085222E-02
   191    0.2309270525E-03
   192    0.2728938883E-02
   193   -0.4125554882E-02
   194   -0.2184671363E-02
   195   -0.1222900232E-02
   196   -0.5431479263E-02
   197   -0.3710923126E-02
   198   -0.6415411962E-02
   199   -0.6820591992E-02
   200   -0.5120386920E-02
   201   -0.8994303158E-02
   202   -0.6196934062E-02
   203   -0.4518450572E-02
   204   -0.1070234365E-01
   205   -0.6949430999E-02
   206   -0.3140707088E-01
   207    0.1075841365E-01
   208    0.3827189129E-02
   209   -0.5915312742E-02
   210   -0.7722474014E-02
   211    0.4427240116E-02
   212   -0.2633030354E-03
   213   -0.3256647679E-02
   214    0.6711916841E-02
   215    0.3012438517E-02
   216    0.2019756694E-02
   217    0.1170500532E-01
   218    0.9008412260E-02
   219   -0.7272828830E-02
   220    0.2625179514E-01
   221    0.2123828028E-01
   222    0.1583967106E-01
   223    0.1820773075E-01
   224    0.1749489746E-01
   225    0.1860341426E-01
   226    0.2016473027E-01
   227    0.2024791161E-01
   228    0.2005330031E-01
   229    0.2014634639E-01
   230    0.1182594721E-01
   231    0.1184461522E-01
   232    0.3679240778E-01
   233    0.1859751329E-01
   234    0.2162586871E-01
   235    0.2002616690E-01
   236    0.1512204565E-01
   237    0.1806570738E-01
   238    0.1546493265E-01
   239    0.2940644463E-02
   240   -0.3546329361E-01
   241    0.6857354196E-01
   242    0.5309922078E-02
   243    0.1049115889E-01
   244    0.8938563633E-02
   245    0.2613481927E-03
   246   -0.5417076571E-01
   247    0.4259681375E-01
   248    0.1641377927E-01
   249   -0.9620933559E-03
   250    0.1182910828E-02
   251   -0.7381574997E-02
   252   -0.5535698518E-01
   253    0.1840595087E-01
   254    0.1584590607E-01
   255   -0.8585643015E-02
   256   -0.6390809277E-02
   257   -0.1459541869E-01
   258   -0.1404942529E-01
   259   -0.5011749681E-01
   260    0.1211550616E-01
   261    0.2834716029E-02
   262   -0.1459638286E-01
   263   -0.1528632035E-01
   264   -0.1287346295E-01
   265   -0.1517112383E-01
   266   -0.1847650261E-01
   267   -0.1440084085E-01
   268   -0.1310368059E-01
   269   -0.1761052513E-01
   270   -0.1524313947E-01
   271   -0.1096688605E-01
   272   -0.1479613497E-01
   273   -0.1616997277E-01
   274   -0.1450443031E-01
   275   -0.9625031999E-02
   276   -0.1321252234E-01
   277   -0.1144633405E-01
   278   -0.1225872526E-01
   279   -0.1096808252E-01
   280   -0.8537038857E-02
   281   -0.7810802686E-02
   282   -0.8207667523E-02
   283   -0.8408585605E-02
   284   -0.7668587639E-02
   285   -0.5526823352E-02
   286   -0.5683011916E-02
   287   -0.5523367285E-02
   288   -0.3848587241E-02
   289   -0.4031119327E-02
   290   -0.3605503805E-02
   291   -0.2410165337E-02
   292   -0.2488152927E-02
   293   -0.1658258465E-02
   294    0.1637980862E-03
   295   -0.1087060266E-03
   296   -0.8738166663E-02
   297   -0.1176888326E-01
   298    0.2181718275E-01
   299    0.9534296578E-03
   300    0.1683564511E-02
   301    0.2421320588E-02
   302    0.2375994366E-02
   303    0.2273795513E-02
   304    0.3059981190E-02
   305    0.3411358760E-02
   306    0.2785270811E-02
   307    0.3022254873E-02
   308    0.3831603405E-02
   309    0.3601414973E-02
   310    0.3267227263E-02
   311    0.3501695004E-02
   312    0.3712000866E-02
   313    0.3483666016E-02
   314    0.3055977573E-02
   315   -0.1166387679E-01
   316    0.1967507112E-01
   317    0.3586254233E-02
   318    0.3472542106E-02
   319    0.3102228509E-02
   320    0.2970919581E-02
   321    0.2980945816E-02
   322    0.2959258318E-02
   323    0.2911500795E-02
   324    0.2703697286E-02
   325    0.2479100953E-02
   326    0.2359885098E-02
   327    0.2373455737E-02
   328    0.2239993447E-02
   329    0.2022168971E-02
   330    0.1980728676E-02
   331    0.1890555784E-02
   332    0.1686731222E-02
   333    0.1603863193E-02
   334    0.1567293919E-02
   335    0.1436367198E-02
   336    0.1309483878E-02
   337    0.1230697197E-02
   338    0.1147091642E-02
   339    0.1058448154E-02
   340    0.9821472920E-03
   341    0.9017846530E-03
   342    0.8277662556E-03
   343    0.7588792004E-03
   344    0.6919136625E-03
   345    0.6439849619E-03
   346    0.5993142865E-03
   347    0.5306127117E-03
   348    0.4803753997E-03
   349    0.4448864145E-03
   350    0.3984910566E-03
   351    0.3674641289E-03
   352    0.3325887124E-03
   353    0.2910752510E-03
   354    0.2658892060E-03
   355    0.2436466769E-03
   356    0.2170588912E-03
   357    0.1946751588E-03
   358    0.1713268696E-03
   359    0.1554285404E-03
   360    0.1419480652E-03
   361    0.1229782673E-03
   362    0.1098666664E-03
   363    0.9967172671E-04
   364    0.8608430582E-04
   365    0.7574024081E-04
   366    0.6920503965E-04
   367    0.6050268485E-04
   368    0.5251249164E-04
   369    0.4698327502E-04
   370    0.4122044941E-04
   371    0.3619642260E-04
   372    0.3169007752E-04
   373    0.2767132598E-04
   374    0.2419383752E-04
   375    0.2108448337E-04
   376    0.1847709241E-04
   377    0.1606988190E-04
   378    0.1400750878E-04
   379    0.1224837735E-04
   380    0.1045314691E-04
   381    0.8990233988E-05
   382    0.7927590203E-05
   383    0.6731492927E-05
   384    0.5767600832E-05
   385    0.5075008855E-05
   386    0.4367191623E-05
   387    0.3711037130E-05
   388    0.3159848293E-05
   389    0.2721762456E-05
   390    0.2316828763E-05
   391    0.1984336465E-05
   392    0.1693060040E-05
   393    0.1445941703E-05
   394    0.1229108428E-05
   395    0.1030824580E-05
   396    0.8764999745E-06
   397    0.7458543490E-06
   398    0.6324566353E-06
   399    0.5309193921E-06
   400    0.4449484967E-06
   401    0.3760596566E-06
   402    0.3194818468E-06
   403    0.2678275378E-06
   404    0.2233620763E-06
   405    0.1870682523E-06
   406    0.1555697872E-06
   407    0.1298532109E-06
   408    0.1088517996E-06
   409    0.9135032183E-07
   410    0.7576544353E-07
   411    0.6244210754E-07
   412    0.5161596714E-07
   413    0.4289101282E-07
   414    0.3571400337E-07
   415    0.2963017992E-07
   416    0.2429847951E-07
   417    0.1994550322E-07
   418    0.1649226927E-07
   419    0.1349395057E-07
   420    0.1108996936E-07
   421    0.9142246488E-08
   422    0.7452188533E-08
   423    0.6083205828E-08
   424    0.4983304130E-08
   425    0.4055151576E-08
   426    0.3279084448E-08
   427    0.2700303647E-08
   428    0.2215574446E-08
   429    0.1763704932E-08
   430    0.1423990592E-08
   431    0.1162815177E-08
   432    0.9369992282E-09
   433    0.7588024098E-09
   434    0.6094659777E-09
   435    0.4902777628E-09
   436    0.3968099460E-09
   437    0.3153894645E-09
   438    0.2544847388E-09
   439    0.2049659054E-09
   440    0.1620959478E-09
   441    0.1293138652E-09
   442    0.1039963393E-09
   443    0.8289846587E-10
   444    0.6557324128E-10
   445    0.5206932108E-10
   446    0.4146447075E-10
   447    0.3285599570E-10
   448    0.2611280636E-10
   449    0.2051664394E-10
   450    0.1612820988E-10
   451    0.1284689022E-10
   452    0.1008870765E-10
   453    0.7915723632E-11
   454    0.6227546256E-11
   455    0.4871936188E-11
   456    0.3827715922E-11
   457    0.2994049453E-11
   458    0.2328887083E-11
   459    0.1826622187E-11
   460    0.1429190100E-11
   461    0.1109196068E-11
   462    0.8565648191E-12
   463    0.6666334151E-12
   464    0.5177802631E-12
   465    0.4035660695E-12
   466    0.3112232694E-12
   467    0.2382816167E-12
   468    0.1862954235E-12
   469    0.1420807916E-12
   470    0.1099120794E-12
   471    0.8401612739E-13
   472    0.6572520306E-13
   473    0.4854450175E-13
   474    0.3871902798E-13
   475    0.2917110997E-13
   476    0.2220446049E-13
   477    0.1665334537E-13
   478    0.1329492072E-13
   479    0.9575673587E-14
   480    0.7327471963E-14
   481    0.6911138328E-14
   482    0.4940492460E-14
   483    0.3080868893E-14
   484    0.2192690474E-14
   485    0.1471045508E-14
   486    0.1137978600E-14
   487    0.1110223025E-14
   488    0.1304512054E-14
   489    0.6938893904E-15
   490   -0.1665334537E-15
   491    0.4440892099E-15
   492   -0.2220446049E-15
   493    0.3330669074E-15
   494    0.2220446049E-15
   495    0.0000000000E+00
   496    0.0000000000E+00
   497    0.2220446049E-15
   498    0.0000000000E+00
   499    0.0000000000E+00
   500    0.3571428571E+01
   501    0.3571428571E+01
   502    0.0000000000E+00
