    -1    0.0000000000E+00
     0   -0.2312016218E+01
     1   -0.7922462030E+00
     2   -0.1561030304E+01
     3    0.5234479343E+00
     4   -0.2557246728E+01
     5   -0.9937998873E+00
     6    0.1530617728E+01
     7   -0.1508788652E+01
     8    0.3439188767E+01
     9   -0.4760915084E+01
    10    0.3512618221E+01
    11    0.3057815572E+00
    12    0.2189229738E+01
    13   -0.2105698000E+01
    14    0.1108275961E+01
    15   -0.4048143193E+01
    16    0.6841606136E+00
    17   -0.8272795671E+01
    18    0.8397755475E+01
    19   -0.1900176248E+01
    20   -0.2810203418E+00
    21    0.1541495348E+01
    22   -0.1414754154E+01
    23   -0.7676066854E+00
    24   -0.3650470088E+01
    25    0.6001832595E+01
    26    0.3191259298E+01
    27   -0.4195458917E+01
    28    0.4246026414E+01
    29   -0.1242438307E+01
    30   -0.8334355214E+00
    31    0.3409548555E+01
    32   -0.4313297255E+01
    33    0.1062387953E+01
    34   -0.2217350220E+01
    35    0.3127516774E+01
    36    0.3871619601E-01
    37   -0.3949479948E+00
    38   -0.1845539422E+01
    39   -0.9150530807E-01
    40    0.4897503892E+01
    41   -0.1763575285E+01
    42    0.1593412082E+01
    43    0.8250433930E-01
    44   -0.4610359648E+01
    45    0.2015681005E+01
    46    0.3031483071E+01
    47   -0.1000174820E+01
    48   -0.1905518958E+01
    49    0.1586528034E+01
    50   -0.2376682613E+01
    51   -0.2469844598E+01
    52    0.5259379525E+01
    53   -0.1261606772E+01
    54    0.7373830513E+00
    55   -0.6328228829E+01
    56    0.5389321872E+01
    57   -0.2034552355E+01
    58   -0.1490410665E+01
    59    0.7166794481E+01
    60   -0.6143967769E+01
    61   -0.4499949575E+01
    62    0.3391623285E+01
    63    0.1141489522E+01
    64    0.1415499877E+01
    65   -0.2265104726E+01
    66   -0.1302510995E+01
    67    0.1318097684E+01
    68    0.5652082982E+01
    69   -0.3052252616E+01
    70   -0.6690309935E+01
    71    0.1440848518E+01
    72    0.1523274395E+01
    73   -0.6463299011E+00
    74    0.3095663989E+01
    75    0.1729873854E+01
    76   -0.1760235753E+01
    77    0.5851822184E+00
    78    0.1861294871E+01
    79   -0.2227942650E+01
    80    0.1138594882E+01
    81   -0.6594670943E+01
    82    0.4771020270E+01
    83    0.1889272183E+01
    84    0.2051028544E+01
    85   -0.2139646246E+01
    86   -0.7359314798E+00
    87    0.9956843545E+00
    88   -0.1022069466E+01
    89   -0.6630375481E+00
    90   -0.9108132324E+00
    91    0.3035857234E+01
    92   -0.1032995661E+01
    93   -0.9235233047E-01
    94    0.1691626602E+01
    95   -0.3649423644E+00
    96    0.1616963781E+01
    97    0.1500156945E+01
    98   -0.3064161454E+01
    99   -0.4888742780E+01
   100    0.7688827446E+01
   101   -0.2639735366E+01
   102   -0.6267638069E+01
   103    0.6341324770E+01
   104    0.1501277204E+01
   105    0.1029363818E+01
   106   -0.3129723052E+01
   107   -0.8775126391E+00
   108    0.8258827820E-01
   109   -0.3868126023E+01
   110    0.1895669777E+01
   111   -0.2078370117E+01
   112   -0.3810823491E+00
   113   -0.6201848277E+00
   114   -0.2510707713E+01
   115    0.5901431930E+01
   116    0.1644219875E+01
   117   -0.4243017290E+01
   118   -0.1713490494E+01
   119    0.6018477360E+01
   120   -0.1671674783E+00
   121    0.5635934574E+00
   122   -0.3205585640E+00
   123   -0.4445251185E+01
   124    0.7093939133E+01
   125   -0.4499951528E+01
   126   -0.3393916930E+01
   127    0.1707860263E+01
   128    0.6377397429E+01
   129    0.2010831188E+01
   130   -0.5854750978E+01
   131    0.1757795419E+01
   132    0.1390552778E+01
   133    0.5723841401E+00
   134   -0.3119056425E+01
   135    0.6451200564E+00
   136    0.1592075162E+01
   137   -0.2532786121E+01
   138    0.1694054363E+01
   139    0.2072991262E+01
   140   -0.8244720358E+00
   141   -0.4603686609E+01
   142    0.2851412196E+01
   143    0.6859258030E+00
   144    0.2119559710E+01
   145   -0.2233365680E+01
   146    0.1909142989E+00
   147   -0.3974103431E+01
   148   -0.2611714184E+01
   149    0.6523355867E+01
   150   -0.1597202952E+01
   151    0.2543991942E+01
   152   -0.2661992473E+01
   153   -0.3954116136E+01
   154    0.4420287702E+01
   155   -0.2444083459E+01
   156    0.6421771123E+00
   157    0.3202932559E+01
   158   -0.4282345580E+01
   159    0.3865562446E+00
   160    0.5611845740E+00
   161   -0.1124725383E+01
   162   -0.1024622861E+01
   163    0.3014581265E+00
   164    0.4864604418E+01
   165   -0.2705368405E+01
   166   -0.1818600001E+01
   167    0.8009487553E+00
   168   -0.2115028851E+01
   169    0.5620630149E+01
   170   -0.2955363283E+01
   171   -0.1254717630E+01
   172    0.3095119734E+01
   173    0.2991511768E+01
   174   -0.1511775033E+01
   175   -0.4447068427E+01
   176    0.3569824765E+01
   177   -0.2458739554E+01
   178   -0.1518101414E-01
   179    0.2758027164E+01
   180   -0.1585188788E+01
   181    0.2026726366E+01
   182   -0.6962061084E+00
   183   -0.2403071140E+01
   184    0.2968754623E+01
   185   -0.1156372015E+01
   186    0.2709600215E+00
   187   -0.8107993422E+00
   188    0.2724602368E+01
   189    0.1958312984E+01
   190   -0.3780764768E+01
   191   -0.2978931691E+00
   192    0.1188938499E+01
   193   -0.1897541453E+01
   194    0.4033615579E+01
   195   -0.2659980955E+00
   196   -0.3284820705E+01
   197   -0.3214623370E+01
   198   -0.2576854586E+00
   199    0.1190627813E+01
   200   -0.3556348248E+01
   201    0.4587685187E+00
   202    0.4853411654E+00
   203    0.1552723790E+01
   204   -0.3007094171E+01
   205    0.4473719502E+01
   206    0.1629481657E+00
   207    0.1176581676E+01
   208    0.3858676950E+01
   209   -0.3798709418E+01
   210   -0.4720403918E+00
   211   -0.3697246141E+01
   212    0.4539201089E+01
   213    0.1112620517E+01
   214   -0.1749103217E+01
   215    0.1599184876E+01
   216   -0.2314365650E+01
   217    0.3066552315E+01
   218    0.2128257528E+00
   219   -0.4618488219E+00
   220    0.3737532373E-01
   221    0.1359401367E-01
   222   -0.1312085518E+01
   223    0.4589441087E+00
   224    0.1224656075E+01
   225   -0.1390787559E+01
   226    0.1154635488E+01
   227    0.1499455614E+01
   228   -0.4073822800E+01
   229   -0.3188053250E+01
   230    0.3504851481E+01
   231    0.6772593530E+00
   232    0.1800969269E+01
   233    0.4890810219E+00
   234   -0.3536570907E+01
   235   -0.5335653009E-01
   236    0.1547643568E+01
   237   -0.2629344559E+01
   238    0.1283366501E+01
   239   -0.1778688018E+00
   240   -0.1815442218E+01
   241    0.1372441030E+01
   242    0.6978747288E+00
   243    0.6998438590E+00
   244   -0.4905626044E+00
   245   -0.1465228750E+01
   246    0.4979546234E+00
   247    0.1172565691E+01
   248   -0.7026161288E+00
   249   -0.7496114145E+00
   250    0.1394085628E+01
   251    0.6654960923E+00
   252   -0.1109163277E+01
   253   -0.7666835016E+00
   254    0.1185112659E+01
   255    0.3581506518E+00
   256   -0.1221309412E+01
   257    0.2699413107E-01
   258   -0.1105931059E-01
   259    0.1834878718E+00
   260    0.8652573924E+00
   261    0.8059494294E-01
   262   -0.8264590484E+00
   263   -0.2540056009E+00
   264    0.6903973236E+00
   265    0.4886634758E+00
   266   -0.4862333092E+00
   267   -0.7389208534E+00
   268    0.1362571843E+00
   269    0.3508700819E+00
   270   -0.4299395493E+00
   271    0.1176545815E+00
   272    0.3480653558E+00
   273   -0.2575748950E+00
   274   -0.1697643694E-01
   275    0.3160044204E+00
   276   -0.7564637389E-01
   277   -0.2521968697E+00
   278    0.6969401093E-01
   279    0.2189343238E+00
   280   -0.5421520885E-01
   281   -0.1400699064E+00
   282    0.3697315037E-01
   283    0.1409631808E+00
   284   -0.4371268182E-01
   285   -0.1953739298E+00
   286    0.1387212274E+00
   287    0.7284632530E-01
   288   -0.2184981994E-01
   289   -0.2469487122E-01
   290   -0.8757745356E-02
   291    0.6285760960E-02
   292    0.7943213998E-02
   293    0.1300464982E-01
   294    0.5956044218E-02
   295   -0.7179366810E-02
   296   -0.3928558209E-02
   297    0.7620095216E-02
   298    0.5557078946E-02
   299   -0.2293798090E-02
   300    0.2084477412E-02
   301    0.5403444147E-02
   302   -0.8593492023E-03
   303   -0.1640819983E-02
   304    0.4110852202E-02
   305    0.3655649109E-02
   306   -0.2089598546E-03
   307    0.4114597088E-03
   308    0.2091947880E-02
   309    0.9470325427E-03
   310    0.6245608777E-03
   311    0.1421668122E-02
   312    0.8494380984E-03
   313    0.6688970857E-04
   314    0.3922119997E-03
   315    0.8917133260E-03
   316    0.1183581395E-02
   317    0.5080615631E-03
   318    0.1302014650E-03
   319    0.4932060831E-03
   320    0.2840441631E-03
   321    0.5441782055E-03
   322    0.5407181776E-03
   323    0.3045630295E-04
   324    0.1047529806E-03
   325    0.3714162516E-03
   326    0.2710613752E-03
   327    0.2062502184E-03
   328    0.5485974362E-04
   329    0.1174725807E-03
   330    0.2804395823E-03
   331    0.1202085073E-03
   332    0.7458250987E-04
   333    0.1585632051E-03
   334    0.7769318561E-04
   335    0.2596013624E-05
   336    0.1037179104E-03
   337    0.9193728400E-04
   338    0.1948127025E-04
   339    0.5193459699E-04
   340    0.4750008889E-04
   341    0.4129083363E-04
   342    0.3399762334E-04
   343    0.2370991364E-04
   344    0.2243477725E-04
   345    0.1853383460E-04
   346    0.1830678814E-04
   347    0.1565419365E-04
   348    0.1824403654E-04
   349    0.1956480266E-04
   350    0.7632936157E-05
   351    0.4387569311E-05
   352    0.1161974725E-04
   353    0.4635697217E-05
   354    0.1867310259E-05
   355    0.6844518266E-05
   356    0.6710952980E-05
   357    0.4899635800E-05
   358    0.1949168459E-05
   359    0.2452734543E-05
   360    0.2377820032E-05
   361    0.1832582671E-05
   362    0.1795112456E-05
   363    0.1927349944E-05
   364    0.1532377756E-05
   365    0.6719261338E-06
   366    0.7458624880E-06
   367    0.7499757378E-06
   368    0.7673855579E-06
   369    0.5668163927E-06
   370    0.2760898286E-06
   371    0.3281892642E-06
   372    0.4350676646E-06
   373    0.3390346777E-06
   374    0.2458059523E-06
   375    0.2057221241E-06
   376    0.1205750656E-06
   377    0.8866196133E-07
   378    0.1081024916E-06
   379    0.1313058369E-06
   380    0.9431899817E-07
   381    0.5450380564E-07
   382    0.3580779229E-07
   383    0.3209702840E-07
   384    0.4097956849E-07
   385    0.4231051487E-07
   386    0.2495884810E-07
   387    0.1639301894E-07
   388    0.1904741043E-07
   389    0.1172092079E-07
   390    0.9158817482E-08
   391    0.1129418414E-07
   392    0.7733616636E-08
   393    0.5450139728E-08
   394    0.5207535958E-08
   395    0.4132759107E-08
   396    0.1950340334E-08
   397    0.3152362343E-08
   398    0.4064419468E-08
   399    0.1517028753E-08
   400    0.7188042939E-09
   401    0.1315122677E-08
   402    0.9090264097E-09
   403    0.8198543511E-09
   404    0.6404894670E-09
   405    0.4217328708E-09
   406    0.4936413500E-09
   407    0.2753923756E-09
   408    0.2537488830E-09
   409    0.2825688850E-09
   410    0.1507436398E-09
   411    0.9121170486E-10
   412    0.1146185369E-09
   413    0.1062161470E-09
   414    0.6077116588E-10
   415    0.4383937657E-10
   416    0.4454214775E-10
   417    0.3461952947E-10
   418    0.3289191142E-10
   419    0.2009525879E-10
   420    0.1093189428E-10
   421    0.1586708542E-10
   422    0.1164340846E-10
   423    0.7683298442E-11
   424    0.6748740455E-11
   425    0.4475642079E-11
   426    0.4007683074E-11
   427    0.3322786490E-11
   428    0.1865840815E-11
   429    0.1895456014E-11
   430    0.1905808844E-11
   431    0.1198707800E-11
   432    0.7075728892E-12
   433    0.5282441151E-12
   434    0.5347944310E-12
   435    0.4791722574E-12
   436    0.3707312235E-12
   437    0.2311206782E-12
   438    0.1780797731E-12
   439    0.1474376177E-12
   440    0.1039168751E-12
   441    0.8215650382E-13
   442    0.6883382753E-13
   443    0.5639932965E-13
   444    0.4818367927E-13
   445    0.2509104036E-13
   446    0.1726396803E-13
   447    0.2242650510E-13
   448    0.1254552018E-13
   449    0.9769962617E-14
   450    0.8049116929E-14
   451    0.7077671782E-14
   452    0.4218847494E-14
   453    0.3858025011E-14
   454    0.3719247132E-14
   455    0.1554312234E-14
   456    0.1360023205E-14
   457    0.1554312234E-14
   458    0.6106226635E-15
   459    0.4440892099E-15
   460    0.4440892099E-15
   461    0.9992007222E-15
   462    0.1554312234E-14
   463    0.8881784197E-15
   464   -0.4440892099E-15
   465   -0.6661338148E-15
   466   -0.6661338148E-15
   467    0.0000000000E+00
   468   -0.8881784197E-15
   469    0.2220446049E-15
   470    0.0000000000E+00
   471   -0.5551115123E-15
   472    0.0000000000E+00
   473    0.2220446049E-15
   474    0.3330669074E-15
   475    0.0000000000E+00
   476    0.0000000000E+00
   477    0.2220446049E-15
   478    0.2220446049E-15
   479   -0.8881784197E-15
   480   -0.8881784197E-15
   481    0.0000000000E+00
   482    0.2220446049E-15
   483    0.0000000000E+00
   484    0.0000000000E+00
   485    0.2220446049E-15
   486    0.2220446049E-15
   487    0.2220446049E-15
   488    0.2220446049E-15
   489    0.0000000000E+00
   490    0.0000000000E+00
   491    0.2220446049E-15
   492    0.2220446049E-15
   493    0.0000000000E+00
   494    0.2220446049E-15
   495    0.2220446049E-15
   496    0.2220446049E-15
   497    0.2220446049E-15
   498    0.3330669074E-15
   499    0.2220446049E-15
   500    0.3571428571E+01
   501    0.3571428571E+01
   502    0.0000000000E+00
