    -1    0.0000000000E+00
     0   -0.1878709998E+01
     1   -0.3193834979E+01
     2    0.3040240330E+01
     3   -0.8303964335E-01
     4    0.7467133952E+00
     5   -0.3612804089E+00
     6   -0.2333445075E+00
     7   -0.4753748802E+00
     8    0.1087717567E+01
     9    0.1665552666E+00
    10   -0.6494715824E-01
    11   -0.1081163774E+01
    12   -0.1266273643E+00
    13   -0.5831004258E+00
    14    0.3317887502E+00
    15   -0.1517183826E+01
    16    0.2478126606E+01
    17   -0.3132935952E+01
    18    0.3132025820E+01
    19   -0.2263964186E+01
    20   -0.7797017990E-01
    21   -0.1402116145E+01
    22   -0.1144206740E+01
    23    0.2023607280E+01
    24    0.3301237539E+01
    25   -0.1718188848E+01
    26   -0.2744712926E+01
    27    0.4087662484E+01
    28   -0.5574749485E+00
    29   -0.1318100115E+01
    30   -0.1150399401E+01
    31    0.1703906726E+01
    32    0.7955993332E+00
    33   -0.2435598355E+01
    34    0.2740568006E+01
    35   -0.9479811445E+00
    36   -0.2971623893E+01
    37    0.3472710551E+01
    38   -0.4690910322E+00
    39    0.2201443491E+00
    40   -0.1179802059E+01
    41    0.2557386810E+01
    42   -0.6371687375E+00
    43    0.1062511074E+01
    44   -0.4825187201E+01
    45    0.3649245114E+01
    46    0.4357553852E+00
    47   -0.3556108316E+01
    48    0.5316243839E+00
    49    0.4117976575E+01
    50   -0.1858405438E+01
    51   -0.1946381849E+01
    52   -0.4809680999E+00
    53    0.1555839278E+01
    54   -0.3337790546E+00
    55   -0.1090703240E+01
    56   -0.5994560595E-01
    57    0.2251873358E+01
    58   -0.1307405278E+01
    59    0.1074997177E-01
    60   -0.9872079218E+00
    61    0.3968803545E+01
    62   -0.1469856729E+01
    63   -0.1448657100E+01
    64    0.5329129891E-01
    65    0.1848246637E+01
    66   -0.3288112542E+01
    67   -0.1881355003E+01
    68    0.6254647086E+00
    69    0.9684167885E-01
    70    0.2738086161E+01
    71   -0.1705881817E+01
    72    0.3135479642E+01
    73   -0.1102681141E+01
    74   -0.3936716425E+00
    75    0.1221866054E+01
    76    0.8781115986E+00
    77    0.4070314312E+00
    78   -0.1078488167E+01
    79    0.1115541067E+01
    80   -0.1795508083E+01
    81    0.1388100088E+01
    82    0.2001849297E+00
    83    0.4012139751E+00
    84   -0.7266996048E+00
    85   -0.1684528978E+00
    86   -0.5045162570E+00
    87    0.6195706453E+00
    88    0.1744763297E+00
    89   -0.4957045250E+00
    90   -0.4455187917E-01
    91   -0.6845281587E+00
    92    0.1113589865E+01
    93   -0.1154988573E+01
    94    0.6975153173E-01
    95    0.6926368309E+00
    96    0.5423220864E+00
    97   -0.1244851208E+01
    98    0.7354665530E+00
    99   -0.6782084894E+00
   100    0.5619856381E+00
   101    0.4486376598E+00
   102   -0.1612574607E+00
   103    0.2724125622E+00
   104   -0.7263501162E+00
   105   -0.1337090753E+01
   106    0.1341467180E+01
   107    0.5919111117E+00
   108   -0.5266530064E+00
   109   -0.1323820562E+01
   110    0.1332293285E+01
   111    0.8865536305E+00
   112   -0.1288837136E+01
   113    0.2990609270E+00
   114    0.6202105957E+00
   115   -0.1855264194E+01
   116    0.1637080965E+01
   117   -0.2360046462E+00
   118   -0.3831529130E+00
   119    0.4079773787E+00
   120    0.1646515827E+00
   121    0.4755928333E+00
   122    0.5743950101E+00
   123   -0.6650011548E+00
   124   -0.5627658913E-01
   125    0.4743920834E+00
   126    0.1095592164E+00
   127   -0.4229743304E+00
   128   -0.3043730121E+00
   129    0.6175929764E+00
   130    0.9026062798E-01
   131    0.7413812292E+00
   132   -0.5275250214E+00
   133    0.1240933677E+00
   134   -0.4133731068E+00
   135    0.5025712190E-01
   136    0.5144302921E+00
   137   -0.9365393719E+00
   138    0.5915078706E+00
   139   -0.2078994446E+01
   140    0.2026773226E+01
   141   -0.5659720817E+00
   142    0.9136115272E+00
   143   -0.1512884207E+01
   144    0.7314022932E+00
   145   -0.1547726675E+00
   146    0.1231771850E+00
   147    0.2911089333E+00
   148   -0.5361119351E+00
   149   -0.4092025411E+00
   150   -0.3987296153E+00
   151    0.1453462727E+01
   152   -0.2909693878E+00
   153    0.1896597453E+00
   154   -0.7573345399E+00
   155    0.7673667479E-01
   156    0.1962785104E+00
   157    0.4431686644E+00
   158   -0.7448506104E+00
   159    0.4297751508E+00
   160   -0.7254348352E+00
   161    0.9550772802E-02
   162    0.3894711224E+00
   163    0.7453644582E+00
   164   -0.1897706584E+01
   165    0.1149237609E+01
   166   -0.1320125582E+01
   167    0.1273525134E+01
   168    0.2031524627E+00
   169    0.4114175861E+00
   170   -0.7199888579E+00
   171    0.1828097177E+01
   172   -0.1398066948E+01
   173   -0.6558225606E+00
   174    0.7429807566E+00
   175   -0.1656720065E+01
   176   -0.1556348693E+01
   177    0.1268218405E+01
   178    0.7809634256E+00
   179   -0.5869525897E-01
   180    0.1193818431E+01
   181   -0.1933147626E+00
   182   -0.1097427936E+01
   183   -0.3143252862E+01
   184    0.3880411604E+01
   185   -0.4626531641E+01
   186   -0.5951649007E+01
   187   -0.9315819263E+01
   188    0.5176390444E+01
   189    0.4574164233E+01
   190   -0.6733813388E+01
   191    0.6308573626E+00
   192    0.6788470449E+01
   193    0.3689317537E+01
   194   -0.2403815454E+01
   195    0.2383093689E+01
   196   -0.1826860607E+00
   197    0.9952869105E+00
   198    0.2783893800E+01
   199   -0.2863744598E+00
   200    0.9915747111E+00
   201    0.1801020674E+01
   202   -0.1558764465E+01
   203   -0.3499523916E+01
   204    0.2165641649E+01
   205    0.2599808266E+01
   206    0.4053582797E+00
   207   -0.2309946977E+01
   208    0.2055450159E+01
   209   -0.4329700400E+01
   210    0.4253811735E+01
   211   -0.4550482600E+00
   212   -0.3183150876E+01
   213    0.2880576417E+01
   214   -0.2037523305E+01
   215    0.2135282266E+01
   216    0.6109110044E-01
   217   -0.1004770178E+01
   218    0.4117973394E+00
   219   -0.1628654876E+01
   220    0.9272027510E+00
   221   -0.7094909829E+00
   222    0.4944752620E+00
   223    0.2122466392E+00
   224   -0.2722789699E+01
   225    0.1047899819E+01
   226    0.9759195015E+00
   227   -0.1466474090E+01
   228   -0.3883902497E+01
   229   -0.1179173816E+01
   230    0.3938576434E+01
   231    0.9937001997E+00
   232   -0.7783292366E-01
   233   -0.1374131600E+01
   234   -0.5250147679E+01
   235    0.4074769868E-01
   236    0.4590242691E+01
   237    0.1208725551E+01
   238    0.3065521914E+00
   239   -0.1719273086E+00
   240   -0.1950816942E+01
   241   -0.4565736771E+00
   242    0.8803355508E+00
   243    0.4749105915E+00
   244    0.1031889951E+01
   245   -0.3747072716E+00
   246   -0.9263657809E+00
   247    0.5743990251E-01
   248    0.5896201320E+00
   249    0.5981689164E+00
   250    0.5072423765E+00
   251    0.1933731522E+00
   252   -0.4938960303E+00
   253   -0.9961757448E+00
   254    0.1695406804E+00
   255    0.7713677831E+00
   256    0.1536903948E+00
   257   -0.8150546480E+00
   258   -0.3292517486E+00
   259    0.2429894160E+00
   260    0.1035875108E+00
   261   -0.1360015088E+00
   262    0.1498310911E+00
   263    0.7034571235E-01
   264   -0.2257566265E+00
   265    0.1548347304E+00
   266    0.3014746926E+00
   267   -0.2605625055E+00
   268   -0.2612920399E+00
   269    0.2427712627E+00
   270    0.2292644534E+00
   271   -0.2534881080E+00
   272   -0.1528790317E+00
   273    0.2535012438E+00
   274    0.1277206067E+00
   275   -0.2054914478E+00
   276   -0.1237180470E+00
   277    0.1979349832E+00
   278    0.3658741373E-01
   279   -0.5370101093E-01
   280   -0.2218554242E-01
   281    0.1152015049E-01
   282    0.1227148736E-01
   283    0.2044742289E-01
   284    0.1350068897E-01
   285   -0.1276575260E-01
   286   -0.1369310948E-01
   287    0.9868493679E-02
   288    0.1187567331E-01
   289   -0.4373548120E-02
   290   -0.1424076868E-02
   291    0.9245273067E-02
   292    0.6696927034E-04
   293   -0.5652441763E-02
   294    0.4314632919E-02
   295    0.6178497954E-02
   296   -0.2994434617E-03
   297   -0.8011331002E-03
   298    0.2503912839E-02
   299    0.1174714034E-02
   300    0.3565354534E-03
   301    0.1571927558E-02
   302    0.1087789547E-02
   303   -0.3787943400E-05
   304    0.5284536556E-04
   305    0.7568462277E-03
   306    0.1506318009E-02
   307    0.7644053976E-03
   308   -0.1068463759E-03
   309    0.4863671455E-03
   310    0.3101381592E-03
   311    0.4538141000E-03
   312    0.7179248359E-03
   313    0.6924987274E-04
   314   -0.5002034684E-04
   315    0.3694337412E-03
   316    0.3273541218E-03
   317    0.2360232956E-03
   318    0.5756312757E-04
   319    0.3897480797E-04
   320    0.3136775384E-03
   321    0.1814969762E-03
   322    0.4268401795E-04
   323    0.1551524150E-03
   324    0.1217195401E-03
   325   -0.2146355892E-04
   326    0.7634454405E-04
   327    0.1303037826E-03
   328    0.1542075548E-04
   329    0.3868883742E-04
   330    0.5741724658E-04
   331    0.4218479672E-04
   332    0.3664078779E-04
   333    0.2381702658E-04
   334    0.2412368517E-04
   335    0.1682747971E-04
   336    0.1750201332E-04
   337    0.1756718017E-04
   338    0.1636100966E-04
   339    0.2383639302E-04
   340    0.1023449358E-04
   341    0.1264365064E-05
   342    0.1186913428E-04
   343    0.6750158422E-05
   344   -0.1931908169E-06
   345    0.6032201701E-05
   346    0.7828700622E-05
   347    0.6116302902E-05
   348    0.2011374013E-05
   349    0.1970821841E-05
   350    0.2611940163E-05
   351    0.1775705341E-05
   352    0.1832186140E-05
   353    0.2028675988E-05
   354    0.1842048281E-05
   355    0.6448996563E-06
   356    0.7012544780E-06
   357    0.7203546788E-06
   358    0.7811233633E-06
   359    0.6934197774E-06
   360    0.2345324613E-06
   361    0.2926663825E-06
   362    0.4573746779E-06
   363    0.3760608180E-06
   364    0.2697150210E-06
   365    0.2333272808E-06
   366    0.1250136409E-06
   367    0.7077404374E-07
   368    0.1029734378E-06
   369    0.1391537003E-06
   370    0.1119498417E-06
   371    0.6188226065E-07
   372    0.3140356597E-07
   373    0.2784584763E-07
   374    0.3927095582E-07
   375    0.4807723486E-07
   376    0.2947560468E-07
   377    0.1540936445E-07
   378    0.1966118818E-07
   379    0.1336727404E-07
   380    0.7802630653E-08
   381    0.1171948905E-07
   382    0.8857542255E-08
   383    0.5677031678E-08
   384    0.4869739278E-08
   385    0.4845191137E-08
   386    0.1823523110E-08
   387    0.2561646784E-08
   388    0.4833672490E-08
   389    0.2161808732E-08
   390    0.3639770707E-09
   391    0.1245110237E-08
   392    0.1036791542E-08
   393    0.8187410749E-09
   394    0.7190426032E-09
   395    0.4125697561E-09
   396    0.5051519203E-09
   397    0.3336171339E-09
   398    0.2180198244E-09
   399    0.3187758946E-09
   400    0.1828112939E-09
   401    0.8063949508E-10
   402    0.1059798638E-09
   403    0.1208142753E-09
   404    0.7267050850E-10
   405    0.3685163286E-10
   406    0.4780531526E-10
   407    0.3693467754E-10
   408    0.3431299689E-10
   409    0.2483022121E-10
   410    0.8960832076E-11
   411    0.1553912554E-10
   412    0.1391220472E-10
   413    0.7917888567E-11
   414    0.7107203714E-11
   415    0.4880096327E-11
   416    0.3909761404E-11
   417    0.3745254107E-11
   418    0.1941669048E-11
   419    0.1783906356E-11
   420    0.2105648989E-11
   421    0.1421751605E-11
   422    0.7333023078E-12
   423    0.4891642646E-12
   424    0.5380140777E-12
   425    0.4898303985E-12
   426    0.4365396933E-12
   427    0.2518818487E-12
   428    0.1759148383E-12
   429    0.1583455589E-12
   430    0.1145750161E-12
   431    0.7893685705E-13
   432    0.7335798635E-13
   433    0.6195044477E-13
   434    0.5373479439E-13
   435    0.2997602166E-13
   436    0.1532107774E-13
   437    0.2275957200E-13
   438    0.1376676551E-13
   439    0.7327471963E-14
   440    0.9103828802E-14
   441    0.5995204333E-14
   442    0.4662936703E-14
   443    0.4218847494E-14
   444    0.3552713679E-14
   445    0.2664535259E-14
   446    0.1332267630E-14
   447    0.1332267630E-14
   448    0.1332267630E-14
   449    0.1776356839E-14
   450    0.3885780586E-15
   451   -0.1110223025E-15
   452    0.0000000000E+00
   453    0.4440892099E-15
   454   -0.6661338148E-15
   455    0.2220446049E-15
   456    0.0000000000E+00
   457    0.2220446049E-15
   458   -0.8881784197E-15
   459   -0.6661338148E-15
   460    0.0000000000E+00
   461    0.0000000000E+00
   462    0.2220446049E-15
   463    0.1110223025E-15
   464    0.0000000000E+00
   465    0.2220446049E-15
   466    0.2220446049E-15
   467    0.2220446049E-15
   468   -0.6661338148E-15
   469    0.0000000000E+00
   470   -0.6661338148E-15
   471    0.0000000000E+00
   472    0.2220446049E-15
   473    0.2220446049E-15
   474    0.2220446049E-15
   475    0.2220446049E-15
   476    0.0000000000E+00
   477   -0.6661338148E-15
   478    0.2220446049E-15
   479    0.2220446049E-15
   480    0.2220446049E-15
   481    0.2220446049E-15
   482    0.0000000000E+00
   483   -0.6661338148E-15
   484    0.2220446049E-15
   485    0.2220446049E-15
   486    0.2220446049E-15
   487    0.2220446049E-15
   488    0.0000000000E+00
   489   -0.6661338148E-15
   490    0.2220446049E-15
   491    0.2220446049E-15
   492    0.2220446049E-15
   493    0.2220446049E-15
   494    0.2220446049E-15
   495    0.1110223025E-15
   496    0.0000000000E+00
   497    0.0000000000E+00
   498    0.0000000000E+00
   499   -0.2220446049E-15
   500    0.3571428571E+01
   501    0.3571428571E+01
   502    0.0000000000E+00
