    -1    0.0000000000E+00
     0   -0.3242790727E+01
     1   -0.4143553082E+01
     2    0.4368729919E+00
     3   -0.2709954239E+00
     4   -0.8616683611E-01
     5    0.4435615290E+00
     6   -0.2434851712E+00
     7   -0.1149288515E+00
     8    0.4303325988E+00
     9   -0.2125139772E+00
    10   -0.1452166228E+00
    11    0.4008568807E+00
    12   -0.1803326325E+00
    13   -0.2310191986E+00
    14    0.4791046650E+00
    15   -0.4377131760E+00
    16    0.1760072970E+00
    17    0.2031450726E+00
    18   -0.3606235945E+00
    19    0.1549240856E+00
    20    0.1620846472E+00
    21   -0.3917780282E+00
    22    0.1829860213E+00
    23    0.1351043328E+00
    24   -0.4175877544E+00
    25    0.2097806634E+00
    26    0.1168119116E+00
    27   -0.4366937633E+00
    28    0.2376021478E+00
    29    0.1067940305E+00
    30   -0.4472892376E+00
    31    0.2641216559E+00
    32    0.1056615643E+00
    33   -0.4483747249E+00
    34    0.2845841090E+00
    35    0.1137255926E+00
    36   -0.4380699109E+00
    37    0.2920984679E+00
    38    0.1405964679E-01
    39   -0.1945305231E+00
    40    0.1304857727E+00
    41    0.3685144018E-01
    42    0.5947736076E-02
    43    0.9960886350E-02
    44    0.4335413916E-01
    45    0.2921767050E-01
    46    0.4600817074E-03
    47    0.4838153573E-01
    48    0.6444091576E-01
    49   -0.2975647214E-01
    50    0.4531270292E-01
    51    0.1099623022E+00
    52   -0.7219238257E-01
    53    0.2406916434E-01
    54    0.1662668801E+00
    55   -0.1191454019E+00
    56   -0.2104730506E-01
    57    0.1525889158E+00
    58   -0.4538485280E-01
    59   -0.1176139183E+00
    60    0.1489590136E+00
    61   -0.2677920449E-02
    62   -0.1024164059E+00
    63    0.1012519117E+00
    64   -0.4466076679E-02
    65   -0.1772620372E+00
    66    0.1310858422E+00
    67    0.5577493131E-02
    68   -0.2377219631E+00
    69    0.1451298445E+00
    70    0.2527856297E-01
    71   -0.2766130415E+00
    72    0.1452658976E+00
    73    0.5160338398E-01
    74   -0.2927985814E+00
    75    0.1383149806E+00
    76    0.7315894269E-01
    77   -0.2801133231E+00
    78    0.1249547209E+00
    79    0.8628152801E-01
    80   -0.2425716401E+00
    81    0.1100907112E+00
    82    0.8584226791E-01
    83   -0.2151379346E+00
    84    0.8469158871E-01
    85    0.1169407415E+00
    86   -0.1906242814E+00
    87    0.2516965578E+00
    88   -0.4367158101E-01
    89   -0.1302464973E+00
    90    0.2513132906E+00
    91   -0.5872288041E-01
    92   -0.5631413606E-01
    93    0.1845385891E+00
    94   -0.5806671178E-01
    95    0.1538657209E-01
    96    0.1248846907E+00
    97   -0.7703559079E-01
    98    0.7995838623E-01
    99    0.7466373765E-01
   100   -0.1831380527E+00
   101    0.2797814883E+00
   102   -0.6856200485E-01
   103   -0.2531101115E+00
   104    0.3511208729E+00
   105   -0.5291984625E-01
   106   -0.1690810635E+00
   107    0.6982262809E-01
   108    0.1585249864E+00
   109   -0.2496443495E+00
   110    0.3593496191E-01
   111    0.1463736756E+00
   112   -0.2331962628E+00
   113    0.6748013944E-02
   114    0.1217119531E+00
   115   -0.2007834556E+00
   116   -0.8998441934E-02
   117    0.8446492925E-01
   118   -0.1565244089E+00
   119   -0.5642651625E-02
   120    0.3559948156E-01
   121   -0.1068236697E+00
   122    0.2209994474E-01
   123   -0.2471813554E-01
   124   -0.5871791628E-01
   125    0.7469786769E-01
   126   -0.9273141156E-01
   127   -0.6814874882E-01
   128    0.1795534902E+00
   129   -0.7110327145E-01
   130   -0.1778028135E+00
   131    0.3725617809E+00
   132   -0.2454266432E+00
   133    0.7517772063E-01
   134    0.1321936926E+00
   135   -0.1505731466E+00
   136    0.1697466241E+00
   137    0.7433762744E-01
   138   -0.1575085753E+00
   139    0.1795672039E+00
   140    0.7855006957E-01
   141   -0.1579843456E+00
   142    0.1498727610E+00
   143    0.4461829325E-01
   144    0.3589611290E-01
   145   -0.2003125431E+00
   146    0.3010362456E+00
   147   -0.1374885730E-01
   148   -0.2248510770E+00
   149    0.2110731283E+00
   150    0.2291458748E-02
   151   -0.2094291988E+00
   152    0.2519204365E+00
   153   -0.1217989130E+00
   154   -0.8289359349E-01
   155    0.1082337607E+00
   156   -0.8671609446E-01
   157   -0.5310089268E-01
   158    0.1783928263E-01
   159   -0.6385101587E-01
   160   -0.1072629909E-01
   161   -0.5200218724E-01
   162   -0.5456452452E-01
   163    0.3661679401E-01
   164   -0.1001263427E+00
   165   -0.5196716273E-01
   166    0.8508821388E-01
   167   -0.1227875017E+00
   168   -0.5167472038E-01
   169    0.1210213102E+00
   170   -0.2789305989E+00
   171    0.2300034655E+00
   172    0.4199542960E-01
   173   -0.3103659706E+00
   174    0.2775874468E+00
   175    0.1104368093E-01
   176   -0.3323379941E+00
   177    0.3367330758E+00
   178    0.1039472581E+00
   179   -0.2683555702E+00
   180    0.2098092808E+00
   181    0.1392985083E+00
   182   -0.2255250367E+00
   183    0.1423462984E+00
   184    0.1497982938E+00
   185   -0.1668064009E+00
   186    0.8522384753E-01
   187    0.1405259403E+00
   188   -0.1149341202E+00
   189    0.2342162255E-01
   190    0.1313998673E+00
   191   -0.6449590953E-01
   192   -0.5030998813E-01
   193    0.9876463482E-01
   194   -0.1143615729E-01
   195   -0.9982162958E-01
   196    0.7777317312E-01
   197    0.2124472624E-01
   198   -0.1207291278E+00
   199    0.5447726147E-01
   200   -0.6923962585E-01
   201   -0.1636487307E-01
   202   -0.1231830601E-01
   203   -0.2888806860E-01
   204   -0.5012217416E-01
   205   -0.7918885012E-01
   206    0.1566945551E+00
   207   -0.1733413570E+00
   208   -0.3591932368E-01
   209    0.1233447237E+00
   210   -0.1457640607E+00
   211   -0.9229051762E-02
   212    0.1450609269E+00
   213   -0.1310698316E+00
   214   -0.3257619534E-01
   215    0.9349498452E-01
   216   -0.2686591217E-01
   217    0.3131288704E-01
   218    0.9543187204E-01
   219   -0.6762981507E-01
   220    0.4766550553E-01
   221    0.9212067803E-01
   222   -0.7247203279E-01
   223    0.8406967288E-01
   224    0.9619926388E-01
   225   -0.7915358184E-01
   226    0.7139451811E-01
   227    0.8693034551E-01
   228   -0.1907242566E-01
   229    0.5528523342E-01
   230    0.5682585026E-01
   231   -0.7846761774E-01
   232    0.1652088176E+00
   233    0.6818081197E-01
   234   -0.2936882652E+00
   235    0.1168747429E+00
   236    0.2067150460E+00
   237   -0.1458993933E+00
   238    0.1488681401E+00
   239    0.6637123198E-01
   240   -0.3798764791E+00
   241    0.1984084703E-01
   242    0.2480632596E+00
   243    0.1182429259E+00
   244   -0.5619972306E-01
   245   -0.5842838423E-01
   246   -0.2461692645E+00
   247   -0.1097440091E+00
   248    0.3927511247E+00
   249    0.4646121937E-01
   250   -0.1462449658E+00
   251   -0.2048939029E-01
   252   -0.1063032019E+00
   253   -0.1561093220E+00
   254    0.7539303849E-01
   255    0.2718439709E+00
   256   -0.1410755843E+00
   257   -0.1419345477E+00
   258    0.9970448417E-01
   259   -0.5984725171E-01
   260   -0.9175434681E-01
   261    0.6913818860E-01
   262   -0.2610154830E-01
   263   -0.7671122479E-01
   264    0.1206842855E-01
   265    0.7001795839E-02
   266   -0.1823507735E-01
   267   -0.1090176395E-02
   268   -0.4864742681E-01
   269   -0.2988855087E-01
   270    0.3302983798E-01
   271   -0.2418939854E-02
   272   -0.5338348826E-01
   273   -0.4143256826E-01
   274    0.3951378023E-01
   275    0.1902305310E-01
   276   -0.1742153963E-01
   277   -0.3100600022E-01
   278   -0.4518676854E-02
   279    0.1239481713E-01
   280   -0.1326485598E-01
   281   -0.8019616451E-02
   282    0.5497746349E-02
   283   -0.1349176428E-01
   284   -0.3318751306E-02
   285    0.3772549375E-02
   286   -0.1561949439E-01
   287    0.9674744486E-03
   288    0.2545920132E-01
   289    0.1145729756E-03
   290   -0.4767617453E-01
   291    0.3015149574E-02
   292    0.4016964913E-01
   293   -0.5263029578E-02
   294   -0.4206912532E-02
   295    0.7260780145E-02
   296    0.1079075047E-02
   297   -0.6604726882E-03
   298    0.8624720359E-02
   299    0.6674635957E-02
   300   -0.2433136743E-02
   301    0.2266811762E-02
   302    0.8522348752E-02
   303    0.4607056383E-02
   304    0.1087472017E-02
   305    0.2211356284E-02
   306    0.5959667512E-02
   307    0.4528073778E-02
   308   -0.3786201024E-02
   309   -0.1077419640E-01
   310    0.2080367301E-01
   311    0.6478533640E-02
   312    0.4352070664E-02
   313    0.9272029027E-03
   314    0.1057654169E-02
   315    0.3257674044E-02
   316    0.3470728593E-02
   317    0.4152002213E-02
   318    0.2789244402E-02
   319    0.1376907804E-02
   320    0.1747283767E-02
   321    0.2863063544E-02
   322    0.2607474642E-02
   323    0.1381723644E-02
   324    0.2150265682E-02
   325    0.2240983092E-02
   326    0.1144280021E-02
   327    0.1277585221E-02
   328    0.2022795201E-02
   329    0.1685004090E-02
   330    0.9701913267E-03
   331    0.1184569396E-02
   332    0.1317273924E-02
   333    0.9776064409E-03
   334    0.9314408147E-03
   335    0.1015032466E-02
   336    0.7616004737E-03
   337    0.6012877390E-03
   338    0.7039735070E-03
   339    0.6841026706E-03
   340    0.6612145502E-03
   341    0.5340752050E-03
   342    0.4210152162E-03
   343    0.4198533493E-03
   344    0.3923410689E-03
   345    0.4214461655E-03
   346    0.3357330444E-03
   347    0.2289174910E-03
   348    0.2536327826E-03
   349    0.2655301690E-03
   350    0.2181688725E-03
   351    0.1929140102E-03
   352    0.1453203772E-03
   353    0.1518239450E-03
   354    0.1674998705E-03
   355    0.1176062773E-03
   356    0.1026429670E-03
   357    0.1124308025E-03
   358    0.7855772401E-04
   359    0.6025865161E-04
   360    0.7915299734E-04
   361    0.6332038391E-04
   362    0.4511752553E-04
   363    0.4819713261E-04
   364    0.4195835687E-04
   365    0.3661958654E-04
   366    0.3132256949E-04
   367    0.2663800350E-04
   368    0.2286942540E-04
   369    0.2083622056E-04
   370    0.1809600985E-04
   371    0.1553236096E-04
   372    0.1547222787E-04
   373    0.1276690035E-04
   374    0.9522919665E-05
   375    0.8480110146E-05
   376    0.8196636430E-05
   377    0.5995774040E-05
   378    0.5237104232E-05
   379    0.5345401231E-05
   380    0.4786820853E-05
   381    0.3791176773E-05
   382    0.2803532122E-05
   383    0.2699488933E-05
   384    0.2267437086E-05
   385    0.1919293876E-05
   386    0.1691288158E-05
   387    0.1534192501E-05
   388    0.1235895895E-05
   389    0.9435788627E-06
   390    0.8293770781E-06
   391    0.7423398859E-06
   392    0.6608718269E-06
   393    0.5065554131E-06
   394    0.4035542507E-06
   395    0.3651570794E-06
   396    0.3406452055E-06
   397    0.2755599126E-06
   398    0.2231475337E-06
   399    0.1850187907E-06
   400    0.1425471428E-06
   401    0.1215010313E-06
   402    0.1079925614E-06
   403    0.9739811999E-07
   404    0.7703037197E-07
   405    0.5911538875E-07
   406    0.4724464997E-07
   407    0.3983025887E-07
   408    0.3696576512E-07
   409    0.3138732282E-07
   410    0.2329191540E-07
   411    0.1913028150E-07
   412    0.1661320964E-07
   413    0.1256110535E-07
   414    0.1074097492E-07
   415    0.9415411450E-08
   416    0.7207140884E-08
   417    0.5790817548E-08
   418    0.5050341978E-08
   419    0.3851671732E-08
   420    0.2930632292E-08
   421    0.2862303922E-08
   422    0.2488398793E-08
   423    0.1605936245E-08
   424    0.1286423912E-08
   425    0.1171199582E-08
   426    0.9025293290E-09
   427    0.7557271753E-09
   428    0.5951354964E-09
   429    0.4702500334E-09
   430    0.4063892556E-09
   431    0.2949324673E-09
   432    0.2543464050E-09
   433    0.2132640731E-09
   434    0.1534377903E-09
   435    0.1185837539E-09
   436    0.1055839860E-09
   437    0.8528161510E-10
   438    0.6124334373E-10
   439    0.5022690597E-10
   440    0.4081801563E-10
   441    0.3231820367E-10
   442    0.2709929503E-10
   443    0.1928879279E-10
   444    0.1494546154E-10
   445    0.1328551158E-10
   446    0.9945461121E-11
   447    0.7686962178E-11
   448    0.6172368172E-11
   449    0.4632266792E-11
   450    0.3793299008E-11
   451    0.2953193246E-11
   452    0.2163019763E-11
   453    0.1814798312E-11
   454    0.1495387147E-11
   455    0.1072503197E-11
   456    0.7954747971E-12
   457    0.6331324354E-12
   458    0.5044298312E-12
   459    0.4099220963E-12
   460    0.3119171588E-12
   461    0.2300382107E-12
   462    0.1779409953E-12
   463    0.1395550342E-12
   464    0.1058597654E-12
   465    0.8215650382E-13
   466    0.6383782392E-13
   467    0.5001554726E-13
   468    0.3816391647E-13
   469    0.2697841950E-13
   470    0.2023381462E-13
   471    0.1698641228E-13
   472    0.1207367539E-13
   473    0.8298917109E-14
   474    0.7494005416E-14
   475    0.5051514762E-14
   476    0.3524958103E-14
   477    0.3552713679E-14
   478    0.3441691376E-14
   479    0.1360023205E-14
   480    0.1693090113E-14
   481    0.1693090113E-14
   482    0.1526556659E-14
   483    0.6938893904E-15
   484   -0.2498001805E-15
   485    0.4440892099E-15
   486    0.6661338148E-15
   487    0.3330669074E-15
   488    0.1110223025E-14
   489    0.0000000000E+00
   490    0.0000000000E+00
   491    0.0000000000E+00
   492    0.0000000000E+00
   493    0.0000000000E+00
   494    0.0000000000E+00
   495    0.0000000000E+00
   496    0.0000000000E+00
   497    0.2220446049E-15
   498    0.2220446049E-15
   499    0.0000000000E+00
   500    0.3571428571E+01
   501    0.3571428571E+01
   502    0.0000000000E+00
