    -1    0.0000000000E+00
     0   -0.5436151986E+01
     1   -0.3747240386E+01
     2    0.4857696293E+01
     3   -0.3185072391E+01
     4   -0.1033020730E+01
     5    0.2723208476E+01
     6    0.2216882670E+00
     7   -0.2222090902E+01
     8    0.1302501258E+01
     9    0.1869811932E+01
    10   -0.2511078271E+01
    11    0.2251252604E+01
    12   -0.1515834799E+01
    13    0.1240076012E+01
    14   -0.3405368239E+00
    15   -0.2497740059E+01
    16    0.2866048673E+01
    17   -0.1552562590E+01
    18   -0.5013724223E+00
    19   -0.8656562542E-01
    20    0.1497793611E+00
    21    0.3397268273E+00
    22    0.2144365850E+01
    23   -0.4327050110E+01
    24    0.2720663672E+01
    25   -0.1502041319E+01
    26    0.1023704544E+01
    27    0.8388377506E+00
    28   -0.3098913866E+01
    29    0.2838517977E+01
    30   -0.1168313781E+01
    31   -0.1057387070E+01
    32    0.8615197220E+00
    33   -0.2602475514E+01
    34    0.5034879301E+01
    35   -0.5064359020E+01
    36    0.1948564363E+01
    37    0.5621185599E+00
    38    0.6375447349E-01
    39    0.6629121991E+00
    40   -0.2021089017E+01
    41    0.3057951290E+01
    42   -0.1378402731E+01
    43   -0.6952876809E+00
    44    0.1551980305E+01
    45   -0.4945507989E+00
    46   -0.3398834072E+00
    47    0.8360208805E+00
    48    0.1923485120E+00
    49   -0.1703373587E+01
    50    0.1857766814E+01
    51    0.8027492875E+00
    52   -0.1363562679E+01
    53   -0.2038754049E+01
    54    0.4917369996E+01
    55   -0.1215391232E+01
    56   -0.5457903912E+01
    57    0.6685868397E+01
    58   -0.9210756676E+00
    59   -0.5208736209E+01
    60    0.5520967333E+01
    61   -0.5133568762E+00
    62   -0.4192234506E+01
    63    0.3440928096E+01
    64    0.2713972772E+00
    65   -0.2822254352E+01
    66    0.1711020391E+01
    67    0.6558361615E+00
    68   -0.3003678182E+01
    69    0.2641783450E+01
    70   -0.1094900280E+01
    71   -0.1149150141E+01
    72    0.2223359329E+01
    73   -0.2259646758E+01
    74    0.1166080937E+01
    75   -0.9310222930E+00
    76    0.4796948841E+00
    77   -0.1556889402E+00
    78   -0.2491820207E+00
    79    0.5439855378E+00
    80   -0.7860475476E+00
    81    0.4065288599E+00
    82    0.7506386423E-02
    83    0.1752398670E+00
    84    0.4035055515E+00
    85   -0.3088944133E+00
    86    0.2002822774E+00
    87    0.2152465790E+00
    88    0.1159733263E+01
    89   -0.1795956505E+01
    90    0.1734813162E+01
    91   -0.1078390257E+01
    92    0.2001674560E+01
    93   -0.2081815467E+01
    94    0.5415781268E+00
    95    0.3263979981E+00
    96    0.1579081222E+01
    97   -0.3035903451E+01
    98    0.1929936726E+01
    99    0.1034840485E+00
   100   -0.5980970217E+00
   101    0.6499416387E+00
   102   -0.7854108037E+00
   103    0.7029122354E-02
   104    0.6658273485E+00
   105    0.3348807363E+00
   106   -0.2043118306E+01
   107    0.1201335959E+01
   108    0.7967061810E+00
   109   -0.7072166245E+00
   110   -0.1843472459E+01
   111    0.2320034873E+01
   112   -0.1148472817E+01
   113    0.2003810443E+00
   114   -0.1381792317E+01
   115    0.1365388541E+01
   116   -0.1256819589E+01
   117    0.1603692643E+01
   118   -0.2310590152E+01
   119    0.1032688177E+01
   120    0.3598343834E-01
   121   -0.1300785502E+00
   122   -0.1386236346E+00
   123   -0.2825472033E-01
   124   -0.1130507264E+00
   125    0.7389641839E+00
   126   -0.9868382640E+00
   127    0.1566207646E+01
   128   -0.1264261849E+01
   129    0.8579128777E+00
   130   -0.1622857006E+00
   131    0.4600553487E+00
   132   -0.4566957884E+00
   133    0.6702250089E+00
   134   -0.3605668017E+00
   135    0.5361333333E+00
   136   -0.3389376593E+00
   137    0.1573204381E+00
   138    0.6319804268E+00
   139   -0.2656366289E+00
   140   -0.2338497710E+00
   141    0.2231024527E+00
   142    0.7721447871E+00
   143   -0.1121023255E+01
   144    0.5024377925E+00
   145    0.3298351991E+00
   146   -0.3036769630E+00
   147   -0.7096979466E+00
   148    0.1062947763E+01
   149   -0.5166588311E+00
   150   -0.2603475924E+00
   151    0.1376184032E+00
   152   -0.5136524262E-01
   153    0.1069403490E+00
   154   -0.1038702708E+01
   155    0.8686793501E+00
   156   -0.4025275642E+00
   157    0.6275669112E+00
   158   -0.2708173394E+01
   159    0.2735315324E+01
   160   -0.8426488547E+00
   161   -0.2417697080E+00
   162   -0.1256486047E+01
   163    0.1018393580E+01
   164    0.1901863132E+00
   165   -0.4026145241E+00
   166   -0.1147710043E+01
   167    0.1720549729E+01
   168   -0.9999897176E+00
   169    0.7654669106E+00
   170   -0.1085582932E+01
   171    0.1460471217E+01
   172   -0.3209486076E+00
   173    0.4217326237E+00
   174   -0.1088569749E+01
   175    0.1427144828E+01
   176   -0.3388953941E+00
   177   -0.9331063604E-01
   178   -0.1293843448E+00
   179    0.1014334405E+01
   180   -0.3222369862E+00
   181    0.3482469899E+00
   182   -0.1072339262E+01
   183    0.7488591303E+00
   184    0.1004661762E+01
   185   -0.6567343517E+00
   186   -0.1292153752E+01
   187    0.1117523246E+01
   188    0.1411157793E+01
   189   -0.2155481956E+01
   190    0.5612383916E+00
   191   -0.4247024186E+00
   192    0.1476431008E+01
   193   -0.1111495838E+01
   194   -0.1165646122E+00
   195   -0.1155259241E+01
   196    0.2309028337E+01
   197   -0.1461593481E+01
   198   -0.1839109923E+00
   199   -0.8931812338E+00
   200    0.2180675271E+01
   201   -0.1638201604E+01
   202    0.2254495397E+00
   203   -0.1177183912E+01
   204    0.1936599205E+01
   205   -0.1077561169E+01
   206    0.1312114652E+00
   207   -0.6744582560E+00
   208    0.9049655975E+00
   209   -0.2211698330E+00
   210   -0.1234641406E+00
   211    0.1771306799E+00
   212   -0.3128733782E-01
   213    0.3109880028E+00
   214   -0.1267800628E+00
   215    0.5352795463E-01
   216   -0.3993008303E+00
   217    0.7201473062E+00
   218    0.1418537283E+00
   219   -0.1084123452E+00
   220    0.9828975779E-01
   221   -0.4885654512E+00
   222    0.8013467858E+00
   223    0.4791490009E-01
   224   -0.4469495084E+00
   225    0.1966395685E+00
   226    0.2522045438E+00
   227    0.4010059307E+00
   228   -0.4954224887E+00
   229   -0.6058370396E+00
   230    0.7570255483E+00
   231    0.4584209509E+00
   232   -0.2360698118E+00
   233    0.6230276641E+00
   234   -0.1001201661E+01
   235   -0.1033044127E+01
   236    0.5532142377E+00
   237    0.1873861711E+01
   238   -0.6061560187E+00
   239    0.4037309007E+00
   240   -0.1793495124E+01
   241   -0.1034106965E+01
   242    0.1782460078E+01
   243    0.9524353076E+00
   244   -0.1086278736E+01
   245   -0.3080110477E+00
   246    0.2059847566E+00
   247   -0.1647197078E+01
   248    0.3923976527E+00
   249    0.2288034094E+01
   250   -0.6942206193E+00
   251   -0.1332338358E+01
   252    0.6168728686E+00
   253    0.2709647966E+00
   254   -0.4511849734E+00
   255    0.1722185462E+00
   256    0.1308845708E+00
   257   -0.1368590897E+00
   258   -0.2058693438E+00
   259    0.6707669901E-01
   260    0.2550671142E+00
   261   -0.4682907509E-02
   262   -0.3353008788E+00
   263   -0.1168662891E+00
   264    0.3131926928E+00
   265    0.8253249893E-01
   266   -0.1984573232E+00
   267   -0.3574510145E+00
   268    0.4008534515E+00
   269    0.1581158625E+00
   270   -0.2309750985E+00
   271   -0.9648321854E-01
   272    0.9162975482E-01
   273    0.2667419264E-01
   274   -0.3899861099E-01
   275    0.1079262325E-01
   276   -0.1689347852E-01
   277   -0.2357970035E-01
   278    0.3909129174E-01
   279   -0.1037872847E-01
   280   -0.5867069014E-01
   281    0.1303511897E-01
   282    0.9011814755E-01
   283    0.1768769079E-01
   284   -0.1965599214E+00
   285    0.4171274729E-01
   286    0.1460733574E+00
   287   -0.4290779625E-01
   288   -0.3425812245E-01
   289    0.2455261498E-01
   290   -0.1887536182E-03
   291   -0.1082708932E-01
   292    0.2130593154E-01
   293    0.1362567255E-01
   294   -0.1561879381E-01
   295    0.1275392501E-03
   296    0.1837709049E-01
   297    0.6706327813E-02
   298   -0.5010806819E-02
   299   -0.2603641176E-04
   300    0.1268714567E-01
   301    0.6667311821E-02
   302   -0.1917918164E-01
   303   -0.1286668651E-01
   304    0.3258050613E-01
   305    0.1119507236E-01
   306    0.9550499907E-03
   307   -0.2693590900E-02
   308    0.4546552087E-03
   309    0.3179266592E-02
   310    0.4207193096E-02
   311    0.6019931567E-02
   312    0.2335258283E-02
   313   -0.3219071243E-03
   314    0.1617897225E-02
   315    0.3725245049E-02
   316    0.2535331935E-02
   317    0.6918658380E-03
   318    0.2689837472E-02
   319    0.2438136621E-02
   320    0.3020434658E-03
   321    0.1280980564E-02
   322    0.2586680182E-02
   323    0.1607960608E-02
   324    0.7775453650E-03
   325    0.1258216529E-02
   326    0.1262009944E-02
   327    0.9985795061E-03
   328    0.9765463837E-03
   329    0.9627854463E-03
   330    0.7530269574E-03
   331    0.5216493223E-03
   332    0.5831503816E-03
   333    0.8071070839E-03
   334    0.7914902248E-03
   335    0.4014713351E-03
   336    0.3949241379E-03
   337    0.4588124573E-03
   338    0.3388891630E-03
   339    0.4715927274E-03
   340    0.3594552023E-03
   341    0.1529097498E-03
   342    0.2378561765E-03
   343    0.2982741327E-03
   344    0.2255737521E-03
   345    0.1739468617E-03
   346    0.1190017486E-03
   347    0.1675967246E-03
   348    0.1832464327E-03
   349    0.1052857161E-03
   350    0.1047278779E-03
   351    0.1238850751E-03
   352    0.6319902080E-04
   353    0.5056592280E-04
   354    0.9325363417E-04
   355    0.5914901736E-04
   356    0.3963349961E-04
   357    0.5155374077E-04
   358    0.4103950766E-04
   359    0.3722991112E-04
   360    0.3060981901E-04
   361    0.2624103853E-04
   362    0.2141060428E-04
   363    0.1981089483E-04
   364    0.1890129647E-04
   365    0.1461805977E-04
   366    0.1658442501E-04
   367    0.1402240619E-04
   368    0.7760900364E-05
   369    0.8124495637E-05
   370    0.8922277938E-05
   371    0.4788026571E-05
   372    0.4775610994E-05
   373    0.5935219399E-05
   374    0.5114525283E-05
   375    0.3635100278E-05
   376    0.2614868938E-05
   377    0.2677661676E-05
   378    0.2134633049E-05
   379    0.1923525021E-05
   380    0.1699985607E-05
   381    0.1619192254E-05
   382    0.1203741803E-05
   383    0.8639994302E-06
   384    0.8063858807E-06
   385    0.7250972187E-06
   386    0.6921103848E-06
   387    0.4790231221E-06
   388    0.3577271105E-06
   389    0.3688612979E-06
   390    0.3583468839E-06
   391    0.2788092366E-06
   392    0.2263962983E-06
   393    0.1783212948E-06
   394    0.1299802046E-06
   395    0.1152054422E-06
   396    0.1076666067E-06
   397    0.1037161896E-06
   398    0.7813643621E-07
   399    0.5385736349E-07
   400    0.4313561078E-07
   401    0.3843994190E-07
   402    0.3792780917E-07
   403    0.3255942849E-07
   404    0.2260907261E-07
   405    0.1836786209E-07
   406    0.1630846902E-07
   407    0.1191973634E-07
   408    0.1058557975E-07
   409    0.9350203500E-08
   410    0.7153453108E-08
   411    0.5516818530E-08
   412    0.4989335167E-08
   413    0.3713531926E-08
   414    0.2599206378E-08
   415    0.3081447542E-08
   416    0.2724942078E-08
   417    0.1391425197E-08
   418    0.1189607524E-08
   419    0.1169231600E-08
   420    0.8764275972E-09
   421    0.7608241259E-09
   422    0.5637390554E-09
   423    0.4631473538E-09
   424    0.4145257471E-09
   425    0.2675879518E-09
   426    0.2627167373E-09
   427    0.2205904348E-09
   428    0.1380091597E-09
   429    0.1128135640E-09
   430    0.1084659862E-09
   431    0.8497713644E-10
   432    0.5768008293E-10
   433    0.4857872438E-10
   434    0.4008585130E-10
   435    0.3228173284E-10
   436    0.2770650376E-10
   437    0.1780769976E-10
   438    0.1414990347E-10
   439    0.1363134605E-10
   440    0.9807321621E-11
   441    0.7472023000E-11
   442    0.6045247636E-11
   443    0.4459210778E-11
   444    0.3776534641E-11
   445    0.2836841873E-11
   446    0.2052247261E-11
   447    0.1834782326E-11
   448    0.1514344206E-11
   449    0.1044275777E-11
   450    0.7390477119E-12
   451    0.5916378498E-12
   452    0.5030420525E-12
   453    0.4205524817E-12
   454    0.3055333764E-12
   455    0.2204902927E-12
   456    0.1750821710E-12
   457    0.1342537193E-12
   458    0.1025290963E-12
   459    0.8054668044E-13
   460    0.6183942247E-13
   461    0.5107025913E-13
   462    0.3907985047E-13
   463    0.2398081733E-13
   464    0.2128852650E-13
   465    0.1709743458E-13
   466    0.1201816424E-13
   467    0.9492406861E-14
   468    0.7327471963E-14
   469    0.5773159728E-14
   470    0.3663735981E-14
   471    0.2442490654E-14
   472    0.2331468352E-14
   473    0.1554312234E-14
   474    0.1387778781E-14
   475    0.1110223025E-14
   476    0.7771561172E-15
   477    0.2220446049E-15
   478    0.1942890293E-15
   479    0.3330669074E-15
   480    0.5551115123E-15
   481   -0.6661338148E-15
   482    0.1110223025E-14
   483    0.0000000000E+00
   484    0.0000000000E+00
   485    0.2220446049E-15
   486    0.0000000000E+00
   487    0.2220446049E-15
   488    0.0000000000E+00
   489    0.2220446049E-15
   490    0.1110223025E-15
   491    0.0000000000E+00
   492    0.0000000000E+00
   493    0.0000000000E+00
   494    0.2220446049E-15
   495    0.0000000000E+00
   496   -0.8881784197E-15
   497   -0.2220446049E-15
   498    0.0000000000E+00
   499    0.2220446049E-15
   500    0.3571428571E+01
   501    0.3571428571E+01
   502    0.0000000000E+00
