    -1    0.0000000000E+00
     0   -0.3732272895E+01
     1   -0.2602489217E+01
     2    0.3404892654E+00
     3   -0.1631309019E+01
     4    0.7280783610E+00
     5    0.1500738755E+01
     6   -0.2036354558E+01
     7    0.4876327214E-01
     8    0.2850506980E+01
     9   -0.3522068335E+01
    10    0.3837657767E+00
    11    0.3230932916E+01
    12   -0.3928449656E+01
    13    0.4885445927E+00
    14    0.3183584819E+01
    15   -0.4063548739E+01
    16    0.1852741227E+01
    17    0.7220814544E+00
    18   -0.2222613893E+01
    19    0.1466985311E+01
    20    0.3797932357E+00
    21   -0.2746746163E+01
    22    0.2496553542E+01
    23    0.2716402247E+00
    24   -0.2363740472E+01
    25    0.1078860039E+01
    26    0.1102893537E+01
    27   -0.1458516686E+01
    28    0.8236648130E+00
    29   -0.9405905981E+00
    30    0.7342504886E+00
    31    0.1222176426E+01
    32   -0.2334195400E+01
    33    0.1298275708E+01
    34    0.1155191343E+01
    35   -0.2859973060E+01
    36    0.2880314965E+01
    37   -0.6355051420E+00
    38   -0.1414242420E+01
    39    0.2053645845E+01
    40   -0.1172284045E+00
    41   -0.1630127850E+01
    42    0.1503159466E+01
    43    0.1832033272E+00
    44   -0.1056311003E+01
    45    0.5974168667E+00
    46    0.5617413641E+00
    47   -0.4128365150E+00
    48   -0.5687298234E+00
    49    0.8056189233E+00
    50    0.2347018162E+00
    51   -0.1562418422E+01
    52    0.1313157056E+01
    53    0.8852936800E+00
    54   -0.2808267491E+01
    55    0.2257872124E+01
    56   -0.5010850962E+00
    57   -0.1256716739E+01
    58    0.1252896809E+01
    59    0.3686943406E-01
    60   -0.1355772463E+01
    61    0.7626756391E+00
    62    0.7747597648E+00
    63   -0.1758422024E+01
    64    0.2189387977E+00
    65    0.1800920418E+01
    66   -0.2340612858E+01
    67    0.3141401910E-01
    68    0.2169901328E+01
    69   -0.2702290314E+01
    70    0.1749687863E+01
    71   -0.4627385973E+00
    72   -0.6056222556E+00
    73    0.1105188242E+01
    74   -0.6316588602E+00
    75   -0.8627749561E-01
    76    0.1940608959E+00
    77   -0.1166989233E+00
    78    0.6660417398E+00
    79   -0.1027850698E+00
    80   -0.6588295447E+00
    81    0.7492520574E+00
    82    0.4256773375E+00
    83   -0.8901408142E+00
    84    0.4315415918E+00
    85    0.8381768593E+00
    86   -0.7634217792E+00
    87   -0.2760667323E+00
    88    0.1196280511E+01
    89   -0.6933338696E+00
    90   -0.4700589981E+00
    91    0.1266837721E+01
    92   -0.1589442306E+00
    93   -0.1435642200E+01
    94    0.1730262067E+01
    95   -0.3310099638E+00
    96   -0.1682633986E+01
    97    0.1943139331E+01
    98   -0.1986162349E+00
    99   -0.1154800125E+01
   100    0.6442707077E+00
   101    0.1555094327E+00
   102   -0.8226519617E+00
   103    0.3401713371E+00
   104    0.4945589452E+00
   105   -0.8311268948E+00
   106   -0.6895404652E-01
   107    0.5987192360E+00
   108   -0.7414341988E+00
   109    0.1798043275E+00
   110   -0.4369172109E+00
   111    0.2462746577E+00
   112    0.2905607714E+00
   113   -0.3991189826E+00
   114   -0.5288040690E+00
   115    0.9615684485E+00
   116   -0.6522444084E+00
   117    0.1652501592E+00
   118   -0.7082030565E-01
   119    0.2467610732E+00
   120   -0.2952932350E-01
   121   -0.1996732857E+00
   122    0.4596739055E+00
   123   -0.4717708382E-01
   124   -0.2075511069E-01
   125   -0.8786887303E-01
   126    0.2439308200E+00
   127    0.2643914825E+00
   128   -0.2253532931E+00
   129    0.3116493400E+00
   130    0.1979665720E+00
   131   -0.3729656167E+00
   132    0.3085382453E+00
   133    0.3889803671E-01
   134   -0.9216617328E-01
   135    0.9779286692E-01
   136    0.4620287340E+00
   137   -0.4651527329E+00
   138   -0.1987406714E+00
   139    0.4038785886E+00
   140   -0.3061992198E+00
   141    0.2825862678E+00
   142   -0.1238187616E+00
   143    0.7115241912E-01
   144   -0.1333584983E+00
   145   -0.2450682068E+00
   146    0.1537852311E+00
   147   -0.1510008862E+00
   148   -0.9798779645E-01
   149    0.2008323577E+00
   150   -0.3713943408E+00
   151   -0.7977344255E-01
   152   -0.1609673969E+00
   153    0.2798195017E+00
   154   -0.3129690470E+00
   155   -0.2312169685E+00
   156    0.3445366869E+00
   157   -0.2382599061E+00
   158   -0.9572777615E-01
   159   -0.3031778334E+00
   160    0.3409884793E+00
   161   -0.6102141161E-01
   162   -0.9544435882E-01
   163    0.2893812963E+00
   164    0.2987992351E-01
   165   -0.3339746175E+00
   166    0.3018245165E+00
   167    0.5712068706E-01
   168    0.3793767122E-01
   169    0.7906421790E-01
   170    0.1347076195E+00
   171   -0.1754124838E+00
   172    0.2491472651E+00
   173    0.3072053848E+00
   174   -0.1924104283E+00
   175    0.6666124475E-01
   176    0.3227885439E+00
   177   -0.1939576852E+00
   178   -0.2941646793E-01
   179    0.1811960677E-01
   180    0.2422093121E+00
   181   -0.5486719845E-02
   182   -0.7418863932E-01
   183    0.9536053246E-01
   184   -0.1211903198E-01
   185   -0.3647017139E+00
   186    0.1261482740E+00
   187    0.2544709077E+00
   188   -0.2484477853E+00
   189   -0.1604793400E+00
   190    0.1788452524E+00
   191   -0.2267418062E+00
   192   -0.1551214943E+00
   193   -0.9761948259E-01
   194    0.1133589788E+00
   195   -0.1511884326E+00
   196   -0.2728605785E+00
   197    0.1134053710E+00
   198    0.5038882875E-01
   199   -0.3519233245E+00
   200    0.1145291352E-01
   201    0.1050214682E+00
   202   -0.1775331077E+00
   203    0.3180685249E-01
   204    0.9029208317E-01
   205    0.2049833065E-01
   206    0.1845482192E+00
   207   -0.2230335370E+00
   208    0.2251795039E+00
   209    0.1448412092E-01
   210    0.1063999785E-01
   211   -0.6434097408E-01
   212    0.4279813996E+00
   213    0.2064593482E+00
   214   -0.8708072240E-01
   215   -0.4519769840E-02
   216    0.3230920142E+00
   217   -0.1402142592E+00
   218   -0.2747319098E+00
   219    0.5477022514E+00
   220    0.7485028642E-01
   221   -0.2552461198E+00
   222    0.1816206718E+00
   223    0.9852675823E-01
   224   -0.3593208448E+00
   225    0.2894785803E+00
   226    0.1307063286E+00
   227   -0.2490411194E+00
   228    0.2375995103E+00
   229    0.1278333297E+00
   230   -0.6528520771E+00
   231   -0.3129661326E+00
   232    0.6171343931E+00
   233    0.2437441114E+00
   234   -0.2730398034E+00
   235    0.2913173737E+00
   236   -0.6317225627E+00
   237   -0.8239571419E+00
   238    0.6732572960E+00
   239    0.6244875247E+00
   240   -0.5377935843E-01
   241   -0.1614364219E+00
   242   -0.4026926898E+00
   243   -0.1013644070E+01
   244    0.8241944364E+00
   245    0.1463326191E+01
   246   -0.7159089856E+00
   247   -0.3490071419E+00
   248    0.1527350158E+00
   249   -0.6968597378E+00
   250   -0.2657792643E-01
   251    0.1197815409E+01
   252   -0.2392424292E+00
   253   -0.7012994300E+00
   254    0.2747759770E+00
   255    0.8867646762E-01
   256   -0.2546024686E+00
   257    0.1050643334E+00
   258    0.4783444713E-01
   259   -0.7891453132E-01
   260   -0.1005381243E+00
   261    0.3741877375E-01
   262    0.7998534276E-01
   263    0.2670814632E-02
   264   -0.1289394444E+00
   265   -0.8428948785E-01
   266    0.8842938270E-01
   267    0.1099864562E+00
   268   -0.1245955373E+00
   269   -0.2108929726E+00
   270    0.2086746934E+00
   271    0.7393238959E-01
   272   -0.9080726130E-01
   273   -0.4637710994E-01
   274    0.4190439186E-03
   275    0.2456032474E-01
   276    0.4727362896E-02
   277   -0.2686953955E-01
   278   -0.3195574011E-02
   279    0.3942936990E-02
   280   -0.7374745736E-02
   281   -0.1271550740E-02
   282   -0.1600829238E-01
   283   -0.1028873693E-01
   284    0.5167265574E-01
   285    0.2695663243E-01
   286   -0.1191818574E+00
   287   -0.3587498036E-02
   288    0.1047772614E+00
   289   -0.1637567408E-01
   290   -0.2341703121E-01
   291    0.1404832692E-01
   292    0.3296910060E-02
   293   -0.7565048368E-02
   294    0.1355771943E-01
   295    0.1310131153E-01
   296   -0.9027317313E-02
   297   -0.9863374319E-03
   298    0.1447007474E-01
   299    0.6461698628E-02
   300   -0.2416597831E-02
   301    0.1075951080E-02
   302    0.8943541083E-02
   303    0.6168571212E-02
   304   -0.9201455895E-02
   305   -0.1698466830E-01
   306    0.2795223074E-01
   307    0.9744418880E-02
   308    0.3897521413E-02
   309   -0.1417485876E-02
   310   -0.3038060481E-04
   311    0.3601388751E-02
   312    0.3525160851E-02
   313    0.5206104046E-02
   314    0.3061472768E-02
   315    0.3788666798E-03
   316    0.1342274604E-02
   317    0.3348829882E-02
   318    0.2765842739E-02
   319    0.1007296851E-02
   320    0.2248575262E-02
   321    0.2519643946E-02
   322    0.8205155100E-03
   323    0.9885521738E-03
   324    0.2388063737E-02
   325    0.1840554100E-02
   326    0.7571361131E-03
   327    0.1196990032E-02
   328    0.1393552728E-02
   329    0.9227509541E-03
   330    0.9556377637E-03
   331    0.1066393307E-02
   332    0.7040939182E-03
   333    0.5649642560E-03
   334    0.6832646826E-03
   335    0.6760889146E-03
   336    0.7632223667E-03
   337    0.5352807843E-03
   338    0.3499703738E-03
   339    0.4403859753E-03
   340    0.3913145496E-03
   341    0.4353580987E-03
   342    0.3568028590E-03
   343    0.2010282265E-03
   344    0.2353319960E-03
   345    0.2782757082E-03
   346    0.2306134217E-03
   347    0.1935640180E-03
   348    0.1239089754E-03
   349    0.1548296328E-03
   350    0.1860504304E-03
   351    0.1126146058E-03
   352    0.1012370258E-03
   353    0.1210859762E-03
   354    0.7543762273E-04
   355    0.5088814263E-04
   356    0.8542063771E-04
   357    0.6709190914E-04
   358    0.4019321187E-04
   359    0.4929610911E-04
   360    0.4354165961E-04
   361    0.3707974565E-04
   362    0.3104489429E-04
   363    0.2685178009E-04
   364    0.2261365912E-04
   365    0.2007080702E-04
   366    0.1856347714E-04
   367    0.1565343675E-04
   368    0.1577206468E-04
   369    0.1386993160E-04
   370    0.9196757182E-05
   371    0.7763297404E-05
   372    0.8813787403E-05
   373    0.5684114540E-05
   374    0.4733778264E-05
   375    0.5661089243E-05
   376    0.5136880813E-05
   377    0.3894848218E-05
   378    0.2614636907E-05
   379    0.2736763697E-05
   380    0.2264865284E-05
   381    0.1888320276E-05
   382    0.1731017806E-05
   383    0.1600759093E-05
   384    0.1271310066E-05
   385    0.8942531721E-06
   386    0.8184575117E-06
   387    0.7524256198E-06
   388    0.6753635955E-06
   389    0.5132108901E-06
   390    0.3818676889E-06
   391    0.3588788552E-06
   392    0.3622982348E-06
   393    0.2828383902E-06
   394    0.2267285909E-06
   395    0.1890305235E-06
   396    0.1358643154E-06
   397    0.1178426105E-06
   398    0.1094159718E-06
   399    0.1020922048E-06
   400    0.7972122609E-07
   401    0.5841904643E-07
   402    0.4480683988E-07
   403    0.3886288780E-07
   404    0.3821632211E-07
   405    0.3284378952E-07
   406    0.2332878601E-07
   407    0.1895394611E-07
   408    0.1692792706E-07
   409    0.1222207024E-07
   410    0.1071105013E-07
   411    0.9737984308E-08
   412    0.7168372812E-08
   413    0.5789915880E-08
   414    0.5108708234E-08
   415    0.3822851508E-08
   416    0.2802283072E-08
   417    0.2954208905E-08
   418    0.2724004661E-08
   419    0.1562506735E-08
   420    0.1210853640E-08
   421    0.1199275512E-08
   422    0.8957747599E-09
   423    0.7728303553E-09
   424    0.5979547968E-09
   425    0.4628919470E-09
   426    0.4240433005E-09
   427    0.2875983618E-09
   428    0.2567460133E-09
   429    0.2253038867E-09
   430    0.1508453085E-09
   431    0.1137709926E-09
   432    0.1090871282E-09
   433    0.8797895745E-10
   434    0.6047212731E-10
   435    0.4987754654E-10
   436    0.4114153462E-10
   437    0.3282329963E-10
   438    0.2815214728E-10
   439    0.1908695424E-10
   440    0.1448502429E-10
   441    0.1377054026E-10
   442    0.1012634421E-10
   443    0.7722156248E-11
   444    0.6249473161E-11
   445    0.4589606473E-11
   446    0.3867434151E-11
   447    0.2991162873E-11
   448    0.2100541963E-11
   449    0.1855515741E-11
   450    0.1563943419E-11
   451    0.1072031353E-11
   452    0.7861211682E-12
   453    0.6190603585E-12
   454    0.5080935672E-12
   455    0.4246603069E-12
   456    0.3199662757E-12
   457    0.2278177647E-12
   458    0.1800781746E-12
   459    0.1398881011E-12
   460    0.1061095656E-12
   461    0.8193445922E-13
   462    0.6394884622E-13
   463    0.5132005931E-13
   464    0.4019007349E-13
   465    0.2753353101E-13
   466    0.2164934898E-13
   467    0.1593170040E-13
   468    0.1176836406E-13
   469    0.1043609643E-13
   470    0.6578071421E-14
   471    0.5329070518E-14
   472    0.3996802889E-14
   473    0.2775557562E-14
   474    0.1554312234E-14
   475    0.1137978600E-14
   476    0.8049116929E-15
   477    0.1665334537E-14
   478    0.1942890293E-15
   479   -0.1942890293E-15
   480    0.0000000000E+00
   481    0.8881784197E-15
   482    0.6661338148E-15
   483    0.8881784197E-15
   484    0.2220446049E-15
   485    0.2220446049E-15
   486    0.0000000000E+00
   487    0.0000000000E+00
   488    0.2220446049E-15
   489    0.0000000000E+00
   490    0.0000000000E+00
   491    0.0000000000E+00
   492    0.1110223025E-15
   493    0.3330669074E-15
   494    0.0000000000E+00
   495    0.0000000000E+00
   496    0.0000000000E+00
   497    0.2220446049E-15
   498    0.0000000000E+00
   499    0.2220446049E-15
   500    0.3571428571E+01
   501    0.3571428571E+01
   502    0.0000000000E+00
