    -1   -0.1892263968E+01
     0   -0.3342528656E+01
     1   -0.2491012720E+01
     2    0.5055546737E+01
     3   -0.7561239419E+01
     4    0.5496735609E+01
     5   -0.1378857894E+00
     6    0.7011329127E+00
     7   -0.5208834210E+00
     8    0.1008262177E+01
     9   -0.2701206458E+01
    10    0.1278306541E+01
    11    0.1365732685E+00
    12   -0.2030252063E+01
    13    0.3197261267E+01
    14   -0.1212811744E+01
    15   -0.3888188792E+01
    16   -0.4110722334E+01
    17    0.4764850801E+01
    18   -0.3469739604E+00
    19    0.2345151300E+00
    20   -0.1387805872E+01
    21   -0.5541507763E+00
    22    0.4696687122E+01
    23   -0.4396285590E+01
    24    0.5837505532E+01
    25   -0.2543183024E+01
    26   -0.3465456122E+01
    27   -0.1770009935E+01
    28    0.4942830251E+00
    29    0.6458344916E+01
    30   -0.1896797010E+01
    31   -0.5093582926E+01
    32    0.7131180271E+01
    33   -0.1419111201E+01
    34    0.1263928978E+01
    35   -0.1931777828E+01
    36   -0.7999209257E+00
    37    0.2420527164E+01
    38   -0.3083672672E+01
    39    0.3202098184E+01
    40   -0.1699389199E+01
    41    0.1110032712E+00
    42    0.2331508768E+01
    43   -0.2554590571E+00
    44   -0.5269380484E+00
    45   -0.2929320706E+01
    46   -0.1829881034E+01
    47    0.5020407999E+01
    48    0.2048726174E+01
    49   -0.5119570860E+00
    50   -0.4191390149E+01
    51    0.1029731793E+01
    52    0.2620527776E+01
    53    0.1069292714E+00
    54   -0.6203139665E+00
    55   -0.9586465116E+00
    56   -0.9436499300E+00
    57   -0.5029343540E+01
    58    0.6333803732E+01
    59   -0.4103637287E+01
    60    0.8432027189E+00
    61    0.1075507138E+01
    62    0.8955860912E+00
    63   -0.6043223046E+01
    64    0.5234212185E+01
    65    0.2701487448E+01
    66   -0.4308968462E+01
    67   -0.6722371217E+00
    68    0.5205029952E+01
    69   -0.4234018819E+01
    70   -0.3845742326E+01
    71    0.6458753861E+01
    72   -0.1736634170E+01
    73   -0.3504885542E+01
    74    0.3244873448E+01
    75   -0.2712163365E+01
    76    0.1507731815E+01
    77    0.4573274811E+01
    78   -0.7148753674E+00
    79    0.1017056128E+01
    80   -0.3107849390E+01
    81   -0.1951753601E+01
    82    0.8087547701E-01
    83    0.1820400549E+01
    84    0.4152757166E+01
    85   -0.2623585923E+01
    86   -0.5163099534E+01
    87    0.7381222294E+01
    88    0.9093362364E+00
    89   -0.5258332818E+01
    90   -0.5459773368E-01
    91    0.2143085113E+01
    92    0.7201625409E+00
    93    0.1210771518E+01
    94    0.6391507619E+00
    95   -0.3812393600E+01
    96   -0.2371811390E+01
    97    0.4978404661E+00
    98    0.4334016519E+01
    99   -0.1122588978E+01
   100    0.7454027125E+00
   101    0.6775086142E+00
   102   -0.2544578266E+01
   103    0.3094694648E-01
   104    0.1303284869E+01
   105   -0.2257476226E+01
   106    0.1817535625E+01
   107   -0.1259534257E+01
   108   -0.1269231267E-01
   109   -0.1412413830E+01
   110    0.1440823240E+01
   111   -0.1567208544E+01
   112    0.1863701254E+01
   113   -0.9631714215E+00
   114   -0.4159225148E+01
   115    0.2900799480E+01
   116    0.6741532024E+00
   117   -0.1051526223E+01
   118    0.2898730218E+01
   119   -0.3873622637E+01
   120   -0.8151182050E+00
   121    0.3901746597E+01
   122    0.2011079177E+01
   123   -0.1040917710E+01
   124   -0.2398550193E-01
   125   -0.1456166013E+01
   126    0.3781522865E+01
   127   -0.2838968102E+01
   128    0.1073491700E+01
   129   -0.2774016620E+01
   130    0.3171409044E+01
   131   -0.1631733775E+01
   132    0.1752028015E+01
   133   -0.7436292733E+00
   134    0.9650100878E+00
   135    0.2425584833E+00
   136   -0.1011298021E+01
   137    0.1655830514E+01
   138   -0.3900682936E+00
   139   -0.3938513163E+01
   140    0.1411517836E+01
   141    0.2672127031E+01
   142   -0.5436026710E+00
   143   -0.1264748709E+01
   144    0.3006409253E+01
   145   -0.2288644159E+00
   146   -0.4746797812E+01
   147   -0.1743717019E+01
   148    0.2311231518E+01
   149    0.1516682594E+01
   150    0.1801027496E+00
   151    0.1395842707E+01
   152    0.7510549392E+00
   153   -0.3338029179E+01
   154   -0.2544439769E+01
   155   -0.2298201603E+01
   156    0.5473995664E+01
   157   -0.4746569593E+01
   158    0.4537129309E+01
   159   -0.5293392656E+00
   160    0.1206130000E+01
   161   -0.6067307641E+01
   162    0.2285975897E+01
   163    0.1109456245E+01
   164   -0.2161463791E+00
   165    0.8099451302E+00
   166    0.1815324040E-01
   167    0.1310617159E+00
   168    0.1186978996E+01
   169   -0.1159617782E+01
   170    0.1331166759E+01
   171    0.9079796248E+00
   172   -0.1912162551E+01
   173    0.1888292232E+01
   174    0.1232604629E+00
   175   -0.9013483404E+00
   176    0.1418202003E+01
   177   -0.9953538561E+00
   178    0.9158529459E+00
   179   -0.4912049759E+00
   180    0.2654847848E-01
   181    0.1035512025E+01
   182   -0.1746097405E+01
   183    0.1177829721E+01
   184   -0.6725279728E-01
   185   -0.8382588948E-01
   186   -0.1062472377E+01
   187    0.9471285678E+00
   188   -0.7199151809E+00
   189    0.8293299866E+00
   190   -0.2031941794E+01
   191    0.1244005844E+01
   192    0.2436899609E+00
   193   -0.2436785824E+01
   194    0.2429317402E+01
   195   -0.1070361321E+01
   196   -0.1440571114E+01
   197    0.1852622105E+01
   198   -0.2495249668E+01
   199    0.1673507950E+01
   200   -0.1980351731E+01
   201    0.2831513866E+01
   202   -0.2508615967E+01
   203   -0.1096406877E+01
   204    0.2246931133E+01
   205    0.1371022825E+01
   206   -0.3780974749E+00
   207   -0.2602286874E+01
   208    0.2060575041E+01
   209    0.4893370367E+00
   210   -0.6392356965E+00
   211   -0.6965171924E+00
   212    0.1133085565E+01
   213    0.2115265538E+01
   214   -0.1687534500E+01
   215   -0.5999687206E+00
   216    0.1469787549E+01
   217   -0.6835632579E+00
   218   -0.3768386874E-01
   219    0.1408137869E+01
   220   -0.1602329052E+01
   221   -0.1469460938E+00
   222    0.1841078645E+01
   223    0.7774439152E-01
   224   -0.1536247304E+01
   225   -0.2103933409E+00
   226    0.8805836554E+00
   227    0.3542534033E+00
   228    0.1635102650E+00
   229   -0.3181014293E+00
   230   -0.1818302539E+01
   231    0.2955695684E+00
   232    0.1021362528E+01
   233   -0.8291724718E+00
   234   -0.4038188512E-01
   235    0.1212522309E+01
   236   -0.9874769978E+00
   237   -0.8059911792E+00
   238    0.1279353032E+01
   239   -0.6781848471E+00
   240   -0.1197530670E+01
   241    0.1396940283E+01
   242   -0.5573042720E+00
   243   -0.2613011149E+00
   244    0.2011788608E+01
   245   -0.1022653623E+01
   246   -0.1910731158E+01
   247    0.1191438280E+01
   248    0.1447103760E+01
   249   -0.1394776210E+01
   250   -0.1601522192E-01
   251    0.1427447129E+01
   252   -0.5895407854E+00
   253   -0.9658168695E+00
   254    0.5582470418E+00
   255    0.1215624751E+01
   256   -0.6840287647E+00
   257   -0.1571682291E+01
   258    0.5770331621E+00
   259    0.1250383321E+01
   260   -0.2307092196E+00
   261   -0.1739990205E+01
   262    0.3744762985E+00
   263    0.1235058880E+01
   264   -0.1553339017E+00
   265   -0.8208709347E+00
   266    0.2631679939E-01
   267    0.3840569530E+00
   268   -0.7607175808E-02
   269   -0.1104483944E+00
   270    0.1314715307E-01
   271   -0.5144800052E-01
   272   -0.1028417541E-02
   273    0.1060186249E+00
   274   -0.3926566497E-01
   275   -0.1756692846E+00
   276    0.2378320447E-01
   277    0.3036938679E+00
   278   -0.2795297565E-01
   279   -0.5061030725E+00
   280    0.2859556768E+00
   281    0.2214126611E+00
   282   -0.1577717979E+00
   283   -0.4204348153E-01
   284    0.6381836289E-01
   285   -0.1677608757E-01
   286   -0.1891777984E-01
   287    0.4942249719E-01
   288    0.9926376604E-02
   289   -0.3882106054E-01
   290    0.6620800767E-02
   291    0.3411554440E-01
   292    0.3470831964E-02
   293   -0.1746536575E-01
   294    0.4167906867E-02
   295    0.2254962149E-01
   296    0.4587703535E-02
   297   -0.4908010609E-01
   298    0.8038220025E-02
   299    0.4395772690E-01
   300    0.8086345499E-02
   301   -0.4326993193E-02
   302   -0.5438444886E-02
   303    0.7139801480E-03
   304    0.4256645219E-02
   305    0.5690485115E-02
   306    0.6476129635E-02
   307    0.1119840824E-02
   308   -0.1875856711E-02
   309    0.2514880455E-02
   310    0.4600731274E-02
   311    0.1629104264E-02
   312    0.4018048381E-03
   313    0.3605725036E-02
   314    0.1911554626E-02
   315   -0.4387243347E-03
   316    0.1799129984E-02
   317    0.3007208757E-02
   318    0.1296155552E-02
   319    0.4569978287E-03
   320    0.1546730588E-02
   321    0.1223654872E-02
   322    0.8220840002E-03
   323    0.1094032871E-02
   324    0.9909104638E-03
   325    0.5374795497E-03
   326    0.4738506039E-03
   327    0.6593679900E-03
   328    0.8584828544E-03
   329    0.7800774141E-03
   330    0.3371328114E-03
   331    0.3647651609E-03
   332    0.4291433884E-03
   333    0.3925519839E-03
   334    0.4895901266E-03
   335    0.2778151943E-03
   336    0.1330690832E-03
   337    0.2639598161E-03
   338    0.2863915149E-03
   339    0.2340133658E-03
   340    0.1434539754E-03
   341    0.9630655076E-04
   342    0.2046134832E-03
   343    0.1747326293E-03
   344    0.8755259257E-04
   345    0.1168732525E-03
   346    0.1211402715E-03
   347    0.4211710322E-04
   348    0.5427040574E-04
   349    0.1042025303E-03
   350    0.4602776633E-04
   351    0.3757135424E-04
   352    0.5454899962E-04
   353    0.3916445925E-04
   354    0.3613780008E-04
   355    0.2901684659E-04
   356    0.2498973665E-04
   357    0.1998901313E-04
   358    0.1937117222E-04
   359    0.1815694295E-04
   360    0.1449130230E-04
   361    0.1792839723E-04
   362    0.1274792552E-04
   363    0.6118094348E-05
   364    0.8927034781E-05
   365    0.8265953103E-05
   366    0.3576454913E-05
   367    0.5104508536E-05
   368    0.6183019174E-05
   369    0.5174621282E-05
   370    0.3129740899E-05
   371    0.2454896883E-05
   372    0.2633160194E-05
   373    0.2004937747E-05
   374    0.1854163341E-05
   375    0.1713044518E-05
   376    0.1663643810E-05
   377    0.1022335589E-05
   378    0.8046155762E-06
   379    0.7930869018E-06
   380    0.7149301842E-06
   381    0.6737388110E-06
   382    0.4190453777E-06
   383    0.3240639797E-06
   384    0.3863163443E-06
   385    0.3616035466E-06
   386    0.2565194876E-06
   387    0.2257111897E-06
   388    0.1634384026E-06
   389    0.1112556988E-06
   390    0.1124341918E-06
   391    0.1116180524E-06
   392    0.1018703861E-06
   393    0.7249485121E-07
   394    0.4776903517E-07
   395    0.3875817450E-07
   396    0.3750451727E-07
   397    0.3974273799E-07
   398    0.3065104287E-07
   399    0.1991912080E-07
   400    0.1868713770E-07
   401    0.1503376312E-07
   402    0.1050417930E-07
   403    0.1095844551E-07
   404    0.8809753677E-08
   405    0.6529188551E-08
   406    0.5324492541E-08
   407    0.4852519303E-08
   408    0.3117867076E-08
   409    0.2542100669E-08
   410    0.3404358351E-08
   411    0.2484100703E-08
   412    0.1109245112E-08
   413    0.1196690302E-08
   414    0.1098089064E-08
   415    0.8364774984E-09
   416    0.7331965035E-09
   417    0.5090648458E-09
   418    0.4610778426E-09
   419    0.3841547080E-09
   420    0.2460862625E-09
   421    0.2685552614E-09
   422    0.2049840575E-09
   423    0.1199801369E-09
   424    0.1076753964E-09
   425    0.1094825619E-09
   426    0.7877654085E-10
   427    0.5057754215E-10
   428    0.4785680185E-10
   429    0.3738320764E-10
   430    0.3189171149E-10
   431    0.2641484254E-10
   432    0.1473487998E-10
   433    0.1440761399E-10
   434    0.1314703901E-10
   435    0.8972739218E-11
   436    0.7209788322E-11
   437    0.5534933623E-11
   438    0.4199307568E-11
   439    0.3673283899E-11
   440    0.2510880392E-11
   441    0.1924183035E-11
   442    0.1849576048E-11
   443    0.1433297925E-11
   444    0.9269529588E-12
   445    0.6663836150E-12
   446    0.5641043188E-12
   447    0.4776179452E-12
   448    0.4129474540E-12
   449    0.2793321130E-12
   450    0.2042532810E-12
   451    0.1640909630E-12
   452    0.1253719351E-12
   453    0.9126033262E-13
   454    0.7838174554E-13
   455    0.5728750807E-13
   456    0.4959921363E-13
   457    0.3597122600E-13
   458    0.2065014826E-13
   459    0.2051137038E-13
   460    0.1776356839E-13
   461    0.9242606680E-14
   462    0.9325873407E-14
   463    0.7771561172E-14
   464    0.5329070518E-14
   465    0.3608224830E-14
   466    0.2886579864E-14
   467    0.2386979503E-14
   468    0.2414735079E-14
   469    0.1859623566E-14
   470    0.9159339953E-15
   471    0.2220446049E-15
   472    0.1387778781E-15
   473    0.7494005416E-15
   474    0.1110223025E-15
   475    0.4440892099E-15
   476   -0.2220446049E-15
   477    0.6661338148E-15
   478    0.2220446049E-15
   479    0.0000000000E+00
   480   -0.6661338148E-15
   481    0.0000000000E+00
   482   -0.8881784197E-15
   483    0.2220446049E-15
   484    0.3330669074E-15
   485    0.2220446049E-15
   486    0.0000000000E+00
   487    0.0000000000E+00
   488    0.2220446049E-15
   489    0.2220446049E-15
   490    0.0000000000E+00
   491    0.0000000000E+00
   492    0.2220446049E-15
   493    0.0000000000E+00
   494   -0.5551115123E-15
   495   -0.2220446049E-15
   496    0.0000000000E+00
   497    0.4440892099E-15
   498   -0.6661338148E-15
   499    0.0000000000E+00
   500    0.3571428571E+01
   501    0.3571428571E+01
   502    0.0000000000E+00
