    -1    0.0000000000E+00
     0   -0.2582677960E+01
     1   -0.4684861954E+01
     2    0.3110074797E+00
     3    0.8084071832E+00
     4    0.2730746137E-02
     5    0.3250983725E+00
     6   -0.8967072141E+00
     7   -0.7081180823E+00
     8    0.3615161589E+01
     9   -0.3949837151E+01
    10    0.1325161330E+01
    11    0.2906765974E+00
    12    0.2567280107E+00
    13   -0.2081453373E+00
    14   -0.2003312691E+01
    15    0.3324948349E+01
    16   -0.2122074247E+01
    17   -0.8359363274E+00
    18    0.2392794667E+01
    19   -0.2684133176E+01
    20    0.2666886630E+00
    21    0.2515629615E+01
    22   -0.3943734969E+01
    23    0.2705523050E+01
    24   -0.2808659061E+01
    25    0.2250496173E+01
    26   -0.7261337372E+00
    27    0.3435019083E+00
    28   -0.6172813308E+00
    29    0.2437662877E+00
    30    0.7446507289E+00
    31   -0.2009367316E+01
    32    0.9702779662E+00
    33    0.6642297566E+00
    34   -0.1917796802E+01
    35    0.2652835369E+01
    36   -0.1266368768E+01
    37   -0.3208685953E+00
    38    0.2468996796E+01
    39   -0.2541141189E+01
    40    0.8998534399E+00
    41    0.1954211625E+01
    42   -0.2818686717E+01
    43    0.1479711989E+01
    44    0.1326827452E+00
    45    0.1212929451E+01
    46   -0.2208482716E+01
    47    0.5662124937E+00
    48    0.2556072590E+01
    49   -0.3057547113E+01
    50    0.9474238207E+00
    51    0.2369127674E+01
    52   -0.3622114592E+01
    53    0.1711529522E+01
    54    0.1262812314E+01
    55   -0.2068754606E+01
    56   -0.2926225173E+00
    57    0.1613907019E+01
    58   -0.4292524465E+00
    59   -0.1008816032E+01
    60    0.4711053423E+00
    61    0.2517618482E+00
    62   -0.7008664234E-01
    63   -0.5168944599E+00
    64   -0.4591682442E+00
    65    0.1672721575E+01
    66   -0.2947361090E+01
    67    0.1685499887E+01
    68    0.2865406450E+00
    69   -0.2083792749E+01
    70    0.2290842422E+01
    71   -0.2772247284E+01
    72    0.2240331041E+01
    73    0.1787845118E-02
    74   -0.2048982709E+01
    75    0.2559856013E+01
    76   -0.3044918055E+01
    77    0.3202245985E+01
    78   -0.1999880988E+01
    79    0.7428990022E+00
    80   -0.1730445625E+00
    81   -0.4266762440E+00
    82    0.1746545259E+01
    83   -0.1137466241E+01
    84    0.4316107494E+00
    85   -0.5702203389E-01
    86    0.4258909764E+00
    87    0.9738431437E-01
    88   -0.6357319022E+00
    89    0.1605638680E+01
    90   -0.9176861356E+00
    91   -0.7373225888E+00
    92    0.1566123147E+01
    93    0.4980646679E-01
    94   -0.1392651088E+01
    95    0.2567779221E+00
    96    0.1963567303E+01
    97   -0.1698005196E+01
    98   -0.3681639848E+00
    99    0.1827633445E+01
   100   -0.1140159191E+01
   101   -0.1015681365E+01
   102    0.1859035299E+01
   103   -0.6117696903E+00
   104   -0.1331418356E+01
   105    0.1164561925E+01
   106   -0.1399917441E+00
   107   -0.9039088666E+00
   108    0.7405976685E+00
   109   -0.5335069801E-01
   110   -0.1135332936E+01
   111    0.1192529206E+01
   112   -0.6551210810E+00
   113   -0.1095999375E+01
   114    0.1798644988E+01
   115   -0.1389606668E+01
   116   -0.5917161471E+00
   117    0.1883570874E+01
   118   -0.2319558595E+01
   119    0.1407273828E+01
   120   -0.2364068263E-01
   121   -0.8351879933E+00
   122    0.1262546051E+01
   123   -0.1623051580E+01
   124    0.1284970577E+01
   125    0.8167494345E+00
   126   -0.2005659445E+01
   127    0.1883875093E+01
   128   -0.6384303752E+00
   129    0.1618607919E+00
   130    0.2120847575E+00
   131    0.3350896140E+00
   132   -0.6038479296E+00
   133    0.7219927301E+00
   134    0.7083114093E+00
   135   -0.1607578911E+01
   136    0.9561767351E+00
   137    0.9074660526E+00
   138   -0.1149128915E+01
   139    0.1728440625E+00
   140    0.1159009578E+01
   141   -0.1523948672E+01
   142    0.6865114058E+00
   143    0.9062640773E+00
   144   -0.1845663294E+01
   145    0.1345275732E+01
   146   -0.1383065286E+00
   147   -0.5682070192E+00
   148    0.2449580681E+00
   149   -0.4453859145E+00
   150    0.8721417854E+00
   151   -0.9260758900E+00
   152   -0.4899994842E+00
   153    0.1331959225E+01
   154   -0.1747260451E+01
   155    0.7261905977E+00
   156    0.9196052974E+00
   157   -0.2578684730E+01
   158    0.1364486015E+01
   159    0.1434883402E+00
   160   -0.1184780886E+01
   161    0.1484526003E+01
   162   -0.1631918054E+01
   163    0.5092249098E+00
   164   -0.1834921079E+00
   165    0.2272106500E-01
   166    0.7838565187E+00
   167   -0.1540797424E+01
   168    0.1673201796E+01
   169   -0.4047930195E+00
   170   -0.6514814478E+00
   171    0.9680676168E+00
   172   -0.4695657722E+00
   173    0.9222055431E+00
   174   -0.2604227911E+00
   175   -0.2322914599E-01
   176   -0.4696555913E-01
   177    0.5593626848E+00
   178   -0.1096554766E+00
   179    0.2266342042E+00
   180   -0.1352102416E+00
   181    0.2524139753E+00
   182    0.6312434117E-01
   183    0.5030489699E-01
   184   -0.1546942826E+00
   185    0.2744627766E+00
   186   -0.1345630163E+00
   187    0.1054727216E+00
   188   -0.2946883938E+00
   189    0.1375646448E+00
   190    0.5749258691E-01
   191   -0.2485519701E+00
   192   -0.1718860062E+00
   193    0.3457833566E+00
   194   -0.5695993088E+00
   195    0.4849222108E-01
   196    0.2104616985E+00
   197   -0.4123220011E+00
   198   -0.3937439019E+00
   199    0.3826272943E+00
   200    0.7962625282E-01
   201   -0.7682205112E+00
   202    0.2158659946E+00
   203   -0.4834682263E+00
   204    0.1041784132E+01
   205   -0.7937810161E+00
   206   -0.2900915074E+00
   207    0.1057746037E+01
   208   -0.1304191399E+01
   209    0.6244028738E-01
   210    0.9176808288E+00
   211    0.3062939356E+00
   212   -0.4172056524E+00
   213   -0.1159287827E+00
   214    0.4019883298E-01
   215    0.3597806588E+00
   216   -0.1766857796E+00
   217    0.2634371483E+00
   218    0.6263600670E+00
   219   -0.5697751249E+00
   220   -0.1917117386E+00
   221    0.6933436811E+00
   222   -0.1147381814E+00
   223    0.1109007763E+00
   224   -0.2106050108E-01
   225   -0.3021621878E+00
   226    0.2953104350E+00
   227    0.5669422433E+00
   228   -0.2773883356E+00
   229   -0.1135415688E+01
   230    0.6472155346E+00
   231    0.1053525425E+01
   232   -0.3379395153E+00
   233    0.7113963687E-01
   234   -0.8113673770E-01
   235   -0.1238742180E+01
   236    0.1878239341E+00
   237    0.1473907306E+01
   238   -0.1106651381E+00
   239    0.1098115210E+00
   240   -0.8624520304E+00
   241   -0.1863913779E+01
   242    0.1181551587E+01
   243    0.1451422070E+01
   244   -0.3275998595E+00
   245   -0.8892691693E+00
   246    0.4284291828E+00
   247   -0.1172648997E+01
   248   -0.3589936180E+00
   249    0.1900240298E+01
   250    0.2425021882E+00
   251   -0.1478774757E+01
   252    0.2753239114E+00
   253    0.4309720669E+00
   254   -0.4184547660E+00
   255    0.8713335913E-01
   256    0.1183607436E+00
   257   -0.5135673573E-01
   258   -0.1582708161E+00
   259   -0.4882087856E-01
   260    0.1728368891E+00
   261    0.1181990020E+00
   262   -0.2279214746E+00
   263   -0.2034144068E+00
   264    0.1713609852E+00
   265    0.1713734918E+00
   266   -0.7929531021E-01
   267   -0.3893643502E+00
   268    0.2226770906E+00
   269    0.2440464857E+00
   270   -0.1440188410E+00
   271   -0.1336529964E+00
   272    0.4480310674E-01
   273    0.4406392906E-01
   274   -0.1987891019E-01
   275   -0.4099660225E-02
   276   -0.1277930998E-01
   277   -0.1696379476E-01
   278    0.2168967716E-01
   279   -0.6710101471E-03
   280   -0.4002369450E-01
   281   -0.9513045850E-02
   282    0.6043697487E-01
   283    0.5411728584E-01
   284   -0.1276242238E+00
   285   -0.7433912773E-01
   286    0.1652117209E+00
   287   -0.2191701376E-02
   288   -0.4522747061E-01
   289    0.9997152092E-02
   290    0.1272945912E-01
   291   -0.1112783269E-01
   292    0.8300047576E-02
   293    0.2215115421E-01
   294   -0.8168375377E-02
   295   -0.9912411659E-02
   296    0.1689323404E-01
   297    0.1269058115E-01
   298   -0.5362745528E-02
   299   -0.2253712395E-02
   300    0.1181998773E-01
   301    0.7548919992E-02
   302   -0.6294246463E-02
   303   -0.3014050944E-01
   304    0.3407111609E-01
   305    0.1317145666E-01
   306    0.3399964096E-02
   307   -0.1200272886E-02
   308   -0.1344254687E-02
   309    0.2815217434E-02
   310    0.4191533589E-02
   311    0.5310218775E-02
   312    0.3611691106E-02
   313    0.4469795498E-03
   314    0.5235278908E-03
   315    0.3500657444E-02
   316    0.3109524762E-02
   317    0.9090941599E-03
   318    0.2080247163E-02
   319    0.2747516435E-02
   320    0.8913686884E-03
   321    0.7724106180E-03
   322    0.2277547763E-02
   323    0.2109346005E-02
   324    0.9001837387E-03
   325    0.9358449917E-03
   326    0.1475387605E-02
   327    0.1055860219E-02
   328    0.8408565387E-03
   329    0.1089466663E-02
   330    0.8406277285E-03
   331    0.4657654368E-03
   332    0.6333597035E-03
   333    0.7588822476E-03
   334    0.7484434336E-03
   335    0.5565098388E-03
   336    0.3940043926E-03
   337    0.4079628917E-03
   338    0.3688609092E-03
   339    0.4698104014E-03
   340    0.3879923033E-03
   341    0.1847279147E-03
   342    0.2230460598E-03
   343    0.2931876118E-03
   344    0.2290163732E-03
   345    0.2060818546E-03
   346    0.1291020143E-03
   347    0.1364306161E-03
   348    0.1994804622E-03
   349    0.1237029591E-03
   350    0.9476679820E-04
   351    0.1258951451E-03
   352    0.8257003553E-04
   353    0.4666072300E-04
   354    0.8246368246E-04
   355    0.7443191294E-04
   356    0.4067571853E-04
   357    0.4789517210E-04
   358    0.4496552574E-04
   359    0.3852752378E-04
   360    0.3231234746E-04
   361    0.2672801146E-04
   362    0.2322173414E-04
   363    0.2035634265E-04
   364    0.1881330916E-04
   365    0.1578184672E-04
   366    0.1606409710E-04
   367    0.1498066503E-04
   368    0.9411154043E-05
   369    0.7531412567E-05
   370    0.9199974499E-05
   371    0.5881862371E-05
   372    0.4481305758E-05
   373    0.5807866161E-05
   374    0.5259708793E-05
   375    0.4230471846E-05
   376    0.2723286787E-05
   377    0.2619005010E-05
   378    0.2373154069E-05
   379    0.1959030438E-05
   380    0.1718616416E-05
   381    0.1652603895E-05
   382    0.1374218536E-05
   383    0.9009803217E-06
   384    0.8141595689E-06
   385    0.7639253545E-06
   386    0.7036181258E-06
   387    0.5383283144E-06
   388    0.3859165558E-06
   389    0.3550226072E-06
   390    0.3704970051E-06
   391    0.3045418215E-06
   392    0.2309452329E-06
   393    0.1968909018E-06
   394    0.1423222501E-06
   395    0.1156147584E-06
   396    0.1100803992E-06
   397    0.1068899136E-06
   398    0.8445610172E-07
   399    0.6040132194E-07
   400    0.4582599811E-07
   401    0.3874187660E-07
   402    0.3814975916E-07
   403    0.3520677835E-07
   404    0.2477588334E-07
   405    0.1867297761E-07
   406    0.1776879399E-07
   407    0.1286665580E-07
   408    0.1041470635E-07
   409    0.1024949348E-07
   410    0.7606765023E-08
   411    0.5788609259E-08
   412    0.5249938151E-08
   413    0.4119416586E-08
   414    0.2732589266E-08
   415    0.2943603805E-08
   416    0.2968101986E-08
   417    0.1690805718E-08
   418    0.1169315977E-08
   419    0.1234533142E-08
   420    0.9374568066E-09
   421    0.7872071883E-09
   422    0.6284668341E-09
   423    0.4743275772E-09
   424    0.4380593666E-09
   425    0.3020476369E-09
   426    0.2597368154E-09
   427    0.2369044960E-09
   428    0.1600087007E-09
   429    0.1159073115E-09
   430    0.1090489921E-09
   431    0.9400669132E-10
   432    0.6416867038E-10
   433    0.4947345311E-10
   434    0.4346970006E-10
   435    0.3355812850E-10
   436    0.2934685828E-10
   437    0.2075251082E-10
   438    0.1412214790E-10
   439    0.1434172225E-10
   440    0.1078456768E-10
   441    0.7908673716E-11
   442    0.6553535492E-11
   443    0.4780259522E-11
   444    0.3931299730E-11
   445    0.3180483654E-11
   446    0.2181810288E-11
   447    0.1860067655E-11
   448    0.1655897641E-11
   449    0.1158850793E-11
   450    0.7986944439E-12
   451    0.6286360321E-12
   452    0.5322409180E-12
   453    0.4366507156E-12
   454    0.3415046024E-12
   455    0.2406963517E-12
   456    0.1829647545E-12
   457    0.1472433286E-12
   458    0.1103561686E-12
   459    0.8415490527E-13
   460    0.6727951529E-13
   461    0.5312417173E-13
   462    0.4252154184E-13
   463    0.2775557562E-13
   464    0.2095545959E-13
   465    0.1798561300E-13
   466    0.1176836406E-13
   467    0.1018629625E-13
   468    0.8215650382E-14
   469    0.4968248035E-14
   470    0.5329070518E-14
   471    0.3635980406E-14
   472    0.3302913498E-14
   473    0.1471045508E-14
   474    0.1554312234E-14
   475    0.3330669074E-15
   476    0.1110223025E-14
   477    0.4440892099E-15
   478   -0.6106226635E-15
   479    0.4440892099E-15
   480    0.0000000000E+00
   481    0.1110223025E-14
   482    0.6661338148E-15
   483    0.2220446049E-15
   484    0.0000000000E+00
   485    0.2220446049E-15
   486    0.0000000000E+00
   487   -0.8881784197E-15
   488    0.2220446049E-15
   489    0.0000000000E+00
   490    0.2220446049E-15
   491    0.0000000000E+00
   492   -0.6661338148E-15
   493    0.0000000000E+00
   494    0.2220446049E-15
   495    0.0000000000E+00
   496    0.0000000000E+00
   497    0.0000000000E+00
   498   -0.2220446049E-15
   499   -0.2220446049E-15
   500    0.3571428571E+01
   501    0.3571428571E+01
   502    0.0000000000E+00
