    -1   -0.4564263455E+01
     0   -0.2705079751E+01
     1    0.5930579317E-01
     2    0.3445410571E-01
     3   -0.1296225195E-01
     4    0.4025688284E-01
     5    0.3935770634E-01
     6    0.1342784126E-01
     7    0.7760194047E-02
     8    0.3942422099E-01
     9    0.4344383046E-01
    10   -0.3591217751E-01
    11    0.3690724548E-01
    12    0.7134633265E-01
    13   -0.8440256882E-01
    14    0.3306944728E-01
    15    0.9364059221E-01
    16   -0.1304562589E+00
    17    0.2753905558E-01
    18    0.1084923312E+00
    19   -0.1665855610E+00
    20    0.1977290548E-01
    21    0.1165820426E+00
    22   -0.1898512400E+00
    23    0.1313362567E-01
    24    0.1167422671E+00
    25   -0.1973260006E+00
    26    0.9596149334E-02
    27    0.1084450851E+00
    28   -0.1863307019E+00
    29    0.7413057647E-02
    30    0.9525496579E-01
    31   -0.1603107314E+00
    32    0.6444243841E-02
    33    0.8249244320E-01
    34   -0.1280584390E+00
    35    0.8265142512E-02
    36    0.7406192345E-01
    37   -0.9687939145E-01
    38    0.1178519533E-01
    39    0.7335968941E-01
    40   -0.7330834638E-01
    41    0.1715979442E-01
    42    0.7992078083E-01
    43   -0.5996798103E-01
    44    0.2294806209E-01
    45    0.9167974077E-01
    46   -0.5794611713E-01
    47    0.2893469527E-01
    48    0.1044650537E+00
    49   -0.6626410571E-01
    50    0.3497188206E-01
    51    0.1131164699E+00
    52   -0.8130779292E-01
    53    0.3968400388E-01
    54    0.1144901643E+00
    55   -0.9879363274E-01
    56    0.4076087484E-01
    57    0.1096612775E+00
    58   -0.1171859143E+00
    59    0.3929033990E-01
    60    0.9894077407E-01
    61   -0.1338394773E+00
    62    0.3625040548E-01
    63    0.8441876858E-01
    64   -0.1456713693E+00
    65    0.3194615335E-01
    66    0.6844925613E-01
    67   -0.1503402799E+00
    68    0.2738411776E-01
    69    0.5291370899E-01
    70   -0.1454412950E+00
    71    0.2295207005E-01
    72    0.3878003436E-01
    73   -0.1296769488E+00
    74    0.1967723660E-01
    75    0.2532813380E-01
    76   -0.1026055154E+00
    77    0.1710203936E-01
    78    0.1291375852E-01
    79   -0.6624400485E-01
    80    0.1458487714E-01
    81    0.9803124417E-03
    82   -0.2235747148E-01
    83    0.1046370820E-01
    84   -0.1106958196E-01
    85    0.2635233719E-01
    86    0.4034910236E-02
    87   -0.2442375631E-01
    88    0.7641067617E-01
    89   -0.4983729215E-02
    90   -0.3909639401E-01
    91    0.1228480612E+00
    92   -0.1662658209E-01
    93   -0.5400623337E-01
    94    0.1598370330E+00
    95   -0.2869427795E-01
    96   -0.7004041871E-01
    97    0.1836053761E+00
    98   -0.3782832806E-01
    99   -0.8916575658E-01
   100    0.1933155670E+00
   101   -0.4171790348E-01
   102   -0.1122532283E+00
   103    0.1910881306E+00
   104   -0.3993493358E-01
   105   -0.1388281779E+00
   106    0.1822211547E+00
   107   -0.3526254217E-01
   108   -0.1658023987E+00
   109    0.1726965561E+00
   110   -0.3255171862E-01
   111   -0.1871154008E+00
   112    0.1656991589E+00
   113   -0.4648377299E-01
   114   -0.1612177355E+00
   115    0.1265600109E+00
   116   -0.6622280730E-01
   117   -0.8722739463E-01
   118    0.6082466157E-01
   119   -0.2567160677E-01
   120   -0.1754553259E+00
   121    0.1824709668E+00
   122   -0.9286267335E-01
   123   -0.1409586807E+00
   124    0.2041390891E+00
   125   -0.1332921422E+00
   126   -0.9636422887E-01
   127    0.2291975657E+00
   128   -0.1749649587E+00
   129   -0.5020839735E-01
   130    0.2530966190E+00
   131   -0.2092676273E+00
   132   -0.1068092915E-01
   133    0.2711689892E+00
   134   -0.2309511784E+00
   135    0.1976282041E-01
   136    0.2742067175E+00
   137   -0.2321990175E+00
   138    0.3666154880E-01
   139    0.2574941902E+00
   140   -0.2103634248E+00
   141    0.3896093517E-01
   142    0.2193454628E+00
   143   -0.1679031560E+00
   144    0.2939822650E-01
   145    0.1610298350E+00
   146   -0.1089824024E+00
   147    0.1005431139E-01
   148    0.9030555570E-01
   149   -0.4367899070E-01
   150   -0.1338346149E-01
   151    0.1684477801E-01
   152    0.1864343141E-01
   153   -0.3489070972E-01
   154   -0.5355208826E-01
   155    0.7257381696E-01
   156   -0.4738783946E-01
   157   -0.1181538463E+00
   158    0.1164576236E+00
   159   -0.8020439942E-01
   160   -0.8281086931E-01
   161    0.6391972911E-01
   162   -0.3756898549E-01
   163   -0.1443194307E+00
   164    0.1095269032E+00
   165   -0.1018196103E-01
   166   -0.2274127390E+00
   167    0.1873889614E+00
   168   -0.1341441664E-01
   169   -0.2314677334E+00
   170    0.1908122605E+00
   171    0.4045470965E-02
   172   -0.2215236647E+00
   173    0.1940263523E+00
   174    0.1803871782E-01
   175   -0.2082614939E+00
   176    0.1820461137E+00
   177    0.3691967949E-01
   178   -0.2119748511E+00
   179    0.2209025478E+00
   180    0.8567823432E-01
   181   -0.2378850519E+00
   182    0.2081408354E+00
   183    0.4313418776E-01
   184   -0.1024856997E+00
   185    0.8543065140E-01
   186    0.9755369007E-01
   187   -0.1021925154E+00
   188    0.5326701484E-01
   189    0.8817562745E-01
   190   -0.7344195018E-01
   191    0.2418334537E-01
   192    0.6497589339E-01
   193   -0.9006070078E-01
   194    0.4845893293E-01
   195    0.4078310763E-01
   196   -0.9399987048E-01
   197    0.5452300378E-01
   198    0.1422705857E-01
   199   -0.7432105726E-01
   200   -0.5624765392E-03
   201   -0.1176052044E-01
   202   -0.2881682192E-01
   203   -0.2659833010E-01
   204   -0.2423720242E-01
   205    0.7906604384E-02
   206   -0.6717537227E-01
   207   -0.5218211506E-02
   208    0.6879431864E-01
   209   -0.1410272492E+00
   210    0.2844164867E-01
   211    0.8398691050E-01
   212   -0.1319926893E+00
   213    0.5311309463E-01
   214    0.8120114679E-01
   215   -0.1612232132E+00
   216    0.6706951685E-01
   217    0.1395774285E+00
   218   -0.1158044345E+00
   219    0.5162229088E-01
   220    0.1091587462E+00
   221   -0.9096233770E-01
   222    0.5815971841E-01
   223    0.9135064862E-01
   224   -0.5575951874E-01
   225    0.6638603863E-01
   226    0.5926993952E-01
   227   -0.4860663126E-01
   228    0.9369345505E-01
   229    0.5286102381E-01
   230   -0.5491535485E-01
   231    0.6252288796E-01
   232    0.1104118267E+00
   233   -0.4315272846E-01
   234   -0.2949063758E-01
   235   -0.1538500209E-01
   236    0.2729734909E-01
   237    0.6557797500E-01
   238    0.9604793148E-01
   239   -0.2926313701E-01
   240   -0.6103791240E-01
   241   -0.1308958689E+00
   242    0.2778241143E-01
   243    0.2341917503E+00
   244   -0.1332158368E-01
   245   -0.3880845805E-01
   246   -0.1151128957E+00
   247   -0.1564100102E+00
   248    0.1012804109E+00
   249    0.1921793929E+00
   250   -0.5149698861E-01
   251   -0.6140221315E-01
   252   -0.4188296663E-01
   253   -0.1187890016E+00
   254   -0.4686408862E-01
   255    0.1320567231E+00
   256    0.7898508266E-01
   257   -0.1387085323E+00
   258   -0.2923170333E-01
   259    0.5238604757E-01
   260   -0.8175241323E-01
   261   -0.3890578353E-01
   262    0.4851045332E-01
   263   -0.4586883300E-01
   264   -0.5074065659E-01
   265    0.9848689035E-02
   266    0.1071274993E-01
   267   -0.3053076859E-01
   268   -0.1636761622E-01
   269   -0.2839078064E-01
   270   -0.1053647087E-01
   271    0.1435118159E-01
   272   -0.1804937307E-01
   273   -0.5278209992E-01
   274    0.9377439594E-03
   275    0.2452396067E-01
   276   -0.1614751053E-02
   277   -0.2050241507E-01
   278   -0.1746738575E-01
   279    0.1276899717E-02
   280    0.2115723538E-02
   281   -0.1233857048E-01
   282   -0.3279274008E-02
   283    0.3029991356E-03
   284   -0.1006511764E-01
   285   -0.2290125877E-02
   286   -0.1514826071E-02
   287   -0.9002268173E-02
   288    0.7271878855E-02
   289    0.1658099003E-01
   290   -0.1017411386E-01
   291   -0.4962279629E-01
   292    0.4373149384E-01
   293    0.1003517728E-01
   294   -0.7378302759E-02
   295    0.2958635914E-02
   296    0.6412911189E-02
   297   -0.1637787948E-02
   298    0.2760698361E-02
   299    0.9509728154E-02
   300    0.1910672238E-02
   301   -0.1744869110E-02
   302    0.6449361680E-02
   303    0.6874226537E-02
   304    0.1970042550E-02
   305    0.1759735640E-02
   306    0.4622638251E-02
   307    0.4454508502E-02
   308    0.3144288090E-02
   309   -0.1049071198E-01
   310    0.6777143690E-02
   311    0.1303473537E-01
   312    0.5237519460E-02
   313    0.2879437344E-02
   314    0.1244416202E-02
   315    0.2042900910E-02
   316    0.3361409656E-02
   317    0.3759871910E-02
   318    0.3551951082E-02
   319    0.2141594401E-02
   320    0.1451463459E-02
   321    0.2420038036E-02
   322    0.2761888902E-02
   323    0.2047509221E-02
   324    0.1597563513E-02
   325    0.2355983324E-02
   326    0.1748060546E-02
   327    0.1111609266E-02
   328    0.1691959866E-02
   329    0.1850516195E-02
   330    0.1374718731E-02
   331    0.1027514849E-02
   332    0.1262283650E-02
   333    0.1177801233E-02
   334    0.9521574991E-03
   335    0.9475822435E-03
   336    0.9278663581E-03
   337    0.7052687636E-03
   338    0.6185888021E-03
   339    0.7068568802E-03
   340    0.6944523882E-03
   341    0.5800604990E-03
   342    0.4750506802E-03
   343    0.4455629161E-03
   344    0.3948990690E-03
   345    0.3981644883E-03
   346    0.4006870241E-03
   347    0.2799987708E-03
   348    0.2330152482E-03
   349    0.2704366712E-03
   350    0.2421015044E-03
   351    0.2064927877E-03
   352    0.1716784932E-03
   353    0.1455065915E-03
   354    0.1640612366E-03
   355    0.1424649717E-03
   356    0.1076063550E-03
   357    0.1091337965E-03
   358    0.9872173986E-04
   359    0.6786041518E-04
   360    0.6884429061E-04
   361    0.7515084226E-04
   362    0.5235883898E-04
   363    0.4682125456E-04
   364    0.4639589713E-04
   365    0.3857885763E-04
   366    0.3442244657E-04
   367    0.2925811419E-04
   368    0.2514275378E-04
   369    0.2160195253E-04
   370    0.2001765331E-04
   371    0.1695957040E-04
   372    0.1485948820E-04
   373    0.1484182305E-04
   374    0.1108938584E-04
   375    0.8672170612E-05
   376    0.8836400548E-05
   377    0.7166181840E-05
   378    0.5465242731E-05
   379    0.5479238765E-05
   380    0.5015994438E-05
   381    0.4327451993E-05
   382    0.3309564411E-05
   383    0.2761348117E-05
   384    0.2521648144E-05
   385    0.2108330016E-05
   386    0.1814807501E-05
   387    0.1599058235E-05
   388    0.1425835170E-05
   389    0.1072146889E-05
   390    0.9059316852E-06
   391    0.7917767323E-06
   392    0.6987684433E-06
   393    0.6031342136E-06
   394    0.4516255177E-06
   395    0.3852486659E-06
   396    0.3578777505E-06
   397    0.3097936419E-06
   398    0.2472846262E-06
   399    0.2072290709E-06
   400    0.1655362778E-06
   401    0.1330095984E-06
   402    0.1157665086E-06
   403    0.1027132665E-06
   404    0.8849199060E-07
   405    0.6831384414E-07
   406    0.5345023132E-07
   407    0.4457862857E-07
   408    0.3813424554E-07
   409    0.3457099401E-07
   410    0.2775717312E-07
   411    0.2095317339E-07
   412    0.1816827860E-07
   413    0.1483314840E-07
   414    0.1157648538E-07
   415    0.1026876367E-07
   416    0.8360704351E-08
   417    0.6567525079E-08
   418    0.5380202228E-08
   419    0.4611201226E-08
   420    0.3394686421E-08
   421    0.2834331686E-08
   422    0.2755119133E-08
   423    0.2063915844E-08
   424    0.1417672868E-08
   425    0.1264649274E-08
   426    0.1044971915E-08
   427    0.8339277602E-09
   428    0.6841007760E-09
   429    0.5319646945E-09
   430    0.4454462077E-09
   431    0.3534247894E-09
   432    0.2723003489E-09
   433    0.2394356657E-09
   434    0.1836978347E-09
   435    0.1367189695E-09
   436    0.1127687110E-09
   437    0.9656048183E-10
   438    0.7453945794E-10
   439    0.5494635302E-10
   440    0.4673902931E-10
   441    0.3656169811E-10
   442    0.2969741120E-10
   443    0.2391378762E-10
   444    0.1677025185E-10
   445    0.1437999719E-10
   446    0.1178324105E-10
   447    0.8775979943E-11
   448    0.7010309000E-11
   449    0.5459410701E-11
   450    0.4216543781E-11
   451    0.3429145856E-11
   452    0.2572969615E-11
   453    0.1997596533E-11
   454    0.1664030025E-11
   455    0.1301320163E-11
   456    0.9403033907E-12
   457    0.7140121827E-12
   458    0.5818956428E-12
   459    0.4578559754E-12
   460    0.3644029523E-12
   461    0.2733924198E-12
   462    0.2031985691E-12
   463    0.1617594947E-12
   464    0.1251498905E-12
   465    0.9275913371E-13
   466    0.7474576513E-13
   467    0.5670464098E-13
   468    0.4415912080E-13
   469    0.3463895837E-13
   470    0.2306488334E-13
   471    0.1892930257E-13
   472    0.1582067810E-13
   473    0.1057487431E-13
   474    0.8604228441E-14
   475    0.6356026816E-14
   476    0.5440092821E-14
   477    0.3330669074E-14
   478    0.3774758284E-14
   479    0.1970645869E-14
   480    0.9714451465E-15
   481   -0.4718447855E-15
   482    0.1942890293E-14
   483    0.5273559367E-15
   484    0.9436895709E-15
   485    0.1110223025E-15
   486    0.0000000000E+00
   487    0.4440892099E-15
   488   -0.6661338148E-15
   489    0.2220446049E-15
   490    0.0000000000E+00
   491    0.0000000000E+00
   492    0.0000000000E+00
   493    0.0000000000E+00
   494    0.2220446049E-15
   495    0.2220446049E-15
   496    0.0000000000E+00
   497    0.0000000000E+00
   498    0.0000000000E+00
   499    0.0000000000E+00
   500    0.3571428571E+01
   501    0.3571428571E+01
   502    0.0000000000E+00
