    -1    0.0000000000E+00
     0   -0.3919066576E+01
     1   -0.3255754485E+01
     2    0.1268308438E-01
     3    0.1139289770E-01
     4    0.5720044063E-03
     5    0.1069163919E-01
     6    0.1144439755E-01
     7    0.4561932577E-02
     8    0.5290286169E-02
     9    0.1026236724E-01
    10    0.9745464570E-02
    11   -0.5577866866E-02
    12    0.1166245295E-01
    13    0.1206920524E-01
    14   -0.1812764043E-01
    15    0.1546824236E-01
    16    0.7933549721E-02
    17   -0.2328741677E-01
    18    0.1140287264E-01
    19    0.8653239803E-02
    20   -0.3020672752E-01
    21    0.8449908590E-02
    22    0.8477250671E-02
    23   -0.3425354783E-01
    24    0.4496698229E-02
    25    0.1001365294E-01
    26   -0.3688160835E-01
    27    0.1695073564E-02
    28    0.1198018868E-01
    29   -0.3698091633E-01
    30    0.3468173021E-03
    31    0.1385114743E-01
    32   -0.3439633908E-01
    33    0.5687571045E-03
    34    0.1577039974E-01
    35   -0.3060014249E-01
    36    0.3654683253E-02
    37    0.1574705458E-01
    38   -0.2401148541E-01
    39    0.6593474659E-02
    40    0.1535977065E-01
    41   -0.1531661926E-01
    42    0.6340521730E-02
    43    0.1860468731E-01
    44   -0.1017237314E-01
    45    0.6275376445E-02
    46    0.2354251635E-01
    47   -0.1112622799E-01
    48    0.1164370073E-01
    49    0.2132338242E-01
    50   -0.9185732854E-02
    51    0.1388726954E-01
    52    0.1741430118E-01
    53   -0.7036708049E-02
    54    0.1276011020E-01
    55    0.1363670252E-01
    56   -0.6724452472E-02
    57    0.9808588400E-02
    58    0.1009915288E-01
    59   -0.8762536271E-02
    60    0.7201082239E-02
    61    0.4367172917E-02
    62   -0.8918328246E-02
    63    0.1868583269E-02
    64   -0.1463919231E-03
    65   -0.8547460740E-02
    66   -0.4349868140E-02
    67   -0.3686818445E-02
    68   -0.5905725078E-02
    69   -0.1323963848E-01
    70   -0.2089911280E-02
    71   -0.4796289241E-02
    72   -0.2088501316E-01
    73    0.3519652441E-02
    74   -0.6754373952E-02
    75   -0.2214083212E-01
    76    0.6597395533E-02
    77   -0.5597750886E-02
    78   -0.2170929211E-01
    79    0.9868174707E-02
    80   -0.3096223468E-02
    81   -0.1906373285E-01
    82    0.1202287067E-01
    83    0.1510212114E-02
    84   -0.1570026405E-01
    85    0.1313950409E-01
    86    0.7528120228E-02
    87   -0.1258245584E-01
    88    0.1361803819E-01
    89    0.1318626099E-01
    90   -0.9230244154E-02
    91    0.1209627963E-01
    92    0.1903511252E-01
    93   -0.8062037364E-02
    94    0.1119839830E-01
    95    0.2111365856E-01
    96   -0.5962688188E-02
    97    0.7718611064E-02
    98    0.2175988326E-01
    99   -0.4597080620E-02
   100    0.1974081121E-02
   101    0.2175276894E-01
   102   -0.4467897789E-02
   103   -0.6320778939E-02
   104    0.2412766583E-01
   105   -0.1032411516E-01
   106   -0.9570911830E-02
   107    0.2165507003E-01
   108   -0.1512552797E-01
   109   -0.1093183781E-01
   110    0.1561930537E-01
   111   -0.1647448904E-01
   112   -0.1315630934E-01
   113    0.1061386889E-01
   114   -0.1742209378E-01
   115   -0.1346362233E-01
   116    0.6192308809E-02
   117   -0.1725504377E-01
   118   -0.1183697885E-01
   119    0.2691588031E-02
   120   -0.1547050127E-01
   121   -0.8581467151E-02
   122   -0.2593629456E-03
   123   -0.1050006578E-01
   124   -0.6620767166E-02
   125   -0.1069312308E-04
   126   -0.4549960491E-02
   127   -0.6063837088E-02
   128    0.4115442201E-02
   129    0.1953454400E-03
   130   -0.6052974343E-02
   131    0.1120335865E-01
   132    0.2166736104E-02
   133   -0.4858307973E-02
   134    0.1776477536E-01
   135    0.3078170379E-02
   136   -0.3825673987E-02
   137    0.2290093316E-01
   138    0.2936237695E-02
   139   -0.3258712581E-02
   140    0.2558675434E-01
   141    0.2019499882E-02
   142   -0.3454208024E-02
   143    0.2520281356E-01
   144    0.8272556259E-03
   145   -0.4736302461E-02
   146    0.2200222723E-01
   147   -0.8369365873E-03
   148   -0.6127724438E-02
   149    0.1539013594E-01
   150   -0.1642566327E-02
   151   -0.8124803350E-02
   152    0.7135716324E-02
   153   -0.2253162972E-02
   154   -0.9681270067E-02
   155   -0.2031666573E-02
   156   -0.1776293495E-02
   157   -0.1099939540E-01
   158   -0.1047078438E-01
   159   -0.7232804874E-03
   160   -0.1075099884E-01
   161   -0.1870166272E-01
   162    0.3504619696E-02
   163   -0.1205935783E-01
   164   -0.2295396324E-01
   165    0.7817274219E-02
   166   -0.1264421457E-01
   167   -0.2237019471E-01
   168    0.9434677719E-02
   169   -0.1011240734E-01
   170   -0.2061470162E-01
   171    0.1120451865E-01
   172   -0.5861336743E-02
   173   -0.1745702171E-01
   174    0.1294970651E-01
   175   -0.2327420865E-02
   176   -0.1334872609E-01
   177    0.1394432039E-01
   178   -0.2852463501E-02
   179   -0.2260790110E-01
   180    0.3366106717E-01
   181    0.3132989780E-02
   182   -0.3393401781E-02
   183    0.1095105523E-01
   184    0.6906674631E-02
   185   -0.2089957975E-02
   186    0.8057906899E-02
   187    0.1042242148E-01
   188   -0.2993108836E-02
   189    0.2624790233E-02
   190    0.9629847811E-02
   191   -0.3296725809E-02
   192   -0.3747928668E-03
   193    0.6177969915E-02
   194   -0.6013638633E-02
   195   -0.1937137185E-02
   196    0.2437196877E-02
   197   -0.8701881786E-02
   198   -0.4872137782E-02
   199   -0.3637439708E-02
   200   -0.9992918305E-02
   201   -0.3577786607E-02
   202   -0.6830576612E-02
   203   -0.8774803316E-02
   204   -0.3847382548E-02
   205   -0.1361493715E-01
   206   -0.3025155134E-01
   207    0.1421800588E-01
   208   -0.1223930422E-01
   209    0.4025033892E-02
   210   -0.3699165232E-02
   211   -0.1275477245E-01
   212    0.1279139477E-01
   213   -0.2058447012E-02
   214   -0.1156803273E-01
   215    0.1602223321E-01
   216    0.2632173376E-02
   217   -0.3213627127E-02
   218    0.2240691879E-01
   219   -0.1312895960E-02
   220   -0.2362957697E-02
   221    0.4331638865E-01
   222    0.1373546816E-01
   223    0.1227372817E-01
   224    0.2340311537E-01
   225    0.1751109602E-01
   226    0.1922873878E-01
   227    0.2103909421E-01
   228    0.1966510096E-01
   229    0.2317735067E-01
   230    0.1176597857E-01
   231    0.1131508737E-01
   232    0.3772745901E-01
   233    0.2109795323E-01
   234    0.2162834441E-01
   235    0.2262405017E-01
   236    0.1272745305E-01
   237    0.1939186115E-01
   238    0.1968617539E-01
   239   -0.7401744918E-02
   240   -0.2955109365E-01
   241    0.7076195339E-01
   242    0.8990648605E-02
   243    0.1477508308E-02
   244    0.1766437314E-01
   245   -0.3536015353E-02
   246   -0.7557151494E-01
   247    0.7384632660E-01
   248    0.1191207574E-01
   249   -0.1115426441E-01
   250    0.6491144279E-02
   251   -0.6152608251E-02
   252   -0.8526206289E-01
   253    0.5664443518E-01
   254    0.7270538510E-02
   255   -0.1474283745E-01
   256   -0.6089956708E-02
   257   -0.1191948694E-01
   258   -0.2439932371E-01
   259   -0.6340569970E-01
   260    0.5006829378E-01
   261   -0.1620547138E-01
   262   -0.2002986055E-01
   263   -0.7281678194E-02
   264   -0.1561827120E-01
   265   -0.2219177455E-01
   266   -0.1167915810E-01
   267   -0.1644916782E-01
   268   -0.1813809603E-01
   269   -0.1105113927E-01
   270   -0.1801771799E-01
   271   -0.1297180885E-01
   272   -0.8938243654E-02
   273   -0.2447111178E-01
   274   -0.1120656229E-01
   275   -0.6342397161E-02
   276   -0.1183018998E-01
   277   -0.2023650840E-01
   278   -0.5622686906E-02
   279   -0.1395910957E-01
   280   -0.6732372208E-02
   281   -0.3785897988E-02
   282   -0.1160157003E-01
   283   -0.8206999425E-02
   284   -0.5527357132E-02
   285   -0.7094771500E-02
   286   -0.4705947961E-02
   287   -0.4033581686E-02
   288   -0.5763841581E-02
   289   -0.3186493035E-02
   290   -0.2133916168E-02
   291   -0.4679730991E-02
   292   -0.2081390358E-02
   293    0.6153268516E-03
   294   -0.4295774972E-03
   295   -0.6742903768E-04
   296   -0.1621711962E-01
   297    0.4203112176E-02
   298    0.1372338519E-01
   299    0.1052481899E-02
   300    0.1484424136E-02
   301    0.2991492569E-02
   302    0.2390990308E-02
   303    0.2069558950E-02
   304    0.3698838404E-02
   305    0.3606005189E-02
   306    0.2251200353E-02
   307    0.3241222479E-02
   308    0.4276865351E-02
   309    0.3588973985E-02
   310    0.2993218610E-02
   311    0.3496732999E-02
   312    0.3996780035E-02
   313    0.3290860194E-02
   314   -0.1805051220E-02
   315   -0.2157302204E-02
   316    0.1468935409E-01
   317    0.3905105607E-02
   318    0.3515272298E-02
   319    0.2752303002E-02
   320    0.2894521965E-02
   321    0.3033337671E-02
   322    0.2934563470E-02
   323    0.3029611231E-02
   324    0.2620403471E-02
   325    0.2293977812E-02
   326    0.2365727956E-02
   327    0.2382323975E-02
   328    0.2193101161E-02
   329    0.1958021985E-02
   330    0.1978305296E-02
   331    0.1861845994E-02
   332    0.1609582289E-02
   333    0.1559080355E-02
   334    0.1593819950E-02
   335    0.1421552963E-02
   336    0.1231584304E-02
   337    0.1221261476E-02
   338    0.1145072511E-02
   339    0.1014223630E-02
   340    0.9589590042E-03
   341    0.9034232704E-03
   342    0.7880436483E-03
   343    0.7247032883E-03
   344    0.6925831903E-03
   345    0.6281990620E-03
   346    0.5841971403E-03
   347    0.5219124710E-03
   348    0.4603210929E-03
   349    0.4287000551E-03
   350    0.3938868247E-03
   351    0.3615320109E-03
   352    0.3187302889E-03
   353    0.2792032061E-03
   354    0.2589361738E-03
   355    0.2384291139E-03
   356    0.2111403731E-03
   357    0.1867957963E-03
   358    0.1646980577E-03
   359    0.1520658834E-03
   360    0.1385604919E-03
   361    0.1188298444E-03
   362    0.1061367229E-03
   363    0.9725365347E-04
   364    0.8217824939E-04
   365    0.7225914864E-04
   366    0.6829620510E-04
   367    0.5811603261E-04
   368    0.5022010727E-04
   369    0.4559522302E-04
   370    0.3982360850E-04
   371    0.3499327367E-04
   372    0.3043442801E-04
   373    0.2662193515E-04
   374    0.2314111000E-04
   375    0.2038099815E-04
   376    0.1773264939E-04
   377    0.1539479597E-04
   378    0.1375627209E-04
   379    0.1169754565E-04
   380    0.9910167594E-05
   381    0.8721333053E-05
   382    0.7565830225E-05
   383    0.6368143061E-05
   384    0.5564817619E-05
   385    0.4877518017E-05
   386    0.4232460554E-05
   387    0.3553663631E-05
   388    0.2985095168E-05
   389    0.2617562020E-05
   390    0.2217151919E-05
   391    0.1887985607E-05
   392    0.1626119575E-05
   393    0.1396291243E-05
   394    0.1164809339E-05
   395    0.9800815184E-06
   396    0.8357404284E-06
   397    0.7122591552E-06
   398    0.6072098204E-06
   399    0.5023626395E-06
   400    0.4206077565E-06
   401    0.3599913585E-06
   402    0.3069319195E-06
   403    0.2548979260E-06
   404    0.2132026503E-06
   405    0.1774659821E-06
   406    0.1466554047E-06
   407    0.1232839508E-06
   408    0.1037910510E-06
   409    0.8745471172E-07
   410    0.7189313569E-07
   411    0.5894697994E-07
   412    0.4865592521E-07
   413    0.4051860741E-07
   414    0.3421234532E-07
   415    0.2818920822E-07
   416    0.2285737580E-07
   417    0.1893565726E-07
   418    0.1560955962E-07
   419    0.1267652122E-07
   420    0.1053491180E-07
   421    0.8662731421E-08
   422    0.7020761944E-08
   423    0.5738252540E-08
   424    0.4727926217E-08
   425    0.3796061604E-08
   426    0.3078081234E-08
   427    0.2588508158E-08
   428    0.2103702268E-08
   429    0.1640358738E-08
   430    0.1340207334E-08
   431    0.1097915259E-08
   432    0.8803926199E-09
   433    0.7157767434E-09
   434    0.5725184771E-09
   435    0.4611834803E-09
   436    0.3740454335E-09
   437    0.2950345246E-09
   438    0.2404780819E-09
   439    0.1931201032E-09
   440    0.1512379944E-09
   441    0.1208736167E-09
   442    0.9831502279E-10
   443    0.7786138401E-10
   444    0.6101893990E-10
   445    0.4896821837E-10
   446    0.3877351218E-10
   447    0.3084760225E-10
   448    0.2460029402E-10
   449    0.1900365976E-10
   450    0.1510486181E-10
   451    0.1208316780E-10
   452    0.9412054469E-11
   453    0.7401634861E-11
   454    0.5820816051E-11
   455    0.4536093723E-11
   456    0.3582328878E-11
   457    0.2793237863E-11
   458    0.2160438495E-11
   459    0.1714184350E-11
   460    0.1340705325E-11
   461    0.1026595475E-11
   462    0.7955858194E-12
   463    0.6189770918E-12
   464    0.4819200594E-12
   465    0.3763656053E-12
   466    0.2886857420E-12
   467    0.2244870956E-12
   468    0.1710576125E-12
   469    0.1325051180E-12
   470    0.1022792961E-12
   471    0.7832623439E-13
   472    0.6100675520E-13
   473    0.4574118861E-13
   474    0.3527733661E-13
   475    0.2792210907E-13
   476    0.2117750419E-13
   477    0.1465494393E-13
   478    0.1179611964E-13
   479    0.8326672685E-14
   480    0.6911138328E-14
   481    0.5023759186E-14
   482    0.3913536162E-14
   483    0.3608224830E-14
   484    0.1554312234E-14
   485    0.2164934898E-14
   486    0.2053912596E-14
   487    0.2498001805E-15
   488    0.5273559367E-15
   489   -0.6383782392E-15
   490    0.1942890293E-15
   491    0.1110223025E-15
   492    0.1443289932E-14
   493   -0.6661338148E-15
   494    0.1110223025E-14
   495    0.0000000000E+00
   496    0.0000000000E+00
   497    0.2220446049E-15
   498    0.2220446049E-15
   499    0.0000000000E+00
   500    0.3571428571E+01
   501    0.3571428571E+01
   502    0.0000000000E+00
