    -1    0.0000000000E+00
     0   -0.1617646881E+01
     1   -0.8299205400E+00
     2    0.3624545207E+00
     3   -0.1728520744E+00
     4   -0.3203850916E+01
     5    0.2877624814E+01
     6    0.4781034751E+00
     7   -0.3292975870E+01
     8    0.3492045052E+01
     9   -0.2171817775E+00
    10    0.1542795839E+01
    11   -0.1011508878E+01
    12   -0.1834713461E+01
    13   -0.5162781529E+00
    14    0.7931297904E+00
    15    0.1668564289E+01
    16   -0.9350132183E+00
    17   -0.1015515852E+01
    18   -0.3979290242E+00
    19   -0.1794667009E+00
    20   -0.8552883729E+00
    21    0.1963303780E+01
    22    0.6263099517E+00
    23   -0.5610883596E+00
    24    0.2286706117E-01
    25   -0.7475776110E+00
    26    0.1593116576E+01
    27   -0.3716627644E+00
    28   -0.9019581280E+00
    29    0.1140086871E+01
    30   -0.1591306483E+01
    31   -0.1455493033E+01
    32    0.1931455659E+01
    33   -0.6253638820E+00
    34    0.1052328367E+01
    35   -0.3307313140E+01
    36    0.1024009888E+01
    37    0.1666468454E+01
    38   -0.1216498299E+01
    39   -0.6974766346E+00
    40    0.3090261953E+00
    41    0.2751531367E+01
    42   -0.2281157178E+01
    43    0.4090768031E-01
    44    0.1773783437E+01
    45   -0.3889919586E+01
    46    0.2816094511E+01
    47   -0.8046435037E+00
    48    0.2869732689E+01
    49    0.4152326319E+00
    50   -0.2824307003E+01
    51   -0.2037223841E+01
    52    0.3405001163E+01
    53   -0.2997755762E+01
    54   -0.1617369115E+01
    55    0.5210593274E+01
    56    0.7587816727E+00
    57   -0.7859038966E+00
    58   -0.1396302631E+01
    59   -0.2223574101E+01
    60    0.2689598521E+01
    61   -0.3928562120E+00
    62    0.2029974052E+00
    63    0.5469335167E+00
    64   -0.2448702474E-01
    65   -0.3352091505E+00
    66    0.1053421960E+01
    67   -0.2575120558E+01
    68    0.2948310316E+01
    69   -0.1119655010E+01
    70   -0.6934923018E+00
    71   -0.8740928324E+00
    72    0.6715221240E+00
    73    0.2013085050E+01
    74   -0.3323185717E+01
    75    0.3653913317E+01
    76   -0.1989441923E+01
    77    0.9426519060E+00
    78   -0.1108757724E+01
    79   -0.1493802337E+01
    80    0.3996368446E+01
    81   -0.1908737617E+01
    82    0.4232940491E+00
    83   -0.7513127322E+00
    84    0.1100980599E+01
    85   -0.2674402794E+00
    86    0.7292399313E+00
    87   -0.2254191261E+01
    88    0.1196599775E+01
    89    0.6515303851E+00
    90   -0.1052189391E+01
    91    0.1749568856E+01
    92   -0.2417992073E+01
    93    0.1711964505E+01
    94   -0.1109568338E+00
    95    0.2439524499E+00
    96   -0.9765585742E+00
    97    0.1699679627E+01
    98   -0.2177985182E+01
    99    0.2176769599E+01
   100   -0.1355443404E+01
   101    0.7812015209E+00
   102    0.3064072263E+00
   103    0.2265313340E-01
   104   -0.7227316296E+00
   105   -0.7883229600E+00
   106    0.1844812141E+01
   107   -0.1087534927E+01
   108    0.1029333208E+01
   109    0.6686925735E+00
   110   -0.2494957751E+01
   111    0.1936912091E+00
   112    0.1968155260E+01
   113   -0.2001701481E+01
   114    0.2306997845E+01
   115   -0.3547410282E+00
   116   -0.1465918009E+01
   117    0.1114424919E+01
   118   -0.2026244364E+01
   119    0.2213894566E+01
   120    0.3749759695E-01
   121   -0.1647847776E+00
   122    0.2175747200E+00
   123   -0.6895696397E+00
   124   -0.2184692575E+01
   125    0.2612195213E+01
   126    0.5527708484E+00
   127   -0.8261832353E+00
   128    0.8785320247E+00
   129   -0.1186178299E+01
   130   -0.8089906860E+00
   131    0.8088087703E+00
   132    0.1721874500E+01
   133   -0.1774669188E+01
   134    0.1299925346E+01
   135   -0.1656206835E+01
   136    0.9620081337E+00
   137   -0.1465191145E+01
   138    0.2190629904E+01
   139   -0.1228276862E+01
   140    0.1185988094E+01
   141   -0.1393799550E+01
   142    0.5798814236E+00
   143   -0.4735002678E+00
   144    0.7053827512E+00
   145   -0.9482247576E-01
   146    0.6051031900E+00
   147   -0.8697218369E+00
   148    0.3258192768E+00
   149   -0.3947812868E+00
   150    0.4167952737E+00
   151   -0.1017913074E+00
   152    0.5307482094E+00
   153   -0.4687662299E+00
   154   -0.3520517508E+00
   155    0.3573962350E+00
   156   -0.7925403767E-01
   157    0.3215281677E-01
   158    0.2608382944E+00
   159   -0.9351816699E+00
   160   -0.2880483187E+00
   161    0.5935714238E+00
   162    0.1750727136E+00
   163   -0.1671441631E+00
   164   -0.4737297776E+00
   165    0.7593379808E+00
   166   -0.9302582190E+00
   167    0.7316545639E+00
   168   -0.9684100601E+00
   169    0.1118033959E+01
   170   -0.8955367374E+00
   171    0.1224918482E+01
   172   -0.5437920213E+00
   173   -0.7831878582E+00
   174    0.1034681178E+01
   175   -0.1822308434E+01
   176    0.1402282444E+01
   177   -0.5883677041E+00
   178   -0.9922951827E-01
   179    0.8060321896E+00
   180   -0.2767975473E+01
   181    0.2323301962E+01
   182   -0.1177870256E+01
   183   -0.1283477267E+01
   184    0.2575829293E+00
   185   -0.4678869515E+01
   186   -0.7446370900E+01
   187   -0.1008266572E+02
   188    0.1188343382E+02
   189    0.2844317065E+01
   190    0.2114527049E+01
   191    0.1582691749E+01
   192   -0.1901979582E-01
   193    0.2678353496E+01
   194   -0.3508394398E+00
   195   -0.8086649903E-02
   196   -0.3208441558E+01
   197    0.3492177401E+00
   198    0.5837668646E+01
   199    0.7893761233E+00
   200   -0.3184213387E+01
   201    0.2105700641E+01
   202   -0.4605187132E+00
   203    0.5935748035E+00
   204    0.1522516471E+01
   205   -0.4028107059E+01
   206    0.3053403734E+01
   207   -0.3487136266E+00
   208   -0.1138959129E+00
   209    0.1773312639E+01
   210   -0.1930563522E+01
   211   -0.7055134741E+00
   212    0.3443485084E+00
   213    0.5894276789E+00
   214    0.1146667868E+01
   215   -0.6304044244E+00
   216   -0.2130719590E+00
   217   -0.1464295920E+01
   218    0.1995811539E+01
   219   -0.1405613141E+01
   220    0.1498335473E+01
   221   -0.2421524302E+01
   222   -0.2127787762E+00
   223    0.1390935772E+01
   224   -0.5054029224E+00
   225   -0.2023688309E+01
   226    0.1870433494E+01
   227   -0.1622393748E+01
   228   -0.3502886982E+01
   229   -0.4070794864E+00
   230    0.3127091992E+01
   231    0.1125258118E+01
   232   -0.1909337589E+00
   233   -0.4022884530E+01
   234   -0.6469240612E+01
   235    0.4561226733E+01
   236    0.4257545812E+01
   237    0.2921251457E+00
   238    0.3399392859E+00
   239   -0.7661171438E+00
   240   -0.1967291041E+01
   241   -0.1890603958E+00
   242    0.9703036755E+00
   243    0.9304076461E+00
   244    0.8036108140E+00
   245   -0.9069724925E+00
   246   -0.7271532628E+00
   247    0.2759205069E+00
   248    0.7048265872E+00
   249    0.6176864350E+00
   250    0.3869080216E+00
   251    0.9446899672E-01
   252   -0.7833200489E+00
   253   -0.7375155176E+00
   254    0.4079176846E+00
   255    0.7067988140E+00
   256   -0.1341213690E+00
   257   -0.8352942862E+00
   258   -0.9877141581E-01
   259    0.2767814295E+00
   260   -0.5338306102E-02
   261   -0.9351566340E-01
   262    0.1862856380E+00
   263   -0.2278305597E-01
   264   -0.1845480918E+00
   265    0.2523356626E+00
   266    0.1954682762E+00
   267   -0.3368910776E+00
   268   -0.1428465987E+00
   269    0.2910849385E+00
   270    0.1142336247E+00
   271   -0.2820501412E+00
   272   -0.6158365748E-01
   273    0.2945614485E+00
   274    0.3079263133E-01
   275   -0.2423850760E+00
   276   -0.1431902720E-01
   277    0.1789114908E+00
   278    0.3182629540E-03
   279   -0.5399896067E-01
   280   -0.9634000939E-02
   281    0.1515323574E-01
   282    0.1282682521E-01
   283    0.2246480534E-01
   284    0.7131600877E-02
   285   -0.1868701523E-01
   286   -0.7575870302E-02
   287    0.1454302059E-01
   288    0.7532085180E-02
   289   -0.7228897816E-02
   290    0.3636373247E-02
   291    0.8290281350E-02
   292   -0.3971178455E-02
   293   -0.3027311403E-02
   294    0.6241465158E-02
   295    0.4350430443E-02
   296   -0.1181720151E-02
   297    0.3155111526E-03
   298    0.2308144385E-02
   299    0.8563370486E-03
   300    0.6184766022E-03
   301    0.1565737312E-02
   302    0.8621437871E-03
   303   -0.2046660414E-03
   304    0.1962742955E-03
   305    0.1096074696E-02
   306    0.1414420071E-02
   307    0.4049171720E-03
   308    0.3483656936E-04
   309    0.4783792684E-03
   310    0.2601063484E-03
   311    0.6434895143E-03
   312    0.5471432893E-03
   313   -0.5261311483E-04
   314    0.7436193926E-04
   315    0.3907314737E-03
   316    0.2975922398E-03
   317    0.2099563977E-03
   318    0.4508780681E-06
   319    0.1149486462E-03
   320    0.3299864184E-03
   321    0.1135415590E-03
   322    0.5857276493E-04
   323    0.1764835317E-03
   324    0.7545139142E-04
   325   -0.2596830565E-04
   326    0.1208411091E-03
   327    0.1020471445E-03
   328    0.8626941377E-06
   329    0.5556973880E-04
   330    0.5287502535E-04
   331    0.3879098054E-04
   332    0.3395344749E-04
   333    0.2462623507E-04
   334    0.1956079847E-04
   335    0.1796450550E-04
   336    0.1866344582E-04
   337    0.1431699526E-04
   338    0.2074159955E-04
   339    0.2148721816E-04
   340    0.5545330778E-05
   341    0.3387731577E-05
   342    0.1289948652E-04
   343    0.3376975954E-05
   344    0.6564419097E-06
   345    0.7621245750E-05
   346    0.7395145748E-05
   347    0.5061419254E-05
   348    0.1561086134E-05
   349    0.2297124111E-05
   350    0.2314775258E-05
   351    0.1844254715E-05
   352    0.1819376369E-05
   353    0.2067619264E-05
   354    0.1551615631E-05
   355    0.5512806120E-06
   356    0.6949808389E-06
   357    0.7395587042E-06
   358    0.8232723085E-06
   359    0.5353948533E-06
   360    0.2059124548E-06
   361    0.3531349784E-06
   362    0.4593142708E-06
   363    0.3291789168E-06
   364    0.2729096520E-06
   365    0.2029006403E-06
   366    0.9163432274E-07
   367    0.8603825452E-07
   368    0.1078127618E-06
   369    0.1398477485E-06
   370    0.1012479811E-06
   371    0.4717611887E-07
   372    0.2845693503E-07
   373    0.3037590765E-07
   374    0.4328553738E-07
   375    0.4520238250E-07
   376    0.2386104270E-07
   377    0.1516262149E-07
   378    0.1979255226E-07
   379    0.1071353581E-07
   380    0.8364817727E-08
   381    0.1181196874E-07
   382    0.7826374576E-08
   383    0.4906330953E-08
   384    0.5294692906E-08
   385    0.4055564329E-08
   386    0.1370585423E-08
   387    0.3480492117E-08
   388    0.4619471250E-08
   389    0.1218660700E-08
   390    0.4710096757E-09
   391    0.1403921424E-08
   392    0.8790354555E-09
   393    0.8121616712E-09
   394    0.6406000452E-09
   395    0.3983960939E-09
   396    0.5076541409E-09
   397    0.2538730337E-09
   398    0.2606592719E-09
   399    0.2961177969E-09
   400    0.1406482431E-09
   401    0.7838796279E-10
   402    0.1178548370E-09
   403    0.1112112624E-09
   404    0.5624378741E-10
   405    0.4056466274E-10
   406    0.4478217797E-10
   407    0.3552536043E-10
   408    0.3424813211E-10
   409    0.1824784768E-10
   410    0.9565015446E-11
   411    0.1687838758E-10
   412    0.1166711172E-10
   413    0.7398526236E-11
   414    0.6817657550E-11
   415    0.4217570737E-11
   416    0.4000549891E-11
   417    0.3316680264E-11
   418    0.1675687367E-11
   419    0.1912997538E-11
   420    0.2025629664E-11
   421    0.1180389120E-11
   422    0.6243894290E-12
   423    0.4827249711E-12
   424    0.5302425166E-12
   425    0.4971578704E-12
   426    0.3796962744E-12
   427    0.2192412918E-12
   428    0.1733613253E-12
   429    0.1487698853E-12
   430    0.9836575998E-13
   431    0.7963074644E-13
   432    0.6986078382E-13
   433    0.5884182031E-13
   434    0.4996003611E-13
   435    0.2042810365E-13
   436    0.1731947918E-13
   437    0.2173261571E-13
   438    0.1088018564E-13
   439    0.9325873407E-14
   440    0.9103828802E-14
   441    0.4884981308E-14
   442    0.4440892099E-14
   443    0.3108624469E-14
   444    0.2442490654E-14
   445    0.1110223025E-14
   446    0.6661338148E-15
   447    0.6661338148E-15
   448    0.4440892099E-15
   449    0.1332267630E-14
   450   -0.1665334537E-15
   451    0.6661338148E-15
   452    0.6661338148E-15
   453   -0.2220446049E-15
   454    0.4440892099E-15
   455    0.1221245327E-14
   456    0.0000000000E+00
   457    0.2220446049E-15
   458    0.2220446049E-15
   459   -0.8881784197E-15
   460   -0.8881784197E-15
   461   -0.6661338148E-15
   462    0.2220446049E-15
   463   -0.8881784197E-15
   464   -0.6661338148E-15
   465    0.0000000000E+00
   466   -0.6661338148E-15
   467    0.0000000000E+00
   468    0.2220446049E-15
   469    0.0000000000E+00
   470   -0.6661338148E-15
   471    0.2220446049E-15
   472    0.1110223025E-15
   473   -0.8881784197E-15
   474    0.3330669074E-15
   475    0.2220446049E-15
   476    0.0000000000E+00
   477    0.0000000000E+00
   478    0.2220446049E-15
   479    0.3330669074E-15
   480    0.2220446049E-15
   481    0.2220446049E-15
   482    0.2220446049E-15
   483    0.0000000000E+00
   484    0.2220446049E-15
   485    0.2220446049E-15
   486    0.2220446049E-15
   487    0.0000000000E+00
   488   -0.7771561172E-15
   489    0.0000000000E+00
   490    0.0000000000E+00
   491    0.3330669074E-15
   492    0.2220446049E-15
   493    0.2220446049E-15
   494    0.2220446049E-15
   495    0.2220446049E-15
   496    0.2220446049E-15
   497   -0.1110223025E-15
   498   -0.2220446049E-15
   499    0.2220446049E-15
   500    0.3571428571E+01
   501    0.3571428571E+01
   502    0.0000000000E+00
