    -1   -0.1690858620E+01
     0   -0.3757052978E+01
     1   -0.3884424895E+01
     2    0.1949199559E+01
     3    0.2529773232E+01
     4   -0.6010176860E+00
     5    0.3928752126E+00
     6    0.6076670410E+00
     7    0.1329255408E+01
     8   -0.1465076605E+01
     9   -0.2585503541E+01
    10    0.1919059208E+01
    11    0.9534313052E-02
    12    0.6593860850E+00
    13   -0.3322125923E+01
    14    0.2619059352E+01
    15    0.7365939202E+00
    16    0.5291329824E+00
    17   -0.1068392355E+01
    18   -0.6676746042E-01
    19   -0.1777474872E+00
    20    0.1578176878E+01
    21   -0.3793304084E+01
    22   -0.9628899660E+00
    23    0.4622066065E-01
    24    0.6327500417E+00
    25   -0.2084563826E+00
    26    0.2818608172E+01
    27   -0.2514082755E+00
    28    0.2257103949E+00
    29   -0.1258480608E-02
    30   -0.4686641794E+01
    31    0.2296317337E+01
    32    0.3886416122E+01
    33   -0.5386618893E+01
    34    0.4442842216E+01
    35   -0.6411136338E+01
    36    0.4269165803E+01
    37    0.1622049820E+01
    38   -0.1675928126E+01
    39    0.2156157110E+01
    40    0.1321248188E+01
    41   -0.3209630991E+01
    42   -0.1807477675E+01
    43   -0.7432401867E+00
    44    0.1890061091E+01
    45    0.2378563025E+01
    46   -0.2264184906E+01
    47    0.2964035899E+01
    48   -0.8810820401E+00
    49   -0.2413651706E+01
    50   -0.3096936548E+01
    51    0.1586472653E+01
    52    0.3524148735E+01
    53    0.5357507313E+00
    54   -0.4576867993E-01
    55   -0.2311987688E+01
    56   -0.4509177956E+00
    57   -0.1468044650E+01
    58    0.2553983015E+01
    59   -0.9416416507E+00
    60    0.6337021532E+01
    61   -0.7781916805E+01
    62    0.2328276639E+01
    63   -0.1604815219E+01
    64    0.2457209134E+01
    65    0.2360862562E+01
    66   -0.5453269696E+01
    67    0.2961410776E+01
    68    0.5188462537E+01
    69   -0.2773246345E+01
    70   -0.1475397688E+01
    71   -0.5983836004E+01
    72    0.8461285118E+01
    73   -0.3958691231E+01
    74    0.4258640067E+01
    75   -0.3504499789E+01
    76    0.1447718803E+01
    77   -0.3893099660E+01
    78    0.1915390477E+00
    79    0.3324379365E+01
    80    0.1151537282E+00
    81    0.1125422785E+01
    82   -0.2246948798E+01
    83   -0.2227743450E+01
    84    0.1223178437E+01
    85   -0.2277154255E+00
    86   -0.1317179474E+01
    87   -0.4832431705E+01
    88    0.4501203077E+01
    89    0.2327861423E+01
    90   -0.3356310969E+01
    91    0.2574954908E+01
    92    0.4233898811E+00
    93   -0.2719284174E+01
    94    0.1173674010E+01
    95    0.2059425742E+01
    96    0.1911290724E+01
    97   -0.7002863390E+01
    98    0.3260037393E+01
    99   -0.3216350014E+00
   100   -0.1223264316E+01
   101    0.2085484007E+01
   102    0.1043464174E+01
   103   -0.2180827682E+00
   104    0.2012109777E+01
   105   -0.2842034641E+01
   106    0.4448086055E+01
   107   -0.6356586112E+01
   108    0.3102362769E+01
   109    0.7324590441E+00
   110    0.2082661935E+01
   111   -0.2500801178E+00
   112   -0.2468110385E+01
   113   -0.5057005804E+00
   114    0.2747418116E+01
   115    0.3163416017E+00
   116   -0.2519165392E+01
   117    0.1889074064E+01
   118   -0.4959125326E+01
   119    0.6027093986E+01
   120   -0.1315141957E+01
   121    0.8014037866E+00
   122   -0.2233757258E+01
   123    0.8600336809E+00
   124    0.1210350113E+01
   125   -0.7969361042E-01
   126   -0.8627834761E+00
   127   -0.3283185395E+01
   128    0.3574129604E+00
   129    0.2573074710E+01
   130   -0.3561731154E+01
   131    0.8932758883E+00
   132   -0.7724463351E+00
   133    0.5455629651E+01
   134   -0.2521814587E+01
   135   -0.4643626286E+01
   136    0.9942495276E+00
   137    0.3175167594E+01
   138   -0.2245166482E+01
   139   -0.2261069853E+01
   140    0.2644140608E+01
   141    0.1635225467E+01
   142    0.1476038786E+01
   143   -0.9155911852E+00
   144    0.1105339171E+01
   145   -0.2803137102E+01
   146   -0.4960385980E+01
   147    0.3793051015E+01
   148    0.6523767116E+01
   149   -0.3428094069E+01
   150   -0.7945731265E+00
   151   -0.1579087405E+01
   152    0.5278906223E+01
   153   -0.9517317162E+01
   154    0.2622244847E+01
   155    0.4277724220E+01
   156   -0.1325768171E+01
   157   -0.1298864742E+00
   158   -0.1758270023E+01
   159    0.2566669739E+01
   160    0.1267925997E+00
   161   -0.2426877697E+01
   162   -0.3135690663E+01
   163    0.5552804153E+01
   164    0.2670656468E+01
   165    0.1022154367E+01
   166   -0.6270575873E+01
   167    0.1959970900E+01
   168    0.2972873289E+01
   169    0.9118599170E+00
   170   -0.1616693689E+01
   171   -0.4139550757E+01
   172    0.4461823112E+01
   173    0.1250196261E+01
   174   -0.1950844999E+01
   175   -0.2216439552E+01
   176    0.4795200511E+01
   177   -0.6605495497E+00
   178    0.9439799071E+00
   179   -0.2288824040E+01
   180   -0.1080719211E+01
   181    0.1035801661E+01
   182    0.1703296166E-01
   183    0.1875734880E+01
   184   -0.3403406799E+01
   185    0.2181239365E+01
   186   -0.8651185541E+00
   187    0.2675727926E+01
   188   -0.2419637480E+01
   189   -0.3456260260E+01
   190    0.2096282854E+01
   191    0.8509339865E+00
   192   -0.5607273594E+01
   193    0.2887730897E+00
   194    0.2689363221E+01
   195   -0.7647486589E+01
   196    0.4293230154E+01
   197    0.6224264354E+00
   198    0.8073748859E+00
   199   -0.7348723698E+01
   200    0.3683976727E+01
   201    0.5614007547E+01
   202    0.1835721308E+01
   203   -0.2825626524E+00
   204   -0.1745003560E+01
   205    0.2665138268E+00
   206   -0.2025056763E+01
   207   -0.5643663565E+00
   208    0.2011850942E+01
   209    0.3950674057E+01
   210   -0.1949158212E+00
   211   -0.1162142616E+01
   212   -0.1112332811E+01
   213    0.1311756837E+01
   214   -0.6934751632E+00
   215    0.9469397689E+00
   216   -0.1485022120E+01
   217    0.2767306053E+01
   218   -0.1060292915E+01
   219    0.6469093036E+00
   220   -0.2253725707E+01
   221    0.1205698251E+01
   222    0.2050981645E+00
   223    0.8017577268E+00
   224   -0.1315235589E+01
   225   -0.1059855760E+01
   226   -0.1199570725E+01
   227    0.1744222608E+01
   228    0.1095076665E+01
   229   -0.8217595629E+00
   230   -0.2123654148E+00
   231   -0.1004375524E+01
   232   -0.1968690152E+01
   233   -0.3311173412E-01
   234    0.4618305753E+00
   235   -0.3965194553E+00
   236   -0.2177002890E+01
   237    0.3019562259E+01
   238    0.1547254348E+01
   239   -0.1762981845E+01
   240   -0.9088123473E+00
   241    0.1457327964E+01
   242    0.7310809891E+00
   243   -0.7553068033E+00
   244   -0.1157738845E+01
   245    0.1013611231E+01
   246    0.2340261735E+00
   247   -0.1089506039E+01
   248    0.9120859659E+00
   249    0.5738590735E+00
   250   -0.8826028316E+00
   251   -0.2772935026E+00
   252    0.3784147725E+00
   253    0.3898055565E+00
   254    0.5479420359E+00
   255    0.4589942411E+00
   256   -0.4474680760E+00
   257   -0.1014311211E+01
   258    0.1576064158E+00
   259    0.7605327890E+00
   260    0.2186196142E+00
   261   -0.5994269744E+00
   262   -0.6908893759E+00
   263    0.3092399192E+00
   264    0.8013962361E-01
   265   -0.1888017493E+00
   266    0.2882125196E+00
   267    0.3679382642E-01
   268   -0.2856884263E+00
   269    0.2287319672E+00
   270    0.3119663743E+00
   271   -0.3260975029E+00
   272   -0.2560074396E+00
   273    0.3022149073E+00
   274    0.2227385061E+00
   275   -0.2390824833E+00
   276   -0.1451371908E+00
   277    0.1993628326E+00
   278    0.1371184269E+00
   279   -0.1962378691E+00
   280   -0.1105292214E+00
   281    0.1875722044E+00
   282    0.3229734011E-01
   283   -0.4144563407E-01
   284   -0.2477133711E-01
   285    0.3347387530E-02
   286    0.1010995049E-01
   287    0.1328934340E-01
   288    0.1509231891E-01
   289   -0.3810995936E-02
   290   -0.1311189951E-01
   291    0.4287394644E-02
   292    0.1116004093E-01
   293   -0.2388641338E-03
   294   -0.3144571215E-02
   295    0.7247682772E-02
   296    0.2751763039E-02
   297   -0.4729582375E-02
   298    0.2116655048E-02
   299    0.5790932795E-02
   300    0.1090988557E-02
   301   -0.8529355766E-03
   302    0.1993126292E-02
   303    0.1427034307E-02
   304    0.4942267283E-03
   305    0.1308776626E-02
   306    0.1198736583E-02
   307    0.3039865036E-03
   308    0.5847003866E-04
   309    0.5715498883E-03
   310    0.1301711222E-02
   311    0.9837736544E-03
   312    0.4854651059E-04
   313    0.3621203109E-03
   314    0.3925418685E-03
   315    0.3499910285E-03
   316    0.7071043311E-03
   317    0.2337832556E-03
   318   -0.5887614256E-04
   319    0.2932337812E-03
   320    0.3449876162E-03
   321    0.2459891967E-03
   322    0.1239110631E-03
   323    0.1843833223E-04
   324    0.2486827893E-03
   325    0.2327638458E-03
   326    0.5767140774E-04
   327    0.1196717462E-03
   328    0.1494758653E-03
   329    0.1025873240E-04
   330    0.3335930907E-04
   331    0.1378916978E-03
   332    0.4203183395E-04
   333    0.2168694402E-04
   334    0.6150411304E-04
   335    0.4397992510E-04
   336    0.3652279894E-04
   337    0.2718515285E-04
   338    0.2579907919E-04
   339    0.1675894784E-04
   340    0.1802641547E-04
   341    0.1914628915E-04
   342    0.1380582139E-04
   343    0.2313107732E-04
   344    0.1401837657E-04
   345    0.2321590441E-05
   346    0.9290772285E-05
   347    0.9311639718E-05
   348    0.8556210958E-06
   349    0.4353794275E-05
   350    0.7743500338E-05
   351    0.6398715695E-05
   352    0.2919110891E-05
   353    0.1833934509E-05
   354    0.2678229626E-05
   355    0.1877964267E-05
   356    0.1860800187E-05
   357    0.1900160477E-05
   358    0.1932723429E-05
   359    0.9127102529E-06
   360    0.6890702904E-06
   361    0.7137352087E-06
   362    0.7533593239E-06
   363    0.7685272177E-06
   364    0.3224235643E-06
   365    0.2629216678E-06
   366    0.4245677322E-06
   367    0.4066127459E-06
   368    0.2724214238E-06
   369    0.2503616284E-06
   370    0.1536857621E-06
   371    0.7515373573E-07
   372    0.1042821582E-06
   373    0.1250168016E-06
   374    0.1191670971E-06
   375    0.7592661511E-07
   376    0.3669396439E-07
   377    0.2959347017E-07
   378    0.3619945499E-07
   379    0.4633758965E-07
   380    0.3436449297E-07
   381    0.1779432623E-07
   382    0.1820402762E-07
   383    0.1582807196E-07
   384    0.8675576813E-08
   385    0.1079088219E-07
   386    0.9788244215E-08
   387    0.6452442719E-08
   388    0.4678338855E-08
   389    0.5275575088E-08
   390    0.2609940708E-08
   391    0.1970169222E-08
   392    0.4408345911E-08
   393    0.3006219884E-08
   394    0.5641488943E-09
   395    0.1028548163E-08
   396    0.1201442057E-08
   397    0.8126709306E-09
   398    0.7601828056E-09
   399    0.4823048072E-09
   400    0.4656043329E-09
   401    0.4072659987E-09
   402    0.2097926277E-09
   403    0.3065386278E-09
   404    0.2209499250E-09
   405    0.9758105435E-10
   406    0.9684747448E-10
   407    0.1217928258E-09
   408    0.8580305910E-10
   409    0.4072564508E-10
   410    0.4774691753E-10
   411    0.3868261267E-10
   412    0.3381242508E-10
   413    0.2912717290E-10
   414    0.1116273740E-10
   415    0.1377542524E-10
   416    0.1515554349E-10
   417    0.8798628492E-11
   418    0.7224887355E-11
   419    0.5600186981E-11
   420    0.3921696301E-11
   421    0.3900130219E-11
   422    0.2398525822E-11
   423    0.1718847287E-11
   424    0.2042144231E-11
   425    0.1619149259E-11
   426    0.8633371795E-12
   427    0.5487832411E-12
   428    0.5373479439E-12
   429    0.4887201754E-12
   430    0.4632128014E-12
   431    0.2877698080E-12
   432    0.1868505350E-12
   433    0.1652011861E-12
   434    0.1259548021E-12
   435    0.8512635041E-13
   436    0.7735478924E-13
   437    0.6039613254E-13
   438    0.5606626274E-13
   439    0.3597122600E-13
   440    0.1643130076E-13
   441    0.2153832668E-13
   442    0.1690314555E-13
   443    0.1043609643E-13
   444    0.1065814104E-13
   445    0.7327471963E-14
   446    0.4662936703E-14
   447    0.4607425552E-14
   448    0.3108624469E-14
   449    0.1110223025E-14
   450    0.2525757381E-14
   451    0.0000000000E+00
   452    0.1665334537E-14
   453    0.1776356839E-14
   454   -0.2220446049E-15
   455   -0.1387778781E-15
   456   -0.6661338148E-15
   457    0.6661338148E-15
   458    0.2220446049E-15
   459    0.1443289932E-14
   460    0.2220446049E-15
   461    0.0000000000E+00
   462    0.0000000000E+00
   463    0.0000000000E+00
   464   -0.6661338148E-15
   465    0.2220446049E-15
   466    0.2220446049E-15
   467    0.2220446049E-15
   468   -0.8881784197E-15
   469    0.2220446049E-15
   470    0.0000000000E+00
   471    0.2220446049E-15
   472    0.0000000000E+00
   473   -0.8881784197E-15
   474    0.0000000000E+00
   475    0.3330669074E-15
   476    0.2220446049E-15
   477    0.0000000000E+00
   478   -0.5551115123E-15
   479    0.2220446049E-15
   480    0.2220446049E-15
   481    0.2220446049E-15
   482    0.2220446049E-15
   483    0.2220446049E-15
   484    0.0000000000E+00
   485    0.2220446049E-15
   486    0.0000000000E+00
   487    0.0000000000E+00
   488    0.2220446049E-15
   489    0.2220446049E-15
   490    0.0000000000E+00
   491    0.0000000000E+00
   492    0.0000000000E+00
   493   -0.8881784197E-15
   494    0.0000000000E+00
   495    0.2220446049E-15
   496    0.0000000000E+00
   497    0.0000000000E+00
   498    0.2220446049E-15
   499    0.0000000000E+00
   500    0.3571428571E+01
   501    0.3571428571E+01
   502    0.0000000000E+00
