    -1    0.0000000000E+00
     0   -0.3128318965E+01
     1   -0.4076824019E+01
     2    0.1547584024E+01
     3   -0.2566615695E+00
     4   -0.1966863012E+01
     5    0.1582724232E+01
     6   -0.8828906693E+00
     7   -0.9084733740E+00
     8    0.3138052523E+01
     9    0.1095560155E+00
    10   -0.8679083618E+00
    11    0.6267336377E+00
    12   -0.1207666433E+01
    13   -0.4513465119E+01
    14    0.7088309055E+01
    15   -0.1299225434E+01
    16   -0.3091341544E+01
    17    0.4680490766E+01
    18   -0.8074832021E+01
    19    0.2752488835E+01
    20    0.1588041190E+01
    21    0.3236608367E+00
    22    0.1728189669E+01
    23   -0.2969627425E+01
    24    0.1517359236E+01
    25    0.1392684034E+01
    26   -0.3761886766E+01
    27    0.9791702721E+00
    28    0.1195677954E+01
    29    0.1286263394E+01
    30   -0.3700602466E+01
    31   -0.2397156596E+01
    32    0.4929484201E+01
    33   -0.1486181144E+01
    34   -0.5856729498E+00
    35    0.2926700605E+01
    36   -0.1375834237E+01
    37    0.2521772921E+00
    38   -0.5710909479E+00
    39   -0.2213426915E+01
    40    0.3609664325E+01
    41   -0.1291007710E+00
    42   -0.2532859773E+01
    43   -0.7838428545E+00
    44    0.3389806573E+01
    45   -0.8786236620E+00
    46    0.1632462072E+01
    47   -0.2066088232E+01
    48    0.3672988774E+01
    49   -0.3093737759E+01
    50    0.3630529671E+00
    51    0.2639688788E+01
    52    0.5327422694E+00
    53   -0.5921413455E+01
    54    0.5364798431E+01
    55   -0.6014677530E+00
    56   -0.6126226375E+00
    57    0.5601628469E+00
    58   -0.5707232844E+01
    59    0.2900611812E+01
    60    0.3573335383E+01
    61   -0.5191819391E+01
    62    0.3229610376E+00
    63   -0.7103222150E+00
    64    0.9365062323E+00
    65    0.2835744290E+01
    66   -0.2408135064E+01
    67   -0.9226552406E+00
    68    0.4430312966E+01
    69    0.6086111253E+00
    70   -0.5918737963E+00
    71   -0.6484511548E+00
    72   -0.3023186033E+01
    73   -0.8357361237E+00
    74    0.9527060487E-01
    75   -0.2805476727E+01
    76    0.1514354299E+00
    77    0.2734895633E+01
    78    0.2059023339E+01
    79   -0.3066361155E+01
    80    0.4244711554E+01
    81    0.1725868625E+00
    82   -0.2364109266E+01
    83    0.2181906492E+00
    84    0.1656121207E+01
    85    0.1045077408E+01
    86   -0.5391891284E+01
    87    0.4055592653E+01
    88    0.1661030232E+01
    89   -0.2753169351E+01
    90    0.2243019465E+00
    91    0.1339454657E+01
    92    0.3018158123E+01
    93   -0.2629094685E+01
    94    0.1976472885E-01
    95    0.2424541785E+00
    96    0.1666182822E+01
    97   -0.3580585614E+01
    98    0.1963962050E+01
    99    0.2562524844E+00
   100   -0.2763693539E+01
   101    0.1536870102E+00
   102    0.9402436166E-01
   103    0.4439700523E+00
   104    0.9632993270E+00
   105   -0.3986292631E+00
   106    0.2485614645E+00
   107   -0.1121296075E+00
   108   -0.6581463699E+01
   109   -0.4677682587E+00
   110    0.1018980266E+02
   111   -0.8257191105E+01
   112    0.2972698759E+01
   113    0.2163660305E+01
   114   -0.2578816184E+01
   115    0.1614313384E+00
   116    0.2741287417E+01
   117   -0.3801850653E+01
   118    0.6329268926E+01
   119   -0.1150455344E+02
   120    0.2706777794E+01
   121    0.6259962235E+01
   122   -0.5345979488E+00
   123   -0.4873559316E+00
   124    0.4331462960E+00
   125    0.1993580666E+00
   126   -0.1630610207E+01
   127   -0.5531689370E+00
   128    0.3602370096E+01
   129   -0.4759714518E+00
   130   -0.1913743396E+01
   131   -0.6449323482E+00
   132    0.2083607710E+01
   133    0.9808576306E+00
   134    0.2156692049E+01
   135   -0.6020686376E+01
   136    0.1821016696E+01
   137    0.3349712936E+01
   138   -0.1179965164E+01
   139   -0.2528756442E+01
   140    0.2299804889E+01
   141    0.2552805599E+00
   142   -0.4827961108E+00
   143   -0.9675886980E+00
   144   -0.1069337491E+01
   145    0.2398628336E+01
   146   -0.2312682238E+01
   147    0.1978896889E+01
   148    0.3058893930E+01
   149   -0.6914338045E+01
   150   -0.4304009281E+00
   151    0.2774296025E+01
   152   -0.2591994071E+01
   153    0.5435527404E+00
   154    0.1764973523E+01
   155   -0.3001655046E+01
   156    0.1392003661E+01
   157    0.2676460869E+01
   158   -0.4228119331E+01
   159   -0.4610655443E+00
   160    0.2066410619E+01
   161   -0.2612358367E+01
   162    0.2338523947E+01
   163    0.1663598791E+01
   164   -0.2872890374E+01
   165   -0.3796597401E+00
   166    0.1227106556E+01
   167    0.2810420118E+01
   168    0.1517872329E+01
   169   -0.1942146038E+00
   170   -0.2050334126E+00
   171   -0.3545861474E+01
   172    0.4423913473E+00
   173    0.3703398107E+01
   174   -0.2712910843E+01
   175    0.2004888571E+01
   176   -0.2866877443E+01
   177    0.2099759833E+01
   178    0.7401743371E+00
   179   -0.2361728937E+01
   180    0.2122122661E+01
   181    0.1273131260E+01
   182   -0.3806666656E+01
   183    0.3671612771E+01
   184   -0.7398279153E+00
   185   -0.2320284905E+01
   186    0.2020212888E+01
   187    0.9000620636E+00
   188   -0.3259980605E+01
   189    0.2091518202E+01
   190   -0.1818424736E+00
   191   -0.2097649751E+01
   192    0.6751802006E+00
   193    0.6134721584E+00
   194   -0.5993805475E+00
   195   -0.9921947956E+00
   196    0.3986628499E+00
   197    0.4662984996E+00
   198   -0.1822131177E+01
   199    0.4167381833E+00
   200    0.1646203567E+01
   201   -0.5438990981E+00
   202   -0.2205509282E+01
   203    0.1368867878E+01
   204    0.1864964861E+01
   205    0.7077205257E-01
   206   -0.9520249564E-01
   207   -0.2312078649E+01
   208    0.2826382241E+01
   209   -0.7970793113E+00
   210   -0.7107909193E+00
   211   -0.2899191718E+00
   212    0.2233742971E+01
   213   -0.4323795775E+00
   214   -0.1518745475E+01
   215    0.3739222812E+00
   216    0.1064037273E+01
   217   -0.5192547732E+00
   218    0.1191054667E+01
   219   -0.1514210724E+01
   220   -0.5468420719E+00
   221    0.7747010911E+00
   222    0.1692891647E+01
   223   -0.6712681011E+00
   224   -0.2590630629E+01
   225    0.1388381226E+01
   226    0.6645750591E+00
   227   -0.5272876131E+00
   228    0.1941571975E+01
   229   -0.4668094943E+00
   230   -0.2260715986E+01
   231    0.9444028737E+00
   232    0.3065448178E+00
   233   -0.2518423349E+00
   234   -0.1908437257E-01
   235    0.1695375763E+01
   236   -0.1262179925E+01
   237   -0.4222556578E+00
   238    0.5872186652E+00
   239   -0.2114640188E+01
   240    0.2524972436E+00
   241    0.1349013318E+01
   242   -0.9704554652E+00
   243    0.2065715625E+00
   244    0.1617663235E+01
   245   -0.1852612184E+01
   246   -0.1158270625E+01
   247    0.1580125124E+01
   248    0.1125256979E+01
   249   -0.1705041396E+01
   250    0.5520750041E+00
   251    0.1484557656E+01
   252   -0.1110028834E+01
   253   -0.8604812361E+00
   254    0.1194652710E+01
   255    0.1019251498E+01
   256   -0.1560241430E+01
   257   -0.1168184549E+01
   258    0.1172751286E+01
   259    0.1182118947E+01
   260   -0.1179271974E+01
   261   -0.1372466735E+01
   262    0.9948446336E+00
   263    0.1081704044E+01
   264   -0.6848484902E+00
   265   -0.7019020734E+00
   266    0.2589503553E+00
   267    0.3891021455E+00
   268   -0.1371146881E+00
   269   -0.7896640639E-01
   270    0.3142971785E-01
   271   -0.9388570451E-01
   272    0.5417450258E-01
   273    0.1282833593E+00
   274   -0.1391567720E+00
   275   -0.1774581042E+00
   276    0.1534562157E+00
   277    0.3130639782E+00
   278   -0.2421469269E+00
   279   -0.4075679412E+00
   280    0.4358433716E+00
   281    0.8719304831E-01
   282   -0.1676864469E+00
   283   -0.5958863494E-02
   284    0.6204284815E-01
   285   -0.2922141421E-01
   286   -0.6915003765E-02
   287    0.5590547883E-01
   288   -0.6047565264E-02
   289   -0.4237482111E-01
   290    0.2193268089E-01
   291    0.3590629945E-01
   292   -0.9581927708E-02
   293   -0.1739573313E-01
   294    0.1442508361E-01
   295    0.2240164291E-01
   296   -0.6923149965E-02
   297   -0.6151853393E-01
   298    0.4371438187E-01
   299    0.3214840699E-01
   300    0.1773579670E-02
   301   -0.5633299974E-02
   302   -0.4499796908E-02
   303    0.2200563206E-02
   304    0.4566885929E-02
   305    0.6800961284E-02
   306    0.5236549161E-02
   307   -0.4617175743E-03
   308   -0.1287966033E-02
   309    0.3849790334E-02
   310    0.4042886559E-02
   311    0.7001385401E-03
   312    0.1366526400E-02
   313    0.3584675742E-02
   314    0.9681403492E-03
   315   -0.1479297886E-03
   316    0.2457773318E-02
   317    0.2657662928E-02
   318    0.9611104582E-03
   319    0.6115402643E-03
   320    0.1572058526E-02
   321    0.1158004159E-02
   322    0.7941583663E-03
   323    0.1111549918E-02
   324    0.9320267286E-03
   325    0.4311515877E-03
   326    0.4757691808E-03
   327    0.7634354392E-03
   328    0.9083422740E-03
   329    0.6020674325E-03
   330    0.3236001099E-03
   331    0.4302109887E-03
   332    0.3470570043E-03
   333    0.4583891458E-03
   334    0.4840161002E-03
   335    0.1722766799E-03
   336    0.1526634191E-03
   337    0.3172128357E-03
   338    0.2522247998E-03
   339    0.2154801998E-03
   340    0.1256561387E-03
   341    0.1074602422E-03
   342    0.2240352880E-03
   343    0.1451113399E-03
   344    0.8145128706E-04
   345    0.1338807839E-03
   346    0.9719982663E-04
   347    0.3228129756E-04
   348    0.7698560213E-04
   349    0.9094030253E-04
   350    0.3766134137E-04
   351    0.4455926759E-04
   352    0.4923666403E-04
   353    0.3978387491E-04
   354    0.3389291197E-04
   355    0.2694643935E-04
   356    0.2398973329E-04
   357    0.1945410974E-04
   358    0.1922179986E-04
   359    0.1661879923E-04
   360    0.1566678897E-04
   361    0.1748311408E-04
   362    0.1018957893E-04
   363    0.6212672012E-05
   364    0.9750982086E-05
   365    0.6498447182E-05
   366    0.3533129445E-05
   367    0.5802741498E-05
   368    0.5875500651E-05
   369    0.4824579290E-05
   370    0.2682850518E-05
   371    0.2489374763E-05
   372    0.2502593059E-05
   373    0.1951566312E-05
   374    0.1774236559E-05
   375    0.1729962480E-05
   376    0.1543801936E-05
   377    0.8915214308E-06
   378    0.7891807430E-06
   379    0.7659675803E-06
   380    0.7401725683E-06
   381    0.5907159157E-06
   382    0.3690944335E-06
   383    0.3446844591E-06
   384    0.3822094135E-06
   385    0.3394543149E-06
   386    0.2474543137E-06
   387    0.2039233589E-06
   388    0.1479328486E-06
   389    0.1105575984E-06
   390    0.1067663506E-06
   391    0.1147547319E-06
   392    0.9556463723E-07
   393    0.6245814932E-07
   394    0.4417161448E-07
   395    0.3807349680E-07
   396    0.3775283286E-07
   397    0.3866031856E-07
   398    0.2768093657E-07
   399    0.1815787498E-07
   400    0.1836637575E-07
   401    0.1379240630E-07
   402    0.9905131187E-08
   403    0.1079930179E-07
   404    0.8230556403E-08
   405    0.5912207834E-08
   406    0.5219515931E-08
   407    0.4552322352E-08
   408    0.2611050265E-08
   409    0.2793653753E-08
   410    0.3465841836E-08
   411    0.1938779026E-08
   412    0.1018237272E-08
   413    0.1261358351E-08
   414    0.9895395614E-09
   415    0.8091969594E-09
   416    0.6745226599E-09
   417    0.4756077476E-09
   418    0.4613007754E-09
   419    0.3253776970E-09
   420    0.2523150022E-09
   421    0.2627087436E-09
   422    0.1729665577E-09
   423    0.1126740090E-09
   424    0.1092620994E-09
   425    0.1029156760E-09
   426    0.6990175105E-10
   427    0.4749045601E-10
   428    0.4616662608E-10
   429    0.3486788636E-10
   430    0.3106842561E-10
   431    0.2331312920E-10
   432    0.1312377984E-10
   433    0.1488853485E-10
   434    0.1197053567E-10
   435    0.8122502670E-11
   436    0.6941808239E-11
   437    0.5006772774E-11
   438    0.3983674501E-11
   439    0.3463618281E-11
   440    0.2236655305E-11
   441    0.1858707632E-11
   442    0.1803168725E-11
   443    0.1282779438E-11
   444    0.8189005030E-12
   445    0.6182276913E-12
   446    0.5493383526E-12
   447    0.4591882430E-12
   448    0.3759770273E-12
   449    0.2549349620E-12
   450    0.1867395127E-12
   451    0.1545430450E-12
   452    0.1177946629E-12
   453    0.8459899448E-13
   454    0.7088774012E-13
   455    0.5995204333E-13
   456    0.4632405570E-13
   457    0.2964295476E-13
   458    0.2120525977E-13
   459    0.1831867991E-13
   460    0.1398881011E-13
   461    0.1132427485E-13
   462    0.8493206138E-14
   463    0.5662137426E-14
   464    0.4218847494E-14
   465    0.3330669074E-14
   466    0.2137179322E-14
   467    0.2636779683E-14
   468    0.2220446049E-15
   469    0.7771561172E-15
   470    0.1720845688E-14
   471    0.1776356839E-14
   472    0.7216449660E-15
   473    0.8881784197E-15
   474   -0.8881784197E-15
   475    0.2220446049E-15
   476    0.6661338148E-15
   477    0.6661338148E-15
   478    0.2220446049E-15
   479    0.0000000000E+00
   480    0.1110223025E-15
   481    0.0000000000E+00
   482    0.2220446049E-15
   483    0.2220446049E-15
   484    0.0000000000E+00
   485    0.0000000000E+00
   486    0.2220446049E-15
   487    0.0000000000E+00
   488   -0.8881784197E-15
   489    0.2220446049E-15
   490    0.0000000000E+00
   491    0.2220446049E-15
   492    0.0000000000E+00
   493    0.1110223025E-15
   494    0.0000000000E+00
   495    0.2220446049E-15
   496    0.3330669074E-15
   497   -0.8881784197E-15
   498    0.0000000000E+00
   499    0.2220446049E-15
   500    0.3571428571E+01
   501    0.3571428571E+01
   502    0.0000000000E+00
