    -1    0.0000000000E+00
     0   -0.5608574383E+01
     1   -0.2493760297E+00
     2   -0.1071740110E+01
     3    0.2848842110E+00
     4    0.2015944419E+00
     5    0.1771985828E-02
     6   -0.1051169914E+01
     7    0.2224908170E+01
     8   -0.2228258963E+01
     9    0.8322245532E+00
    10    0.6657388777E+00
    11   -0.2171404786E+01
    12    0.2531119781E+01
    13   -0.1651983765E+01
    14   -0.9291702743E-01
    15    0.1006393220E+01
    16   -0.1274239450E+01
    17    0.5085874842E+00
    18   -0.2558830096E+00
    19    0.1574216898E+00
    20   -0.2228255153E+00
    21   -0.4998386155E+00
    22    0.9344680458E+00
    23   -0.7662637332E+00
    24   -0.1744296291E+00
    25    0.2675555023E+00
    26   -0.2187114885E+00
    27    0.4788475002E+00
    28   -0.2769396141E+00
    29   -0.1401335454E+00
    30    0.4652561917E+00
    31   -0.2798489477E-01
    32   -0.2999226240E+00
    33   -0.6734410452E-01
    34    0.7069753223E+00
    35   -0.1223921822E+00
    36   -0.3872189331E+00
    37    0.6330802401E+00
    38    0.2375431522E+00
    39   -0.5834378758E+00
    40    0.4834598521E+00
    41    0.6448299511E+00
    42   -0.1321657041E+01
    43    0.5388893251E+00
    44    0.1289254681E+01
    45   -0.1940578695E+01
    46    0.1348674682E+01
    47    0.3716014017E+00
    48   -0.1359092492E+01
    49    0.7782593765E+00
    50    0.1110079599E+00
    51   -0.4839814710E+00
    52    0.3285116457E+00
    53    0.3088305079E+00
    54   -0.6854047292E+00
    55   -0.2553572432E+00
    56    0.8392825426E+00
    57   -0.6901334258E+00
    58   -0.3532336906E+00
    59    0.9689586822E+00
    60   -0.7626111388E+00
    61   -0.5210245803E+00
    62    0.9724541577E+00
    63   -0.6203303534E+00
    64   -0.6354442870E+00
    65    0.8427485354E+00
    66   -0.7452561927E+00
    67    0.1227475624E+00
    68    0.2257864331E+00
    69   -0.5225337165E-01
    70   -0.3985394997E+00
    71    0.3548184057E+00
    72   -0.4356269076E+00
    73    0.5037527496E+00
    74   -0.2311919706E+00
    75   -0.3364098838E-01
    76    0.2772366894E+00
    77    0.3363090501E+00
    78   -0.5506067062E+00
    79    0.4242905613E+00
    80    0.3779532974E-01
    81    0.1178522261E+00
    82   -0.2555310712E+00
    83    0.5472522003E+00
    84    0.3730895179E-01
    85   -0.1907312908E+00
    86    0.3474800726E+00
    87    0.3355945355E-01
    88   -0.7337738046E-01
    89   -0.1462500210E+00
    90    0.3302679616E+00
    91    0.2337527142E-01
    92    0.2891935130E-01
    93   -0.5040195189E-01
    94   -0.8420054160E-01
    95    0.3512413035E+00
    96   -0.7573599090E+00
    97    0.2641359353E+00
    98    0.8332026148E+00
    99   -0.1291946493E+01
   100    0.5891306205E+00
   101    0.5245258100E-01
   102   -0.4920240848E+00
   103   -0.4095326526E-01
   104    0.2561634820E+00
   105   -0.1120340520E+00
   106   -0.5057353515E+00
   107    0.4760729330E+00
   108   -0.6828448438E+00
   109    0.2644551837E+00
   110    0.1513139235E+00
   111   -0.5153985873E+00
   112    0.1623515291E+00
   113    0.2170689922E+00
   114   -0.5866777347E+00
   115    0.1093183384E+00
   116    0.1468830852E-01
   117   -0.9548190516E-01
   118    0.5118671688E+00
   119   -0.4159182591E+00
   120    0.1098710217E+00
   121    0.2683625743E+00
   122   -0.1295755256E+00
   123    0.1595517901E+00
   124    0.1593752810E+00
   125   -0.1464765985E+00
   126    0.3942517417E+00
   127   -0.7326687956E-01
   128    0.1430984566E-01
   129    0.1834339936E+00
   130   -0.3568236176E-01
   131    0.5365761084E-01
   132    0.4414786081E+00
   133   -0.2183123238E+00
   134   -0.6979761739E-01
   135    0.2497380345E+00
   136   -0.1384386773E+00
   137   -0.3946000765E-01
   138    0.1961437855E+00
   139    0.2356112580E+00
   140   -0.4003953260E+00
   141    0.6031373834E-01
   142   -0.6744523119E-01
   143   -0.7047548599E-01
   144    0.7829719140E-01
   145    0.3759907412E-01
   146   -0.1592297579E+00
   147   -0.1108308823E+00
   148    0.3849474323E-01
   149   -0.2219060072E+00
   150   -0.2451030728E+00
   151    0.2377777362E+00
   152   -0.2122497620E+00
   153   -0.1154157521E+00
   154    0.7109477571E-01
   155   -0.1771549444E+00
   156   -0.3713592398E+00
   157    0.1692043983E-01
   158    0.4698605598E-01
   159    0.1445150318E+00
   160   -0.3157255687E-01
   161   -0.1886884193E+00
   162   -0.6472040900E-01
   163    0.2778686312E+00
   164   -0.2404742521E+00
   165    0.2642356269E+00
   166   -0.8817337471E-01
   167    0.1320742345E+00
   168    0.6510269376E-02
   169    0.9787602807E-01
   170    0.2096880627E+00
   171    0.1839050174E+00
   172   -0.1054240048E+00
   173    0.1870421002E+00
   174    0.1930844607E+00
   175   -0.1212948725E+00
   176    0.1682695812E+00
   177    0.1165266179E-01
   178   -0.2701611942E-01
   179    0.7192210572E-01
   180    0.1260797995E+00
   181    0.5296891184E-01
   182    0.4449972990E-01
   183   -0.3158037968E-01
   184   -0.3688748023E+00
   185    0.4648105424E+00
   186   -0.2039046540E+00
   187   -0.5844557940E-01
   188    0.1370110202E+00
   189   -0.2751511457E+00
   190   -0.9112578135E-01
   191   -0.1537921486E+00
   192    0.9646289708E-01
   193   -0.1795539689E+00
   194    0.6058073655E-01
   195   -0.1751774669E+00
   196   -0.3612390580E+00
   197    0.1686767621E+00
   198   -0.8810044766E-01
   199   -0.1138779733E+00
   200    0.1177551265E-01
   201   -0.2698196995E+00
   202   -0.1058419643E+00
   203    0.2040447113E+00
   204   -0.5535294390E-01
   205    0.2045896825E+00
   206   -0.1148461369E+00
   207   -0.9810275747E-01
   208    0.2616840903E+00
   209    0.2483776590E-01
   210   -0.1635223845E-01
   211    0.1132542561E+00
   212    0.3509812811E+00
   213    0.1628237944E+00
   214   -0.1699863883E+00
   215    0.9572666235E-01
   216    0.3040901479E+00
   217   -0.1490879553E+00
   218   -0.1042732742E+00
   219    0.4349684872E+00
   220    0.5309477698E-01
   221   -0.5131478907E-01
   222    0.1194958332E+00
   223   -0.2647860048E-01
   224   -0.1502199632E+00
   225    0.2179420215E+00
   226   -0.1214949528E+00
   227   -0.1993255975E+00
   228    0.4327641956E+00
   229    0.2498935123E+00
   230   -0.9160364312E+00
   231   -0.2004335163E+00
   232    0.9448771334E+00
   233   -0.1058296465E+00
   234   -0.1028428116E+00
   235    0.2877392745E+00
   236   -0.1273113245E+01
   237   -0.4832556827E+00
   238    0.1105582530E+01
   239    0.4504404945E+00
   240   -0.3260897767E+00
   241   -0.2383966401E-01
   242   -0.9255573283E+00
   243   -0.9017963165E+00
   244    0.1731548472E+01
   245    0.1015450932E+01
   246   -0.9900950240E+00
   247   -0.1254551838E+00
   248   -0.2531895608E-01
   249   -0.8521401463E+00
   250    0.4591211642E+00
   251    0.1273205466E+01
   252   -0.7612279324E+00
   253   -0.5055198301E+00
   254    0.4153389989E+00
   255   -0.8647444783E-01
   256   -0.1558251816E+00
   257    0.1146216694E+00
   258    0.5200607726E-02
   259   -0.7225798904E-01
   260   -0.8898055862E-01
   261    0.7540697219E-02
   262    0.1739943529E+00
   263   -0.5487803373E-01
   264   -0.2283679859E+00
   265    0.2969715470E-01
   266    0.1249919364E+00
   267    0.2999775131E-01
   268   -0.1445580358E+00
   269   -0.1792543496E+00
   270    0.2582702343E+00
   271    0.7375142009E-01
   272   -0.1663150630E+00
   273   -0.3883040701E-01
   274    0.7107696123E-01
   275   -0.1773898517E-01
   276   -0.1573049199E-01
   277    0.2095703077E-01
   278   -0.3571677479E-01
   279   -0.4208866415E-02
   280    0.3301487283E-01
   281   -0.3354708104E-01
   282   -0.2816527736E-01
   283    0.3183974399E-01
   284    0.4943051148E-01
   285   -0.9549022420E-02
   286   -0.1411799661E+00
   287    0.7063828623E-01
   288    0.8030341605E-01
   289   -0.3403801497E-01
   290   -0.1589370487E-01
   291    0.1726660051E-01
   292   -0.8883890128E-03
   293   -0.5598585482E-02
   294    0.1772327727E-01
   295    0.9514568288E-02
   296   -0.1279814724E-01
   297    0.3498870679E-02
   298    0.1688144211E-01
   299    0.3315785480E-02
   300   -0.5204880487E-02
   301    0.4958508672E-02
   302    0.1026860641E-01
   303    0.2518531252E-02
   304   -0.1790478107E-01
   305   -0.1790843414E-02
   306    0.2570996417E-01
   307    0.7971946683E-02
   308    0.1153872723E-02
   309   -0.1037028161E-02
   310    0.6306148760E-03
   311    0.3472145270E-02
   312    0.4566838025E-02
   313    0.4933761905E-02
   314    0.2076096505E-02
   315    0.4608345452E-04
   316    0.2155843430E-02
   317    0.3537274252E-02
   318    0.2076385246E-02
   319    0.1038847987E-02
   320    0.2819640500E-02
   321    0.1921623228E-02
   322    0.5394758493E-03
   323    0.1602289365E-02
   324    0.2268349141E-02
   325    0.1556927254E-02
   326    0.8067392250E-03
   327    0.1246969159E-02
   328    0.1280958842E-02
   329    0.9698531997E-03
   330    0.9253348378E-03
   331    0.9941646457E-03
   332    0.7186873720E-03
   333    0.4798126873E-03
   334    0.6857917017E-03
   335    0.8091650149E-03
   336    0.6554936355E-03
   337    0.4338556722E-03
   338    0.4358336294E-03
   339    0.3969629045E-03
   340    0.3761084728E-03
   341    0.4722620968E-03
   342    0.2990404854E-03
   343    0.1700557547E-03
   344    0.2698189108E-03
   345    0.2745127639E-03
   346    0.2135211622E-03
   347    0.1724039515E-03
   348    0.1229931091E-03
   349    0.1738861776E-03
   350    0.1687392239E-03
   351    0.1001515333E-03
   352    0.1113073237E-03
   353    0.1142406804E-03
   354    0.5852174795E-04
   355    0.6019473199E-04
   356    0.8866001665E-04
   357    0.5324931299E-04
   358    0.4328834031E-04
   359    0.4965882866E-04
   360    0.3955417436E-04
   361    0.3691102408E-04
   362    0.2936733053E-04
   363    0.2559039754E-04
   364    0.2131792681E-04
   365    0.1994290465E-04
   366    0.1803730103E-04
   367    0.1454779236E-04
   368    0.1666533215E-04
   369    0.1245301172E-04
   370    0.7689109805E-05
   371    0.8816104776E-05
   372    0.8034808054E-05
   373    0.4718723331E-05
   374    0.5247550830E-05
   375    0.5665593263E-05
   376    0.4782929966E-05
   377    0.3475099247E-05
   378    0.2638326544E-05
   379    0.2575083887E-05
   380    0.2145220362E-05
   381    0.1872751126E-05
   382    0.1652412327E-05
   383    0.1580970434E-05
   384    0.1112018214E-05
   385    0.8746557218E-06
   386    0.7906956344E-06
   387    0.7248448457E-06
   388    0.6605320726E-06
   389    0.4484310059E-06
   390    0.3689328787E-06
   391    0.3657661019E-06
   392    0.3443503248E-06
   393    0.2663597538E-06
   394    0.2156134598E-06
   395    0.1725598993E-06
   396    0.1286425675E-06
   397    0.1135095498E-06
   398    0.1077154013E-06
   399    0.9917307559E-07
   400    0.7260399704E-07
   401    0.5246743592E-07
   402    0.4357204328E-07
   403    0.3775444168E-07
   404    0.3729985687E-07
   405    0.3087414532E-07
   406    0.2127878407E-07
   407    0.1828360402E-07
   408    0.1578644679E-07
   409    0.1147978979E-07
   410    0.1050324261E-07
   411    0.9019136216E-08
   412    0.6822144349E-08
   413    0.5357293109E-08
   414    0.4950505561E-08
   415    0.3437357232E-08
   416    0.2653482489E-08
   417    0.3100284696E-08
   418    0.2421936429E-08
   419    0.1336187161E-08
   420    0.1229484514E-08
   421    0.1114085268E-08
   422    0.8592811462E-09
   423    0.7245402056E-09
   424    0.5448447249E-09
   425    0.4605944237E-09
   426    0.3847209218E-09
   427    0.2654916287E-09
   428    0.2597799476E-09
   429    0.2018776257E-09
   430    0.1348446910E-09
   431    0.1128607208E-09
   432    0.1040629805E-09
   433    0.8091927128E-10
   434    0.5482922449E-10
   435    0.4825173594E-10
   436    0.3840172624E-10
   437    0.3121916614E-10
   438    0.2643774089E-10
   439    0.1665001470E-10
   440    0.1437250319E-10
   441    0.1301181385E-10
   442    0.9216960528E-11
   443    0.7298883720E-11
   444    0.5772493594E-11
   445    0.4309747004E-11
   446    0.3646499769E-11
   447    0.2699757085E-11
   448    0.2009420408E-11
   449    0.1771721658E-11
   450    0.1442262976E-11
   451    0.9811040869E-12
   452    0.7101264021E-12
   453    0.5918043833E-12
   454    0.4828082378E-12
   455    0.3990141551E-12
   456    0.2909061880E-12
   457    0.2117750419E-12
   458    0.1674216321E-12
   459    0.1294520047E-12
   460    0.9753309271E-13
   461    0.7682743330E-13
   462    0.5939693182E-13
   463    0.4898859096E-13
   464    0.3796962744E-13
   465    0.2325917237E-13
   466    0.2131628207E-13
   467    0.1570965580E-13
   468    0.1082467449E-13
   469    0.9936496070E-14
   470    0.7771561172E-14
   471    0.4718447855E-14
   472    0.3386180225E-14
   473    0.3275157923E-14
   474    0.2914335440E-14
   475    0.2053912596E-14
   476    0.6106226635E-15
   477    0.9159339953E-15
   478    0.5551115123E-15
   479   -0.7494005416E-15
   480   -0.1387778781E-15
   481    0.1110223025E-15
   482    0.1110223025E-14
   483   -0.6661338148E-15
   484    0.2220446049E-15
   485    0.2220446049E-15
   486    0.0000000000E+00
   487    0.1110223025E-15
   488    0.0000000000E+00
   489    0.0000000000E+00
   490    0.2220446049E-15
   491    0.0000000000E+00
   492    0.0000000000E+00
   493    0.1110223025E-15
   494    0.3330669074E-15
   495    0.0000000000E+00
   496    0.0000000000E+00
   497    0.0000000000E+00
   498    0.0000000000E+00
   499    0.6661338148E-15
   500    0.3571428571E+01
   501    0.3571428571E+01
   502    0.0000000000E+00
