    -1    0.2067552842E+00
     0    0.1365445997E+01
     1    0.1561169496E+01
     2    0.1432141178E+01
     3    0.1384014767E+01
     4    0.1412992323E+01
     5    0.1203889752E+01
     6    0.1011786701E+01
     7    0.9357938372E+00
     8    0.9032729979E+00
     9    0.6983145958E+00
    10    0.8569599992E+00
    11    0.6684805434E+00
    12    0.5725259958E+00
    13    0.9489916589E+00
    14    0.7188702809E+00
    15    0.3847695320E+00
    16    0.5786786001E+00
    17    0.5982708278E+00
    18    0.8505677238E+00
    19    0.4562475815E+00
    20    0.3558089929E+00
    21    0.5821645879E+00
    22    0.6152654037E+00
    23    0.8281380757E+00
    24    0.4354536600E+00
    25    0.4588642272E+00
    26    0.4672537168E+00
    27    0.6992274774E+00
    28    0.5603661304E+00
    29    0.6969468992E+00
    30    0.5462677606E+00
    31    0.6513541724E+00
    32    0.5789789712E+00
    33    0.6460928249E+00
    34    0.7941052420E+00
    35    0.8880042476E+00
    36    0.7571266389E+00
    37    0.5658090074E+00
    38    0.9692378528E+00
    39    0.1305697582E+01
    40    0.1392180040E+01
    41    0.1114948657E+01
    42    0.1361237428E+01
    43    0.1248014042E+01
    44    0.1581314290E+01
    45    0.1858758114E+01
    46    0.1640887012E+01
    47    0.1854248681E+01
    48    0.1660787257E+01
    49    0.1672983905E+01
    50    0.1418480320E+01
    51    0.1426004178E+01
    52    0.1083867309E+01
    53    0.1282849544E+01
    54    0.8489798038E+00
    55    0.8930730242E+00
    56    0.1055378851E+01
    57    0.7160514597E+00
    58    0.6185905058E+00
    59    0.8328783505E+00
    60    0.7165085802E+00
    61    0.6172922278E+00
    62    0.6143271842E+00
    63    0.5920277557E+00
    64    0.6459362457E+00
    65    0.4913955489E+00
    66    0.6964582650E+00
    67    0.5721404867E+00
    68    0.4686516977E+00
    69    0.4758728594E+00
    70    0.6050591412E+00
    71    0.8105629456E+00
    72    0.3932796610E+00
    73    0.4418209984E+00
    74    0.4469242507E+00
    75    0.9344035639E+00
    76    0.6267186944E+00
    77    0.4099700151E+00
    78    0.3843779605E+00
    79    0.9287129960E+00
    80    0.8683018864E+00
    81    0.5458347304E+00
    82    0.3817417507E+00
    83    0.1155879525E+01
    84    0.9476084850E+00
    85    0.5974644845E+00
    86    0.9724441144E+00
    87    0.1315805526E+01
    88    0.8864927145E+00
    89    0.1400762370E+01
    90    0.1367707935E+01
    91    0.1535663471E+01
    92    0.1637245803E+01
    93    0.1795979783E+01
    94    0.1757462060E+01
    95    0.1791124621E+01
    96    0.1667259850E+01
    97    0.1595591602E+01
    98    0.1373500585E+01
    99    0.1340083254E+01
   100    0.1154382180E+01
   101    0.1050441808E+01
   102    0.1017327026E+01
   103    0.8762831644E+00
   104    0.8613613520E+00
   105    0.7663855797E+00
   106    0.7714697882E+00
   107    0.6691883304E+00
   108    0.7238627702E+00
   109    0.6123880837E+00
   110    0.6250624185E+00
   111    0.5785958501E+00
   112    0.6767665747E+00
   113    0.5171597929E+00
   114    0.5784958611E+00
   115    0.5336171020E+00
   116    0.5799406099E+00
   117    0.5925535526E+00
   118    0.5216921275E+00
   119    0.5310185942E+00
   120    0.5302904577E+00
   121    0.6475582685E+00
   122    0.5417530598E+00
   123    0.5924274012E+00
   124    0.5047986763E+00
   125    0.6755395907E+00
   126    0.6747874691E+00
   127    0.6260724571E+00
   128    0.6113773289E+00
   129    0.7437834288E+00
   130    0.8066013639E+00
   131    0.7854343642E+00
   132    0.7703880371E+00
   133    0.9667839824E+00
   134    0.1043370693E+01
   135    0.1014058346E+01
   136    0.1256692069E+01
   137    0.1347859950E+01
   138    0.1495339433E+01
   139    0.1627048058E+01
   140    0.1709841483E+01
   141    0.1723976676E+01
   142    0.1761225109E+01
   143    0.1723795638E+01
   144    0.1622507673E+01
   145    0.1486865602E+01
   146    0.1368104198E+01
   147    0.1222748840E+01
   148    0.1092491045E+01
   149    0.1019092424E+01
   150    0.9331161788E+00
   151    0.8568253664E+00
   152    0.8156807362E+00
   153    0.7613928175E+00
   154    0.7578160562E+00
   155    0.6646781387E+00
   156    0.6761486608E+00
   157    0.6424474680E+00
   158    0.6499854588E+00
   159    0.5891820191E+00
   160    0.5891598991E+00
   161    0.6009862235E+00
   162    0.5810644360E+00
   163    0.5801347252E+00
   164    0.5549443603E+00
   165    0.5782999188E+00
   166    0.5731676650E+00
   167    0.5965217261E+00
   168    0.5636435725E+00
   169    0.5840527322E+00
   170    0.6354700637E+00
   171    0.6790231248E+00
   172    0.6371075186E+00
   173    0.6393781004E+00
   174    0.7176032517E+00
   175    0.7969768174E+00
   176    0.8728190455E+00
   177    0.9703294424E+00
   178    0.1071826775E+01
   179    0.1134606390E+01
   180    0.1210443930E+01
   181    0.1266278330E+01
   182    0.1295644267E+01
   183    0.1360890977E+01
   184    0.1282125311E+01
   185    0.1284806387E+01
   186    0.1419174589E+01
   187    0.1393551044E+01
   188    0.1283091012E+01
   189    0.1361198460E+01
   190    0.1416075457E+01
   191    0.1229570400E+01
   192    0.1086120076E+01
   193    0.1045103459E+01
   194    0.1061333806E+01
   195    0.1081103128E+01
   196    0.1048516197E+01
   197    0.1020049158E+01
   198    0.9930341679E+00
   199    0.9506585529E+00
   200    0.9258211014E+00
   201    0.8968307204E+00
   202    0.8690561968E+00
   203    0.8592835802E+00
   204    0.8499436424E+00
   205    0.8556827476E+00
   206    0.8901305187E+00
   207    0.8584121264E+00
   208    0.8272964238E+00
   209    0.8340412524E+00
   210    0.8332395052E+00
   211    0.8603726727E+00
   212    0.8802400975E+00
   213    0.8393105062E+00
   214    0.8887152850E+00
   215    0.9459162166E+00
   216    0.8993018578E+00
   217    0.8954554655E+00
   218    0.8407816851E+00
   219    0.9669030765E+00
   220    0.1076789073E+01
   221    0.9388996033E+00
   222    0.8756905089E+00
   223    0.8936122553E+00
   224    0.9706463006E+00
   225    0.1049630867E+01
   226    0.9862080972E+00
   227    0.9187352005E+00
   228    0.9433846944E+00
   229    0.9917290890E+00
   230    0.1014409115E+01
   231    0.1020245028E+01
   232    0.9764074800E+00
   233    0.9470039143E+00
   234    0.9801218581E+00
   235    0.1015450276E+01
   236    0.1025208092E+01
   237    0.1014841996E+01
   238    0.1000377065E+01
   239    0.1000510705E+01
   240    0.1002904527E+01
   241    0.1003605510E+01
   242    0.1011571973E+01
   243    0.1013273169E+01
   244    0.1003225891E+01
   245    0.1018066823E+01
   246    0.1027326260E+01
   247    0.1016897348E+01
   248    0.1022649946E+01
   249    0.1026167392E+01
   250    0.1013926514E+01
   251    0.1003450030E+01
   252    0.1005131568E+01
   253    0.1013430622E+01
   254    0.1017902157E+01
   255    0.1018421085E+01
   256    0.1018048371E+01
   257    0.1016448541E+01
   258    0.1016595838E+01
   259    0.1018680595E+01
   260    0.1017017660E+01
   261    0.1019824514E+01
   262    0.1026723264E+01
   263    0.1026664087E+01
   264    0.1025583913E+01
   265    0.1021829539E+01
   266    0.1014541195E+01
   267    0.1009647478E+01
   268    0.1011378071E+01
   269    0.1014243472E+01
   270    0.1014655658E+01
   271    0.1014988878E+01
   272    0.1014421373E+01
   273    0.1011959371E+01
   274    0.1011200731E+01
   275    0.1011558566E+01
   276    0.1010634270E+01
   277    0.1009156067E+01
   278    0.1008442972E+01
   279    0.1008908213E+01
   280    0.1008974088E+01
   281    0.1011766077E+01
   282    0.1013516466E+01
   283    0.1009650075E+01
   284    0.1006601688E+01
   285    0.1005878594E+01
   286    0.1005866113E+01
   287    0.1006343333E+01
   288    0.1006584908E+01
   289    0.1006105586E+01
   290    0.1005366812E+01
   291    0.1004666403E+01
   292    0.1004532463E+01
   293    0.1004480754E+01
   294    0.1004237005E+01
   295    0.1003841567E+01
   296    0.1003502638E+01
   297    0.1003379313E+01
   298    0.1002892773E+01
   299    0.1002842828E+01
   300    0.1002775304E+01
   301    0.1002507354E+01
   302    0.1002044235E+01
   303    0.1001943308E+01
   304    0.1001855783E+01
   305    0.1001616124E+01
   306    0.1001478717E+01
   307    0.1001365980E+01
   308    0.1001192436E+01
   309    0.1001064774E+01
   310    0.1001043549E+01
   311    0.1000987301E+01
   312    0.1000871584E+01
   313    0.1000718854E+01
   314    0.1000624487E+01
   315    0.1000613389E+01
   316    0.1000539513E+01
   317    0.1000497796E+01
   318    0.1000431073E+01
   319    0.1000352001E+01
   320    0.1000337335E+01
   321    0.1000330522E+01
   322    0.1000279097E+01
   323    0.1000239933E+01
   324    0.1000210074E+01
   325    0.1000200603E+01
   326    0.1000186646E+01
   327    0.1000147435E+01
   328    0.1000128558E+01
   329    0.1000117788E+01
   330    0.1000096947E+01
   331    0.1000083264E+01
   332    0.1000084210E+01
   333    0.1000070624E+01
   334    0.1000056194E+01
   335    0.1000054060E+01
   336    0.1000046474E+01
   337    0.1000039857E+01
   338    0.1000034164E+01
   339    0.1000028995E+01
   340    0.1000025787E+01
   341    0.1000022370E+01
   342    0.1000020191E+01
   343    0.1000017184E+01
   344    0.1000015285E+01
   345    0.1000012607E+01
   346    0.1000009781E+01
   347    0.1000008593E+01
   348    0.1000007998E+01
   349    0.1000006460E+01
   350    0.1000005667E+01
   351    0.1000005486E+01
   352    0.1000004545E+01
   353    0.1000003614E+01
   354    0.1000002829E+01
   355    0.1000002582E+01
   356    0.1000002218E+01
   357    0.1000001903E+01
   358    0.1000001629E+01
   359    0.1000001387E+01
   360    0.1000001105E+01
   361    0.1000000885E+01
   362    0.1000000787E+01
   363    0.1000000675E+01
   364    0.1000000584E+01
   365    0.1000000465E+01
   366    0.1000000388E+01
   367    0.1000000345E+01
   368    0.1000000301E+01
   369    0.1000000241E+01
   370    0.1000000191E+01
   371    0.1000000155E+01
   372    0.1000000125E+01
   373    0.1000000108E+01
   374    0.1000000095E+01
   375    0.1000000081E+01
   376    0.1000000063E+01
   377    0.1000000048E+01
   378    0.1000000041E+01
   379    0.1000000035E+01
   380    0.1000000031E+01
   381    0.1000000025E+01
   382    0.1000000019E+01
   383    0.1000000015E+01
   384    0.1000000013E+01
   385    0.1000000010E+01
   386    0.1000000009E+01
   387    0.1000000007E+01
   388    0.1000000006E+01
   389    0.1000000005E+01
   390    0.1000000004E+01
   391    0.1000000003E+01
   392    0.1000000003E+01
   393    0.1000000002E+01
   394    0.1000000002E+01
   395    0.1000000001E+01
   396    0.1000000001E+01
   397    0.1000000001E+01
   398    0.1000000001E+01
   399    0.1000000001E+01
   400    0.1000000000E+01
   401    0.1000000000E+01
   402    0.1000000000E+01
   403    0.1000000000E+01
   404    0.1000000000E+01
   405    0.1000000000E+01
   406    0.1000000000E+01
   407    0.1000000000E+01
   408    0.1000000000E+01
   409    0.1000000000E+01
   410    0.1000000000E+01
   411    0.1000000000E+01
   412    0.1000000000E+01
   413    0.1000000000E+01
   414    0.1000000000E+01
   415    0.1000000000E+01
   416    0.1000000000E+01
   417    0.1000000000E+01
   418    0.1000000000E+01
   419    0.1000000000E+01
   420    0.1000000000E+01
   421    0.1000000000E+01
   422    0.1000000000E+01
   423    0.1000000000E+01
   424    0.1000000000E+01
   425    0.1000000000E+01
   426    0.1000000000E+01
   427    0.1000000000E+01
   428    0.1000000000E+01
   429    0.1000000000E+01
   430    0.1000000000E+01
   431    0.1000000000E+01
   432    0.1000000000E+01
   433    0.1000000000E+01
   434    0.1000000000E+01
   435    0.1000000000E+01
   436    0.1000000000E+01
   437    0.1000000000E+01
   438    0.1000000000E+01
   439    0.1000000000E+01
   440    0.1000000000E+01
   441    0.1000000000E+01
   442    0.1000000000E+01
   443    0.1000000000E+01
   444    0.1000000000E+01
   445    0.1000000000E+01
   446    0.1000000000E+01
   447    0.1000000000E+01
   448    0.1000000000E+01
   449    0.1000000000E+01
   450    0.1000000000E+01
   451    0.1000000000E+01
   452    0.1000000000E+01
   453    0.1000000000E+01
   454    0.1000000000E+01
   455    0.1000000000E+01
   456    0.1000000000E+01
   457    0.1000000000E+01
   458    0.1000000000E+01
   459    0.1000000000E+01
   460    0.1000000000E+01
   461    0.1000000000E+01
   462    0.1000000000E+01
   463    0.1000000000E+01
   464    0.1000000000E+01
   465    0.1000000000E+01
   466    0.1000000000E+01
   467    0.1000000000E+01
   468    0.1000000000E+01
   469    0.1000000000E+01
   470    0.1000000000E+01
   471    0.1000000000E+01
   472    0.1000000000E+01
   473    0.1000000000E+01
   474    0.1000000000E+01
   475    0.1000000000E+01
   476    0.1000000000E+01
   477    0.1000000000E+01
   478    0.1000000000E+01
   479    0.1000000000E+01
   480    0.1000000000E+01
   481    0.1000000000E+01
   482    0.1000000000E+01
   483    0.1000000000E+01
   484    0.1000000000E+01
   485    0.1000000000E+01
   486    0.1000000000E+01
   487    0.1000000000E+01
   488    0.1000000000E+01
   489    0.1000000000E+01
   490    0.1000000000E+01
   491    0.1000000000E+01
   492    0.1000000000E+01
   493    0.1000000000E+01
   494    0.1000000000E+01
   495    0.1000000000E+01
   496    0.1000000000E+01
   497    0.1000000000E+01
   498    0.1000000000E+01
   499    0.1000000000E+01
   500    0.8359375000E+00
   501    0.1640625000E+00
   502    0.0000000000E+00
