    -1    0.1163879695E+00
     0    0.6146194990E+00
     1    0.1186569361E+01
     2    0.6831196588E+00
     3    0.7436990404E+00
     4    0.5341583149E+00
     5    0.1285445265E+01
     6    0.1241878551E+01
     7    0.9291895951E+00
     8    0.7459601195E+00
     9    0.1012907428E+01
    10    0.6004141893E+00
    11    0.1116685305E+01
    12    0.1231855619E+01
    13    0.8026481944E+00
    14    0.1001502740E+01
    15    0.1048460842E+01
    16    0.1211398731E+01
    17    0.9377587104E+00
    18    0.1244865925E+01
    19    0.6796660342E+00
    20    0.9444546107E+00
    21    0.1000114102E+01
    22    0.1451945314E+01
    23    0.1557415548E+01
    24    0.1486533534E+01
    25    0.9360213026E+00
    26    0.9386721070E+00
    27    0.5065231113E+00
    28    0.1161231983E+01
    29    0.1315330355E+01
    30    0.1067742817E+01
    31    0.5892384958E+00
    32    0.8281280057E+00
    33    0.7768234086E+00
    34    0.5048874164E+00
    35    0.6619977537E+00
    36    0.6752463854E+00
    37    0.6242716212E+00
    38    0.3718941917E+00
    39    0.4042847333E+00
    40    0.6025159772E+00
    41    0.3431230232E+00
    42    0.4445254035E+00
    43    0.4844689624E+00
    44    0.4611619938E+00
    45    0.4705238383E+00
    46    0.6100175704E+00
    47    0.2867326886E+00
    48    0.6045402179E+00
    49    0.3855732583E+00
    50    0.4497354241E+00
    51    0.3397043142E+00
    52    0.5236602862E+00
    53    0.8803011026E+00
    54    0.3835816200E+00
    55    0.5803449654E+00
    56    0.7039910558E+00
    57    0.8539610476E+00
    58    0.4429351666E+00
    59    0.5312640328E+00
    60    0.6006182632E+00
    61    0.1057782787E+01
    62    0.7150425665E+00
    63    0.1229202195E+01
    64    0.1301097107E+01
    65    0.1194965234E+01
    66    0.1629201942E+01
    67    0.1540479726E+01
    68    0.1586625661E+01
    69    0.2070014615E+01
    70    0.2362145085E+01
    71    0.2092290667E+01
    72    0.1426882681E+01
    73    0.1524129683E+01
    74    0.1216380077E+01
    75    0.8628737433E+00
    76    0.1050203409E+01
    77    0.9045949991E+00
    78    0.5308216076E+00
    79    0.9363253112E+00
    80    0.3993642774E+00
    81    0.5568607774E+00
    82    0.5319873298E+00
    83    0.4789102251E+00
    84    0.5574733412E+00
    85    0.2525915167E+00
    86    0.4932493181E+00
    87    0.4355885818E+00
    88    0.2928784247E+00
    89    0.4318065357E+00
    90    0.2874039962E+00
    91    0.4562851296E+00
    92    0.3395523626E+00
    93    0.3169164097E+00
    94    0.2874197751E+00
    95    0.3148188594E+00
    96    0.4205953060E+00
    97    0.3519864465E+00
    98    0.3001578742E+00
    99    0.3113112473E+00
   100    0.3507796654E+00
   101    0.2804015467E+00
   102    0.4400313068E+00
   103    0.3033474084E+00
   104    0.3990732001E+00
   105    0.3915518118E+00
   106    0.3667551703E+00
   107    0.2683567739E+00
   108    0.3366079092E+00
   109    0.5914409983E+00
   110    0.4303005689E+00
   111    0.6077702505E+00
   112    0.1967538977E+00
   113    0.4504752485E+00
   114    0.5750539762E+00
   115    0.9066402359E+00
   116    0.6085165624E+00
   117    0.4505301871E+00
   118    0.7672303981E+00
   119    0.1239249289E+01
   120    0.9541022864E+00
   121    0.1223451681E+01
   122    0.1944306639E+01
   123    0.2323039004E+01
   124    0.2655915282E+01
   125    0.2678310072E+01
   126    0.2390872793E+01
   127    0.1922873610E+01
   128    0.1601914953E+01
   129    0.1314487882E+01
   130    0.1010025807E+01
   131    0.1003632248E+01
   132    0.7833756666E+00
   133    0.7685903504E+00
   134    0.6035261629E+00
   135    0.6693715997E+00
   136    0.4677342465E+00
   137    0.6244645474E+00
   138    0.5405310789E+00
   139    0.3508921130E+00
   140    0.5280809462E+00
   141    0.3642899769E+00
   142    0.4703396787E+00
   143    0.5137091978E+00
   144    0.2357485448E+00
   145    0.4734380134E+00
   146    0.2778333385E+00
   147    0.4415751071E+00
   148    0.4937630425E+00
   149    0.2321280123E+00
   150    0.3991949986E+00
   151    0.2962528238E+00
   152    0.4142025360E+00
   153    0.4642979690E+00
   154    0.3305816650E+00
   155    0.2880568258E+00
   156    0.4002200128E+00
   157    0.3960184204E+00
   158    0.4700612180E+00
   159    0.4298065174E+00
   160    0.2661035369E+00
   161    0.5013041221E+00
   162    0.4332822440E+00
   163    0.5355410858E+00
   164    0.5063188481E+00
   165    0.4165762353E+00
   166    0.6731556313E+00
   167    0.7718372593E+00
   168    0.9311934621E+00
   169    0.1206812172E+01
   170    0.1225397559E+01
   171    0.1416852854E+01
   172    0.1355662860E+01
   173    0.1417223792E+01
   174    0.1558115174E+01
   175    0.1532724987E+01
   176    0.1557862127E+01
   177    0.1771508554E+01
   178    0.1734522837E+01
   179    0.1512492025E+01
   180    0.1499215847E+01
   181    0.1552045114E+01
   182    0.1405128416E+01
   183    0.1264755470E+01
   184    0.1095529379E+01
   185    0.9848049379E+00
   186    0.1015641269E+01
   187    0.9524800093E+00
   188    0.9265158289E+00
   189    0.9316002267E+00
   190    0.8908226174E+00
   191    0.8565530010E+00
   192    0.8075389125E+00
   193    0.7699881523E+00
   194    0.7405994452E+00
   195    0.7291165530E+00
   196    0.6728302762E+00
   197    0.7121307396E+00
   198    0.7292474438E+00
   199    0.7142740610E+00
   200    0.7602821064E+00
   201    0.7491126293E+00
   202    0.7345210737E+00
   203    0.6996578796E+00
   204    0.6980330371E+00
   205    0.7334314396E+00
   206    0.8197001813E+00
   207    0.9121524766E+00
   208    0.9042405410E+00
   209    0.9488813828E+00
   210    0.8810909135E+00
   211    0.7931553844E+00
   212    0.8171874850E+00
   213    0.1232495395E+01
   214    0.1283505933E+01
   215    0.8744020120E+00
   216    0.7991733629E+00
   217    0.8821489116E+00
   218    0.1100833503E+01
   219    0.1155934368E+01
   220    0.9378616412E+00
   221    0.8882110932E+00
   222    0.9687981341E+00
   223    0.1033143519E+01
   224    0.1065509837E+01
   225    0.1008315901E+01
   226    0.9403293629E+00
   227    0.9564926955E+00
   228    0.1008938101E+01
   229    0.1057070767E+01
   230    0.1035169612E+01
   231    0.1004587212E+01
   232    0.9939014430E+00
   233    0.1001738150E+01
   234    0.9985916768E+00
   235    0.1021039776E+01
   236    0.1022022838E+01
   237    0.9984335464E+00
   238    0.1020034292E+01
   239    0.1042242070E+01
   240    0.1027556069E+01
   241    0.1021961373E+01
   242    0.1022195669E+01
   243    0.1010879179E+01
   244    0.9974414970E+00
   245    0.1002955577E+01
   246    0.1014298162E+01
   247    0.1018572996E+01
   248    0.1022650799E+01
   249    0.1020161634E+01
   250    0.1015100160E+01
   251    0.1018929492E+01
   252    0.1020539238E+01
   253    0.1016875938E+01
   254    0.1030737878E+01
   255    0.1033782045E+01
   256    0.1024499751E+01
   257    0.1021647414E+01
   258    0.1016985061E+01
   259    0.1009369698E+01
   260    0.1007471780E+01
   261    0.1010842460E+01
   262    0.1014110326E+01
   263    0.1014675747E+01
   264    0.1014930573E+01
   265    0.1012774044E+01
   266    0.1010547677E+01
   267    0.1010139909E+01
   268    0.1010552691E+01
   269    0.1009146153E+01
   270    0.1007456297E+01
   271    0.1008701994E+01
   272    0.1009450774E+01
   273    0.1011769585E+01
   274    0.1014077434E+01
   275    0.1010592852E+01
   276    0.1006896624E+01
   277    0.1005465380E+01
   278    0.1005233791E+01
   279    0.1005851645E+01
   280    0.1006350845E+01
   281    0.1006032424E+01
   282    0.1005545088E+01
   283    0.1004767387E+01
   284    0.1004378350E+01
   285    0.1004325783E+01
   286    0.1004283624E+01
   287    0.1003866559E+01
   288    0.1003459689E+01
   289    0.1003416934E+01
   290    0.1002889150E+01
   291    0.1002821663E+01
   292    0.1002816823E+01
   293    0.1002525492E+01
   294    0.1002051939E+01
   295    0.1001954315E+01
   296    0.1001835460E+01
   297    0.1001610443E+01
   298    0.1001494382E+01
   299    0.1001359754E+01
   300    0.1001185727E+01
   301    0.1001064788E+01
   302    0.1001033098E+01
   303    0.1001005812E+01
   304    0.1000894069E+01
   305    0.1000714934E+01
   306    0.1000616467E+01
   307    0.1000619141E+01
   308    0.1000534661E+01
   309    0.1000506234E+01
   310    0.1000435265E+01
   311    0.1000344761E+01
   312    0.1000336340E+01
   313    0.1000335847E+01
   314    0.1000282279E+01
   315    0.1000242948E+01
   316    0.1000210269E+01
   317    0.1000201091E+01
   318    0.1000193151E+01
   319    0.1000150192E+01
   320    0.1000127529E+01
   321    0.1000118958E+01
   322    0.1000098052E+01
   323    0.1000082059E+01
   324    0.1000084762E+01
   325    0.1000073080E+01
   326    0.1000055603E+01
   327    0.1000054181E+01
   328    0.1000047690E+01
   329    0.1000040260E+01
   330    0.1000034221E+01
   331    0.1000029283E+01
   332    0.1000025942E+01
   333    0.1000022375E+01
   334    0.1000020596E+01
   335    0.1000017473E+01
   336    0.1000015523E+01
   337    0.1000012931E+01
   338    0.1000009707E+01
   339    0.1000008425E+01
   340    0.1000008117E+01
   341    0.1000006507E+01
   342    0.1000005594E+01
   343    0.1000005667E+01
   344    0.1000004697E+01
   345    0.1000003681E+01
   346    0.1000002816E+01
   347    0.1000002586E+01
   348    0.1000002243E+01
   349    0.1000001932E+01
   350    0.1000001664E+01
   351    0.1000001408E+01
   352    0.1000001120E+01
   353    0.1000000882E+01
   354    0.1000000787E+01
   355    0.1000000681E+01
   356    0.1000000595E+01
   357    0.1000000472E+01
   358    0.1000000387E+01
   359    0.1000000351E+01
   360    0.1000000310E+01
   361    0.1000000245E+01
   362    0.1000000194E+01
   363    0.1000000157E+01
   364    0.1000000123E+01
   365    0.1000000109E+01
   366    0.1000000098E+01
   367    0.1000000082E+01
   368    0.1000000064E+01
   369    0.1000000048E+01
   370    0.1000000040E+01
   371    0.1000000035E+01
   372    0.1000000032E+01
   373    0.1000000026E+01
   374    0.1000000019E+01
   375    0.1000000015E+01
   376    0.1000000013E+01
   377    0.1000000010E+01
   378    0.1000000009E+01
   379    0.1000000007E+01
   380    0.1000000006E+01
   381    0.1000000005E+01
   382    0.1000000004E+01
   383    0.1000000003E+01
   384    0.1000000003E+01
   385    0.1000000002E+01
   386    0.1000000002E+01
   387    0.1000000001E+01
   388    0.1000000001E+01
   389    0.1000000001E+01
   390    0.1000000001E+01
   391    0.1000000001E+01
   392    0.1000000000E+01
   393    0.1000000000E+01
   394    0.1000000000E+01
   395    0.1000000000E+01
   396    0.1000000000E+01
   397    0.1000000000E+01
   398    0.1000000000E+01
   399    0.1000000000E+01
   400    0.1000000000E+01
   401    0.1000000000E+01
   402    0.1000000000E+01
   403    0.1000000000E+01
   404    0.1000000000E+01
   405    0.1000000000E+01
   406    0.1000000000E+01
   407    0.1000000000E+01
   408    0.1000000000E+01
   409    0.1000000000E+01
   410    0.1000000000E+01
   411    0.1000000000E+01
   412    0.1000000000E+01
   413    0.1000000000E+01
   414    0.1000000000E+01
   415    0.1000000000E+01
   416    0.1000000000E+01
   417    0.1000000000E+01
   418    0.1000000000E+01
   419    0.1000000000E+01
   420    0.1000000000E+01
   421    0.1000000000E+01
   422    0.1000000000E+01
   423    0.1000000000E+01
   424    0.1000000000E+01
   425    0.1000000000E+01
   426    0.1000000000E+01
   427    0.1000000000E+01
   428    0.1000000000E+01
   429    0.1000000000E+01
   430    0.1000000000E+01
   431    0.1000000000E+01
   432    0.1000000000E+01
   433    0.1000000000E+01
   434    0.1000000000E+01
   435    0.1000000000E+01
   436    0.1000000000E+01
   437    0.1000000000E+01
   438    0.1000000000E+01
   439    0.1000000000E+01
   440    0.1000000000E+01
   441    0.1000000000E+01
   442    0.1000000000E+01
   443    0.1000000000E+01
   444    0.1000000000E+01
   445    0.1000000000E+01
   446    0.1000000000E+01
   447    0.1000000000E+01
   448    0.1000000000E+01
   449    0.1000000000E+01
   450    0.1000000000E+01
   451    0.1000000000E+01
   452    0.1000000000E+01
   453    0.1000000000E+01
   454    0.1000000000E+01
   455    0.1000000000E+01
   456    0.1000000000E+01
   457    0.1000000000E+01
   458    0.1000000000E+01
   459    0.1000000000E+01
   460    0.1000000000E+01
   461    0.1000000000E+01
   462    0.1000000000E+01
   463    0.1000000000E+01
   464    0.1000000000E+01
   465    0.1000000000E+01
   466    0.1000000000E+01
   467    0.1000000000E+01
   468    0.1000000000E+01
   469    0.1000000000E+01
   470    0.1000000000E+01
   471    0.1000000000E+01
   472    0.1000000000E+01
   473    0.1000000000E+01
   474    0.1000000000E+01
   475    0.1000000000E+01
   476    0.1000000000E+01
   477    0.1000000000E+01
   478    0.1000000000E+01
   479    0.1000000000E+01
   480    0.1000000000E+01
   481    0.1000000000E+01
   482    0.1000000000E+01
   483    0.1000000000E+01
   484    0.1000000000E+01
   485    0.1000000000E+01
   486    0.1000000000E+01
   487    0.1000000000E+01
   488    0.1000000000E+01
   489    0.1000000000E+01
   490    0.1000000000E+01
   491    0.1000000000E+01
   492    0.1000000000E+01
   493    0.1000000000E+01
   494    0.1000000000E+01
   495    0.1000000000E+01
   496    0.1000000000E+01
   497    0.1000000000E+01
   498    0.1000000000E+01
   499    0.1000000000E+01
   500    0.8359375000E+00
   501    0.1640625000E+00
   502    0.0000000000E+00
