    -1    0.0000000000E+00
     0    0.3190594852E+00
     1    0.8027407812E+00
     2    0.8650258892E+00
     3    0.8462328609E+00
     4    0.8523225724E+00
     5    0.8510788786E+00
     6    0.8580364375E+00
     7    0.8482333311E+00
     8    0.8510230270E+00
     9    0.8888727826E+00
    10    0.8699901762E+00
    11    0.8893044287E+00
    12    0.9190340798E+00
    13    0.9202420230E+00
    14    0.9341744659E+00
    15    0.9660242383E+00
    16    0.9856939129E+00
    17    0.9932892576E+00
    18    0.1035537650E+01
    19    0.1054056169E+01
    20    0.1063661184E+01
    21    0.1112250023E+01
    22    0.1109646980E+01
    23    0.1134230958E+01
    24    0.1176098781E+01
    25    0.1157139227E+01
    26    0.1179674456E+01
    27    0.1173478501E+01
    28    0.1161822065E+01
    29    0.1188991682E+01
    30    0.1146402258E+01
    31    0.1138025388E+01
    32    0.1123663318E+01
    33    0.1084935102E+01
    34    0.1080529056E+01
    35    0.1048222013E+01
    36    0.1017520142E+01
    37    0.1010212858E+01
    38    0.9763532600E+00
    39    0.9516828669E+00
    40    0.9426637348E+00
    41    0.9227165976E+00
    42    0.9018126686E+00
    43    0.8895374231E+00
    44    0.8894472792E+00
    45    0.8592069282E+00
    46    0.8503332992E+00
    47    0.8627352091E+00
    48    0.8465195340E+00
    49    0.8512106000E+00
    50    0.8549373745E+00
    51    0.8544493121E+00
    52    0.8461899730E+00
    53    0.8565798710E+00
    54    0.8732981408E+00
    55    0.8705939602E+00
    56    0.8950332860E+00
    57    0.9124455507E+00
    58    0.9122679767E+00
    59    0.9381072188E+00
    60    0.9666652575E+00
    61    0.9686356304E+00
    62    0.9999554150E+00
    63    0.1036729453E+01
    64    0.1036171435E+01
    65    0.1074391545E+01
    66    0.1105884452E+01
    67    0.1100474079E+01
    68    0.1151541076E+01
    69    0.1151272580E+01
    70    0.1165400979E+01
    71    0.1190591757E+01
    72    0.1158220526E+01
    73    0.1185999471E+01
    74    0.1170545415E+01
    75    0.1147847884E+01
    76    0.1160662336E+01
    77    0.1107622137E+01
    78    0.1098028740E+01
    79    0.1089398647E+01
    80    0.1037869742E+01
    81    0.1031851620E+01
    82    0.1013889961E+01
    83    0.9688398995E+00
    84    0.9618659570E+00
    85    0.9491400151E+00
    86    0.9132767377E+00
    87    0.9063218463E+00
    88    0.8966737807E+00
    89    0.8769340388E+00
    90    0.8626574125E+00
    91    0.8650169891E+00
    92    0.8550600683E+00
    93    0.8485436794E+00
    94    0.8499599293E+00
    95    0.8468728739E+00
    96    0.8484054707E+00
    97    0.8534801738E+00
    98    0.8582330201E+00
    99    0.8650103415E+00
   100    0.8769877437E+00
   101    0.8946109170E+00
   102    0.8926389153E+00
   103    0.9190349543E+00
   104    0.9428259159E+00
   105    0.9443896760E+00
   106    0.9753316560E+00
   107    0.1008300993E+01
   108    0.1011366270E+01
   109    0.1043551961E+01
   110    0.1082691492E+01
   111    0.1081416272E+01
   112    0.1119903877E+01
   113    0.1141586792E+01
   114    0.1143465373E+01
   115    0.1178070068E+01
   116    0.1167694396E+01
   117    0.1181454210E+01
   118    0.1186723118E+01
   119    0.1161334984E+01
   120    0.1167727253E+01
   121    0.1142367421E+01
   122    0.1118522105E+01
   123    0.1117292245E+01
   124    0.1071800916E+01
   125    0.1053132999E+01
   126    0.1041427299E+01
   127    0.1000855840E+01
   128    0.9807185610E+00
   129    0.9725620030E+00
   130    0.9351312893E+00
   131    0.9216046880E+00
   132    0.9159231140E+00
   133    0.8844369910E+00
   134    0.8839954373E+00
   135    0.8704311144E+00
   136    0.8601494582E+00
   137    0.8573447107E+00
   138    0.8462548392E+00
   139    0.8502672932E+00
   140    0.8429197347E+00
   141    0.8549516714E+00
   142    0.8529693168E+00
   143    0.8516158176E+00
   144    0.8733707922E+00
   145    0.8768434800E+00
   146    0.8801253715E+00
   147    0.9028436970E+00
   148    0.9260313717E+00
   149    0.9318454074E+00
   150    0.9484664270E+00
   151    0.9887431863E+00
   152    0.9972363098E+00
   153    0.1017721151E+01
   154    0.1062505595E+01
   155    0.1067520118E+01
   156    0.1097043796E+01
   157    0.1136620914E+01
   158    0.1135915327E+01
   159    0.1167733623E+01
   160    0.1174868951E+01
   161    0.1172732560E+01
   162    0.1193192510E+01
   163    0.1179016567E+01
   164    0.1187927402E+01
   165    0.1172132575E+01
   166    0.1141873356E+01
   167    0.1134184589E+01
   168    0.1093764248E+01
   169    0.1078720092E+01
   170    0.1062982150E+01
   171    0.1020548508E+01
   172    0.1011708833E+01
   173    0.9909270378E+00
   174    0.9555253336E+00
   175    0.9472013873E+00
   176    0.9316368646E+00
   177    0.9069624423E+00
   178    0.9017239803E+00
   179    0.8909168978E+00
   180    0.8781202790E+00
   181    0.8740917798E+00
   182    0.8759456837E+00
   183    0.8729907295E+00
   184    0.8686129951E+00
   185    0.8739214485E+00
   186    0.8774360893E+00
   187    0.8809374573E+00
   188    0.8975523694E+00
   189    0.9074598587E+00
   190    0.9184303315E+00
   191    0.9459362066E+00
   192    0.9622398391E+00
   193    0.9712458212E+00
   194    0.1003610468E+01
   195    0.1021404066E+01
   196    0.1023997953E+01
   197    0.1059652514E+01
   198    0.1071301814E+01
   199    0.1073656004E+01
   200    0.1102303854E+01
   201    0.1102075728E+01
   202    0.1104378904E+01
   203    0.1117133284E+01
   204    0.1103053829E+01
   205    0.1126015723E+01
   206    0.1115289782E+01
   207    0.1064945273E+01
   208    0.1070991672E+01
   209    0.1063735134E+01
   210    0.1055396432E+01
   211    0.1054396673E+01
   212    0.1033631935E+01
   213    0.1022192017E+01
   214    0.1011274726E+01
   215    0.9935053565E+00
   216    0.9873745227E+00
   217    0.9766548679E+00
   218    0.9621292692E+00
   219    0.9599678217E+00
   220    0.9492071016E+00
   221    0.9373395156E+00
   222    0.9409751288E+00
   223    0.9405543643E+00
   224    0.9243057533E+00
   225    0.9263871052E+00
   226    0.9439275146E+00
   227    0.9367370882E+00
   228    0.9054301399E+00
   229    0.9014044790E+00
   230    0.9148164770E+00
   231    0.9539332163E+00
   232    0.9628099250E+00
   233    0.9068170221E+00
   234    0.9045936816E+00
   235    0.9355130318E+00
   236    0.9484307690E+00
   237    0.9600458974E+00
   238    0.9461789643E+00
   239    0.9370061129E+00
   240    0.9469663770E+00
   241    0.9607776714E+00
   242    0.9701364711E+00
   243    0.9703170641E+00
   244    0.9664040752E+00
   245    0.9597079875E+00
   246    0.9602982918E+00
   247    0.9796393419E+00
   248    0.9936919159E+00
   249    0.9900142411E+00
   250    0.9930317053E+00
   251    0.9958465475E+00
   252    0.9931757091E+00
   253    0.9966921821E+00
   254    0.9983854268E+00
   255    0.1000117492E+01
   256    0.1001605828E+01
   257    0.1003776332E+01
   258    0.1005186818E+01
   259    0.1012923555E+01
   260    0.1010258438E+01
   261    0.1009932657E+01
   262    0.1017621031E+01
   263    0.1017577939E+01
   264    0.1010262840E+01
   265    0.1009232677E+01
   266    0.1010386284E+01
   267    0.1013443191E+01
   268    0.1016027130E+01
   269    0.1015446745E+01
   270    0.1016271904E+01
   271    0.1017171766E+01
   272    0.1016737840E+01
   273    0.1017543482E+01
   274    0.1017198525E+01
   275    0.1016453031E+01
   276    0.1017516210E+01
   277    0.1017049685E+01
   278    0.1020233753E+01
   279    0.1025564578E+01
   280    0.1019390663E+01
   281    0.1014285736E+01
   282    0.1014792345E+01
   283    0.1015208672E+01
   284    0.1015830377E+01
   285    0.1015643382E+01
   286    0.1014830236E+01
   287    0.1014007969E+01
   288    0.1013228215E+01
   289    0.1012949759E+01
   290    0.1012328610E+01
   291    0.1011467458E+01
   292    0.1010587225E+01
   293    0.1010418409E+01
   294    0.1009671917E+01
   295    0.1008984577E+01
   296    0.1009970510E+01
   297    0.1011258256E+01
   298    0.1010283915E+01
   299    0.1007828274E+01
   300    0.1006810136E+01
   301    0.1006538708E+01
   302    0.1006915646E+01
   303    0.1006769055E+01
   304    0.1006352790E+01
   305    0.1005703552E+01
   306    0.1004898440E+01
   307    0.1004722892E+01
   308    0.1004688376E+01
   309    0.1004451454E+01
   310    0.1003886357E+01
   311    0.1003665308E+01
   312    0.1003499680E+01
   313    0.1003064419E+01
   314    0.1002837837E+01
   315    0.1002823204E+01
   316    0.1002561914E+01
   317    0.1002178751E+01
   318    0.1002019872E+01
   319    0.1001900001E+01
   320    0.1001709827E+01
   321    0.1001538880E+01
   322    0.1001415722E+01
   323    0.1001265397E+01
   324    0.1001134257E+01
   325    0.1001053111E+01
   326    0.1000990170E+01
   327    0.1000893605E+01
   328    0.1000775760E+01
   329    0.1000662841E+01
   330    0.1000628275E+01
   331    0.1000562836E+01
   332    0.1000510854E+01
   333    0.1000454467E+01
   334    0.1000384996E+01
   335    0.1000347634E+01
   336    0.1000331235E+01
   337    0.1000291096E+01
   338    0.1000251721E+01
   339    0.1000221111E+01
   340    0.1000200221E+01
   341    0.1000186668E+01
   342    0.1000157856E+01
   343    0.1000133710E+01
   344    0.1000121754E+01
   345    0.1000104893E+01
   346    0.1000088401E+01
   347    0.1000083243E+01
   348    0.1000074646E+01
   349    0.1000060300E+01
   350    0.1000054806E+01
   351    0.1000048514E+01
   352    0.1000041512E+01
   353    0.1000035939E+01
   354    0.1000030797E+01
   355    0.1000026895E+01
   356    0.1000023417E+01
   357    0.1000020680E+01
   358    0.1000017855E+01
   359    0.1000015510E+01
   360    0.1000013325E+01
   361    0.1000010874E+01
   362    0.1000009127E+01
   363    0.1000008298E+01
   364    0.1000007019E+01
   365    0.1000005883E+01
   366    0.1000005462E+01
   367    0.1000004651E+01
   368    0.1000003840E+01
   369    0.1000003102E+01
   370    0.1000002688E+01
   371    0.1000002327E+01
   372    0.1000001978E+01
   373    0.1000001696E+01
   374    0.1000001431E+01
   375    0.1000001199E+01
   376    0.1000000963E+01
   377    0.1000000827E+01
   378    0.1000000711E+01
   379    0.1000000605E+01
   380    0.1000000502E+01
   381    0.1000000410E+01
   382    0.1000000354E+01
   383    0.1000000308E+01
   384    0.1000000253E+01
   385    0.1000000204E+01
   386    0.1000000168E+01
   387    0.1000000136E+01
   388    0.1000000115E+01
   389    0.1000000099E+01
   390    0.1000000083E+01
   391    0.1000000068E+01
   392    0.1000000053E+01
   393    0.1000000044E+01
   394    0.1000000037E+01
   395    0.1000000032E+01
   396    0.1000000026E+01
   397    0.1000000021E+01
   398    0.1000000017E+01
   399    0.1000000014E+01
   400    0.1000000011E+01
   401    0.1000000009E+01
   402    0.1000000008E+01
   403    0.1000000006E+01
   404    0.1000000005E+01
   405    0.1000000004E+01
   406    0.1000000003E+01
   407    0.1000000003E+01
   408    0.1000000002E+01
   409    0.1000000002E+01
   410    0.1000000001E+01
   411    0.1000000001E+01
   412    0.1000000001E+01
   413    0.1000000001E+01
   414    0.1000000001E+01
   415    0.1000000000E+01
   416    0.1000000000E+01
   417    0.1000000000E+01
   418    0.1000000000E+01
   419    0.1000000000E+01
   420    0.1000000000E+01
   421    0.1000000000E+01
   422    0.1000000000E+01
   423    0.1000000000E+01
   424    0.1000000000E+01
   425    0.1000000000E+01
   426    0.1000000000E+01
   427    0.1000000000E+01
   428    0.1000000000E+01
   429    0.1000000000E+01
   430    0.1000000000E+01
   431    0.1000000000E+01
   432    0.1000000000E+01
   433    0.1000000000E+01
   434    0.1000000000E+01
   435    0.1000000000E+01
   436    0.1000000000E+01
   437    0.1000000000E+01
   438    0.1000000000E+01
   439    0.1000000000E+01
   440    0.1000000000E+01
   441    0.1000000000E+01
   442    0.1000000000E+01
   443    0.1000000000E+01
   444    0.1000000000E+01
   445    0.1000000000E+01
   446    0.1000000000E+01
   447    0.1000000000E+01
   448    0.1000000000E+01
   449    0.1000000000E+01
   450    0.1000000000E+01
   451    0.1000000000E+01
   452    0.1000000000E+01
   453    0.1000000000E+01
   454    0.1000000000E+01
   455    0.1000000000E+01
   456    0.1000000000E+01
   457    0.1000000000E+01
   458    0.1000000000E+01
   459    0.1000000000E+01
   460    0.1000000000E+01
   461    0.1000000000E+01
   462    0.1000000000E+01
   463    0.1000000000E+01
   464    0.1000000000E+01
   465    0.1000000000E+01
   466    0.1000000000E+01
   467    0.1000000000E+01
   468    0.1000000000E+01
   469    0.1000000000E+01
   470    0.1000000000E+01
   471    0.1000000000E+01
   472    0.1000000000E+01
   473    0.1000000000E+01
   474    0.1000000000E+01
   475    0.1000000000E+01
   476    0.1000000000E+01
   477    0.1000000000E+01
   478    0.1000000000E+01
   479    0.1000000000E+01
   480    0.1000000000E+01
   481    0.1000000000E+01
   482    0.1000000000E+01
   483    0.1000000000E+01
   484    0.1000000000E+01
   485    0.1000000000E+01
   486    0.1000000000E+01
   487    0.1000000000E+01
   488    0.1000000000E+01
   489    0.1000000000E+01
   490    0.1000000000E+01
   491    0.1000000000E+01
   492    0.1000000000E+01
   493    0.1000000000E+01
   494    0.1000000000E+01
   495    0.1000000000E+01
   496    0.1000000000E+01
   497    0.1000000000E+01
   498    0.1000000000E+01
   499    0.1000000000E+01
   500    0.8359375000E+00
   501    0.1640625000E+00
   502    0.0000000000E+00
