    -1    0.0000000000E+00
     0    0.1333750621E+00
     1    0.9043549532E+00
     2    0.1091279822E+01
     3    0.1099007945E+01
     4    0.1145235563E+01
     5    0.1373675824E+01
     6    0.9331068804E+00
     7    0.1425550654E+01
     8    0.1422299714E+01
     9    0.1612142297E+01
    10    0.1277360755E+01
    11    0.1700054120E+01
    12    0.1521283559E+01
    13    0.1448272840E+01
    14    0.1283082065E+01
    15    0.1380897868E+01
    16    0.1449059259E+01
    17    0.9499450663E+00
    18    0.9750570799E+00
    19    0.1078282682E+01
    20    0.1072940335E+01
    21    0.8346609008E+00
    22    0.8432956210E+00
    23    0.8647193973E+00
    24    0.8215760153E+00
    25    0.7877005404E+00
    26    0.6516372746E+00
    27    0.7864567889E+00
    28    0.6383762699E+00
    29    0.8525643110E+00
    30    0.4628627506E+00
    31    0.7691078125E+00
    32    0.6101614772E+00
    33    0.7428056494E+00
    34    0.5764380896E+00
    35    0.6882734177E+00
    36    0.6079021010E+00
    37    0.6844985941E+00
    38    0.5828833821E+00
    39    0.8289424554E+00
    40    0.7333319369E+00
    41    0.4993780773E+00
    42    0.7813396572E+00
    43    0.1029723890E+01
    44    0.5909910695E+00
    45    0.7897751932E+00
    46    0.9319747205E+00
    47    0.9868096569E+00
    48    0.8296013261E+00
    49    0.1104471625E+01
    50    0.1083930945E+01
    51    0.1167227781E+01
    52    0.1192777916E+01
    53    0.1266646971E+01
    54    0.1439376801E+01
    55    0.1477523363E+01
    56    0.1457136114E+01
    57    0.1663216250E+01
    58    0.1349456279E+01
    59    0.1715530470E+01
    60    0.1130644602E+01
    61    0.1629706237E+01
    62    0.1019153555E+01
    63    0.1257437115E+01
    64    0.1259980048E+01
    65    0.8190751387E+00
    66    0.1073095425E+01
    67    0.1024791769E+01
    68    0.8457268286E+00
    69    0.7509880027E+00
    70    0.8034855273E+00
    71    0.9063188102E+00
    72    0.7530650623E+00
    73    0.5537432085E+00
    74    0.7433363253E+00
    75    0.7792732032E+00
    76    0.7005324676E+00
    77    0.5273177083E+00
    78    0.7307515312E+00
    79    0.6262464316E+00
    80    0.6911433043E+00
    81    0.6278086506E+00
    82    0.7280436878E+00
    83    0.5395279346E+00
    84    0.6444166881E+00
    85    0.8236872583E+00
    86    0.7295508188E+00
    87    0.5491416911E+00
    88    0.6412940518E+00
    89    0.9984242089E+00
    90    0.8052847315E+00
    91    0.5508707219E+00
    92    0.9019179874E+00
    93    0.1124184817E+01
    94    0.7668421364E+00
    95    0.8955325375E+00
    96    0.1293068113E+01
    97    0.9849707230E+00
    98    0.1186742951E+01
    99    0.1400366117E+01
   100    0.1222483067E+01
   101    0.1583252427E+01
   102    0.1342102444E+01
   103    0.1675721560E+01
   104    0.1390337451E+01
   105    0.1611614927E+01
   106    0.1379048159E+01
   107    0.1438851504E+01
   108    0.1237649849E+01
   109    0.1318455026E+01
   110    0.1032851688E+01
   111    0.1174428954E+01
   112    0.9684750263E+00
   113    0.9144557792E+00
   114    0.9712466885E+00
   115    0.8471329307E+00
   116    0.7035510191E+00
   117    0.9131776434E+00
   118    0.7372468140E+00
   119    0.6964175330E+00
   120    0.6433683681E+00
   121    0.8217688256E+00
   122    0.6361749084E+00
   123    0.6672197932E+00
   124    0.5495907046E+00
   125    0.8224618970E+00
   126    0.5764687868E+00
   127    0.7054673279E+00
   128    0.4819875107E+00
   129    0.8521315628E+00
   130    0.5720511815E+00
   131    0.7593882400E+00
   132    0.4946976115E+00
   133    0.8917023941E+00
   134    0.6272498508E+00
   135    0.8270170488E+00
   136    0.5945843603E+00
   137    0.9716916798E+00
   138    0.7782300381E+00
   139    0.8272479378E+00
   140    0.9972107270E+00
   141    0.9471541882E+00
   142    0.1016079057E+01
   143    0.1170233591E+01
   144    0.1174549873E+01
   145    0.1269360817E+01
   146    0.1390917992E+01
   147    0.1426504201E+01
   148    0.1469954396E+01
   149    0.1513573568E+01
   150    0.1496336411E+01
   151    0.1544513639E+01
   152    0.1456179061E+01
   153    0.1439764592E+01
   154    0.1273745910E+01
   155    0.1248649834E+01
   156    0.1129500801E+01
   157    0.1070723538E+01
   158    0.1018111631E+01
   159    0.9392775758E+00
   160    0.9151439314E+00
   161    0.8565378578E+00
   162    0.8245846402E+00
   163    0.7749980950E+00
   164    0.8055373764E+00
   165    0.7313400700E+00
   166    0.6847127456E+00
   167    0.7124697041E+00
   168    0.7378352567E+00
   169    0.6703052164E+00
   170    0.6267934469E+00
   171    0.6915447938E+00
   172    0.7053145969E+00
   173    0.6370694669E+00
   174    0.6848862057E+00
   175    0.7312344720E+00
   176    0.7387768196E+00
   177    0.6715921773E+00
   178    0.6988315845E+00
   179    0.7804179237E+00
   180    0.8215875566E+00
   181    0.8504714861E+00
   182    0.8507343491E+00
   183    0.9811449267E+00
   184    0.1018579444E+01
   185    0.1034185022E+01
   186    0.1130370561E+01
   187    0.1150727037E+01
   188    0.1205754421E+01
   189    0.1257351397E+01
   190    0.1209203230E+01
   191    0.1214680487E+01
   192    0.1247055207E+01
   193    0.1309858402E+01
   194    0.1239793066E+01
   195    0.1290417668E+01
   196    0.1301935684E+01
   197    0.1148479562E+01
   198    0.1086119043E+01
   199    0.1068766885E+01
   200    0.1087788933E+01
   201    0.1087101910E+01
   202    0.1058428393E+01
   203    0.1041412966E+01
   204    0.1012896857E+01
   205    0.9794858617E+00
   206    0.9625436087E+00
   207    0.9451119229E+00
   208    0.9271885396E+00
   209    0.9127770934E+00
   210    0.9038676327E+00
   211    0.8769137260E+00
   212    0.8903693903E+00
   213    0.9039446157E+00
   214    0.8881046662E+00
   215    0.8891291174E+00
   216    0.8958977528E+00
   217    0.8564391820E+00
   218    0.8670925744E+00
   219    0.9459617581E+00
   220    0.8841451912E+00
   221    0.8736034333E+00
   222    0.8814404557E+00
   223    0.9122773437E+00
   224    0.1000214480E+01
   225    0.9468178880E+00
   226    0.8862952950E+00
   227    0.8989502859E+00
   228    0.9390676100E+00
   229    0.9963992490E+00
   230    0.9799416952E+00
   231    0.9204284286E+00
   232    0.9292858688E+00
   233    0.9672323653E+00
   234    0.9914792439E+00
   235    0.1004592605E+01
   236    0.9938441830E+00
   237    0.9650594932E+00
   238    0.9595653756E+00
   239    0.9865837213E+00
   240    0.1010283190E+01
   241    0.1010076784E+01
   242    0.1002763346E+01
   243    0.1000817724E+01
   244    0.1001937567E+01
   245    0.9981127967E+00
   246    0.1007403491E+01
   247    0.1007162340E+01
   248    0.1006734874E+01
   249    0.1007049114E+01
   250    0.1016986584E+01
   251    0.1018867755E+01
   252    0.1015175236E+01
   253    0.1020097563E+01
   254    0.1024123748E+01
   255    0.1015028600E+01
   256    0.1004982564E+01
   257    0.1007113598E+01
   258    0.1014737683E+01
   259    0.1016311691E+01
   260    0.1017694952E+01
   261    0.1017967563E+01
   262    0.1015817758E+01
   263    0.1016638465E+01
   264    0.1017687235E+01
   265    0.1016658757E+01
   266    0.1017523797E+01
   267    0.1022282509E+01
   268    0.1022679932E+01
   269    0.1026308510E+01
   270    0.1024156788E+01
   271    0.1017109717E+01
   272    0.1011831438E+01
   273    0.1011838519E+01
   274    0.1014747427E+01
   275    0.1015107506E+01
   276    0.1014696079E+01
   277    0.1015012573E+01
   278    0.1013039262E+01
   279    0.1011696544E+01
   280    0.1012032125E+01
   281    0.1011635354E+01
   282    0.1009847935E+01
   283    0.1009398989E+01
   284    0.1009155041E+01
   285    0.1008559153E+01
   286    0.1009891559E+01
   287    0.1012626946E+01
   288    0.1011674585E+01
   289    0.1007856647E+01
   290    0.1006325270E+01
   291    0.1006001372E+01
   292    0.1006514471E+01
   293    0.1006617473E+01
   294    0.1006443225E+01
   295    0.1005866353E+01
   296    0.1004928071E+01
   297    0.1004590733E+01
   298    0.1004595298E+01
   299    0.1004519398E+01
   300    0.1003951283E+01
   301    0.1003700549E+01
   302    0.1003505571E+01
   303    0.1003143781E+01
   304    0.1002808227E+01
   305    0.1002876760E+01
   306    0.1002657024E+01
   307    0.1002249622E+01
   308    0.1002008800E+01
   309    0.1001916729E+01
   310    0.1001747750E+01
   311    0.1001553264E+01
   312    0.1001438550E+01
   313    0.1001281420E+01
   314    0.1001142816E+01
   315    0.1001050861E+01
   316    0.1001018332E+01
   317    0.1000933903E+01
   318    0.1000803360E+01
   319    0.1000661999E+01
   320    0.1000631193E+01
   321    0.1000575197E+01
   322    0.1000522877E+01
   323    0.1000470661E+01
   324    0.1000389560E+01
   325    0.1000345216E+01
   326    0.1000338984E+01
   327    0.1000303412E+01
   328    0.1000260387E+01
   329    0.1000226288E+01
   330    0.1000201003E+01
   331    0.1000196668E+01
   332    0.1000167828E+01
   333    0.1000134932E+01
   334    0.1000124807E+01
   335    0.1000109226E+01
   336    0.1000088965E+01
   337    0.1000083365E+01
   338    0.1000079809E+01
   339    0.1000062037E+01
   340    0.1000055037E+01
   341    0.1000051027E+01
   342    0.1000042966E+01
   343    0.1000037002E+01
   344    0.1000031708E+01
   345    0.1000027530E+01
   346    0.1000024095E+01
   347    0.1000021261E+01
   348    0.1000018752E+01
   349    0.1000016086E+01
   350    0.1000014039E+01
   351    0.1000011301E+01
   352    0.1000009093E+01
   353    0.1000008439E+01
   354    0.1000007356E+01
   355    0.1000005919E+01
   356    0.1000005658E+01
   357    0.1000004983E+01
   358    0.1000004081E+01
   359    0.1000003204E+01
   360    0.1000002707E+01
   361    0.1000002427E+01
   362    0.1000002048E+01
   363    0.1000001775E+01
   364    0.1000001494E+01
   365    0.1000001264E+01
   366    0.1000000990E+01
   367    0.1000000837E+01
   368    0.1000000739E+01
   369    0.1000000630E+01
   370    0.1000000528E+01
   371    0.1000000422E+01
   372    0.1000000366E+01
   373    0.1000000324E+01
   374    0.1000000270E+01
   375    0.1000000215E+01
   376    0.1000000175E+01
   377    0.1000000139E+01
   378    0.1000000118E+01
   379    0.1000000102E+01
   380    0.1000000088E+01
   381    0.1000000072E+01
   382    0.1000000056E+01
   383    0.1000000044E+01
   384    0.1000000038E+01
   385    0.1000000033E+01
   386    0.1000000028E+01
   387    0.1000000022E+01
   388    0.1000000017E+01
   389    0.1000000014E+01
   390    0.1000000012E+01
   391    0.1000000009E+01
   392    0.1000000008E+01
   393    0.1000000007E+01
   394    0.1000000005E+01
   395    0.1000000004E+01
   396    0.1000000004E+01
   397    0.1000000003E+01
   398    0.1000000002E+01
   399    0.1000000002E+01
   400    0.1000000002E+01
   401    0.1000000001E+01
   402    0.1000000001E+01
   403    0.1000000001E+01
   404    0.1000000001E+01
   405    0.1000000001E+01
   406    0.1000000000E+01
   407    0.1000000000E+01
   408    0.1000000000E+01
   409    0.1000000000E+01
   410    0.1000000000E+01
   411    0.1000000000E+01
   412    0.1000000000E+01
   413    0.1000000000E+01
   414    0.1000000000E+01
   415    0.1000000000E+01
   416    0.1000000000E+01
   417    0.1000000000E+01
   418    0.1000000000E+01
   419    0.1000000000E+01
   420    0.1000000000E+01
   421    0.1000000000E+01
   422    0.1000000000E+01
   423    0.1000000000E+01
   424    0.1000000000E+01
   425    0.1000000000E+01
   426    0.1000000000E+01
   427    0.1000000000E+01
   428    0.1000000000E+01
   429    0.1000000000E+01
   430    0.1000000000E+01
   431    0.1000000000E+01
   432    0.1000000000E+01
   433    0.1000000000E+01
   434    0.1000000000E+01
   435    0.1000000000E+01
   436    0.1000000000E+01
   437    0.1000000000E+01
   438    0.1000000000E+01
   439    0.1000000000E+01
   440    0.1000000000E+01
   441    0.1000000000E+01
   442    0.1000000000E+01
   443    0.1000000000E+01
   444    0.1000000000E+01
   445    0.1000000000E+01
   446    0.1000000000E+01
   447    0.1000000000E+01
   448    0.1000000000E+01
   449    0.1000000000E+01
   450    0.1000000000E+01
   451    0.1000000000E+01
   452    0.1000000000E+01
   453    0.1000000000E+01
   454    0.1000000000E+01
   455    0.1000000000E+01
   456    0.1000000000E+01
   457    0.1000000000E+01
   458    0.1000000000E+01
   459    0.1000000000E+01
   460    0.1000000000E+01
   461    0.1000000000E+01
   462    0.1000000000E+01
   463    0.1000000000E+01
   464    0.1000000000E+01
   465    0.1000000000E+01
   466    0.1000000000E+01
   467    0.1000000000E+01
   468    0.1000000000E+01
   469    0.1000000000E+01
   470    0.1000000000E+01
   471    0.1000000000E+01
   472    0.1000000000E+01
   473    0.1000000000E+01
   474    0.1000000000E+01
   475    0.1000000000E+01
   476    0.1000000000E+01
   477    0.1000000000E+01
   478    0.1000000000E+01
   479    0.1000000000E+01
   480    0.1000000000E+01
   481    0.1000000000E+01
   482    0.1000000000E+01
   483    0.1000000000E+01
   484    0.1000000000E+01
   485    0.1000000000E+01
   486    0.1000000000E+01
   487    0.1000000000E+01
   488    0.1000000000E+01
   489    0.1000000000E+01
   490    0.1000000000E+01
   491    0.1000000000E+01
   492    0.1000000000E+01
   493    0.1000000000E+01
   494    0.1000000000E+01
   495    0.1000000000E+01
   496    0.1000000000E+01
   497    0.1000000000E+01
   498    0.1000000000E+01
   499    0.1000000000E+01
   500    0.8359375000E+00
   501    0.1640625000E+00
   502    0.0000000000E+00
