    -1    0.0000000000E+00
     0    0.9664826079E-01
     1    0.4298265405E+00
     2    0.1071936521E+01
     3    0.1186342412E+01
     4    0.5652867130E+00
     5    0.1015128977E+01
     6    0.1449961383E+01
     7    0.6671508387E+00
     8    0.1490922062E+01
     9    0.1147671862E+01
    10    0.1312802374E+01
    11    0.1420766653E+01
    12    0.1399949700E+01
    13    0.1444152826E+01
    14    0.1510456272E+01
    15    0.1370178045E+01
    16    0.1475988419E+01
    17    0.1325911670E+01
    18    0.1216938347E+01
    19    0.1398904997E+01
    20    0.9497946976E+00
    21    0.1203558644E+01
    22    0.1034625093E+01
    23    0.9220530456E+00
    24    0.9145940205E+00
    25    0.9501686170E+00
    26    0.8026207225E+00
    27    0.8467498365E+00
    28    0.6949119726E+00
    29    0.8153860502E+00
    30    0.7928428323E+00
    31    0.7012769824E+00
    32    0.5953093057E+00
    33    0.7693580631E+00
    34    0.7604915102E+00
    35    0.6655501143E+00
    36    0.5609684590E+00
    37    0.7328572967E+00
    38    0.7518617377E+00
    39    0.6868672968E+00
    40    0.6022784304E+00
    41    0.7163866804E+00
    42    0.7702485311E+00
    43    0.7556871252E+00
    44    0.6722815567E+00
    45    0.7719351876E+00
    46    0.8519791028E+00
    47    0.8306998592E+00
    48    0.8398610026E+00
    49    0.8406927499E+00
    50    0.1056524690E+01
    51    0.9701034287E+00
    52    0.9793012025E+00
    53    0.1205306060E+01
    54    0.1171469497E+01
    55    0.1206719479E+01
    56    0.1389865019E+01
    57    0.1298065385E+01
    58    0.1517084663E+01
    59    0.1375617920E+01
    60    0.1548102635E+01
    61    0.1378485456E+01
    62    0.1484560428E+01
    63    0.1292431861E+01
    64    0.1359033252E+01
    65    0.1179247550E+01
    66    0.1160816598E+01
    67    0.1138508142E+01
    68    0.1000858618E+01
    69    0.9469640828E+00
    70    0.9778696246E+00
    71    0.8744619879E+00
    72    0.8255615628E+00
    73    0.8149887998E+00
    74    0.7893741833E+00
    75    0.7875946182E+00
    76    0.6894369012E+00
    77    0.7495995295E+00
    78    0.6960090029E+00
    79    0.7247245498E+00
    80    0.6570001387E+00
    81    0.7023485921E+00
    82    0.6460067047E+00
    83    0.7198756259E+00
    84    0.6681735348E+00
    85    0.6962484367E+00
    86    0.6322769599E+00
    87    0.7570377725E+00
    88    0.7125298987E+00
    89    0.7369916047E+00
    90    0.6744874573E+00
    91    0.8157565242E+00
    92    0.8315773325E+00
    93    0.7779967376E+00
    94    0.8358549391E+00
    95    0.9363241338E+00
    96    0.9675831677E+00
    97    0.8966097153E+00
    98    0.1124455130E+01
    99    0.1114968120E+01
   100    0.1116096394E+01
   101    0.1320011335E+01
   102    0.1240476852E+01
   103    0.1442746622E+01
   104    0.1373832195E+01
   105    0.1506346429E+01
   106    0.1429831331E+01
   107    0.1501094201E+01
   108    0.1376959204E+01
   109    0.1415566387E+01
   110    0.1273852194E+01
   111    0.1233559519E+01
   112    0.1218774615E+01
   113    0.1022875124E+01
   114    0.1089891394E+01
   115    0.1001589213E+01
   116    0.8670387033E+00
   117    0.9289154887E+00
   118    0.8677142559E+00
   119    0.7634415696E+00
   120    0.8284907418E+00
   121    0.7314439776E+00
   122    0.7864010012E+00
   123    0.6552245804E+00
   124    0.7743532657E+00
   125    0.6407119268E+00
   126    0.7430027091E+00
   127    0.6138202424E+00
   128    0.7579077659E+00
   129    0.6088622446E+00
   130    0.7292509717E+00
   131    0.6204457622E+00
   132    0.7727001275E+00
   133    0.6312607319E+00
   134    0.7463445714E+00
   135    0.6710453499E+00
   136    0.8316736494E+00
   137    0.6872050500E+00
   138    0.8243393529E+00
   139    0.7925441647E+00
   140    0.9131062055E+00
   141    0.8453251243E+00
   142    0.9201702616E+00
   143    0.1065894596E+01
   144    0.9988209606E+00
   145    0.1116999461E+01
   146    0.1224818262E+01
   147    0.1216047823E+01
   148    0.1396399868E+01
   149    0.1339952917E+01
   150    0.1472145166E+01
   151    0.1404457270E+01
   152    0.1503698570E+01
   153    0.1438071579E+01
   154    0.1462178647E+01
   155    0.1359637494E+01
   156    0.1305723689E+01
   157    0.1190278338E+01
   158    0.1160664364E+01
   159    0.1071091842E+01
   160    0.1022163379E+01
   161    0.9748745288E+00
   162    0.9147414222E+00
   163    0.8804060473E+00
   164    0.8645370464E+00
   165    0.7942366089E+00
   166    0.7861895576E+00
   167    0.7873611962E+00
   168    0.7344954416E+00
   169    0.7197666194E+00
   170    0.7137029056E+00
   171    0.7390974048E+00
   172    0.6757686446E+00
   173    0.6828162457E+00
   174    0.6884751956E+00
   175    0.7504325654E+00
   176    0.7043817607E+00
   177    0.7216614407E+00
   178    0.7100528288E+00
   179    0.7590042227E+00
   180    0.7320626836E+00
   181    0.7904640293E+00
   182    0.8396952609E+00
   183    0.9027890982E+00
   184    0.9032754603E+00
   185    0.9572910392E+00
   186    0.1046987417E+01
   187    0.1052165771E+01
   188    0.1112348354E+01
   189    0.1166844823E+01
   190    0.1193878956E+01
   191    0.1239259076E+01
   192    0.1195971975E+01
   193    0.1213965994E+01
   194    0.1237915129E+01
   195    0.1267880917E+01
   196    0.1238621153E+01
   197    0.1290234217E+01
   198    0.1235687955E+01
   199    0.1084521508E+01
   200    0.1088898781E+01
   201    0.1072672263E+01
   202    0.1077521096E+01
   203    0.1085032625E+01
   204    0.1046452754E+01
   205    0.1025842280E+01
   206    0.1007174157E+01
   207    0.9734607692E+00
   208    0.9572693136E+00
   209    0.9504388941E+00
   210    0.9241155429E+00
   211    0.9115861430E+00
   212    0.9066041250E+00
   213    0.8834407182E+00
   214    0.9062282617E+00
   215    0.9098651557E+00
   216    0.8898315223E+00
   217    0.9001906165E+00
   218    0.8834780388E+00
   219    0.8647999340E+00
   220    0.9203855414E+00
   221    0.9126962244E+00
   222    0.8719441958E+00
   223    0.8750494616E+00
   224    0.8922324578E+00
   225    0.9849588982E+00
   226    0.9677783430E+00
   227    0.8930499818E+00
   228    0.8961371814E+00
   229    0.9259820000E+00
   230    0.9750210900E+00
   231    0.9966172923E+00
   232    0.9380818345E+00
   233    0.9130979321E+00
   234    0.9534624159E+00
   235    0.9813372434E+00
   236    0.9959818943E+00
   237    0.1000249115E+01
   238    0.9759175534E+00
   239    0.9571267004E+00
   240    0.9757204454E+00
   241    0.1000911358E+01
   242    0.1009390034E+01
   243    0.1004437816E+01
   244    0.9984703226E+00
   245    0.1002668470E+01
   246    0.9991985606E+00
   247    0.1001182090E+01
   248    0.1008652925E+01
   249    0.1006993946E+01
   250    0.1003327140E+01
   251    0.1013986744E+01
   252    0.1018698293E+01
   253    0.1013979991E+01
   254    0.1017549021E+01
   255    0.1023590614E+01
   256    0.1018055884E+01
   257    0.1010407233E+01
   258    0.1004769229E+01
   259    0.1010972439E+01
   260    0.1017009339E+01
   261    0.1016652096E+01
   262    0.1017512446E+01
   263    0.1017235821E+01
   264    0.1015989488E+01
   265    0.1017083330E+01
   266    0.1017316820E+01
   267    0.1016450768E+01
   268    0.1019504749E+01
   269    0.1021904638E+01
   270    0.1023680921E+01
   271    0.1026448109E+01
   272    0.1021058185E+01
   273    0.1013891115E+01
   274    0.1011624801E+01
   275    0.1013608918E+01
   276    0.1015415816E+01
   277    0.1014808603E+01
   278    0.1014913986E+01
   279    0.1014340252E+01
   280    0.1012305414E+01
   281    0.1011790055E+01
   282    0.1012190319E+01
   283    0.1010893761E+01
   284    0.1009566445E+01
   285    0.1009466198E+01
   286    0.1009009978E+01
   287    0.1008604213E+01
   288    0.1011236500E+01
   289    0.1012703553E+01
   290    0.1009815127E+01
   291    0.1007036217E+01
   292    0.1006147502E+01
   293    0.1006162205E+01
   294    0.1006742318E+01
   295    0.1006608809E+01
   296    0.1006181248E+01
   297    0.1005522187E+01
   298    0.1004660909E+01
   299    0.1004601846E+01
   300    0.1004623861E+01
   301    0.1004302333E+01
   302    0.1003796694E+01
   303    0.1003597660E+01
   304    0.1003439903E+01
   305    0.1002898008E+01
   306    0.1002852986E+01
   307    0.1002812433E+01
   308    0.1002503653E+01
   309    0.1002080861E+01
   310    0.1001987906E+01
   311    0.1001861441E+01
   312    0.1001642554E+01
   313    0.1001509051E+01
   314    0.1001377936E+01
   315    0.1001212376E+01
   316    0.1001096993E+01
   317    0.1001039869E+01
   318    0.1000984500E+01
   319    0.1000880577E+01
   320    0.1000737430E+01
   321    0.1000637984E+01
   322    0.1000617212E+01
   323    0.1000545499E+01
   324    0.1000504353E+01
   325    0.1000437337E+01
   326    0.1000362478E+01
   327    0.1000342469E+01
   328    0.1000328699E+01
   329    0.1000281810E+01
   330    0.1000245107E+01
   331    0.1000213288E+01
   332    0.1000198672E+01
   333    0.1000186654E+01
   334    0.1000151294E+01
   335    0.1000129389E+01
   336    0.1000119104E+01
   337    0.1000100073E+01
   338    0.1000084477E+01
   339    0.1000083459E+01
   340    0.1000072378E+01
   341    0.1000057283E+01
   342    0.1000054010E+01
   343    0.1000047304E+01
   344    0.1000040272E+01
   345    0.1000034605E+01
   346    0.1000029682E+01
   347    0.1000026096E+01
   348    0.1000022618E+01
   349    0.1000020344E+01
   350    0.1000017359E+01
   351    0.1000015273E+01
   352    0.1000012851E+01
   353    0.1000010178E+01
   354    0.1000008748E+01
   355    0.1000008078E+01
   356    0.1000006657E+01
   357    0.1000005718E+01
   358    0.1000005448E+01
   359    0.1000004564E+01
   360    0.1000003684E+01
   361    0.1000002922E+01
   362    0.1000002612E+01
   363    0.1000002245E+01
   364    0.1000001924E+01
   365    0.1000001648E+01
   366    0.1000001394E+01
   367    0.1000001138E+01
   368    0.1000000911E+01
   369    0.1000000797E+01
   370    0.1000000685E+01
   371    0.1000000591E+01
   372    0.1000000477E+01
   373    0.1000000393E+01
   374    0.1000000347E+01
   375    0.1000000303E+01
   376    0.1000000243E+01
   377    0.1000000195E+01
   378    0.1000000160E+01
   379    0.1000000128E+01
   380    0.1000000111E+01
   381    0.1000000096E+01
   382    0.1000000081E+01
   383    0.1000000064E+01
   384    0.1000000050E+01
   385    0.1000000041E+01
   386    0.1000000036E+01
   387    0.1000000031E+01
   388    0.1000000025E+01
   389    0.1000000020E+01
   390    0.1000000016E+01
   391    0.1000000013E+01
   392    0.1000000011E+01
   393    0.1000000009E+01
   394    0.1000000007E+01
   395    0.1000000006E+01
   396    0.1000000005E+01
   397    0.1000000004E+01
   398    0.1000000003E+01
   399    0.1000000003E+01
   400    0.1000000002E+01
   401    0.1000000002E+01
   402    0.1000000001E+01
   403    0.1000000001E+01
   404    0.1000000001E+01
   405    0.1000000001E+01
   406    0.1000000001E+01
   407    0.1000000000E+01
   408    0.1000000000E+01
   409    0.1000000000E+01
   410    0.1000000000E+01
   411    0.1000000000E+01
   412    0.1000000000E+01
   413    0.1000000000E+01
   414    0.1000000000E+01
   415    0.1000000000E+01
   416    0.1000000000E+01
   417    0.1000000000E+01
   418    0.1000000000E+01
   419    0.1000000000E+01
   420    0.1000000000E+01
   421    0.1000000000E+01
   422    0.1000000000E+01
   423    0.1000000000E+01
   424    0.1000000000E+01
   425    0.1000000000E+01
   426    0.1000000000E+01
   427    0.1000000000E+01
   428    0.1000000000E+01
   429    0.1000000000E+01
   430    0.1000000000E+01
   431    0.1000000000E+01
   432    0.1000000000E+01
   433    0.1000000000E+01
   434    0.1000000000E+01
   435    0.1000000000E+01
   436    0.1000000000E+01
   437    0.1000000000E+01
   438    0.1000000000E+01
   439    0.1000000000E+01
   440    0.1000000000E+01
   441    0.1000000000E+01
   442    0.1000000000E+01
   443    0.1000000000E+01
   444    0.1000000000E+01
   445    0.1000000000E+01
   446    0.1000000000E+01
   447    0.1000000000E+01
   448    0.1000000000E+01
   449    0.1000000000E+01
   450    0.1000000000E+01
   451    0.1000000000E+01
   452    0.1000000000E+01
   453    0.1000000000E+01
   454    0.1000000000E+01
   455    0.1000000000E+01
   456    0.1000000000E+01
   457    0.1000000000E+01
   458    0.1000000000E+01
   459    0.1000000000E+01
   460    0.1000000000E+01
   461    0.1000000000E+01
   462    0.1000000000E+01
   463    0.1000000000E+01
   464    0.1000000000E+01
   465    0.1000000000E+01
   466    0.1000000000E+01
   467    0.1000000000E+01
   468    0.1000000000E+01
   469    0.1000000000E+01
   470    0.1000000000E+01
   471    0.1000000000E+01
   472    0.1000000000E+01
   473    0.1000000000E+01
   474    0.1000000000E+01
   475    0.1000000000E+01
   476    0.1000000000E+01
   477    0.1000000000E+01
   478    0.1000000000E+01
   479    0.1000000000E+01
   480    0.1000000000E+01
   481    0.1000000000E+01
   482    0.1000000000E+01
   483    0.1000000000E+01
   484    0.1000000000E+01
   485    0.1000000000E+01
   486    0.1000000000E+01
   487    0.1000000000E+01
   488    0.1000000000E+01
   489    0.1000000000E+01
   490    0.1000000000E+01
   491    0.1000000000E+01
   492    0.1000000000E+01
   493    0.1000000000E+01
   494    0.1000000000E+01
   495    0.1000000000E+01
   496    0.1000000000E+01
   497    0.1000000000E+01
   498    0.1000000000E+01
   499    0.1000000000E+01
   500    0.8359375000E+00
   501    0.1640625000E+00
   502    0.0000000000E+00
