    -1    0.0000000000E+00
     0    0.1411097722E+00
     1    0.7127290417E+00
     2    0.5998896188E+00
     3    0.1174247985E+00
     4    0.3307825099E+00
     5    0.5812451588E+00
     6    0.5549813403E+00
     7    0.3544107563E+00
     8    0.7038209854E+00
     9    0.8666541588E+00
    10    0.4714373300E+00
    11    0.5651239271E+00
    12    0.5244136866E+00
    13    0.3309293009E+00
    14    0.9050239182E+00
    15    0.4364989759E+00
    16    0.3603377620E+00
    17    0.5539001001E+00
    18    0.6675640993E+00
    19    0.4948777724E+00
    20    0.4982396787E+00
    21    0.1112412254E+01
    22    0.1093627831E+01
    23    0.7636569591E+00
    24    0.1392062797E+01
    25    0.1229493039E+01
    26    0.1306507617E+01
    27    0.1292268773E+01
    28    0.1794880005E+01
    29    0.1402111105E+01
    30    0.1963854031E+01
    31    0.1895204682E+01
    32    0.2138758356E+01
    33    0.1992891713E+01
    34    0.1146112958E+01
    35    0.1173663100E+01
    36    0.1255648647E+01
    37    0.7519410702E+00
    38    0.7163503256E+00
    39    0.8537150973E+00
    40    0.6458113978E+00
    41    0.7059284956E+00
    42    0.6104320441E+00
    43    0.5548793094E+00
    44    0.4729833503E+00
    45    0.6300380522E+00
    46    0.6827810458E+00
    47    0.3932989782E+00
    48    0.3378575550E+00
    49    0.4511214980E+00
    50    0.4752881580E+00
    51    0.5983442172E+00
    52    0.5241581499E+00
    53    0.2306533201E+00
    54    0.3607548413E+00
    55    0.3961012450E+00
    56    0.5805961170E+00
    57    0.3833753123E+00
    58    0.4703164839E+00
    59    0.5843173504E+00
    60    0.3713555934E+00
    61    0.3912040375E+00
    62    0.3801768325E+00
    63    0.2166178518E+00
    64    0.7652035573E+00
    65    0.6505663648E+00
    66    0.4038498522E+00
    67    0.2318662518E+00
    68    0.5921289271E+00
    69    0.6542565551E+00
    70    0.7541063689E+00
    71    0.7902532445E+00
    72    0.5875788220E+00
    73    0.7368024618E+00
    74    0.9718179101E+00
    75    0.9748184611E+00
    76    0.1068202704E+01
    77    0.9985818842E+00
    78    0.1705232101E+01
    79    0.1832800002E+01
    80    0.2074931943E+01
    81    0.2302170928E+01
    82    0.2306408563E+01
    83    0.2148543275E+01
    84    0.1894472342E+01
    85    0.1534925180E+01
    86    0.1423738211E+01
    87    0.1089078919E+01
    88    0.9904238208E+00
    89    0.9699725153E+00
    90    0.7601805166E+00
    91    0.7507499200E+00
    92    0.6159511697E+00
    93    0.6807680493E+00
    94    0.5935916318E+00
    95    0.5740860668E+00
    96    0.4830858465E+00
    97    0.4936119228E+00
    98    0.5202058473E+00
    99    0.4793553974E+00
   100    0.5005295622E+00
   101    0.3859276531E+00
   102    0.4258518961E+00
   103    0.4466973607E+00
   104    0.4443288228E+00
   105    0.4819115540E+00
   106    0.3585675999E+00
   107    0.3940415128E+00
   108    0.4432535117E+00
   109    0.3930661808E+00
   110    0.5387438258E+00
   111    0.3637817978E+00
   112    0.4116298106E+00
   113    0.4605727548E+00
   114    0.4089402318E+00
   115    0.5747993834E+00
   116    0.4716808273E+00
   117    0.4383708843E+00
   118    0.5341560041E+00
   119    0.5365980206E+00
   120    0.6132660678E+00
   121    0.6834891854E+00
   122    0.5198126069E+00
   123    0.7429053001E+00
   124    0.7912889156E+00
   125    0.9386996119E+00
   126    0.8103554035E+00
   127    0.1128736923E+01
   128    0.1332983555E+01
   129    0.1497226817E+01
   130    0.1862463539E+01
   131    0.2102006508E+01
   132    0.2208935737E+01
   133    0.2192221867E+01
   134    0.2053349538E+01
   135    0.1811319593E+01
   136    0.1629281514E+01
   137    0.1332731435E+01
   138    0.1235360440E+01
   139    0.1069212258E+01
   140    0.8938276182E+00
   141    0.8554374776E+00
   142    0.7878203289E+00
   143    0.7316120215E+00
   144    0.6110190875E+00
   145    0.6306762336E+00
   146    0.5812848841E+00
   147    0.5613149665E+00
   148    0.5749349462E+00
   149    0.4341442221E+00
   150    0.5256247583E+00
   151    0.4985153153E+00
   152    0.4629148655E+00
   153    0.5076068514E+00
   154    0.3934557848E+00
   155    0.4677203919E+00
   156    0.4689465258E+00
   157    0.4289304337E+00
   158    0.5042684448E+00
   159    0.3864246996E+00
   160    0.4693028363E+00
   161    0.4720402079E+00
   162    0.4429122499E+00
   163    0.5368453856E+00
   164    0.4414379574E+00
   165    0.4836125450E+00
   166    0.5138537819E+00
   167    0.5616095128E+00
   168    0.5996483024E+00
   169    0.6295866964E+00
   170    0.6012087868E+00
   171    0.7854575056E+00
   172    0.1034677279E+01
   173    0.1115528453E+01
   174    0.1223760913E+01
   175    0.1256706891E+01
   176    0.1314747244E+01
   177    0.1343430013E+01
   178    0.1439733499E+01
   179    0.1355657739E+01
   180    0.1375014451E+01
   181    0.1598845757E+01
   182    0.1637620806E+01
   183    0.1465574582E+01
   184    0.1369545118E+01
   185    0.1537803677E+01
   186    0.1507432122E+01
   187    0.1254691429E+01
   188    0.1093676858E+01
   189    0.1052271039E+01
   190    0.1058585678E+01
   191    0.1051016159E+01
   192    0.1029420411E+01
   193    0.9847239810E+00
   194    0.9512763096E+00
   195    0.9168400993E+00
   196    0.8646099741E+00
   197    0.8257248283E+00
   198    0.7966328911E+00
   199    0.7800620747E+00
   200    0.7779408872E+00
   201    0.7642201486E+00
   202    0.7985863334E+00
   203    0.8361844551E+00
   204    0.7781193088E+00
   205    0.7517082564E+00
   206    0.7260425066E+00
   207    0.7329789607E+00
   208    0.7931861081E+00
   209    0.8548930453E+00
   210    0.7919107861E+00
   211    0.8495643593E+00
   212    0.9216960631E+00
   213    0.8814935522E+00
   214    0.8113712265E+00
   215    0.8212632160E+00
   216    0.1071209936E+01
   217    0.1238527725E+01
   218    0.9314735547E+00
   219    0.8330882241E+00
   220    0.8915848786E+00
   221    0.1060291172E+01
   222    0.1128956865E+01
   223    0.9444668894E+00
   224    0.8952944161E+00
   225    0.9661726023E+00
   226    0.1020067892E+01
   227    0.1042303269E+01
   228    0.1015005037E+01
   229    0.9507257474E+00
   230    0.9511378568E+00
   231    0.1003014468E+01
   232    0.1042318115E+01
   233    0.1029799312E+01
   234    0.1006465276E+01
   235    0.1001582796E+01
   236    0.9984534131E+00
   237    0.1000006475E+01
   238    0.1015072056E+01
   239    0.1018859683E+01
   240    0.1002160234E+01
   241    0.1013853256E+01
   242    0.1033594973E+01
   243    0.1023216370E+01
   244    0.1024305345E+01
   245    0.1025512996E+01
   246    0.1015255294E+01
   247    0.1003742112E+01
   248    0.1001562605E+01
   249    0.1009949493E+01
   250    0.1017932178E+01
   251    0.1020568316E+01
   252    0.1019108283E+01
   253    0.1016846221E+01
   254    0.1017111246E+01
   255    0.1019500944E+01
   256    0.1017164708E+01
   257    0.1021729620E+01
   258    0.1030638000E+01
   259    0.1029397596E+01
   260    0.1023505384E+01
   261    0.1020497813E+01
   262    0.1014129204E+01
   263    0.1008487580E+01
   264    0.1009416147E+01
   265    0.1013813860E+01
   266    0.1014780520E+01
   267    0.1014567334E+01
   268    0.1014291983E+01
   269    0.1011939856E+01
   270    0.1010252708E+01
   271    0.1011152307E+01
   272    0.1010337253E+01
   273    0.1008316527E+01
   274    0.1008193465E+01
   275    0.1008920619E+01
   276    0.1009577177E+01
   277    0.1012910002E+01
   278    0.1013264759E+01
   279    0.1008853006E+01
   280    0.1006285049E+01
   281    0.1005420448E+01
   282    0.1005766689E+01
   283    0.1006194734E+01
   284    0.1006366547E+01
   285    0.1006001341E+01
   286    0.1005202829E+01
   287    0.1004556814E+01
   288    0.1004424406E+01
   289    0.1004458977E+01
   290    0.1004063326E+01
   291    0.1003777242E+01
   292    0.1003472527E+01
   293    0.1003239229E+01
   294    0.1002818773E+01
   295    0.1002887644E+01
   296    0.1002706187E+01
   297    0.1002384634E+01
   298    0.1002005952E+01
   299    0.1001913055E+01
   300    0.1001791048E+01
   301    0.1001565392E+01
   302    0.1001456976E+01
   303    0.1001312595E+01
   304    0.1001148527E+01
   305    0.1001042869E+01
   306    0.1001038899E+01
   307    0.1000970418E+01
   308    0.1000840019E+01
   309    0.1000672677E+01
   310    0.1000622114E+01
   311    0.1000593205E+01
   312    0.1000529150E+01
   313    0.1000485781E+01
   314    0.1000403970E+01
   315    0.1000340469E+01
   316    0.1000339038E+01
   317    0.1000319748E+01
   318    0.1000269281E+01
   319    0.1000232029E+01
   320    0.1000202829E+01
   321    0.1000202434E+01
   322    0.1000179986E+01
   323    0.1000138888E+01
   324    0.1000125893E+01
   325    0.1000113946E+01
   326    0.1000091330E+01
   327    0.1000081778E+01
   328    0.1000084265E+01
   329    0.1000065478E+01
   330    0.1000054581E+01
   331    0.1000053345E+01
   332    0.1000044644E+01
   333    0.1000038198E+01
   334    0.1000032832E+01
   335    0.1000028028E+01
   336    0.1000024828E+01
   337    0.1000021778E+01
   338    0.1000019619E+01
   339    0.1000016642E+01
   340    0.1000014858E+01
   341    0.1000011851E+01
   342    0.1000009112E+01
   343    0.1000008475E+01
   344    0.1000007698E+01
   345    0.1000006034E+01
   346    0.1000005702E+01
   347    0.1000005346E+01
   348    0.1000004358E+01
   349    0.1000003370E+01
   350    0.1000002708E+01
   351    0.1000002512E+01
   352    0.1000002126E+01
   353    0.1000001851E+01
   354    0.1000001563E+01
   355    0.1000001334E+01
   356    0.1000001028E+01
   357    0.1000000846E+01
   358    0.1000000762E+01
   359    0.1000000650E+01
   360    0.1000000559E+01
   361    0.1000000438E+01
   362    0.1000000375E+01
   363    0.1000000339E+01
   364    0.1000000288E+01
   365    0.1000000227E+01
   366    0.1000000183E+01
   367    0.1000000145E+01
   368    0.1000000119E+01
   369    0.1000000105E+01
   370    0.1000000093E+01
   371    0.1000000077E+01
   372    0.1000000058E+01
   373    0.1000000045E+01
   374    0.1000000039E+01
   375    0.1000000034E+01
   376    0.1000000030E+01
   377    0.1000000024E+01
   378    0.1000000018E+01
   379    0.1000000015E+01
   380    0.1000000012E+01
   381    0.1000000010E+01
   382    0.1000000008E+01
   383    0.1000000007E+01
   384    0.1000000005E+01
   385    0.1000000004E+01
   386    0.1000000004E+01
   387    0.1000000003E+01
   388    0.1000000002E+01
   389    0.1000000002E+01
   390    0.1000000002E+01
   391    0.1000000001E+01
   392    0.1000000001E+01
   393    0.1000000001E+01
   394    0.1000000001E+01
   395    0.1000000001E+01
   396    0.1000000000E+01
   397    0.1000000000E+01
   398    0.1000000000E+01
   399    0.1000000000E+01
   400    0.1000000000E+01
   401    0.1000000000E+01
   402    0.1000000000E+01
   403    0.1000000000E+01
   404    0.1000000000E+01
   405    0.1000000000E+01
   406    0.1000000000E+01
   407    0.1000000000E+01
   408    0.1000000000E+01
   409    0.1000000000E+01
   410    0.1000000000E+01
   411    0.1000000000E+01
   412    0.1000000000E+01
   413    0.1000000000E+01
   414    0.1000000000E+01
   415    0.1000000000E+01
   416    0.1000000000E+01
   417    0.1000000000E+01
   418    0.1000000000E+01
   419    0.1000000000E+01
   420    0.1000000000E+01
   421    0.1000000000E+01
   422    0.1000000000E+01
   423    0.1000000000E+01
   424    0.1000000000E+01
   425    0.1000000000E+01
   426    0.1000000000E+01
   427    0.1000000000E+01
   428    0.1000000000E+01
   429    0.1000000000E+01
   430    0.1000000000E+01
   431    0.1000000000E+01
   432    0.1000000000E+01
   433    0.1000000000E+01
   434    0.1000000000E+01
   435    0.1000000000E+01
   436    0.1000000000E+01
   437    0.1000000000E+01
   438    0.1000000000E+01
   439    0.1000000000E+01
   440    0.1000000000E+01
   441    0.1000000000E+01
   442    0.1000000000E+01
   443    0.1000000000E+01
   444    0.1000000000E+01
   445    0.1000000000E+01
   446    0.1000000000E+01
   447    0.1000000000E+01
   448    0.1000000000E+01
   449    0.1000000000E+01
   450    0.1000000000E+01
   451    0.1000000000E+01
   452    0.1000000000E+01
   453    0.1000000000E+01
   454    0.1000000000E+01
   455    0.1000000000E+01
   456    0.1000000000E+01
   457    0.1000000000E+01
   458    0.1000000000E+01
   459    0.1000000000E+01
   460    0.1000000000E+01
   461    0.1000000000E+01
   462    0.1000000000E+01
   463    0.1000000000E+01
   464    0.1000000000E+01
   465    0.1000000000E+01
   466    0.1000000000E+01
   467    0.1000000000E+01
   468    0.1000000000E+01
   469    0.1000000000E+01
   470    0.1000000000E+01
   471    0.1000000000E+01
   472    0.1000000000E+01
   473    0.1000000000E+01
   474    0.1000000000E+01
   475    0.1000000000E+01
   476    0.1000000000E+01
   477    0.1000000000E+01
   478    0.1000000000E+01
   479    0.1000000000E+01
   480    0.1000000000E+01
   481    0.1000000000E+01
   482    0.1000000000E+01
   483    0.1000000000E+01
   484    0.1000000000E+01
   485    0.1000000000E+01
   486    0.1000000000E+01
   487    0.1000000000E+01
   488    0.1000000000E+01
   489    0.1000000000E+01
   490    0.1000000000E+01
   491    0.1000000000E+01
   492    0.1000000000E+01
   493    0.1000000000E+01
   494    0.1000000000E+01
   495    0.1000000000E+01
   496    0.1000000000E+01
   497    0.1000000000E+01
   498    0.1000000000E+01
   499    0.1000000000E+01
   500    0.8359375000E+00
   501    0.1640625000E+00
   502    0.0000000000E+00
