    -1    0.0000000000E+00
     0    0.2157482478E+00
     1    0.6308272582E+00
     2    0.7487432561E+00
     3    0.8461710882E+00
     4    0.8753999457E+00
     5    0.7255047113E+00
     6    0.8229927868E+00
     7    0.9900339184E+00
     8    0.8430591615E+00
     9    0.8209028897E+00
    10    0.1067204791E+01
    11    0.9852382416E+00
    12    0.8900556625E+00
    13    0.1178790491E+01
    14    0.1079609962E+01
    15    0.1028085419E+01
    16    0.1329034882E+01
    17    0.1096068274E+01
    18    0.1290565318E+01
    19    0.1280669313E+01
    20    0.1233205629E+01
    21    0.1371980094E+01
    22    0.1191427405E+01
    23    0.1371234933E+01
    24    0.1185422994E+01
    25    0.1225663944E+01
    26    0.1230105003E+01
    27    0.1069092233E+01
    28    0.1155272136E+01
    29    0.1063984854E+01
    30    0.9772257338E+00
    31    0.1018858924E+01
    32    0.9679475010E+00
    33    0.8848549275E+00
    34    0.8988897724E+00
    35    0.9023428522E+00
    36    0.8122981466E+00
    37    0.8281595504E+00
    38    0.8242877749E+00
    39    0.8066744336E+00
    40    0.7889831174E+00
    41    0.7764496008E+00
    42    0.7608955824E+00
    43    0.7718775949E+00
    44    0.8099519632E+00
    45    0.7614776956E+00
    46    0.7444799616E+00
    47    0.7917086323E+00
    48    0.8343450687E+00
    49    0.7852523076E+00
    50    0.7753675951E+00
    51    0.8899794643E+00
    52    0.8746609919E+00
    53    0.8054569994E+00
    54    0.9186268923E+00
    55    0.1005216077E+01
    56    0.8969895060E+00
    57    0.9817899763E+00
    58    0.1122814786E+01
    59    0.1000958725E+01
    60    0.1120956145E+01
    61    0.1223626846E+01
    62    0.1101095153E+01
    63    0.1315701426E+01
    64    0.1204042162E+01
    65    0.1300502657E+01
    66    0.1312129719E+01
    67    0.1243865035E+01
    68    0.1350302172E+01
    69    0.1192382782E+01
    70    0.1296703327E+01
    71    0.1166121788E+01
    72    0.1151665640E+01
    73    0.1168227872E+01
    74    0.1028172719E+01
    75    0.1059796249E+01
    76    0.1028877897E+01
    77    0.9266218275E+00
    78    0.9455353679E+00
    79    0.9206570688E+00
    80    0.8723410708E+00
    81    0.8362365678E+00
    82    0.8503750785E+00
    83    0.8395693003E+00
    84    0.7764274924E+00
    85    0.8066428912E+00
    86    0.7674690472E+00
    87    0.7898098601E+00
    88    0.7715074901E+00
    89    0.7868916400E+00
    90    0.7422527862E+00
    91    0.7825854036E+00
    92    0.7909762385E+00
    93    0.7897414348E+00
    94    0.7850307746E+00
    95    0.8090222111E+00
    96    0.8600455574E+00
    97    0.8050107977E+00
    98    0.8636762182E+00
    99    0.9279332867E+00
   100    0.9084464309E+00
   101    0.9149393281E+00
   102    0.1019030295E+01
   103    0.1023105368E+01
   104    0.1011235978E+01
   105    0.1149546358E+01
   106    0.1116057526E+01
   107    0.1155959151E+01
   108    0.1273016470E+01
   109    0.1186392667E+01
   110    0.1326434931E+01
   111    0.1253501611E+01
   112    0.1313558321E+01
   113    0.1296932111E+01
   114    0.1250276880E+01
   115    0.1287537378E+01
   116    0.1175673774E+01
   117    0.1220473269E+01
   118    0.1129811664E+01
   119    0.1075474199E+01
   120    0.1091501670E+01
   121    0.1006927437E+01
   122    0.9646749864E+00
   123    0.9726860523E+00
   124    0.9173143913E+00
   125    0.8720346253E+00
   126    0.8853963417E+00
   127    0.8463800039E+00
   128    0.8132052780E+00
   129    0.7973033877E+00
   130    0.8073492064E+00
   131    0.8010679127E+00
   132    0.7814849654E+00
   133    0.7658166184E+00
   134    0.7468423011E+00
   135    0.7902287852E+00
   136    0.7795406335E+00
   137    0.7956720218E+00
   138    0.7402826756E+00
   139    0.8078792802E+00
   140    0.8108415935E+00
   141    0.8201901952E+00
   142    0.8314619084E+00
   143    0.8708966266E+00
   144    0.8976729571E+00
   145    0.8602561708E+00
   146    0.9603709815E+00
   147    0.1000498608E+01
   148    0.9658239716E+00
   149    0.1063976192E+01
   150    0.1121165387E+01
   151    0.1094834247E+01
   152    0.1207188175E+01
   153    0.1202640010E+01
   154    0.1241947753E+01
   155    0.1304638892E+01
   156    0.1240066812E+01
   157    0.1324114711E+01
   158    0.1292752683E+01
   159    0.1302016513E+01
   160    0.1262711750E+01
   161    0.1230788029E+01
   162    0.1189867802E+01
   163    0.1123541416E+01
   164    0.1110426949E+01
   165    0.1059648321E+01
   166    0.1018557482E+01
   167    0.9959653811E+00
   168    0.9528959147E+00
   169    0.9250121235E+00
   170    0.9021216515E+00
   171    0.8748785057E+00
   172    0.8585922956E+00
   173    0.8348568503E+00
   174    0.8189034209E+00
   175    0.8014684566E+00
   176    0.8017994774E+00
   177    0.8074507293E+00
   178    0.7917004161E+00
   179    0.8089308679E+00
   180    0.8070307525E+00
   181    0.7975602772E+00
   182    0.7969181550E+00
   183    0.8247899583E+00
   184    0.8347011708E+00
   185    0.8451403623E+00
   186    0.8896387588E+00
   187    0.9319674517E+00
   188    0.9382070199E+00
   189    0.9668929460E+00
   190    0.1018871496E+01
   191    0.1028691802E+01
   192    0.1056268978E+01
   193    0.1109554249E+01
   194    0.1107106821E+01
   195    0.1134454965E+01
   196    0.1155980059E+01
   197    0.1140367960E+01
   198    0.1173433525E+01
   199    0.1156769943E+01
   200    0.1154626111E+01
   201    0.1211185216E+01
   202    0.1165807656E+01
   203    0.1097216227E+01
   204    0.1074330958E+01
   205    0.1068532796E+01
   206    0.1073745053E+01
   207    0.1060437732E+01
   208    0.1040883128E+01
   209    0.1027712870E+01
   210    0.1008014024E+01
   211    0.9886587372E+00
   212    0.9752541350E+00
   213    0.9638556576E+00
   214    0.9490639275E+00
   215    0.9372059616E+00
   216    0.9261192105E+00
   217    0.9323604343E+00
   218    0.9212580367E+00
   219    0.9135398266E+00
   220    0.9299813378E+00
   221    0.9089365021E+00
   222    0.8904209694E+00
   223    0.9338551241E+00
   224    0.9301611424E+00
   225    0.8757057876E+00
   226    0.8833826361E+00
   227    0.9131745408E+00
   228    0.9599131952E+00
   229    0.9462912500E+00
   230    0.9051194599E+00
   231    0.9087316646E+00
   232    0.9174393699E+00
   233    0.9591050852E+00
   234    0.9842944705E+00
   235    0.9515266563E+00
   236    0.9254484249E+00
   237    0.9450718532E+00
   238    0.9661831089E+00
   239    0.9718435688E+00
   240    0.9817234781E+00
   241    0.9806213865E+00
   242    0.9650601121E+00
   243    0.9699974709E+00
   244    0.9914296284E+00
   245    0.9974950483E+00
   246    0.9989569193E+00
   247    0.9982798174E+00
   248    0.9967966136E+00
   249    0.9999268371E+00
   250    0.9978521181E+00
   251    0.1003495914E+01
   252    0.1005623307E+01
   253    0.1003373738E+01
   254    0.1005675123E+01
   255    0.1016265230E+01
   256    0.1012590736E+01
   257    0.1012504791E+01
   258    0.1019166691E+01
   259    0.1020057274E+01
   260    0.1013802919E+01
   261    0.1008241592E+01
   262    0.1007486294E+01
   263    0.1014683280E+01
   264    0.1016071255E+01
   265    0.1016171876E+01
   266    0.1017686969E+01
   267    0.1016405519E+01
   268    0.1016700039E+01
   269    0.1017538172E+01
   270    0.1016394856E+01
   271    0.1016724296E+01
   272    0.1018929137E+01
   273    0.1019118531E+01
   274    0.1023184793E+01
   275    0.1025916636E+01
   276    0.1019480602E+01
   277    0.1013462251E+01
   278    0.1013088536E+01
   279    0.1015024691E+01
   280    0.1015653239E+01
   281    0.1014872494E+01
   282    0.1015038292E+01
   283    0.1013991567E+01
   284    0.1012517398E+01
   285    0.1012374270E+01
   286    0.1012263866E+01
   287    0.1010904152E+01
   288    0.1009971832E+01
   289    0.1009968112E+01
   290    0.1009140657E+01
   291    0.1008664870E+01
   292    0.1011007168E+01
   293    0.1012055797E+01
   294    0.1009593815E+01
   295    0.1007217158E+01
   296    0.1006399151E+01
   297    0.1006336827E+01
   298    0.1006884591E+01
   299    0.1006675635E+01
   300    0.1006153616E+01
   301    0.1005496810E+01
   302    0.1004709143E+01
   303    0.1004654282E+01
   304    0.1004646578E+01
   305    0.1004299603E+01
   306    0.1003801570E+01
   307    0.1003588583E+01
   308    0.1003441839E+01
   309    0.1002918173E+01
   310    0.1002841990E+01
   311    0.1002793583E+01
   312    0.1002495435E+01
   313    0.1002076229E+01
   314    0.1001990202E+01
   315    0.1001869450E+01
   316    0.1001637059E+01
   317    0.1001507813E+01
   318    0.1001381388E+01
   319    0.1001213260E+01
   320    0.1001100435E+01
   321    0.1001042535E+01
   322    0.1000973675E+01
   323    0.1000871173E+01
   324    0.1000738751E+01
   325    0.1000642987E+01
   326    0.1000614512E+01
   327    0.1000546343E+01
   328    0.1000500868E+01
   329    0.1000435441E+01
   330    0.1000365765E+01
   331    0.1000343523E+01
   332    0.1000325376E+01
   333    0.1000280213E+01
   334    0.1000243983E+01
   335    0.1000213186E+01
   336    0.1000198235E+01
   337    0.1000183296E+01
   338    0.1000150074E+01
   339    0.1000130127E+01
   340    0.1000118071E+01
   341    0.1000099775E+01
   342    0.1000085316E+01
   343    0.1000082702E+01
   344    0.1000071358E+01
   345    0.1000057670E+01
   346    0.1000053708E+01
   347    0.1000046815E+01
   348    0.1000040139E+01
   349    0.1000034464E+01
   350    0.1000029617E+01
   351    0.1000026033E+01
   352    0.1000022540E+01
   353    0.1000020191E+01
   354    0.1000017206E+01
   355    0.1000015120E+01
   356    0.1000012745E+01
   357    0.1000010200E+01
   358    0.1000008805E+01
   359    0.1000008046E+01
   360    0.1000006629E+01
   361    0.1000005734E+01
   362    0.1000005367E+01
   363    0.1000004491E+01
   364    0.1000003649E+01
   365    0.1000002932E+01
   366    0.1000002609E+01
   367    0.1000002230E+01
   368    0.1000001910E+01
   369    0.1000001634E+01
   370    0.1000001382E+01
   371    0.1000001131E+01
   372    0.1000000914E+01
   373    0.1000000797E+01
   374    0.1000000682E+01
   375    0.1000000584E+01
   376    0.1000000475E+01
   377    0.1000000393E+01
   378    0.1000000344E+01
   379    0.1000000299E+01
   380    0.1000000241E+01
   381    0.1000000193E+01
   382    0.1000000160E+01
   383    0.1000000128E+01
   384    0.1000000110E+01
   385    0.1000000096E+01
   386    0.1000000080E+01
   387    0.1000000064E+01
   388    0.1000000050E+01
   389    0.1000000041E+01
   390    0.1000000035E+01
   391    0.1000000031E+01
   392    0.1000000025E+01
   393    0.1000000020E+01
   394    0.1000000016E+01
   395    0.1000000013E+01
   396    0.1000000011E+01
   397    0.1000000009E+01
   398    0.1000000007E+01
   399    0.1000000006E+01
   400    0.1000000005E+01
   401    0.1000000004E+01
   402    0.1000000003E+01
   403    0.1000000003E+01
   404    0.1000000002E+01
   405    0.1000000002E+01
   406    0.1000000001E+01
   407    0.1000000001E+01
   408    0.1000000001E+01
   409    0.1000000001E+01
   410    0.1000000001E+01
   411    0.1000000000E+01
   412    0.1000000000E+01
   413    0.1000000000E+01
   414    0.1000000000E+01
   415    0.1000000000E+01
   416    0.1000000000E+01
   417    0.1000000000E+01
   418    0.1000000000E+01
   419    0.1000000000E+01
   420    0.1000000000E+01
   421    0.1000000000E+01
   422    0.1000000000E+01
   423    0.1000000000E+01
   424    0.1000000000E+01
   425    0.1000000000E+01
   426    0.1000000000E+01
   427    0.1000000000E+01
   428    0.1000000000E+01
   429    0.1000000000E+01
   430    0.1000000000E+01
   431    0.1000000000E+01
   432    0.1000000000E+01
   433    0.1000000000E+01
   434    0.1000000000E+01
   435    0.1000000000E+01
   436    0.1000000000E+01
   437    0.1000000000E+01
   438    0.1000000000E+01
   439    0.1000000000E+01
   440    0.1000000000E+01
   441    0.1000000000E+01
   442    0.1000000000E+01
   443    0.1000000000E+01
   444    0.1000000000E+01
   445    0.1000000000E+01
   446    0.1000000000E+01
   447    0.1000000000E+01
   448    0.1000000000E+01
   449    0.1000000000E+01
   450    0.1000000000E+01
   451    0.1000000000E+01
   452    0.1000000000E+01
   453    0.1000000000E+01
   454    0.1000000000E+01
   455    0.1000000000E+01
   456    0.1000000000E+01
   457    0.1000000000E+01
   458    0.1000000000E+01
   459    0.1000000000E+01
   460    0.1000000000E+01
   461    0.1000000000E+01
   462    0.1000000000E+01
   463    0.1000000000E+01
   464    0.1000000000E+01
   465    0.1000000000E+01
   466    0.1000000000E+01
   467    0.1000000000E+01
   468    0.1000000000E+01
   469    0.1000000000E+01
   470    0.1000000000E+01
   471    0.1000000000E+01
   472    0.1000000000E+01
   473    0.1000000000E+01
   474    0.1000000000E+01
   475    0.1000000000E+01
   476    0.1000000000E+01
   477    0.1000000000E+01
   478    0.1000000000E+01
   479    0.1000000000E+01
   480    0.1000000000E+01
   481    0.1000000000E+01
   482    0.1000000000E+01
   483    0.1000000000E+01
   484    0.1000000000E+01
   485    0.1000000000E+01
   486    0.1000000000E+01
   487    0.1000000000E+01
   488    0.1000000000E+01
   489    0.1000000000E+01
   490    0.1000000000E+01
   491    0.1000000000E+01
   492    0.1000000000E+01
   493    0.1000000000E+01
   494    0.1000000000E+01
   495    0.1000000000E+01
   496    0.1000000000E+01
   497    0.1000000000E+01
   498    0.1000000000E+01
   499    0.1000000000E+01
   500    0.8359375000E+00
   501    0.1640625000E+00
   502    0.0000000000E+00
