    -1    0.0000000000E+00
     0    0.2209612169E+00
     1    0.8538158889E+00
     2    0.9375275087E+00
     3    0.9433804501E+00
     4    0.9215724702E+00
     5    0.9208894870E+00
     6    0.9278865175E+00
     7    0.8951131748E+00
     8    0.9197821545E+00
     9    0.9162524028E+00
    10    0.8956547133E+00
    11    0.9234985565E+00
    12    0.9119684243E+00
    13    0.9140968197E+00
    14    0.9301818879E+00
    15    0.9251272043E+00
    16    0.9493007890E+00
    17    0.9459205573E+00
    18    0.9542027062E+00
    19    0.9849531420E+00
    20    0.9788557203E+00
    21    0.9915976932E+00
    22    0.1021833779E+01
    23    0.1022271036E+01
    24    0.1030889885E+01
    25    0.1057600767E+01
    26    0.1065271890E+01
    27    0.1069560254E+01
    28    0.1082874523E+01
    29    0.1097279906E+01
    30    0.1093725236E+01
    31    0.1097214596E+01
    32    0.1098823313E+01
    33    0.1098038047E+01
    34    0.1096976732E+01
    35    0.1083684362E+01
    36    0.1078159816E+01
    37    0.1074028085E+01
    38    0.1058340534E+01
    39    0.1035838454E+01
    40    0.1036285155E+01
    41    0.1024252889E+01
    42    0.9923458421E+00
    43    0.9934550151E+00
    44    0.9886507857E+00
    45    0.9524857632E+00
    46    0.9585938792E+00
    47    0.9500557324E+00
    48    0.9271600143E+00
    49    0.9327092475E+00
    50    0.9141272602E+00
    51    0.9218931928E+00
    52    0.9116813844E+00
    53    0.9027472170E+00
    54    0.9198114542E+00
    55    0.9070069303E+00
    56    0.9038114250E+00
    57    0.9252342962E+00
    58    0.9132148883E+00
    59    0.9222664379E+00
    60    0.9312115312E+00
    61    0.9391332225E+00
    62    0.9575638038E+00
    63    0.9484739839E+00
    64    0.9778601166E+00
    65    0.9935319801E+00
    66    0.9836090631E+00
    67    0.1016332317E+01
    68    0.1034023405E+01
    69    0.1025346650E+01
    70    0.1055889079E+01
    71    0.1068647904E+01
    72    0.1070048547E+01
    73    0.1089005211E+01
    74    0.1090632468E+01
    75    0.1093984403E+01
    76    0.1104017353E+01
    77    0.1095763514E+01
    78    0.1096583301E+01
    79    0.1100313483E+01
    80    0.1083354474E+01
    81    0.1080550430E+01
    82    0.1070858398E+01
    83    0.1059946159E+01
    84    0.1042277603E+01
    85    0.1029628380E+01
    86    0.1021148100E+01
    87    0.1001590964E+01
    88    0.9879380208E+00
    89    0.9834761564E+00
    90    0.9635444212E+00
    91    0.9500002491E+00
    92    0.9500502760E+00
    93    0.9309747756E+00
    94    0.9238930400E+00
    95    0.9222090231E+00
    96    0.9154119525E+00
    97    0.9110432005E+00
    98    0.9087922398E+00
    99    0.9116049782E+00
   100    0.9090559967E+00
   101    0.9073437696E+00
   102    0.9173911682E+00
   103    0.9189847250E+00
   104    0.9189428927E+00
   105    0.9304680933E+00
   106    0.9416285485E+00
   107    0.9493871080E+00
   108    0.9577980623E+00
   109    0.9744475785E+00
   110    0.9872316320E+00
   111    0.9936250721E+00
   112    0.1013001580E+01
   113    0.1028576401E+01
   114    0.1033046868E+01
   115    0.1054148369E+01
   116    0.1068403687E+01
   117    0.1072080399E+01
   118    0.1087612705E+01
   119    0.1093757020E+01
   120    0.1094459009E+01
   121    0.1101820813E+01
   122    0.1100599945E+01
   123    0.1096118347E+01
   124    0.1098430218E+01
   125    0.1087825770E+01
   126    0.1078471110E+01
   127    0.1075097752E+01
   128    0.1057972012E+01
   129    0.1039453505E+01
   130    0.1034949025E+01
   131    0.1020003600E+01
   132    0.9977882115E+00
   133    0.9932161188E+00
   134    0.9820936120E+00
   135    0.9581172100E+00
   136    0.9570052856E+00
   137    0.9485495122E+00
   138    0.9265490442E+00
   139    0.9295592190E+00
   140    0.9195495912E+00
   141    0.9135050708E+00
   142    0.9137214390E+00
   143    0.9085257970E+00
   144    0.9107902847E+00
   145    0.9097952702E+00
   146    0.9088249949E+00
   147    0.9176481748E+00
   148    0.9179160340E+00
   149    0.9237295253E+00
   150    0.9329382465E+00
   151    0.9406528498E+00
   152    0.9555061470E+00
   153    0.9585508651E+00
   154    0.9771390487E+00
   155    0.9945278023E+00
   156    0.9956458702E+00
   157    0.1019157466E+01
   158    0.1036627024E+01
   159    0.1037693715E+01
   160    0.1064099571E+01
   161    0.1074261864E+01
   162    0.1078132707E+01
   163    0.1100677743E+01
   164    0.1096045971E+01
   165    0.1101248932E+01
   166    0.1115290671E+01
   167    0.1104546937E+01
   168    0.1106181746E+01
   169    0.1108033264E+01
   170    0.1090402608E+01
   171    0.1088546270E+01
   172    0.1075558572E+01
   173    0.1057234462E+01
   174    0.1050465238E+01
   175    0.1033565422E+01
   176    0.1018667653E+01
   177    0.1010615004E+01
   178    0.9942855323E+00
   179    0.9802452886E+00
   180    0.9731608722E+00
   181    0.9602608758E+00
   182    0.9514952595E+00
   183    0.9428481531E+00
   184    0.9350556118E+00
   185    0.9381043381E+00
   186    0.9254864979E+00
   187    0.9289628326E+00
   188    0.9344255888E+00
   189    0.9208004936E+00
   190    0.9291960165E+00
   191    0.9382333809E+00
   192    0.9405723868E+00
   193    0.9503005013E+00
   194    0.9602245245E+00
   195    0.9705669123E+00
   196    0.9790853032E+00
   197    0.9880044303E+00
   198    0.1003330967E+01
   199    0.1011198550E+01
   200    0.1019508027E+01
   201    0.1036482148E+01
   202    0.1042933625E+01
   203    0.1050778857E+01
   204    0.1062702551E+01
   205    0.1061867130E+01
   206    0.1065068995E+01
   207    0.1070929027E+01
   208    0.1064750921E+01
   209    0.1074355320E+01
   210    0.1073877781E+01
   211    0.1049049095E+01
   212    0.1046800669E+01
   213    0.1046225483E+01
   214    0.1035549836E+01
   215    0.1033094379E+01
   216    0.1026334256E+01
   217    0.1014229306E+01
   218    0.1005442124E+01
   219    0.9983528724E+00
   220    0.9882372742E+00
   221    0.9787907455E+00
   222    0.9725333957E+00
   223    0.9653367270E+00
   224    0.9589802879E+00
   225    0.9570322682E+00
   226    0.9514530665E+00
   227    0.9423996183E+00
   228    0.9443297900E+00
   229    0.9536577028E+00
   230    0.9503263894E+00
   231    0.9280456334E+00
   232    0.9206102480E+00
   233    0.9265745353E+00
   234    0.9453388352E+00
   235    0.9662182285E+00
   236    0.9350672853E+00
   237    0.9108022546E+00
   238    0.9293009176E+00
   239    0.9518485186E+00
   240    0.9643260033E+00
   241    0.9523816764E+00
   242    0.9306978158E+00
   243    0.9365856720E+00
   244    0.9589424411E+00
   245    0.9705770281E+00
   246    0.9728505060E+00
   247    0.9690679794E+00
   248    0.9612004992E+00
   249    0.9582147919E+00
   250    0.9634338756E+00
   251    0.9757096661E+00
   252    0.9843142043E+00
   253    0.9861832665E+00
   254    0.9899091574E+00
   255    0.9933699647E+00
   256    0.9926079424E+00
   257    0.9927564312E+00
   258    0.9969401957E+00
   259    0.9988907407E+00
   260    0.9969838871E+00
   261    0.1002748625E+01
   262    0.1006108835E+01
   263    0.1007506482E+01
   264    0.1007841917E+01
   265    0.1010905794E+01
   266    0.1012770874E+01
   267    0.1014100622E+01
   268    0.1010332286E+01
   269    0.1008550770E+01
   270    0.1012029972E+01
   271    0.1013822775E+01
   272    0.1013431831E+01
   273    0.1016093004E+01
   274    0.1015357071E+01
   275    0.1015344338E+01
   276    0.1018287681E+01
   277    0.1017081573E+01
   278    0.1016644954E+01
   279    0.1018651514E+01
   280    0.1016221059E+01
   281    0.1015186787E+01
   282    0.1019009460E+01
   283    0.1022189541E+01
   284    0.1019513299E+01
   285    0.1016222331E+01
   286    0.1014596087E+01
   287    0.1016104342E+01
   288    0.1016411100E+01
   289    0.1015252174E+01
   290    0.1015163224E+01
   291    0.1014643615E+01
   292    0.1013063317E+01
   293    0.1013405073E+01
   294    0.1013063751E+01
   295    0.1011678647E+01
   296    0.1010903061E+01
   297    0.1011126034E+01
   298    0.1010269673E+01
   299    0.1009297708E+01
   300    0.1009702745E+01
   301    0.1010390989E+01
   302    0.1010225186E+01
   303    0.1008585025E+01
   304    0.1007314917E+01
   305    0.1006809712E+01
   306    0.1006934410E+01
   307    0.1006849112E+01
   308    0.1006506424E+01
   309    0.1005888248E+01
   310    0.1005151152E+01
   311    0.1004819128E+01
   312    0.1004732195E+01
   313    0.1004549639E+01
   314    0.1004029235E+01
   315    0.1003730216E+01
   316    0.1003542078E+01
   317    0.1003221162E+01
   318    0.1002867942E+01
   319    0.1002836454E+01
   320    0.1002610683E+01
   321    0.1002288922E+01
   322    0.1002057599E+01
   323    0.1001932120E+01
   324    0.1001770511E+01
   325    0.1001583397E+01
   326    0.1001447120E+01
   327    0.1001312722E+01
   328    0.1001175531E+01
   329    0.1001069343E+01
   330    0.1001006479E+01
   331    0.1000914701E+01
   332    0.1000801599E+01
   333    0.1000695082E+01
   334    0.1000641491E+01
   335    0.1000577455E+01
   336    0.1000523192E+01
   337    0.1000471341E+01
   338    0.1000403008E+01
   339    0.1000357043E+01
   340    0.1000337114E+01
   341    0.1000299644E+01
   342    0.1000260160E+01
   343    0.1000229834E+01
   344    0.1000203966E+01
   345    0.1000188796E+01
   346    0.1000164642E+01
   347    0.1000138704E+01
   348    0.1000124977E+01
   349    0.1000109399E+01
   350    0.1000092767E+01
   351    0.1000084095E+01
   352    0.1000076845E+01
   353    0.1000063751E+01
   354    0.1000055907E+01
   355    0.1000050056E+01
   356    0.1000043093E+01
   357    0.1000037279E+01
   358    0.1000032069E+01
   359    0.1000027880E+01
   360    0.1000024282E+01
   361    0.1000021243E+01
   362    0.1000018516E+01
   363    0.1000015920E+01
   364    0.1000013849E+01
   365    0.1000011494E+01
   366    0.1000009589E+01
   367    0.1000008538E+01
   368    0.1000007364E+01
   369    0.1000006142E+01
   370    0.1000005541E+01
   371    0.1000004798E+01
   372    0.1000004014E+01
   373    0.1000003284E+01
   374    0.1000002783E+01
   375    0.1000002425E+01
   376    0.1000002052E+01
   377    0.1000001759E+01
   378    0.1000001483E+01
   379    0.1000001257E+01
   380    0.1000001021E+01
   381    0.1000000861E+01
   382    0.1000000741E+01
   383    0.1000000629E+01
   384    0.1000000527E+01
   385    0.1000000431E+01
   386    0.1000000367E+01
   387    0.1000000316E+01
   388    0.1000000265E+01
   389    0.1000000215E+01
   390    0.1000000176E+01
   391    0.1000000145E+01
   392    0.1000000121E+01
   393    0.1000000102E+01
   394    0.1000000087E+01
   395    0.1000000071E+01
   396    0.1000000057E+01
   397    0.1000000046E+01
   398    0.1000000039E+01
   399    0.1000000033E+01
   400    0.1000000027E+01
   401    0.1000000022E+01
   402    0.1000000018E+01
   403    0.1000000014E+01
   404    0.1000000012E+01
   405    0.1000000010E+01
   406    0.1000000008E+01
   407    0.1000000007E+01
   408    0.1000000005E+01
   409    0.1000000004E+01
   410    0.1000000004E+01
   411    0.1000000003E+01
   412    0.1000000002E+01
   413    0.1000000002E+01
   414    0.1000000002E+01
   415    0.1000000001E+01
   416    0.1000000001E+01
   417    0.1000000001E+01
   418    0.1000000001E+01
   419    0.1000000001E+01
   420    0.1000000000E+01
   421    0.1000000000E+01
   422    0.1000000000E+01
   423    0.1000000000E+01
   424    0.1000000000E+01
   425    0.1000000000E+01
   426    0.1000000000E+01
   427    0.1000000000E+01
   428    0.1000000000E+01
   429    0.1000000000E+01
   430    0.1000000000E+01
   431    0.1000000000E+01
   432    0.1000000000E+01
   433    0.1000000000E+01
   434    0.1000000000E+01
   435    0.1000000000E+01
   436    0.1000000000E+01
   437    0.1000000000E+01
   438    0.1000000000E+01
   439    0.1000000000E+01
   440    0.1000000000E+01
   441    0.1000000000E+01
   442    0.1000000000E+01
   443    0.1000000000E+01
   444    0.1000000000E+01
   445    0.1000000000E+01
   446    0.1000000000E+01
   447    0.1000000000E+01
   448    0.1000000000E+01
   449    0.1000000000E+01
   450    0.1000000000E+01
   451    0.1000000000E+01
   452    0.1000000000E+01
   453    0.1000000000E+01
   454    0.1000000000E+01
   455    0.1000000000E+01
   456    0.1000000000E+01
   457    0.1000000000E+01
   458    0.1000000000E+01
   459    0.1000000000E+01
   460    0.1000000000E+01
   461    0.1000000000E+01
   462    0.1000000000E+01
   463    0.1000000000E+01
   464    0.1000000000E+01
   465    0.1000000000E+01
   466    0.1000000000E+01
   467    0.1000000000E+01
   468    0.1000000000E+01
   469    0.1000000000E+01
   470    0.1000000000E+01
   471    0.1000000000E+01
   472    0.1000000000E+01
   473    0.1000000000E+01
   474    0.1000000000E+01
   475    0.1000000000E+01
   476    0.1000000000E+01
   477    0.1000000000E+01
   478    0.1000000000E+01
   479    0.1000000000E+01
   480    0.1000000000E+01
   481    0.1000000000E+01
   482    0.1000000000E+01
   483    0.1000000000E+01
   484    0.1000000000E+01
   485    0.1000000000E+01
   486    0.1000000000E+01
   487    0.1000000000E+01
   488    0.1000000000E+01
   489    0.1000000000E+01
   490    0.1000000000E+01
   491    0.1000000000E+01
   492    0.1000000000E+01
   493    0.1000000000E+01
   494    0.1000000000E+01
   495    0.1000000000E+01
   496    0.1000000000E+01
   497    0.1000000000E+01
   498    0.1000000000E+01
   499    0.1000000000E+01
   500    0.8359375000E+00
   501    0.1640625000E+00
   502    0.0000000000E+00
