    -1    0.0000000000E+00
     0    0.2794398263E+00
     1    0.9437714593E+00
     2    0.1013300236E+01
     3    0.1005552204E+01
     4    0.1000181586E+01
     5    0.9980595687E+00
     6    0.9920251720E+00
     7    0.9869367936E+00
     8    0.9833977887E+00
     9    0.9800415462E+00
    10    0.9765369267E+00
    11    0.9717702015E+00
    12    0.9713945157E+00
    13    0.9703105723E+00
    14    0.9651892694E+00
    15    0.9669630655E+00
    16    0.9689679414E+00
    17    0.9646338892E+00
    18    0.9672085293E+00
    19    0.9726560880E+00
    20    0.9698306397E+00
    21    0.9724952206E+00
    22    0.9810247276E+00
    23    0.9801792348E+00
    24    0.9826339757E+00
    25    0.9926438989E+00
    26    0.9937580735E+00
    27    0.9960234976E+00
    28    0.1006119151E+01
    29    0.1008388300E+01
    30    0.1010634942E+01
    31    0.1019200580E+01
    32    0.1021516152E+01
    33    0.1023772874E+01
    34    0.1029419194E+01
    35    0.1031041514E+01
    36    0.1032514885E+01
    37    0.1034345979E+01
    38    0.1034850791E+01
    39    0.1034777960E+01
    40    0.1033194727E+01
    41    0.1032451599E+01
    42    0.1030300646E+01
    43    0.1025846521E+01
    44    0.1024274661E+01
    45    0.1020242157E+01
    46    0.1013706275E+01
    47    0.1011774630E+01
    48    0.1007000010E+01
    49    0.9991148114E+00
    50    0.9972271050E+00
    51    0.9933525818E+00
    52    0.9848039434E+00
    53    0.9832267223E+00
    54    0.9816610166E+00
    55    0.9733373912E+00
    56    0.9719857865E+00
    57    0.9735929852E+00
    58    0.9665458401E+00
    59    0.9650534230E+00
    60    0.9700530259E+00
    61    0.9653865255E+00
    62    0.9633324041E+00
    63    0.9713087998E+00
    64    0.9699069001E+00
    65    0.9671810594E+00
    66    0.9771341151E+00
    67    0.9794555085E+00
    68    0.9769045893E+00
    69    0.9869187176E+00
    70    0.9923719445E+00
    71    0.9902162322E+00
    72    0.1000008718E+01
    73    0.1006423234E+01
    74    0.1005361545E+01
    75    0.1014156462E+01
    76    0.1019319406E+01
    77    0.1019908409E+01
    78    0.1026351476E+01
    79    0.1028925015E+01
    80    0.1031429976E+01
    81    0.1033758015E+01
    82    0.1033045547E+01
    83    0.1037227502E+01
    84    0.1034649386E+01
    85    0.1031064844E+01
    86    0.1036503766E+01
    87    0.1028857213E+01
    88    0.1023084101E+01
    89    0.1029506818E+01
    90    0.1017666340E+01
    91    0.1010625628E+01
    92    0.1017534098E+01
    93    0.1003665859E+01
    94    0.9960077022E+00
    95    0.1002950355E+01
    96    0.9895533057E+00
    97    0.9822254779E+00
    98    0.9883335233E+00
    99    0.9775906579E+00
   100    0.9716460633E+00
   101    0.9762004398E+00
   102    0.9694105321E+00
   103    0.9658427322E+00
   104    0.9686757803E+00
   105    0.9654956473E+00
   106    0.9655960762E+00
   107    0.9669322316E+00
   108    0.9662580142E+00
   109    0.9706073965E+00
   110    0.9710880213E+00
   111    0.9722110370E+00
   112    0.9800243156E+00
   113    0.9810477496E+00
   114    0.9826649447E+00
   115    0.9924515251E+00
   116    0.9948856315E+00
   117    0.9959216699E+00
   118    0.1006623774E+01
   119    0.1010225481E+01
   120    0.1009930483E+01
   121    0.1020362426E+01
   122    0.1024148856E+01
   123    0.1022053454E+01
   124    0.1031489330E+01
   125    0.1033840823E+01
   126    0.1029915715E+01
   127    0.1037419711E+01
   128    0.1036972561E+01
   129    0.1031380643E+01
   130    0.1037549384E+01
   131    0.1033219916E+01
   132    0.1026005571E+01
   133    0.1031819112E+01
   134    0.1023209339E+01
   135    0.1015359444E+01
   136    0.1020910468E+01
   137    0.1008892363E+01
   138    0.1002012076E+01
   139    0.1006561687E+01
   140    0.9937727013E+00
   141    0.9885652741E+00
   142    0.9915673382E+00
   143    0.9802161823E+00
   144    0.9774598822E+00
   145    0.9784026371E+00
   146    0.9699952105E+00
   147    0.9708000790E+00
   148    0.9695192502E+00
   149    0.9646002900E+00
   150    0.9689145179E+00
   151    0.9664189257E+00
   152    0.9644190001E+00
   153    0.9720496172E+00
   154    0.9696340046E+00
   155    0.9696700706E+00
   156    0.9796152967E+00
   157    0.9788487175E+00
   158    0.9806554258E+00
   159    0.9909905824E+00
   160    0.9927031967E+00
   161    0.9945972234E+00
   162    0.1005297861E+01
   163    0.1008731554E+01
   164    0.1010285187E+01
   165    0.1020637454E+01
   166    0.1024149392E+01
   167    0.1024479907E+01
   168    0.1033603774E+01
   169    0.1036569387E+01
   170    0.1035346713E+01
   171    0.1041487463E+01
   172    0.1043885605E+01
   173    0.1040066143E+01
   174    0.1043362210E+01
   175    0.1044766796E+01
   176    0.1037791602E+01
   177    0.1037337678E+01
   178    0.1038203450E+01
   179    0.1030602482E+01
   180    0.1027088323E+01
   181    0.1025342842E+01
   182    0.1017851524E+01
   183    0.1013908542E+01
   184    0.1011548274E+01
   185    0.1006022629E+01
   186    0.1000081339E+01
   187    0.9974655419E+00
   188    0.9956749678E+00
   189    0.9892969544E+00
   190    0.9860571571E+00
   191    0.9874992474E+00
   192    0.9836458729E+00
   193    0.9810443275E+00
   194    0.9858827734E+00
   195    0.9829160527E+00
   196    0.9801493595E+00
   197    0.9854121563E+00
   198    0.9863221621E+00
   199    0.9864144957E+00
   200    0.9939139186E+00
   201    0.9985792073E+00
   202    0.9977553318E+00
   203    0.1004911187E+01
   204    0.1010431866E+01
   205    0.1009391510E+01
   206    0.1013988380E+01
   207    0.1020176661E+01
   208    0.1021294101E+01
   209    0.1024715312E+01
   210    0.1030927767E+01
   211    0.1028822723E+01
   212    0.1028945053E+01
   213    0.1034386247E+01
   214    0.1031776546E+01
   215    0.1029114815E+01
   216    0.1033595741E+01
   217    0.1025120469E+01
   218    0.1018690334E+01
   219    0.1024550142E+01
   220    0.1016510233E+01
   221    0.1009642433E+01
   222    0.1013712747E+01
   223    0.1005199000E+01
   224    0.9959827295E+00
   225    0.9994717318E+00
   226    0.9925506765E+00
   227    0.9819239091E+00
   228    0.9830679920E+00
   229    0.9766043382E+00
   230    0.9660410412E+00
   231    0.9663550205E+00
   232    0.9649027418E+00
   233    0.9597340324E+00
   234    0.9625512950E+00
   235    0.9671769897E+00
   236    0.9549638750E+00
   237    0.9452185657E+00
   238    0.9455332548E+00
   239    0.9483479176E+00
   240    0.9544863192E+00
   241    0.9617078655E+00
   242    0.9504777666E+00
   243    0.9379963754E+00
   244    0.9399565433E+00
   245    0.9493962756E+00
   246    0.9614005933E+00
   247    0.9635694275E+00
   248    0.9507977703E+00
   249    0.9473528621E+00
   250    0.9494658416E+00
   251    0.9554470173E+00
   252    0.9686140909E+00
   253    0.9745416289E+00
   254    0.9683961802E+00
   255    0.9646358471E+00
   256    0.9661663807E+00
   257    0.9694584409E+00
   258    0.9759387805E+00
   259    0.9786916275E+00
   260    0.9797009850E+00
   261    0.9845527681E+00
   262    0.9874649181E+00
   263    0.9870346830E+00
   264    0.9916160546E+00
   265    0.9948640549E+00
   266    0.9934033606E+00
   267    0.9962238139E+00
   268    0.1001271468E+01
   269    0.1000824184E+01
   270    0.1003501227E+01
   271    0.1004967190E+01
   272    0.1007419890E+01
   273    0.1009255558E+01
   274    0.1009920697E+01
   275    0.1008181958E+01
   276    0.1009572991E+01
   277    0.1011753554E+01
   278    0.1012365039E+01
   279    0.1013542930E+01
   280    0.1013932891E+01
   281    0.1014200265E+01
   282    0.1015562756E+01
   283    0.1016093505E+01
   284    0.1016123195E+01
   285    0.1017585402E+01
   286    0.1017944416E+01
   287    0.1016820966E+01
   288    0.1016400806E+01
   289    0.1016341258E+01
   290    0.1017906289E+01
   291    0.1018352375E+01
   292    0.1016921079E+01
   293    0.1015843825E+01
   294    0.1016758003E+01
   295    0.1016208639E+01
   296    0.1015390804E+01
   297    0.1015538982E+01
   298    0.1014967059E+01
   299    0.1013532591E+01
   300    0.1013713953E+01
   301    0.1013641491E+01
   302    0.1012344418E+01
   303    0.1011640596E+01
   304    0.1011605657E+01
   305    0.1011045781E+01
   306    0.1010219943E+01
   307    0.1009940208E+01
   308    0.1009756166E+01
   309    0.1009562669E+01
   310    0.1009158733E+01
   311    0.1008123476E+01
   312    0.1007391035E+01
   313    0.1007101132E+01
   314    0.1006959989E+01
   315    0.1006598245E+01
   316    0.1006129442E+01
   317    0.1005556498E+01
   318    0.1005047353E+01
   319    0.1004851735E+01
   320    0.1004639615E+01
   321    0.1004231114E+01
   322    0.1003872257E+01
   323    0.1003628334E+01
   324    0.1003368734E+01
   325    0.1003017754E+01
   326    0.1002854724E+01
   327    0.1002665078E+01
   328    0.1002409843E+01
   329    0.1002155339E+01
   330    0.1001994205E+01
   331    0.1001833538E+01
   332    0.1001661280E+01
   333    0.1001506638E+01
   334    0.1001368463E+01
   335    0.1001240149E+01
   336    0.1001118134E+01
   337    0.1001025598E+01
   338    0.1000940754E+01
   339    0.1000840643E+01
   340    0.1000739548E+01
   341    0.1000665728E+01
   342    0.1000606542E+01
   343    0.1000541125E+01
   344    0.1000489258E+01
   345    0.1000432254E+01
   346    0.1000378262E+01
   347    0.1000344652E+01
   348    0.1000312208E+01
   349    0.1000273692E+01
   350    0.1000241198E+01
   351    0.1000213485E+01
   352    0.1000192861E+01
   353    0.1000171385E+01
   354    0.1000147518E+01
   355    0.1000130384E+01
   356    0.1000115284E+01
   357    0.1000099599E+01
   358    0.1000087455E+01
   359    0.1000079229E+01
   360    0.1000068221E+01
   361    0.1000058703E+01
   362    0.1000052300E+01
   363    0.1000045300E+01
   364    0.1000039366E+01
   365    0.1000034058E+01
   366    0.1000029496E+01
   367    0.1000025656E+01
   368    0.1000022226E+01
   369    0.1000019499E+01
   370    0.1000016657E+01
   371    0.1000014483E+01
   372    0.1000012394E+01
   373    0.1000010363E+01
   374    0.1000008992E+01
   375    0.1000007851E+01
   376    0.1000006595E+01
   377    0.1000005730E+01
   378    0.1000005012E+01
   379    0.1000004227E+01
   380    0.1000003548E+01
   381    0.1000002979E+01
   382    0.1000002566E+01
   383    0.1000002178E+01
   384    0.1000001858E+01
   385    0.1000001571E+01
   386    0.1000001332E+01
   387    0.1000001110E+01
   388    0.1000000925E+01
   389    0.1000000790E+01
   390    0.1000000666E+01
   391    0.1000000563E+01
   392    0.1000000466E+01
   393    0.1000000390E+01
   394    0.1000000332E+01
   395    0.1000000280E+01
   396    0.1000000231E+01
   397    0.1000000190E+01
   398    0.1000000157E+01
   399    0.1000000130E+01
   400    0.1000000109E+01
   401    0.1000000092E+01
   402    0.1000000076E+01
   403    0.1000000062E+01
   404    0.1000000050E+01
   405    0.1000000042E+01
   406    0.1000000035E+01
   407    0.1000000029E+01
   408    0.1000000024E+01
   409    0.1000000019E+01
   410    0.1000000016E+01
   411    0.1000000013E+01
   412    0.1000000010E+01
   413    0.1000000009E+01
   414    0.1000000007E+01
   415    0.1000000006E+01
   416    0.1000000005E+01
   417    0.1000000004E+01
   418    0.1000000003E+01
   419    0.1000000002E+01
   420    0.1000000002E+01
   421    0.1000000002E+01
   422    0.1000000001E+01
   423    0.1000000001E+01
   424    0.1000000001E+01
   425    0.1000000001E+01
   426    0.1000000001E+01
   427    0.1000000000E+01
   428    0.1000000000E+01
   429    0.1000000000E+01
   430    0.1000000000E+01
   431    0.1000000000E+01
   432    0.1000000000E+01
   433    0.1000000000E+01
   434    0.1000000000E+01
   435    0.1000000000E+01
   436    0.1000000000E+01
   437    0.1000000000E+01
   438    0.1000000000E+01
   439    0.1000000000E+01
   440    0.1000000000E+01
   441    0.1000000000E+01
   442    0.1000000000E+01
   443    0.1000000000E+01
   444    0.1000000000E+01
   445    0.1000000000E+01
   446    0.1000000000E+01
   447    0.1000000000E+01
   448    0.1000000000E+01
   449    0.1000000000E+01
   450    0.1000000000E+01
   451    0.1000000000E+01
   452    0.1000000000E+01
   453    0.1000000000E+01
   454    0.1000000000E+01
   455    0.1000000000E+01
   456    0.1000000000E+01
   457    0.1000000000E+01
   458    0.1000000000E+01
   459    0.1000000000E+01
   460    0.1000000000E+01
   461    0.1000000000E+01
   462    0.1000000000E+01
   463    0.1000000000E+01
   464    0.1000000000E+01
   465    0.1000000000E+01
   466    0.1000000000E+01
   467    0.1000000000E+01
   468    0.1000000000E+01
   469    0.1000000000E+01
   470    0.1000000000E+01
   471    0.1000000000E+01
   472    0.1000000000E+01
   473    0.1000000000E+01
   474    0.1000000000E+01
   475    0.1000000000E+01
   476    0.1000000000E+01
   477    0.1000000000E+01
   478    0.1000000000E+01
   479    0.1000000000E+01
   480    0.1000000000E+01
   481    0.1000000000E+01
   482    0.1000000000E+01
   483    0.1000000000E+01
   484    0.1000000000E+01
   485    0.1000000000E+01
   486    0.1000000000E+01
   487    0.1000000000E+01
   488    0.1000000000E+01
   489    0.1000000000E+01
   490    0.1000000000E+01
   491    0.1000000000E+01
   492    0.1000000000E+01
   493    0.1000000000E+01
   494    0.1000000000E+01
   495    0.1000000000E+01
   496    0.1000000000E+01
   497    0.1000000000E+01
   498    0.1000000000E+01
   499    0.1000000000E+01
   500    0.8359375000E+00
   501    0.1640625000E+00
   502    0.0000000000E+00
