    -1    0.0000000000E+00
     0    0.8141483053E-01
     1    0.7162732581E+00
     2    0.8089416485E+00
     3    0.1152966494E+01
     4    0.1149264810E+01
     5    0.1131651249E+01
     6    0.1099178461E+01
     7    0.1124431866E+01
     8    0.8378697922E+00
     9    0.1083800239E+01
    10    0.8446612439E+00
    11    0.4955424129E+00
    12    0.5961428615E+00
    13    0.1132135542E+01
    14    0.1120827337E+01
    15    0.1644040883E+01
    16    0.1934640784E+01
    17    0.1062055667E+01
    18    0.7667396097E+00
    19    0.1129197087E+01
    20    0.1083670930E+01
    21    0.1160156007E+01
    22    0.1142933524E+01
    23    0.7575076171E+00
    24    0.1076029152E+01
    25    0.1025798447E+01
    26    0.1329603377E+01
    27    0.8974972544E+00
    28    0.9479037278E+00
    29    0.6068380090E+00
    30    0.6772691989E+00
    31    0.5880279381E+00
    32    0.5498878586E+00
    33    0.7360283690E+00
    34    0.5052599563E+00
    35    0.8448973657E+00
    36    0.1971944768E+00
    37    0.7392288717E+00
    38    0.6786157305E+00
    39    0.3899173641E+00
    40    0.5768882189E+00
    41    0.6546643860E+00
    42    0.4370311982E+00
    43    0.3007597543E+00
    44    0.4101213072E+00
    45    0.3330255009E+00
    46    0.1657158807E+00
    47    0.4006314273E+00
    48    0.7273064679E+00
    49    0.4261088382E+00
    50    0.6163595536E+00
    51    0.9220464253E+00
    52    0.4873501464E+00
    53    0.4330450166E+00
    54    0.4799278653E+00
    55    0.6848482006E+00
    56    0.7455633152E+00
    57    0.4369490610E+00
    58    0.3741629621E+00
    59    0.1779278539E+01
    60    0.1227199746E+01
    61    0.3785815920E+00
    62    0.1075785679E+01
    63    0.2210683161E+01
    64    0.1167785050E+01
    65    0.1219251362E+01
    66    0.2153979453E+01
    67    0.2406964349E+01
    68    0.2063954919E+01
    69    0.1164098286E+01
    70    0.1023841569E+01
    71    0.8529025738E+00
    72    0.9371100774E+00
    73    0.1109111748E+01
    74    0.1289592264E+01
    75    0.8658418269E+00
    76    0.9324175510E+00
    77    0.8703253699E+00
    78    0.5439082776E+00
    79    0.3932646941E+00
    80    0.8040522212E+00
    81    0.6233503725E+00
    82    0.4663118719E+00
    83    0.1643605518E+00
    84    0.4320456904E+00
    85    0.5711753655E+00
    86    0.4524084501E+00
    87    0.1962897382E+00
    88    0.3595863429E+00
    89    0.5044205728E+00
    90    0.2415583863E+00
    91    0.3318137298E+00
    92    0.4061078486E+00
    93    0.3333558553E+00
    94    0.3836775722E+00
    95    0.2808053110E+00
    96    0.2528036738E+00
    97    0.2468486376E+00
    98    0.4524478433E+00
    99    0.5287346834E+00
   100    0.2594230479E+00
   101    0.1479453549E+00
   102    0.2006617662E+00
   103    0.4579452077E+00
   104    0.5997426505E+00
   105    0.4322584239E+00
   106    0.1131575441E+00
   107    0.3155724691E+00
   108    0.4035879262E+00
   109    0.4912684617E+00
   110    0.5286221789E+00
   111    0.3379240746E+00
   112    0.4456716377E+00
   113    0.6686021783E+00
   114    0.2379944969E+00
   115    0.7609173608E+00
   116    0.8410905955E+00
   117    0.5652503446E+00
   118    0.7395113773E+00
   119    0.1249451782E+01
   120    0.1309076419E+01
   121    0.1574038261E+01
   122    0.2273499643E+01
   123    0.2719341213E+01
   124    0.2865032453E+01
   125    0.2505829282E+01
   126    0.1877908426E+01
   127    0.1736772087E+01
   128    0.1078914884E+01
   129    0.1139673948E+01
   130    0.1001288101E+01
   131    0.7071752798E+00
   132    0.6777656097E+00
   133    0.6946365611E+00
   134    0.5822110839E+00
   135    0.5740346801E+00
   136    0.4838425054E+00
   137    0.4699007754E+00
   138    0.4619436651E+00
   139    0.4601756455E+00
   140    0.4378743485E+00
   141    0.3682777011E+00
   142    0.3944258555E+00
   143    0.3794451316E+00
   144    0.3868490572E+00
   145    0.3807613072E+00
   146    0.3662036915E+00
   147    0.2840034079E+00
   148    0.4248748039E+00
   149    0.3065159245E+00
   150    0.3960794484E+00
   151    0.3611913265E+00
   152    0.2554581689E+00
   153    0.4728565760E+00
   154    0.2549275701E+00
   155    0.4263294895E+00
   156    0.3641476796E+00
   157    0.3314153201E+00
   158    0.4729515817E+00
   159    0.2888587018E+00
   160    0.4522364764E+00
   161    0.4261397084E+00
   162    0.4280621607E+00
   163    0.5254337992E+00
   164    0.3707299959E+00
   165    0.5970777493E+00
   166    0.6419796810E+00
   167    0.7848594561E+00
   168    0.9304868620E+00
   169    0.1251802866E+01
   170    0.1287605718E+01
   171    0.1226209117E+01
   172    0.1427028495E+01
   173    0.1443350410E+01
   174    0.1510673020E+01
   175    0.1550250539E+01
   176    0.1645018615E+01
   177    0.1917917128E+01
   178    0.1714764833E+01
   179    0.1549043991E+01
   180    0.1625850846E+01
   181    0.1527122989E+01
   182    0.1382917380E+01
   183    0.1216918688E+01
   184    0.1063307536E+01
   185    0.9871719009E+00
   186    0.9662027213E+00
   187    0.9445785468E+00
   188    0.9010014394E+00
   189    0.8706953268E+00
   190    0.8424423933E+00
   191    0.8160366257E+00
   192    0.7837084458E+00
   193    0.7172946772E+00
   194    0.6941202781E+00
   195    0.6955343169E+00
   196    0.6487500364E+00
   197    0.6684371725E+00
   198    0.7079699602E+00
   199    0.6900971306E+00
   200    0.7248107411E+00
   201    0.7117819832E+00
   202    0.6745693073E+00
   203    0.6834428414E+00
   204    0.6937988161E+00
   205    0.6980986010E+00
   206    0.8165130122E+00
   207    0.9541328516E+00
   208    0.9368000945E+00
   209    0.9345706299E+00
   210    0.8521696212E+00
   211    0.7916208183E+00
   212    0.8558967066E+00
   213    0.1364040961E+01
   214    0.1214313548E+01
   215    0.8355191071E+00
   216    0.7964640192E+00
   217    0.9033216343E+00
   218    0.1152405579E+01
   219    0.1122312530E+01
   220    0.9128536366E+00
   221    0.8991454448E+00
   222    0.9841523827E+00
   223    0.1041270257E+01
   224    0.1066754795E+01
   225    0.9930621735E+00
   226    0.9356419943E+00
   227    0.9620481222E+00
   228    0.1024038135E+01
   229    0.1060852298E+01
   230    0.1024856273E+01
   231    0.1003888404E+01
   232    0.9958276868E+00
   233    0.9958628345E+00
   234    0.1004344225E+01
   235    0.1027556326E+01
   236    0.1012915326E+01
   237    0.9999944096E+00
   238    0.1031036369E+01
   239    0.1038195121E+01
   240    0.1027186589E+01
   241    0.1023437502E+01
   242    0.1018071430E+01
   243    0.1006702384E+01
   244    0.9993704867E+00
   245    0.1003330389E+01
   246    0.1015383880E+01
   247    0.1021976743E+01
   248    0.1021354967E+01
   249    0.1018835152E+01
   250    0.1016443355E+01
   251    0.1019248147E+01
   252    0.1019011523E+01
   253    0.1020635978E+01
   254    0.1032432305E+01
   255    0.1032793471E+01
   256    0.1022997509E+01
   257    0.1020177981E+01
   258    0.1015372991E+01
   259    0.1008376337E+01
   260    0.1006987399E+01
   261    0.1012229588E+01
   262    0.1014587088E+01
   263    0.1014374018E+01
   264    0.1014721222E+01
   265    0.1012368153E+01
   266    0.1009768174E+01
   267    0.1010461098E+01
   268    0.1010373363E+01
   269    0.1008273771E+01
   270    0.1007765420E+01
   271    0.1008944544E+01
   272    0.1009765242E+01
   273    0.1012874159E+01
   274    0.1013620322E+01
   275    0.1009334300E+01
   276    0.1006358307E+01
   277    0.1005205708E+01
   278    0.1005404258E+01
   279    0.1005938073E+01
   280    0.1006301550E+01
   281    0.1005981420E+01
   282    0.1005286499E+01
   283    0.1004616763E+01
   284    0.1004331862E+01
   285    0.1004372104E+01
   286    0.1004105596E+01
   287    0.1003805164E+01
   288    0.1003423055E+01
   289    0.1003263645E+01
   290    0.1002840153E+01
   291    0.1002861780E+01
   292    0.1002714251E+01
   293    0.1002420587E+01
   294    0.1001994954E+01
   295    0.1001910308E+01
   296    0.1001795110E+01
   297    0.1001554919E+01
   298    0.1001464062E+01
   299    0.1001315206E+01
   300    0.1001140287E+01
   301    0.1001041092E+01
   302    0.1001041693E+01
   303    0.1000975635E+01
   304    0.1000851325E+01
   305    0.1000670386E+01
   306    0.1000615899E+01
   307    0.1000598647E+01
   308    0.1000527346E+01
   309    0.1000487722E+01
   310    0.1000407294E+01
   311    0.1000336643E+01
   312    0.1000337514E+01
   313    0.1000324390E+01
   314    0.1000270647E+01
   315    0.1000232214E+01
   316    0.1000203179E+01
   317    0.1000203998E+01
   318    0.1000182530E+01
   319    0.1000139521E+01
   320    0.1000126028E+01
   321    0.1000114377E+01
   322    0.1000091422E+01
   323    0.1000081548E+01
   324    0.1000084846E+01
   325    0.1000066113E+01
   326    0.1000054568E+01
   327    0.1000053467E+01
   328    0.1000045072E+01
   329    0.1000038519E+01
   330    0.1000032796E+01
   331    0.1000028116E+01
   332    0.1000024993E+01
   333    0.1000021738E+01
   334    0.1000019825E+01
   335    0.1000016815E+01
   336    0.1000014971E+01
   337    0.1000011965E+01
   338    0.1000009060E+01
   339    0.1000008413E+01
   340    0.1000007768E+01
   341    0.1000006034E+01
   342    0.1000005686E+01
   343    0.1000005445E+01
   344    0.1000004427E+01
   345    0.1000003394E+01
   346    0.1000002690E+01
   347    0.1000002525E+01
   348    0.1000002140E+01
   349    0.1000001861E+01
   350    0.1000001580E+01
   351    0.1000001348E+01
   352    0.1000001030E+01
   353    0.1000000844E+01
   354    0.1000000765E+01
   355    0.1000000652E+01
   356    0.1000000565E+01
   357    0.1000000440E+01
   358    0.1000000376E+01
   359    0.1000000342E+01
   360    0.1000000293E+01
   361    0.1000000229E+01
   362    0.1000000183E+01
   363    0.1000000146E+01
   364    0.1000000119E+01
   365    0.1000000105E+01
   366    0.1000000094E+01
   367    0.1000000078E+01
   368    0.1000000059E+01
   369    0.1000000045E+01
   370    0.1000000039E+01
   371    0.1000000034E+01
   372    0.1000000030E+01
   373    0.1000000024E+01
   374    0.1000000018E+01
   375    0.1000000015E+01
   376    0.1000000012E+01
   377    0.1000000010E+01
   378    0.1000000008E+01
   379    0.1000000007E+01
   380    0.1000000006E+01
   381    0.1000000004E+01
   382    0.1000000004E+01
   383    0.1000000003E+01
   384    0.1000000002E+01
   385    0.1000000002E+01
   386    0.1000000002E+01
   387    0.1000000001E+01
   388    0.1000000001E+01
   389    0.1000000001E+01
   390    0.1000000001E+01
   391    0.1000000001E+01
   392    0.1000000000E+01
   393    0.1000000000E+01
   394    0.1000000000E+01
   395    0.1000000000E+01
   396    0.1000000000E+01
   397    0.1000000000E+01
   398    0.1000000000E+01
   399    0.1000000000E+01
   400    0.1000000000E+01
   401    0.1000000000E+01
   402    0.1000000000E+01
   403    0.1000000000E+01
   404    0.1000000000E+01
   405    0.1000000000E+01
   406    0.1000000000E+01
   407    0.1000000000E+01
   408    0.1000000000E+01
   409    0.1000000000E+01
   410    0.1000000000E+01
   411    0.1000000000E+01
   412    0.1000000000E+01
   413    0.1000000000E+01
   414    0.1000000000E+01
   415    0.1000000000E+01
   416    0.1000000000E+01
   417    0.1000000000E+01
   418    0.1000000000E+01
   419    0.1000000000E+01
   420    0.1000000000E+01
   421    0.1000000000E+01
   422    0.1000000000E+01
   423    0.1000000000E+01
   424    0.1000000000E+01
   425    0.1000000000E+01
   426    0.1000000000E+01
   427    0.1000000000E+01
   428    0.1000000000E+01
   429    0.1000000000E+01
   430    0.1000000000E+01
   431    0.1000000000E+01
   432    0.1000000000E+01
   433    0.1000000000E+01
   434    0.1000000000E+01
   435    0.1000000000E+01
   436    0.1000000000E+01
   437    0.1000000000E+01
   438    0.1000000000E+01
   439    0.1000000000E+01
   440    0.1000000000E+01
   441    0.1000000000E+01
   442    0.1000000000E+01
   443    0.1000000000E+01
   444    0.1000000000E+01
   445    0.1000000000E+01
   446    0.1000000000E+01
   447    0.1000000000E+01
   448    0.1000000000E+01
   449    0.1000000000E+01
   450    0.1000000000E+01
   451    0.1000000000E+01
   452    0.1000000000E+01
   453    0.1000000000E+01
   454    0.1000000000E+01
   455    0.1000000000E+01
   456    0.1000000000E+01
   457    0.1000000000E+01
   458    0.1000000000E+01
   459    0.1000000000E+01
   460    0.1000000000E+01
   461    0.1000000000E+01
   462    0.1000000000E+01
   463    0.1000000000E+01
   464    0.1000000000E+01
   465    0.1000000000E+01
   466    0.1000000000E+01
   467    0.1000000000E+01
   468    0.1000000000E+01
   469    0.1000000000E+01
   470    0.1000000000E+01
   471    0.1000000000E+01
   472    0.1000000000E+01
   473    0.1000000000E+01
   474    0.1000000000E+01
   475    0.1000000000E+01
   476    0.1000000000E+01
   477    0.1000000000E+01
   478    0.1000000000E+01
   479    0.1000000000E+01
   480    0.1000000000E+01
   481    0.1000000000E+01
   482    0.1000000000E+01
   483    0.1000000000E+01
   484    0.1000000000E+01
   485    0.1000000000E+01
   486    0.1000000000E+01
   487    0.1000000000E+01
   488    0.1000000000E+01
   489    0.1000000000E+01
   490    0.1000000000E+01
   491    0.1000000000E+01
   492    0.1000000000E+01
   493    0.1000000000E+01
   494    0.1000000000E+01
   495    0.1000000000E+01
   496    0.1000000000E+01
   497    0.1000000000E+01
   498    0.1000000000E+01
   499    0.1000000000E+01
   500    0.8359375000E+00
   501    0.1640625000E+00
   502    0.0000000000E+00
