    -1    0.0000000000E+00
     0    0.2226238016E+00
     1    0.6372060226E+00
     2    0.8127684746E+00
     3    0.7099471131E+00
     4    0.9600670772E+00
     5    0.8179448513E+00
     6    0.8192490715E+00
     7    0.9507745345E+00
     8    0.9626321666E+00
     9    0.9507426405E+00
    10    0.1000740982E+01
    11    0.1112203504E+01
    12    0.1056050897E+01
    13    0.1158129737E+01
    14    0.1247443080E+01
    15    0.1164991735E+01
    16    0.1338684468E+01
    17    0.1265858703E+01
    18    0.1343816382E+01
    19    0.1329710278E+01
    20    0.1302469459E+01
    21    0.1347264139E+01
    22    0.1207490086E+01
    23    0.1313118453E+01
    24    0.1125861154E+01
    25    0.1169998411E+01
    26    0.1130624449E+01
    27    0.9859752348E+00
    28    0.1057679550E+01
    29    0.9931361060E+00
    30    0.8699016633E+00
    31    0.9450415235E+00
    32    0.8780606271E+00
    33    0.8375323566E+00
    34    0.8034608128E+00
    35    0.8315075867E+00
    36    0.8079975971E+00
    37    0.7362800824E+00
    38    0.7987838447E+00
    39    0.7273118232E+00
    40    0.7898635384E+00
    41    0.7284731367E+00
    42    0.7776733868E+00
    43    0.6929169115E+00
    44    0.8081767747E+00
    45    0.7616919148E+00
    46    0.7773668973E+00
    47    0.7285801028E+00
    48    0.8474950224E+00
    49    0.8455106773E+00
    50    0.7831501013E+00
    51    0.8653947790E+00
    52    0.9407743299E+00
    53    0.8987522442E+00
    54    0.9036597591E+00
    55    0.1065623752E+01
    56    0.1017873349E+01
    57    0.1028415712E+01
    58    0.1202190867E+01
    59    0.1117598892E+01
    60    0.1223099355E+01
    61    0.1282169887E+01
    62    0.1249822537E+01
    63    0.1371895132E+01
    64    0.1265760657E+01
    65    0.1392229915E+01
    66    0.1274583654E+01
    67    0.1306812262E+01
    68    0.1273718872E+01
    69    0.1192583574E+01
    70    0.1203104922E+01
    71    0.1097214405E+01
    72    0.1087642625E+01
    73    0.1057429686E+01
    74    0.9671473871E+00
    75    0.9597671981E+00
    76    0.9344058601E+00
    77    0.8809015084E+00
    78    0.8554980431E+00
    79    0.8493831803E+00
    80    0.8354492379E+00
    81    0.7680912639E+00
    82    0.7756161791E+00
    83    0.7807204733E+00
    84    0.7817887397E+00
    85    0.7628347095E+00
    86    0.7224550486E+00
    87    0.7364347932E+00
    88    0.7720000028E+00
    89    0.7780654479E+00
    90    0.7430161138E+00
    91    0.7269877779E+00
    92    0.7990894806E+00
    93    0.8159797882E+00
    94    0.7938950334E+00
    95    0.7995787183E+00
    96    0.8788796844E+00
    97    0.8741414111E+00
    98    0.8613936015E+00
    99    0.9573048869E+00
   100    0.9986823694E+00
   101    0.9657440677E+00
   102    0.1062497366E+01
   103    0.1131352913E+01
   104    0.1090744000E+01
   105    0.1239388385E+01
   106    0.1208928243E+01
   107    0.1263702084E+01
   108    0.1338655470E+01
   109    0.1280502484E+01
   110    0.1381612528E+01
   111    0.1283034467E+01
   112    0.1349267041E+01
   113    0.1254683961E+01
   114    0.1262289378E+01
   115    0.1195446268E+01
   116    0.1139880980E+01
   117    0.1138968170E+01
   118    0.1041604258E+01
   119    0.1013940971E+01
   120    0.9988561205E+00
   121    0.9282751271E+00
   122    0.8978721664E+00
   123    0.8932054932E+00
   124    0.8387643690E+00
   125    0.8344912928E+00
   126    0.8120683820E+00
   127    0.7916812776E+00
   128    0.7662915078E+00
   129    0.7716185427E+00
   130    0.7633035140E+00
   131    0.7570492218E+00
   132    0.7415716166E+00
   133    0.7456786135E+00
   134    0.7596540052E+00
   135    0.7456862736E+00
   136    0.7737098274E+00
   137    0.7611588002E+00
   138    0.7808448212E+00
   139    0.7868947490E+00
   140    0.8340347532E+00
   141    0.8431669391E+00
   142    0.8395032086E+00
   143    0.8827775197E+00
   144    0.9401544668E+00
   145    0.9423874693E+00
   146    0.9831862049E+00
   147    0.1061347733E+01
   148    0.1065944226E+01
   149    0.1126513007E+01
   150    0.1210720060E+01
   151    0.1206851748E+01
   152    0.1278391141E+01
   153    0.1293970173E+01
   154    0.1316281849E+01
   155    0.1317616304E+01
   156    0.1354505384E+01
   157    0.1330363384E+01
   158    0.1300202114E+01
   159    0.1283558874E+01
   160    0.1181674409E+01
   161    0.1161465956E+01
   162    0.1117696976E+01
   163    0.1061206906E+01
   164    0.1034622968E+01
   165    0.9876346211E+00
   166    0.9469424024E+00
   167    0.9183529724E+00
   168    0.8904825172E+00
   169    0.8642984656E+00
   170    0.8429094576E+00
   171    0.8219002891E+00
   172    0.8108387787E+00
   173    0.7893276933E+00
   174    0.7619249659E+00
   175    0.7784218712E+00
   176    0.7826840153E+00
   177    0.7964812346E+00
   178    0.7707520715E+00
   179    0.7726274043E+00
   180    0.7963015478E+00
   181    0.7914517174E+00
   182    0.7947133372E+00
   183    0.8322739835E+00
   184    0.8675989764E+00
   185    0.8891626502E+00
   186    0.9222193171E+00
   187    0.9671328692E+00
   188    0.9913701922E+00
   189    0.1016513486E+01
   190    0.1066961965E+01
   191    0.1091424723E+01
   192    0.1116687967E+01
   193    0.1154775323E+01
   194    0.1152083916E+01
   195    0.1158141480E+01
   196    0.1183124764E+01
   197    0.1172080793E+01
   198    0.1173247272E+01
   199    0.1210396750E+01
   200    0.1223773631E+01
   201    0.1136458774E+01
   202    0.1072052498E+01
   203    0.1071241198E+01
   204    0.1078216877E+01
   205    0.1068728092E+01
   206    0.1051687036E+01
   207    0.1040286127E+01
   208    0.1015836943E+01
   209    0.9901934763E+00
   210    0.9814609889E+00
   211    0.9690090422E+00
   212    0.9453014685E+00
   213    0.9359414894E+00
   214    0.9311971233E+00
   215    0.9176060777E+00
   216    0.9169537655E+00
   217    0.9206068743E+00
   218    0.9176947072E+00
   219    0.9111064788E+00
   220    0.8936814169E+00
   221    0.9009543982E+00
   222    0.9346149429E+00
   223    0.9014453637E+00
   224    0.8788525334E+00
   225    0.8864500218E+00
   226    0.9136893955E+00
   227    0.9741505493E+00
   228    0.9396023762E+00
   229    0.8958654007E+00
   230    0.9034952600E+00
   231    0.9322562834E+00
   232    0.9785068770E+00
   233    0.9792413801E+00
   234    0.9371803425E+00
   235    0.9272639646E+00
   236    0.9512593313E+00
   237    0.9685836160E+00
   238    0.9848865788E+00
   239    0.9892121343E+00
   240    0.9737523906E+00
   241    0.9641157712E+00
   242    0.9774557612E+00
   243    0.9950079695E+00
   244    0.1003047182E+01
   245    0.1000217498E+01
   246    0.9967278856E+00
   247    0.1000455822E+01
   248    0.9989374226E+00
   249    0.9994851662E+00
   250    0.1007479122E+01
   251    0.1003775981E+01
   252    0.1004379669E+01
   253    0.1011331353E+01
   254    0.1015712915E+01
   255    0.1013409012E+01
   256    0.1015333093E+01
   257    0.1020498740E+01
   258    0.1019760593E+01
   259    0.1010363375E+01
   260    0.1005446818E+01
   261    0.1011877262E+01
   262    0.1015632523E+01
   263    0.1015626315E+01
   264    0.1017967682E+01
   265    0.1017041921E+01
   266    0.1015824606E+01
   267    0.1017585984E+01
   268    0.1017029988E+01
   269    0.1016090478E+01
   270    0.1018063375E+01
   271    0.1020045766E+01
   272    0.1020673806E+01
   273    0.1026380619E+01
   274    0.1023086144E+01
   275    0.1015700210E+01
   276    0.1012516881E+01
   277    0.1013668289E+01
   278    0.1015508895E+01
   279    0.1015174462E+01
   280    0.1014903547E+01
   281    0.1014759422E+01
   282    0.1012917756E+01
   283    0.1012241941E+01
   284    0.1012355278E+01
   285    0.1011609406E+01
   286    0.1010035404E+01
   287    0.1009961132E+01
   288    0.1009447234E+01
   289    0.1008554446E+01
   290    0.1009896039E+01
   291    0.1012105519E+01
   292    0.1011167195E+01
   293    0.1007921922E+01
   294    0.1006565042E+01
   295    0.1006175038E+01
   296    0.1006711646E+01
   297    0.1006744319E+01
   298    0.1006420617E+01
   299    0.1005844398E+01
   300    0.1004947796E+01
   301    0.1004627308E+01
   302    0.1004638978E+01
   303    0.1004539852E+01
   304    0.1003947392E+01
   305    0.1003675908E+01
   306    0.1003530267E+01
   307    0.1003146887E+01
   308    0.1002801295E+01
   309    0.1002870803E+01
   310    0.1002650499E+01
   311    0.1002224493E+01
   312    0.1002017477E+01
   313    0.1001931456E+01
   314    0.1001734008E+01
   315    0.1001555891E+01
   316    0.1001443661E+01
   317    0.1001277459E+01
   318    0.1001146073E+01
   319    0.1001059130E+01
   320    0.1001009093E+01
   321    0.1000923700E+01
   322    0.1000799943E+01
   323    0.1000666300E+01
   324    0.1000632390E+01
   325    0.1000573730E+01
   326    0.1000521434E+01
   327    0.1000467893E+01
   328    0.1000390323E+01
   329    0.1000348078E+01
   330    0.1000337545E+01
   331    0.1000300506E+01
   332    0.1000258984E+01
   333    0.1000225851E+01
   334    0.1000201455E+01
   335    0.1000193812E+01
   336    0.1000165376E+01
   337    0.1000135617E+01
   338    0.1000124119E+01
   339    0.1000108474E+01
   340    0.1000089669E+01
   341    0.1000083353E+01
   342    0.1000078462E+01
   343    0.1000062118E+01
   344    0.1000055093E+01
   345    0.1000050380E+01
   346    0.1000042851E+01
   347    0.1000036826E+01
   348    0.1000031546E+01
   349    0.1000027554E+01
   350    0.1000023991E+01
   351    0.1000021151E+01
   352    0.1000018574E+01
   353    0.1000015967E+01
   354    0.1000013876E+01
   355    0.1000011257E+01
   356    0.1000009178E+01
   357    0.1000008443E+01
   358    0.1000007295E+01
   359    0.1000005945E+01
   360    0.1000005617E+01
   361    0.1000004893E+01
   362    0.1000004027E+01
   363    0.1000003196E+01
   364    0.1000002721E+01
   365    0.1000002409E+01
   366    0.1000002034E+01
   367    0.1000001762E+01
   368    0.1000001480E+01
   369    0.1000001252E+01
   370    0.1000000991E+01
   371    0.1000000839E+01
   372    0.1000000735E+01
   373    0.1000000625E+01
   374    0.1000000524E+01
   375    0.1000000422E+01
   376    0.1000000364E+01
   377    0.1000000321E+01
   378    0.1000000266E+01
   379    0.1000000212E+01
   380    0.1000000175E+01
   381    0.1000000139E+01
   382    0.1000000117E+01
   383    0.1000000102E+01
   384    0.1000000087E+01
   385    0.1000000071E+01
   386    0.1000000056E+01
   387    0.1000000044E+01
   388    0.1000000038E+01
   389    0.1000000033E+01
   390    0.1000000028E+01
   391    0.1000000022E+01
   392    0.1000000017E+01
   393    0.1000000014E+01
   394    0.1000000012E+01
   395    0.1000000009E+01
   396    0.1000000008E+01
   397    0.1000000006E+01
   398    0.1000000005E+01
   399    0.1000000004E+01
   400    0.1000000003E+01
   401    0.1000000003E+01
   402    0.1000000002E+01
   403    0.1000000002E+01
   404    0.1000000001E+01
   405    0.1000000001E+01
   406    0.1000000001E+01
   407    0.1000000001E+01
   408    0.1000000001E+01
   409    0.1000000001E+01
   410    0.1000000000E+01
   411    0.1000000000E+01
   412    0.1000000000E+01
   413    0.1000000000E+01
   414    0.1000000000E+01
   415    0.1000000000E+01
   416    0.1000000000E+01
   417    0.1000000000E+01
   418    0.1000000000E+01
   419    0.1000000000E+01
   420    0.1000000000E+01
   421    0.1000000000E+01
   422    0.1000000000E+01
   423    0.1000000000E+01
   424    0.1000000000E+01
   425    0.1000000000E+01
   426    0.1000000000E+01
   427    0.1000000000E+01
   428    0.1000000000E+01
   429    0.1000000000E+01
   430    0.1000000000E+01
   431    0.1000000000E+01
   432    0.1000000000E+01
   433    0.1000000000E+01
   434    0.1000000000E+01
   435    0.1000000000E+01
   436    0.1000000000E+01
   437    0.1000000000E+01
   438    0.1000000000E+01
   439    0.1000000000E+01
   440    0.1000000000E+01
   441    0.1000000000E+01
   442    0.1000000000E+01
   443    0.1000000000E+01
   444    0.1000000000E+01
   445    0.1000000000E+01
   446    0.1000000000E+01
   447    0.1000000000E+01
   448    0.1000000000E+01
   449    0.1000000000E+01
   450    0.1000000000E+01
   451    0.1000000000E+01
   452    0.1000000000E+01
   453    0.1000000000E+01
   454    0.1000000000E+01
   455    0.1000000000E+01
   456    0.1000000000E+01
   457    0.1000000000E+01
   458    0.1000000000E+01
   459    0.1000000000E+01
   460    0.1000000000E+01
   461    0.1000000000E+01
   462    0.1000000000E+01
   463    0.1000000000E+01
   464    0.1000000000E+01
   465    0.1000000000E+01
   466    0.1000000000E+01
   467    0.1000000000E+01
   468    0.1000000000E+01
   469    0.1000000000E+01
   470    0.1000000000E+01
   471    0.1000000000E+01
   472    0.1000000000E+01
   473    0.1000000000E+01
   474    0.1000000000E+01
   475    0.1000000000E+01
   476    0.1000000000E+01
   477    0.1000000000E+01
   478    0.1000000000E+01
   479    0.1000000000E+01
   480    0.1000000000E+01
   481    0.1000000000E+01
   482    0.1000000000E+01
   483    0.1000000000E+01
   484    0.1000000000E+01
   485    0.1000000000E+01
   486    0.1000000000E+01
   487    0.1000000000E+01
   488    0.1000000000E+01
   489    0.1000000000E+01
   490    0.1000000000E+01
   491    0.1000000000E+01
   492    0.1000000000E+01
   493    0.1000000000E+01
   494    0.1000000000E+01
   495    0.1000000000E+01
   496    0.1000000000E+01
   497    0.1000000000E+01
   498    0.1000000000E+01
   499    0.1000000000E+01
   500    0.8359375000E+00
   501    0.1640625000E+00
   502    0.0000000000E+00
