    -1    0.0000000000E+00
     0    0.2478689230E+00
     1    0.8631198624E+00
     2    0.9343193059E+00
     3    0.9183443851E+00
     4    0.9126659693E+00
     5    0.9121892430E+00
     6    0.8917171847E+00
     7    0.9014945472E+00
     8    0.8973057536E+00
     9    0.8953695890E+00
    10    0.8998582929E+00
    11    0.8934701387E+00
    12    0.9120444625E+00
    13    0.9090079516E+00
    14    0.9132603754E+00
    15    0.9385654317E+00
    16    0.9307352466E+00
    17    0.9432933839E+00
    18    0.9745234443E+00
    19    0.9672920115E+00
    20    0.9861729011E+00
    21    0.1015993391E+01
    22    0.1016187209E+01
    23    0.1030554084E+01
    24    0.1062888399E+01
    25    0.1064508805E+01
    26    0.1072560331E+01
    27    0.1097299183E+01
    28    0.1105857389E+01
    29    0.1103348537E+01
    30    0.1117760733E+01
    31    0.1115103346E+01
    32    0.1114015464E+01
    33    0.1113332050E+01
    34    0.1101518689E+01
    35    0.1095378155E+01
    36    0.1089228731E+01
    37    0.1064618843E+01
    38    0.1051847245E+01
    39    0.1053596183E+01
    40    0.1017935821E+01
    41    0.1002050500E+01
    42    0.1006778729E+01
    43    0.9744469750E+00
    44    0.9556844888E+00
    45    0.9648715866E+00
    46    0.9330331280E+00
    47    0.9275337974E+00
    48    0.9234323483E+00
    49    0.9063651442E+00
    50    0.9165380742E+00
    51    0.8851451589E+00
    52    0.9028588020E+00
    53    0.9046412807E+00
    54    0.8854124068E+00
    55    0.9029806287E+00
    56    0.9020144413E+00
    57    0.8981736733E+00
    58    0.9120727307E+00
    59    0.9130105237E+00
    60    0.9370776877E+00
    61    0.9291951777E+00
    62    0.9436400448E+00
    63    0.9731762980E+00
    64    0.9693756224E+00
    65    0.9853450320E+00
    66    0.1013392860E+01
    67    0.1018796706E+01
    68    0.1030551137E+01
    69    0.1057779606E+01
    70    0.1068712427E+01
    71    0.1075835522E+01
    72    0.1093817744E+01
    73    0.1107348861E+01
    74    0.1109516697E+01
    75    0.1112832271E+01
    76    0.1116541828E+01
    77    0.1112649789E+01
    78    0.1114125219E+01
    79    0.1107245828E+01
    80    0.1091163550E+01
    81    0.1087987293E+01
    82    0.1078488108E+01
    83    0.1044786233E+01
    84    0.1044873968E+01
    85    0.1031762305E+01
    86    0.9986297087E+00
    87    0.9965929043E+00
    88    0.9880317571E+00
    89    0.9531709604E+00
    90    0.9527715800E+00
    91    0.9533320118E+00
    92    0.9121721218E+00
    93    0.9237440576E+00
    94    0.9134858553E+00
    95    0.8996460768E+00
    96    0.9011161329E+00
    97    0.8966910989E+00
    98    0.9004775091E+00
    99    0.8929102297E+00
   100    0.8947951764E+00
   101    0.9064954170E+00
   102    0.8984752996E+00
   103    0.9078862161E+00
   104    0.9148786951E+00
   105    0.9258551471E+00
   106    0.9403436078E+00
   107    0.9412756004E+00
   108    0.9653746042E+00
   109    0.9786537761E+00
   110    0.9821752831E+00
   111    0.1007823519E+01
   112    0.1025773815E+01
   113    0.1028107230E+01
   114    0.1053921226E+01
   115    0.1073529435E+01
   116    0.1072193602E+01
   117    0.1100022546E+01
   118    0.1108249046E+01
   119    0.1103743189E+01
   120    0.1119264224E+01
   121    0.1115781630E+01
   122    0.1110919675E+01
   123    0.1119506479E+01
   124    0.1101801972E+01
   125    0.1096805515E+01
   126    0.1094887343E+01
   127    0.1066219845E+01
   128    0.1054872332E+01
   129    0.1046504725E+01
   130    0.1021871858E+01
   131    0.1008402573E+01
   132    0.9980300280E+00
   133    0.9773738645E+00
   134    0.9628326723E+00
   135    0.9554064150E+00
   136    0.9404007123E+00
   137    0.9246233392E+00
   138    0.9217927982E+00
   139    0.9068699750E+00
   140    0.9038970914E+00
   141    0.9021084586E+00
   142    0.8957343189E+00
   143    0.8985576018E+00
   144    0.8966407878E+00
   145    0.8949331264E+00
   146    0.9020339784E+00
   147    0.9068318667E+00
   148    0.9053158247E+00
   149    0.9139931945E+00
   150    0.9341792841E+00
   151    0.9354111267E+00
   152    0.9462753292E+00
   153    0.9725471742E+00
   154    0.9763135921E+00
   155    0.9882314516E+00
   156    0.1018168510E+01
   157    0.1024487750E+01
   158    0.1036205191E+01
   159    0.1067960835E+01
   160    0.1071705948E+01
   161    0.1087883622E+01
   162    0.1111069139E+01
   163    0.1105149021E+01
   164    0.1118657006E+01
   165    0.1124525670E+01
   166    0.1119876476E+01
   167    0.1129074223E+01
   168    0.1120557614E+01
   169    0.1110658409E+01
   170    0.1106230710E+01
   171    0.1088422001E+01
   172    0.1074492083E+01
   173    0.1057763504E+01
   174    0.1041423752E+01
   175    0.1029690504E+01
   176    0.1011452404E+01
   177    0.9960637202E+00
   178    0.9846439283E+00
   179    0.9674038338E+00
   180    0.9563938064E+00
   181    0.9495737969E+00
   182    0.9343422272E+00
   183    0.9255180631E+00
   184    0.9268469759E+00
   185    0.9165086492E+00
   186    0.9147258892E+00
   187    0.9208244252E+00
   188    0.9149856524E+00
   189    0.9107799135E+00
   190    0.9229488386E+00
   191    0.9307913534E+00
   192    0.9326699474E+00
   193    0.9456261005E+00
   194    0.9624941229E+00
   195    0.9656074965E+00
   196    0.9779825219E+00
   197    0.9987669320E+00
   198    0.1003225746E+01
   199    0.1015428061E+01
   200    0.1035183445E+01
   201    0.1039915082E+01
   202    0.1053865005E+01
   203    0.1066149114E+01
   204    0.1066504831E+01
   205    0.1076288804E+01
   206    0.1075443274E+01
   207    0.1072696145E+01
   208    0.1085867457E+01
   209    0.1082644938E+01
   210    0.1067633911E+01
   211    0.1056785038E+01
   212    0.1046886798E+01
   213    0.1045953696E+01
   214    0.1042383475E+01
   215    0.1031166421E+01
   216    0.1023676293E+01
   217    0.1012913389E+01
   218    0.1000981330E+01
   219    0.9938769675E+00
   220    0.9837030395E+00
   221    0.9737262736E+00
   222    0.9679566087E+00
   223    0.9584118352E+00
   224    0.9559640143E+00
   225    0.9528599978E+00
   226    0.9449264740E+00
   227    0.9368773766E+00
   228    0.9449795544E+00
   229    0.9507863487E+00
   230    0.9420817375E+00
   231    0.9210354059E+00
   232    0.9146948482E+00
   233    0.9255731562E+00
   234    0.9574117799E+00
   235    0.9614472574E+00
   236    0.9163975665E+00
   237    0.9118108539E+00
   238    0.9379560723E+00
   239    0.9554162273E+00
   240    0.9621885944E+00
   241    0.9430860383E+00
   242    0.9283539140E+00
   243    0.9458874051E+00
   244    0.9673284523E+00
   245    0.9699023187E+00
   246    0.9698305949E+00
   247    0.9685500327E+00
   248    0.9583766918E+00
   249    0.9564912770E+00
   250    0.9702562200E+00
   251    0.9828223722E+00
   252    0.9868139717E+00
   253    0.9900359409E+00
   254    0.9926261892E+00
   255    0.9928128191E+00
   256    0.9931176207E+00
   257    0.9954776938E+00
   258    0.9984316743E+00
   259    0.9986636664E+00
   260    0.9998974459E+00
   261    0.1005060911E+01
   262    0.1007271758E+01
   263    0.1009135418E+01
   264    0.1008930679E+01
   265    0.1012214681E+01
   266    0.1015548303E+01
   267    0.1012729226E+01
   268    0.1008468313E+01
   269    0.1010452192E+01
   270    0.1012850455E+01
   271    0.1013538757E+01
   272    0.1015613145E+01
   273    0.1015693508E+01
   274    0.1014999426E+01
   275    0.1017785570E+01
   276    0.1017429276E+01
   277    0.1016432814E+01
   278    0.1018346684E+01
   279    0.1016920703E+01
   280    0.1015607185E+01
   281    0.1017305675E+01
   282    0.1021340951E+01
   283    0.1022188458E+01
   284    0.1017770113E+01
   285    0.1014007751E+01
   286    0.1015665096E+01
   287    0.1016462988E+01
   288    0.1015431930E+01
   289    0.1015267802E+01
   290    0.1015209673E+01
   291    0.1013340043E+01
   292    0.1013200975E+01
   293    0.1013423233E+01
   294    0.1012095779E+01
   295    0.1011095574E+01
   296    0.1011003636E+01
   297    0.1010597393E+01
   298    0.1009560078E+01
   299    0.1009274719E+01
   300    0.1010256761E+01
   301    0.1010655419E+01
   302    0.1009409078E+01
   303    0.1007652461E+01
   304    0.1006912198E+01
   305    0.1006740608E+01
   306    0.1006955170E+01
   307    0.1006711301E+01
   308    0.1006152580E+01
   309    0.1005465783E+01
   310    0.1004860992E+01
   311    0.1004767187E+01
   312    0.1004656526E+01
   313    0.1004267654E+01
   314    0.1003827633E+01
   315    0.1003607425E+01
   316    0.1003410124E+01
   317    0.1002955706E+01
   318    0.1002861002E+01
   319    0.1002725675E+01
   320    0.1002451797E+01
   321    0.1002119179E+01
   322    0.1001983014E+01
   323    0.1001856450E+01
   324    0.1001655252E+01
   325    0.1001498933E+01
   326    0.1001376048E+01
   327    0.1001231060E+01
   328    0.1001103361E+01
   329    0.1001038132E+01
   330    0.1000960471E+01
   331    0.1000849743E+01
   332    0.1000740552E+01
   333    0.1000657084E+01
   334    0.1000607068E+01
   335    0.1000545249E+01
   336    0.1000496754E+01
   337    0.1000431550E+01
   338    0.1000371702E+01
   339    0.1000345838E+01
   340    0.1000318577E+01
   341    0.1000276088E+01
   342    0.1000243023E+01
   343    0.1000213386E+01
   344    0.1000195465E+01
   345    0.1000177600E+01
   346    0.1000148423E+01
   347    0.1000130258E+01
   348    0.1000116883E+01
   349    0.1000099376E+01
   350    0.1000086526E+01
   351    0.1000081077E+01
   352    0.1000069703E+01
   353    0.1000058220E+01
   354    0.1000052987E+01
   355    0.1000046079E+01
   356    0.1000039736E+01
   357    0.1000034227E+01
   358    0.1000029560E+01
   359    0.1000025840E+01
   360    0.1000022414E+01
   361    0.1000019830E+01
   362    0.1000016929E+01
   363    0.1000014831E+01
   364    0.1000012506E+01
   365    0.1000010300E+01
   366    0.1000008921E+01
   367    0.1000007917E+01
   368    0.1000006629E+01
   369    0.1000005747E+01
   370    0.1000005178E+01
   371    0.1000004360E+01
   372    0.1000003595E+01
   373    0.1000002951E+01
   374    0.1000002591E+01
   375    0.1000002206E+01
   376    0.1000001883E+01
   377    0.1000001600E+01
   378    0.1000001358E+01
   379    0.1000001119E+01
   380    0.1000000919E+01
   381    0.1000000792E+01
   382    0.1000000676E+01
   383    0.1000000574E+01
   384    0.1000000468E+01
   385    0.1000000393E+01
   386    0.1000000338E+01
   387    0.1000000289E+01
   388    0.1000000236E+01
   389    0.1000000191E+01
   390    0.1000000158E+01
   391    0.1000000130E+01
   392    0.1000000110E+01
   393    0.1000000093E+01
   394    0.1000000078E+01
   395    0.1000000063E+01
   396    0.1000000050E+01
   397    0.1000000042E+01
   398    0.1000000035E+01
   399    0.1000000030E+01
   400    0.1000000024E+01
   401    0.1000000019E+01
   402    0.1000000016E+01
   403    0.1000000013E+01
   404    0.1000000011E+01
   405    0.1000000009E+01
   406    0.1000000007E+01
   407    0.1000000006E+01
   408    0.1000000005E+01
   409    0.1000000004E+01
   410    0.1000000003E+01
   411    0.1000000003E+01
   412    0.1000000002E+01
   413    0.1000000002E+01
   414    0.1000000001E+01
   415    0.1000000001E+01
   416    0.1000000001E+01
   417    0.1000000001E+01
   418    0.1000000001E+01
   419    0.1000000000E+01
   420    0.1000000000E+01
   421    0.1000000000E+01
   422    0.1000000000E+01
   423    0.1000000000E+01
   424    0.1000000000E+01
   425    0.1000000000E+01
   426    0.1000000000E+01
   427    0.1000000000E+01
   428    0.1000000000E+01
   429    0.1000000000E+01
   430    0.1000000000E+01
   431    0.1000000000E+01
   432    0.1000000000E+01
   433    0.1000000000E+01
   434    0.1000000000E+01
   435    0.1000000000E+01
   436    0.1000000000E+01
   437    0.1000000000E+01
   438    0.1000000000E+01
   439    0.1000000000E+01
   440    0.1000000000E+01
   441    0.1000000000E+01
   442    0.1000000000E+01
   443    0.1000000000E+01
   444    0.1000000000E+01
   445    0.1000000000E+01
   446    0.1000000000E+01
   447    0.1000000000E+01
   448    0.1000000000E+01
   449    0.1000000000E+01
   450    0.1000000000E+01
   451    0.1000000000E+01
   452    0.1000000000E+01
   453    0.1000000000E+01
   454    0.1000000000E+01
   455    0.1000000000E+01
   456    0.1000000000E+01
   457    0.1000000000E+01
   458    0.1000000000E+01
   459    0.1000000000E+01
   460    0.1000000000E+01
   461    0.1000000000E+01
   462    0.1000000000E+01
   463    0.1000000000E+01
   464    0.1000000000E+01
   465    0.1000000000E+01
   466    0.1000000000E+01
   467    0.1000000000E+01
   468    0.1000000000E+01
   469    0.1000000000E+01
   470    0.1000000000E+01
   471    0.1000000000E+01
   472    0.1000000000E+01
   473    0.1000000000E+01
   474    0.1000000000E+01
   475    0.1000000000E+01
   476    0.1000000000E+01
   477    0.1000000000E+01
   478    0.1000000000E+01
   479    0.1000000000E+01
   480    0.1000000000E+01
   481    0.1000000000E+01
   482    0.1000000000E+01
   483    0.1000000000E+01
   484    0.1000000000E+01
   485    0.1000000000E+01
   486    0.1000000000E+01
   487    0.1000000000E+01
   488    0.1000000000E+01
   489    0.1000000000E+01
   490    0.1000000000E+01
   491    0.1000000000E+01
   492    0.1000000000E+01
   493    0.1000000000E+01
   494    0.1000000000E+01
   495    0.1000000000E+01
   496    0.1000000000E+01
   497    0.1000000000E+01
   498    0.1000000000E+01
   499    0.1000000000E+01
   500    0.8359375000E+00
   501    0.1640625000E+00
   502    0.0000000000E+00
