    -1    0.9234209453E-01
     0    0.6417611084E+00
     1    0.1007115731E+01
     2    0.1265782918E+01
     3    0.1263659228E+01
     4    0.1300459464E+01
     5    0.1376589521E+01
     6    0.1613574914E+01
     7    0.1563143516E+01
     8    0.1151762407E+01
     9    0.1573873820E+01
    10    0.1491924149E+01
    11    0.1559459218E+01
    12    0.1324265387E+01
    13    0.1560370167E+01
    14    0.1179321801E+01
    15    0.9567703909E+00
    16    0.1109043916E+01
    17    0.1100041602E+01
    18    0.1088094274E+01
    19    0.6917987563E+00
    20    0.9743546873E+00
    21    0.5596773373E+00
    22    0.7499876757E+00
    23    0.1022967016E+01
    24    0.5645413230E+00
    25    0.5415002224E+00
    26    0.7544045913E+00
    27    0.7283726521E+00
    28    0.6886916971E+00
    29    0.4263106340E+00
    30    0.5702141521E+00
    31    0.8841639547E+00
    32    0.8458149895E+00
    33    0.4391196697E+00
    34    0.4299507981E+00
    35    0.8112446888E+00
    36    0.9056728623E+00
    37    0.6030157435E+00
    38    0.7557556997E+00
    39    0.4337107549E+00
    40    0.4640993587E+00
    41    0.8960222843E+00
    42    0.8309985116E+00
    43    0.1002510595E+01
    44    0.7451705537E+00
    45    0.9239366428E+00
    46    0.9017217996E+00
    47    0.1175071696E+01
    48    0.1061593229E+01
    49    0.1115086241E+01
    50    0.1327770250E+01
    51    0.1333204058E+01
    52    0.1428580512E+01
    53    0.1475806625E+01
    54    0.1673351657E+01
    55    0.1409442546E+01
    56    0.1698124979E+01
    57    0.1363239998E+01
    58    0.1519879061E+01
    59    0.1255325742E+01
    60    0.1315459662E+01
    61    0.1234893162E+01
    62    0.9378287158E+00
    63    0.1124435241E+01
    64    0.1012844104E+01
    65    0.8040127434E+00
    66    0.8579566175E+00
    67    0.8636564881E+00
    68    0.7893801015E+00
    69    0.7623565526E+00
    70    0.6466112919E+00
    71    0.6933108842E+00
    72    0.7859997335E+00
    73    0.6928884317E+00
    74    0.5282247390E+00
    75    0.6591719951E+00
    76    0.6839317594E+00
    77    0.7091464797E+00
    78    0.4831427077E+00
    79    0.7379489455E+00
    80    0.6151977167E+00
    81    0.6591938306E+00
    82    0.4968000391E+00
    83    0.9103409710E+00
    84    0.6546219384E+00
    85    0.5398237361E+00
    86    0.5635544362E+00
    87    0.1143790211E+01
    88    0.7637455387E+00
    89    0.4115869021E+00
    90    0.8562841758E+00
    91    0.1415061393E+01
    92    0.5703412104E+00
    93    0.6905376826E+00
    94    0.1702943248E+01
    95    0.6876459678E+00
    96    0.1239255549E+01
    97    0.1515924715E+01
    98    0.1141158933E+01
    99    0.1616518144E+01
   100    0.1501364918E+01
   101    0.1472333580E+01
   102    0.1678961115E+01
   103    0.1458365974E+01
   104    0.1478968439E+01
   105    0.1465289480E+01
   106    0.1214121694E+01
   107    0.1297492618E+01
   108    0.1193214270E+01
   109    0.8780837290E+00
   110    0.1162264627E+01
   111    0.9430488342E+00
   112    0.7828332713E+00
   113    0.8555239753E+00
   114    0.8480244535E+00
   115    0.7928950414E+00
   116    0.6650991631E+00
   117    0.7162298250E+00
   118    0.7042886457E+00
   119    0.7248943233E+00
   120    0.6524382615E+00
   121    0.5718190240E+00
   122    0.7030177978E+00
   123    0.6002509676E+00
   124    0.7515825216E+00
   125    0.4952217820E+00
   126    0.7224295978E+00
   127    0.5047261427E+00
   128    0.8467345980E+00
   129    0.5437978906E+00
   130    0.7124890766E+00
   131    0.5206317431E+00
   132    0.9055528665E+00
   133    0.6647634853E+00
   134    0.7559578326E+00
   135    0.6064610327E+00
   136    0.1046059019E+01
   137    0.8032511155E+00
   138    0.7929138409E+00
   139    0.1014306780E+01
   140    0.1126973929E+01
   141    0.9212366191E+00
   142    0.1319633994E+01
   143    0.1240543304E+01
   144    0.1349380500E+01
   145    0.1477248487E+01
   146    0.1474088661E+01
   147    0.1532112080E+01
   148    0.1563426421E+01
   149    0.1558587386E+01
   150    0.1506092284E+01
   151    0.1477437582E+01
   152    0.1292001385E+01
   153    0.1287189107E+01
   154    0.1120202054E+01
   155    0.1080152421E+01
   156    0.1030302005E+01
   157    0.9364651102E+00
   158    0.8810299575E+00
   159    0.8798788743E+00
   160    0.8457253193E+00
   161    0.7239753406E+00
   162    0.7860365191E+00
   163    0.7033964203E+00
   164    0.7545851041E+00
   165    0.6453547329E+00
   166    0.7101192027E+00
   167    0.6294499662E+00
   168    0.7118419650E+00
   169    0.6195972420E+00
   170    0.6607420697E+00
   171    0.6238167608E+00
   172    0.6928327238E+00
   173    0.6674489636E+00
   174    0.7113011490E+00
   175    0.6632580316E+00
   176    0.7079419636E+00
   177    0.6914324625E+00
   178    0.8035027366E+00
   179    0.7827822931E+00
   180    0.8709699526E+00
   181    0.9236960947E+00
   182    0.9948842945E+00
   183    0.1030492268E+01
   184    0.1104890385E+01
   185    0.1122968243E+01
   186    0.1209379952E+01
   187    0.1275529760E+01
   188    0.1217624349E+01
   189    0.1233956573E+01
   190    0.1240347664E+01
   191    0.1354304974E+01
   192    0.1277401793E+01
   193    0.1253111295E+01
   194    0.1353260725E+01
   195    0.1226886528E+01
   196    0.1111191110E+01
   197    0.1069001831E+01
   198    0.1083256554E+01
   199    0.1096570982E+01
   200    0.1072416833E+01
   201    0.1052913553E+01
   202    0.1023949452E+01
   203    0.9913814364E+00
   204    0.9671262278E+00
   205    0.9427355509E+00
   206    0.9276855257E+00
   207    0.9140043635E+00
   208    0.8951672931E+00
   209    0.8885350485E+00
   210    0.8805778240E+00
   211    0.8837539845E+00
   212    0.8878833798E+00
   213    0.8812464279E+00
   214    0.8837643744E+00
   215    0.8762964025E+00
   216    0.8415488629E+00
   217    0.8979548546E+00
   218    0.9289544613E+00
   219    0.8706466302E+00
   220    0.8935541207E+00
   221    0.8668471983E+00
   222    0.9376522201E+00
   223    0.1013969100E+01
   224    0.9185207657E+00
   225    0.8820326031E+00
   226    0.9098275064E+00
   227    0.9573174663E+00
   228    0.1002229302E+01
   229    0.9638637450E+00
   230    0.9198667633E+00
   231    0.9432472082E+00
   232    0.9789677030E+00
   233    0.1002500316E+01
   234    0.1005048090E+01
   235    0.9850169712E+00
   236    0.9573346454E+00
   237    0.9665660722E+00
   238    0.1000488043E+01
   239    0.1014279920E+01
   240    0.1010484041E+01
   241    0.1001991965E+01
   242    0.1001116509E+01
   243    0.1000114353E+01
   244    0.1003462715E+01
   245    0.1005887812E+01
   246    0.1009991679E+01
   247    0.1006586015E+01
   248    0.1009179018E+01
   249    0.1021296008E+01
   250    0.1018958765E+01
   251    0.1014621742E+01
   252    0.1025250640E+01
   253    0.1021642224E+01
   254    0.1008623059E+01
   255    0.1004380501E+01
   256    0.1010779447E+01
   257    0.1015375577E+01
   258    0.1017572772E+01
   259    0.1018257409E+01
   260    0.1016676654E+01
   261    0.1016078890E+01
   262    0.1017325423E+01
   263    0.1017489576E+01
   264    0.1016523788E+01
   265    0.1020541400E+01
   266    0.1023491371E+01
   267    0.1024765413E+01
   268    0.1026251034E+01
   269    0.1020786508E+01
   270    0.1013441479E+01
   271    0.1010932794E+01
   272    0.1013174450E+01
   273    0.1015008844E+01
   274    0.1014767937E+01
   275    0.1015088015E+01
   276    0.1014040426E+01
   277    0.1011993143E+01
   278    0.1011770850E+01
   279    0.1011840585E+01
   280    0.1010596156E+01
   281    0.1009507566E+01
   282    0.1008937759E+01
   283    0.1008906849E+01
   284    0.1008942604E+01
   285    0.1011587418E+01
   286    0.1012993870E+01
   287    0.1009416663E+01
   288    0.1006627759E+01
   289    0.1006056589E+01
   290    0.1006168716E+01
   291    0.1006534565E+01
   292    0.1006620155E+01
   293    0.1006138886E+01
   294    0.1005322847E+01
   295    0.1004633522E+01
   296    0.1004607985E+01
   297    0.1004556901E+01
   298    0.1004199962E+01
   299    0.1003821326E+01
   300    0.1003542408E+01
   301    0.1003361981E+01
   302    0.1002881293E+01
   303    0.1002864506E+01
   304    0.1002761281E+01
   305    0.1002471275E+01
   306    0.1002058677E+01
   307    0.1001950560E+01
   308    0.1001842878E+01
   309    0.1001626461E+01
   310    0.1001480586E+01
   311    0.1001355435E+01
   312    0.1001201237E+01
   313    0.1001072047E+01
   314    0.1001036521E+01
   315    0.1000982866E+01
   316    0.1000862514E+01
   317    0.1000716876E+01
   318    0.1000632386E+01
   319    0.1000609340E+01
   320    0.1000539823E+01
   321    0.1000496428E+01
   322    0.1000427121E+01
   323    0.1000355933E+01
   324    0.1000339411E+01
   325    0.1000325618E+01
   326    0.1000277916E+01
   327    0.1000239711E+01
   328    0.1000209172E+01
   329    0.1000199887E+01
   330    0.1000183994E+01
   331    0.1000146154E+01
   332    0.1000128666E+01
   333    0.1000117475E+01
   334    0.1000096554E+01
   335    0.1000083666E+01
   336    0.1000083770E+01
   337    0.1000069737E+01
   338    0.1000056272E+01
   339    0.1000053933E+01
   340    0.1000046070E+01
   341    0.1000039552E+01
   342    0.1000034077E+01
   343    0.1000029005E+01
   344    0.1000025649E+01
   345    0.1000022291E+01
   346    0.1000020081E+01
   347    0.1000017017E+01
   348    0.1000015106E+01
   349    0.1000012526E+01
   350    0.1000009813E+01
   351    0.1000008642E+01
   352    0.1000007954E+01
   353    0.1000006447E+01
   354    0.1000005683E+01
   355    0.1000005397E+01
   356    0.1000004475E+01
   357    0.1000003578E+01
   358    0.1000002844E+01
   359    0.1000002575E+01
   360    0.1000002201E+01
   361    0.1000001893E+01
   362    0.1000001612E+01
   363    0.1000001374E+01
   364    0.1000001100E+01
   365    0.1000000887E+01
   366    0.1000000785E+01
   367    0.1000000672E+01
   368    0.1000000578E+01
   369    0.1000000462E+01
   370    0.1000000387E+01
   371    0.1000000342E+01
   372    0.1000000296E+01
   373    0.1000000238E+01
   374    0.1000000190E+01
   375    0.1000000154E+01
   376    0.1000000126E+01
   377    0.1000000108E+01
   378    0.1000000094E+01
   379    0.1000000080E+01
   380    0.1000000062E+01
   381    0.1000000048E+01
   382    0.1000000041E+01
   383    0.1000000035E+01
   384    0.1000000030E+01
   385    0.1000000025E+01
   386    0.1000000019E+01
   387    0.1000000015E+01
   388    0.1000000013E+01
   389    0.1000000010E+01
   390    0.1000000009E+01
   391    0.1000000007E+01
   392    0.1000000006E+01
   393    0.1000000005E+01
   394    0.1000000004E+01
   395    0.1000000003E+01
   396    0.1000000002E+01
   397    0.1000000002E+01
   398    0.1000000002E+01
   399    0.1000000001E+01
   400    0.1000000001E+01
   401    0.1000000001E+01
   402    0.1000000001E+01
   403    0.1000000001E+01
   404    0.1000000000E+01
   405    0.1000000000E+01
   406    0.1000000000E+01
   407    0.1000000000E+01
   408    0.1000000000E+01
   409    0.1000000000E+01
   410    0.1000000000E+01
   411    0.1000000000E+01
   412    0.1000000000E+01
   413    0.1000000000E+01
   414    0.1000000000E+01
   415    0.1000000000E+01
   416    0.1000000000E+01
   417    0.1000000000E+01
   418    0.1000000000E+01
   419    0.1000000000E+01
   420    0.1000000000E+01
   421    0.1000000000E+01
   422    0.1000000000E+01
   423    0.1000000000E+01
   424    0.1000000000E+01
   425    0.1000000000E+01
   426    0.1000000000E+01
   427    0.1000000000E+01
   428    0.1000000000E+01
   429    0.1000000000E+01
   430    0.1000000000E+01
   431    0.1000000000E+01
   432    0.1000000000E+01
   433    0.1000000000E+01
   434    0.1000000000E+01
   435    0.1000000000E+01
   436    0.1000000000E+01
   437    0.1000000000E+01
   438    0.1000000000E+01
   439    0.1000000000E+01
   440    0.1000000000E+01
   441    0.1000000000E+01
   442    0.1000000000E+01
   443    0.1000000000E+01
   444    0.1000000000E+01
   445    0.1000000000E+01
   446    0.1000000000E+01
   447    0.1000000000E+01
   448    0.1000000000E+01
   449    0.1000000000E+01
   450    0.1000000000E+01
   451    0.1000000000E+01
   452    0.1000000000E+01
   453    0.1000000000E+01
   454    0.1000000000E+01
   455    0.1000000000E+01
   456    0.1000000000E+01
   457    0.1000000000E+01
   458    0.1000000000E+01
   459    0.1000000000E+01
   460    0.1000000000E+01
   461    0.1000000000E+01
   462    0.1000000000E+01
   463    0.1000000000E+01
   464    0.1000000000E+01
   465    0.1000000000E+01
   466    0.1000000000E+01
   467    0.1000000000E+01
   468    0.1000000000E+01
   469    0.1000000000E+01
   470    0.1000000000E+01
   471    0.1000000000E+01
   472    0.1000000000E+01
   473    0.1000000000E+01
   474    0.1000000000E+01
   475    0.1000000000E+01
   476    0.1000000000E+01
   477    0.1000000000E+01
   478    0.1000000000E+01
   479    0.1000000000E+01
   480    0.1000000000E+01
   481    0.1000000000E+01
   482    0.1000000000E+01
   483    0.1000000000E+01
   484    0.1000000000E+01
   485    0.1000000000E+01
   486    0.1000000000E+01
   487    0.1000000000E+01
   488    0.1000000000E+01
   489    0.1000000000E+01
   490    0.1000000000E+01
   491    0.1000000000E+01
   492    0.1000000000E+01
   493    0.1000000000E+01
   494    0.1000000000E+01
   495    0.1000000000E+01
   496    0.1000000000E+01
   497    0.1000000000E+01
   498    0.1000000000E+01
   499    0.1000000000E+01
   500    0.8359375000E+00
   501    0.1640625000E+00
   502    0.0000000000E+00
