    -1    0.3707934869E+00
     0    0.9824598674E+00
     1    0.1001106337E+01
     2    0.1001358200E+01
     3    0.9894450331E+00
     4    0.9812281397E+00
     5    0.9787900625E+00
     6    0.9727647429E+00
     7    0.9654856237E+00
     8    0.9612506970E+00
     9    0.9598520561E+00
    10    0.9560857114E+00
    11    0.9516597562E+00
    12    0.9517947689E+00
    13    0.9535348956E+00
    14    0.9511935354E+00
    15    0.9497808406E+00
    16    0.9573727849E+00
    17    0.9596542943E+00
    18    0.9546777821E+00
    19    0.9671747985E+00
    20    0.9750169739E+00
    21    0.9683511430E+00
    22    0.9819957519E+00
    23    0.9950425841E+00
    24    0.9877007417E+00
    25    0.1000297349E+01
    26    0.1017258350E+01
    27    0.1008898318E+01
    28    0.1020050366E+01
    29    0.1037929901E+01
    30    0.1027550919E+01
    31    0.1038242050E+01
    32    0.1052253399E+01
    33    0.1040732558E+01
    34    0.1049467033E+01
    35    0.1056855037E+01
    36    0.1045695864E+01
    37    0.1050969772E+01
    38    0.1052153224E+01
    39    0.1041072748E+01
    40    0.1041938528E+01
    41    0.1038920003E+01
    42    0.1028481764E+01
    43    0.1024136767E+01
    44    0.1019541292E+01
    45    0.1011005215E+01
    46    0.1001749248E+01
    47    0.9974344321E+00
    48    0.9922183752E+00
    49    0.9799942718E+00
    50    0.9763775669E+00
    51    0.9751495920E+00
    52    0.9633891344E+00
    53    0.9595920905E+00
    54    0.9618871085E+00
    55    0.9544719296E+00
    56    0.9493726098E+00
    57    0.9537568380E+00
    58    0.9537099328E+00
    59    0.9470243443E+00
    60    0.9517819703E+00
    61    0.9603385346E+00
    62    0.9528330509E+00
    63    0.9568987676E+00
    64    0.9727918319E+00
    65    0.9665170122E+00
    66    0.9706694775E+00
    67    0.9890167203E+00
    68    0.9860869245E+00
    69    0.9900003293E+00
    70    0.1007750213E+01
    71    0.1008462322E+01
    72    0.1012099527E+01
    73    0.1026152798E+01
    74    0.1030076560E+01
    75    0.1032256383E+01
    76    0.1041148433E+01
    77    0.1047086007E+01
    78    0.1045910356E+01
    79    0.1049195066E+01
    80    0.1054793589E+01
    81    0.1050104989E+01
    82    0.1048271774E+01
    83    0.1052792222E+01
    84    0.1044259655E+01
    85    0.1037606150E+01
    86    0.1041547054E+01
    87    0.1030266250E+01
    88    0.1019212329E+01
    89    0.1022797621E+01
    90    0.1011843829E+01
    91    0.9966350936E+00
    92    0.1000859335E+01
    93    0.9925929301E+00
    94    0.9748190651E+00
    95    0.9801061770E+00
    96    0.9750364581E+00
    97    0.9581652982E+00
    98    0.9628478199E+00
    99    0.9627199937E+00
   100    0.9487543320E+00
   101    0.9519585512E+00
   102    0.9564061065E+00
   103    0.9467770867E+00
   104    0.9491320050E+00
   105    0.9568751115E+00
   106    0.9514725394E+00
   107    0.9549951605E+00
   108    0.9639033677E+00
   109    0.9625032402E+00
   110    0.9703306805E+00
   111    0.9769291655E+00
   112    0.9788729834E+00
   113    0.9910385451E+00
   114    0.9953986859E+00
   115    0.9981606107E+00
   116    0.1014471078E+01
   117    0.1016049261E+01
   118    0.1018128335E+01
   119    0.1036351115E+01
   120    0.1034256906E+01
   121    0.1035741751E+01
   122    0.1052861183E+01
   123    0.1045311441E+01
   124    0.1047908218E+01
   125    0.1058972145E+01
   126    0.1046540913E+01
   127    0.1051452929E+01
   128    0.1054686471E+01
   129    0.1038294918E+01
   130    0.1044801388E+01
   131    0.1041288466E+01
   132    0.1022448714E+01
   133    0.1028884264E+01
   134    0.1021046591E+01
   135    0.1002877353E+01
   136    0.1007188177E+01
   137    0.9992604379E+00
   138    0.9835339590E+00
   139    0.9843730053E+00
   140    0.9791185751E+00
   141    0.9677949209E+00
   142    0.9649045004E+00
   143    0.9629280846E+00
   144    0.9571433564E+00
   145    0.9534288720E+00
   146    0.9528893296E+00
   147    0.9526000274E+00
   148    0.9508001039E+00
   149    0.9501268230E+00
   150    0.9539934967E+00
   151    0.9569318402E+00
   152    0.9554478059E+00
   153    0.9618618718E+00
   154    0.9699471779E+00
   155    0.9705933638E+00
   156    0.9759876039E+00
   157    0.9884921405E+00
   158    0.9913216610E+00
   159    0.9947209142E+00
   160    0.1011227323E+01
   161    0.1015126428E+01
   162    0.1015516202E+01
   163    0.1034608811E+01
   164    0.1036754605E+01
   165    0.1033792006E+01
   166    0.1055348101E+01
   167    0.1052299016E+01
   168    0.1047841187E+01
   169    0.1065767119E+01
   170    0.1058868640E+01
   171    0.1054134544E+01
   172    0.1066714796E+01
   173    0.1054465054E+01
   174    0.1048582092E+01
   175    0.1055321951E+01
   176    0.1042316044E+01
   177    0.1036346931E+01
   178    0.1033739281E+01
   179    0.1022811836E+01
   180    0.1018188218E+01
   181    0.1011815026E+01
   182    0.1004383337E+01
   183    0.9978860371E+00
   184    0.9900809930E+00
   185    0.9885039708E+00
   186    0.9814290184E+00
   187    0.9724620573E+00
   188    0.9761060398E+00
   189    0.9726254932E+00
   190    0.9642941805E+00
   191    0.9722710006E+00
   192    0.9704369777E+00
   193    0.9620376741E+00
   194    0.9705942469E+00
   195    0.9750925254E+00
   196    0.9711332071E+00
   197    0.9811005223E+00
   198    0.9914430650E+00
   199    0.9877584323E+00
   200    0.9958531880E+00
   201    0.1007424955E+01
   202    0.1005505784E+01
   203    0.1009814029E+01
   204    0.1022937876E+01
   205    0.1024043705E+01
   206    0.1026258999E+01
   207    0.1038754193E+01
   208    0.1036603128E+01
   209    0.1035051828E+01
   210    0.1044082809E+01
   211    0.1041160804E+01
   212    0.1038252116E+01
   213    0.1045435651E+01
   214    0.1037043002E+01
   215    0.1028402287E+01
   216    0.1030534662E+01
   217    0.1025069483E+01
   218    0.1019959283E+01
   219    0.1017192247E+01
   220    0.1011065559E+01
   221    0.1005642996E+01
   222    0.9990990339E+00
   223    0.9934776660E+00
   224    0.9887260395E+00
   225    0.9802484351E+00
   226    0.9745081344E+00
   227    0.9710115734E+00
   228    0.9629278883E+00
   229    0.9589649882E+00
   230    0.9603804356E+00
   231    0.9579408507E+00
   232    0.9611262672E+00
   233    0.9586479203E+00
   234    0.9446106412E+00
   235    0.9352261347E+00
   236    0.9419034026E+00
   237    0.9502837993E+00
   238    0.9593886761E+00
   239    0.9530103267E+00
   240    0.9322920950E+00
   241    0.9313380781E+00
   242    0.9452865415E+00
   243    0.9597170352E+00
   244    0.9663605279E+00
   245    0.9491202511E+00
   246    0.9382284375E+00
   247    0.9449689259E+00
   248    0.9573555166E+00
   249    0.9699001881E+00
   250    0.9755027842E+00
   251    0.9695563223E+00
   252    0.9617442791E+00
   253    0.9613799352E+00
   254    0.9692829439E+00
   255    0.9772214354E+00
   256    0.9772899404E+00
   257    0.9808730981E+00
   258    0.9873679144E+00
   259    0.9867589234E+00
   260    0.9897887246E+00
   261    0.9948624378E+00
   262    0.9933231276E+00
   263    0.9948017074E+00
   264    0.9985075021E+00
   265    0.1000062038E+01
   266    0.1002249423E+01
   267    0.1006338036E+01
   268    0.1005055526E+01
   269    0.1008471987E+01
   270    0.1011464883E+01
   271    0.1010350683E+01
   272    0.1008415787E+01
   273    0.1010451285E+01
   274    0.1011357542E+01
   275    0.1012940798E+01
   276    0.1014055771E+01
   277    0.1013766093E+01
   278    0.1015015577E+01
   279    0.1015943393E+01
   280    0.1015791315E+01
   281    0.1017209505E+01
   282    0.1017915662E+01
   283    0.1017263747E+01
   284    0.1017203721E+01
   285    0.1016267796E+01
   286    0.1015774953E+01
   287    0.1019763026E+01
   288    0.1019318382E+01
   289    0.1016106453E+01
   290    0.1015759913E+01
   291    0.1016952421E+01
   292    0.1015704427E+01
   293    0.1015594246E+01
   294    0.1015740141E+01
   295    0.1014429187E+01
   296    0.1013462417E+01
   297    0.1013899360E+01
   298    0.1013204624E+01
   299    0.1012141332E+01
   300    0.1011547313E+01
   301    0.1011334885E+01
   302    0.1010786204E+01
   303    0.1010052379E+01
   304    0.1009664360E+01
   305    0.1009883537E+01
   306    0.1009829674E+01
   307    0.1008998941E+01
   308    0.1007928756E+01
   309    0.1007175509E+01
   310    0.1006966962E+01
   311    0.1006972746E+01
   312    0.1006573353E+01
   313    0.1006034249E+01
   314    0.1005447199E+01
   315    0.1004951204E+01
   316    0.1004804839E+01
   317    0.1004604608E+01
   318    0.1004179219E+01
   319    0.1003820541E+01
   320    0.1003584584E+01
   321    0.1003335858E+01
   322    0.1002965493E+01
   323    0.1002831820E+01
   324    0.1002654253E+01
   325    0.1002384815E+01
   326    0.1002105161E+01
   327    0.1001975558E+01
   328    0.1001822110E+01
   329    0.1001626453E+01
   330    0.1001485626E+01
   331    0.1001358445E+01
   332    0.1001211549E+01
   333    0.1001099686E+01
   334    0.1001024904E+01
   335    0.1000927056E+01
   336    0.1000827381E+01
   337    0.1000730866E+01
   338    0.1000652723E+01
   339    0.1000595575E+01
   340    0.1000537877E+01
   341    0.1000482644E+01
   342    0.1000421679E+01
   343    0.1000371688E+01
   344    0.1000341791E+01
   345    0.1000307503E+01
   346    0.1000269428E+01
   347    0.1000237850E+01
   348    0.1000209724E+01
   349    0.1000191031E+01
   350    0.1000169797E+01
   351    0.1000144618E+01
   352    0.1000128210E+01
   353    0.1000113462E+01
   354    0.1000097532E+01
   355    0.1000085883E+01
   356    0.1000078455E+01
   357    0.1000067042E+01
   358    0.1000057505E+01
   359    0.1000051527E+01
   360    0.1000044651E+01
   361    0.1000038648E+01
   362    0.1000033367E+01
   363    0.1000028943E+01
   364    0.1000025193E+01
   365    0.1000021896E+01
   366    0.1000019135E+01
   367    0.1000016414E+01
   368    0.1000014307E+01
   369    0.1000012057E+01
   370    0.1000010130E+01
   371    0.1000008829E+01
   372    0.1000007664E+01
   373    0.1000006460E+01
   374    0.1000005656E+01
   375    0.1000004927E+01
   376    0.1000004168E+01
   377    0.1000003470E+01
   378    0.1000002897E+01
   379    0.1000002522E+01
   380    0.1000002139E+01
   381    0.1000001818E+01
   382    0.1000001544E+01
   383    0.1000001308E+01
   384    0.1000001080E+01
   385    0.1000000902E+01
   386    0.1000000772E+01
   387    0.1000000654E+01
   388    0.1000000551E+01
   389    0.1000000454E+01
   390    0.1000000382E+01
   391    0.1000000326E+01
   392    0.1000000275E+01
   393    0.1000000225E+01
   394    0.1000000185E+01
   395    0.1000000153E+01
   396    0.1000000127E+01
   397    0.1000000107E+01
   398    0.1000000090E+01
   399    0.1000000074E+01
   400    0.1000000060E+01
   401    0.1000000049E+01
   402    0.1000000041E+01
   403    0.1000000034E+01
   404    0.1000000029E+01
   405    0.1000000023E+01
   406    0.1000000019E+01
   407    0.1000000015E+01
   408    0.1000000013E+01
   409    0.1000000010E+01
   410    0.1000000008E+01
   411    0.1000000007E+01
   412    0.1000000006E+01
   413    0.1000000005E+01
   414    0.1000000004E+01
   415    0.1000000003E+01
   416    0.1000000002E+01
   417    0.1000000002E+01
   418    0.1000000002E+01
   419    0.1000000001E+01
   420    0.1000000001E+01
   421    0.1000000001E+01
   422    0.1000000001E+01
   423    0.1000000001E+01
   424    0.1000000000E+01
   425    0.1000000000E+01
   426    0.1000000000E+01
   427    0.1000000000E+01
   428    0.1000000000E+01
   429    0.1000000000E+01
   430    0.1000000000E+01
   431    0.1000000000E+01
   432    0.1000000000E+01
   433    0.1000000000E+01
   434    0.1000000000E+01
   435    0.1000000000E+01
   436    0.1000000000E+01
   437    0.1000000000E+01
   438    0.1000000000E+01
   439    0.1000000000E+01
   440    0.1000000000E+01
   441    0.1000000000E+01
   442    0.1000000000E+01
   443    0.1000000000E+01
   444    0.1000000000E+01
   445    0.1000000000E+01
   446    0.1000000000E+01
   447    0.1000000000E+01
   448    0.1000000000E+01
   449    0.1000000000E+01
   450    0.1000000000E+01
   451    0.1000000000E+01
   452    0.1000000000E+01
   453    0.1000000000E+01
   454    0.1000000000E+01
   455    0.1000000000E+01
   456    0.1000000000E+01
   457    0.1000000000E+01
   458    0.1000000000E+01
   459    0.1000000000E+01
   460    0.1000000000E+01
   461    0.1000000000E+01
   462    0.1000000000E+01
   463    0.1000000000E+01
   464    0.1000000000E+01
   465    0.1000000000E+01
   466    0.1000000000E+01
   467    0.1000000000E+01
   468    0.1000000000E+01
   469    0.1000000000E+01
   470    0.1000000000E+01
   471    0.1000000000E+01
   472    0.1000000000E+01
   473    0.1000000000E+01
   474    0.1000000000E+01
   475    0.1000000000E+01
   476    0.1000000000E+01
   477    0.1000000000E+01
   478    0.1000000000E+01
   479    0.1000000000E+01
   480    0.1000000000E+01
   481    0.1000000000E+01
   482    0.1000000000E+01
   483    0.1000000000E+01
   484    0.1000000000E+01
   485    0.1000000000E+01
   486    0.1000000000E+01
   487    0.1000000000E+01
   488    0.1000000000E+01
   489    0.1000000000E+01
   490    0.1000000000E+01
   491    0.1000000000E+01
   492    0.1000000000E+01
   493    0.1000000000E+01
   494    0.1000000000E+01
   495    0.1000000000E+01
   496    0.1000000000E+01
   497    0.1000000000E+01
   498    0.1000000000E+01
   499    0.1000000000E+01
   500    0.8359375000E+00
   501    0.1640625000E+00
   502    0.0000000000E+00
