    -1    0.0000000000E+00
     0    0.2314636226E+00
     1    0.8632191784E+00
     2    0.9390152272E+00
     3    0.9223415218E+00
     4    0.9333020124E+00
     5    0.8980397733E+00
     6    0.9161928319E+00
     7    0.9130215199E+00
     8    0.8856477255E+00
     9    0.9189287552E+00
    10    0.9000740175E+00
    11    0.9000688557E+00
    12    0.9191655694E+00
    13    0.9015266643E+00
    14    0.9369617190E+00
    15    0.9204072426E+00
    16    0.9311786143E+00
    17    0.9723308899E+00
    18    0.9407213717E+00
    19    0.9731207412E+00
    20    0.1005877784E+01
    21    0.9845556329E+00
    22    0.1014253372E+01
    23    0.1044846811E+01
    24    0.1036699479E+01
    25    0.1051595006E+01
    26    0.1079660247E+01
    27    0.1087104903E+01
    28    0.1082294523E+01
    29    0.1101034632E+01
    30    0.1115645826E+01
    31    0.1098252228E+01
    32    0.1107506067E+01
    33    0.1104615739E+01
    34    0.1099118801E+01
    35    0.1099030422E+01
    36    0.1073609939E+01
    37    0.1065478368E+01
    38    0.1073081424E+01
    39    0.1034818588E+01
    40    0.1017918497E+01
    41    0.1031239969E+01
    42    0.9954038615E+00
    43    0.9716570401E+00
    44    0.9870597574E+00
    45    0.9584675206E+00
    46    0.9361760897E+00
    47    0.9461952709E+00
    48    0.9243989134E+00
    49    0.9232682190E+00
    50    0.9076007095E+00
    51    0.9050915854E+00
    52    0.9186093989E+00
    53    0.8915906719E+00
    54    0.9015390010E+00
    55    0.9167258224E+00
    56    0.8967711847E+00
    57    0.9059616316E+00
    58    0.9196338967E+00
    59    0.9178266112E+00
    60    0.9322858397E+00
    61    0.9262547869E+00
    62    0.9618035614E+00
    63    0.9629122758E+00
    64    0.9563141266E+00
    65    0.1001313088E+01
    66    0.1006035568E+01
    67    0.9972274285E+00
    68    0.1041650986E+01
    69    0.1052666623E+01
    70    0.1042030368E+01
    71    0.1079156302E+01
    72    0.1088713516E+01
    73    0.1089023299E+01
    74    0.1103522514E+01
    75    0.1103826611E+01
    76    0.1104685062E+01
    77    0.1114543925E+01
    78    0.1097643335E+01
    79    0.1098446993E+01
    80    0.1101069069E+01
    81    0.1081405803E+01
    82    0.1063722136E+01
    83    0.1062598642E+01
    84    0.1048784253E+01
    85    0.1017653263E+01
    86    0.1016543702E+01
    87    0.1008551810E+01
    88    0.9734187353E+00
    89    0.9719007083E+00
    90    0.9736615084E+00
    91    0.9331843053E+00
    92    0.9348766041E+00
    93    0.9392617922E+00
    94    0.9077089613E+00
    95    0.9136524715E+00
    96    0.9089632240E+00
    97    0.9074424329E+00
    98    0.9001435750E+00
    99    0.8996136249E+00
   100    0.9113621798E+00
   101    0.9015166657E+00
   102    0.9035216632E+00
   103    0.9212719969E+00
   104    0.9143694519E+00
   105    0.9274847456E+00
   106    0.9356822076E+00
   107    0.9517675671E+00
   108    0.9639328098E+00
   109    0.9658080808E+00
   110    0.9906526450E+00
   111    0.1006422842E+01
   112    0.1006624941E+01
   113    0.1032870662E+01
   114    0.1052546712E+01
   115    0.1047529528E+01
   116    0.1077562250E+01
   117    0.1091543434E+01
   118    0.1085909348E+01
   119    0.1105941637E+01
   120    0.1107383992E+01
   121    0.1101096618E+01
   122    0.1116001277E+01
   123    0.1102076628E+01
   124    0.1094244455E+01
   125    0.1106917093E+01
   126    0.1077568399E+01
   127    0.1067116240E+01
   128    0.1067569622E+01
   129    0.1038990955E+01
   130    0.1023480542E+01
   131    0.1021897424E+01
   132    0.9979749502E+00
   133    0.9786665385E+00
   134    0.9783707684E+00
   135    0.9616164097E+00
   136    0.9372853098E+00
   137    0.9441820194E+00
   138    0.9273419036E+00
   139    0.9112169310E+00
   140    0.9162958533E+00
   141    0.9065992485E+00
   142    0.9065279716E+00
   143    0.9023693939E+00
   144    0.9004705785E+00
   145    0.9085928041E+00
   146    0.9044374067E+00
   147    0.9055309610E+00
   148    0.9171917254E+00
   149    0.9221996321E+00
   150    0.9286751883E+00
   151    0.9326047284E+00
   152    0.9613644756E+00
   153    0.9624847544E+00
   154    0.9673956128E+00
   155    0.1002129154E+01
   156    0.1006294255E+01
   157    0.1009916016E+01
   158    0.1048326372E+01
   159    0.1051267929E+01
   160    0.1056565191E+01
   161    0.1094350980E+01
   162    0.1087605930E+01
   163    0.1099134731E+01
   164    0.1116277514E+01
   165    0.1105355667E+01
   166    0.1118191976E+01
   167    0.1122310814E+01
   168    0.1106388362E+01
   169    0.1112251532E+01
   170    0.1101127496E+01
   171    0.1083855771E+01
   172    0.1079636119E+01
   173    0.1057516866E+01
   174    0.1043325764E+01
   175    0.1034224874E+01
   176    0.1016414934E+01
   177    0.1001365851E+01
   178    0.9902367542E+00
   179    0.9756623355E+00
   180    0.9649689465E+00
   181    0.9533634258E+00
   182    0.9423788143E+00
   183    0.9404043510E+00
   184    0.9257216949E+00
   185    0.9233832312E+00
   186    0.9327508878E+00
   187    0.9168529885E+00
   188    0.9198356430E+00
   189    0.9265287529E+00
   190    0.9223423180E+00
   191    0.9292890431E+00
   192    0.9406350143E+00
   193    0.9514879090E+00
   194    0.9558270545E+00
   195    0.9663177841E+00
   196    0.9859044414E+00
   197    0.9886787163E+00
   198    0.9989399495E+00
   199    0.1021087158E+01
   200    0.1023332286E+01
   201    0.1034527645E+01
   202    0.1054646255E+01
   203    0.1054387620E+01
   204    0.1063518659E+01
   205    0.1073186148E+01
   206    0.1065750334E+01
   207    0.1073387289E+01
   208    0.1076585189E+01
   209    0.1075088988E+01
   210    0.1074284581E+01
   211    0.1052865142E+01
   212    0.1044541712E+01
   213    0.1048251250E+01
   214    0.1038535948E+01
   215    0.1031321243E+01
   216    0.1026305373E+01
   217    0.1013208905E+01
   218    0.1003602980E+01
   219    0.9960937405E+00
   220    0.9857742228E+00
   221    0.9771479124E+00
   222    0.9693610073E+00
   223    0.9618438689E+00
   224    0.9590018086E+00
   225    0.9537048864E+00
   226    0.9475720738E+00
   227    0.9418938991E+00
   228    0.9433331840E+00
   229    0.9506431125E+00
   230    0.9493684342E+00
   231    0.9238581088E+00
   232    0.9152345065E+00
   233    0.9281719617E+00
   234    0.9511283170E+00
   235    0.9626067658E+00
   236    0.9274045748E+00
   237    0.9113081419E+00
   238    0.9315191112E+00
   239    0.9543383153E+00
   240    0.9650927732E+00
   241    0.9467447710E+00
   242    0.9280109587E+00
   243    0.9415400273E+00
   244    0.9645973555E+00
   245    0.9694258084E+00
   246    0.9708940630E+00
   247    0.9704852216E+00
   248    0.9588837036E+00
   249    0.9560390871E+00
   250    0.9681296874E+00
   251    0.9789830284E+00
   252    0.9841588093E+00
   253    0.9896190353E+00
   254    0.9918621522E+00
   255    0.9914591340E+00
   256    0.9938441187E+00
   257    0.9948393508E+00
   258    0.9958895168E+00
   259    0.9997590272E+00
   260    0.9991829487E+00
   261    0.1002364872E+01
   262    0.1007177886E+01
   263    0.1009642745E+01
   264    0.1006515369E+01
   265    0.1012322710E+01
   266    0.1014952100E+01
   267    0.1012084406E+01
   268    0.1010323770E+01
   269    0.1009846159E+01
   270    0.1010908210E+01
   271    0.1015056131E+01
   272    0.1014599057E+01
   273    0.1014306075E+01
   274    0.1016956897E+01
   275    0.1016222520E+01
   276    0.1016437840E+01
   277    0.1018700371E+01
   278    0.1016920464E+01
   279    0.1016601570E+01
   280    0.1017617980E+01
   281    0.1015330716E+01
   282    0.1019387210E+01
   283    0.1023920488E+01
   284    0.1017838077E+01
   285    0.1014730513E+01
   286    0.1015989001E+01
   287    0.1015685965E+01
   288    0.1015794904E+01
   289    0.1015873231E+01
   290    0.1014805095E+01
   291    0.1013822637E+01
   292    0.1013533743E+01
   293    0.1013255657E+01
   294    0.1012420537E+01
   295    0.1011620041E+01
   296    0.1010874247E+01
   297    0.1010783976E+01
   298    0.1010021383E+01
   299    0.1009206251E+01
   300    0.1009905776E+01
   301    0.1010611554E+01
   302    0.1009874339E+01
   303    0.1008107354E+01
   304    0.1007098202E+01
   305    0.1006683121E+01
   306    0.1007023288E+01
   307    0.1006780947E+01
   308    0.1006297335E+01
   309    0.1005726326E+01
   310    0.1004972116E+01
   311    0.1004774039E+01
   312    0.1004709685E+01
   313    0.1004428177E+01
   314    0.1003903046E+01
   315    0.1003671933E+01
   316    0.1003486463E+01
   317    0.1003082581E+01
   318    0.1002850756E+01
   319    0.1002789628E+01
   320    0.1002548025E+01
   321    0.1002179949E+01
   322    0.1002024398E+01
   323    0.1001904522E+01
   324    0.1001702570E+01
   325    0.1001540582E+01
   326    0.1001419239E+01
   327    0.1001263848E+01
   328    0.1001139353E+01
   329    0.1001057454E+01
   330    0.1000978298E+01
   331    0.1000884103E+01
   332    0.1000776648E+01
   333    0.1000666914E+01
   334    0.1000626585E+01
   335    0.1000563744E+01
   336    0.1000507543E+01
   337    0.1000451653E+01
   338    0.1000388082E+01
   339    0.1000349711E+01
   340    0.1000327937E+01
   341    0.1000288712E+01
   342    0.1000251301E+01
   343    0.1000220770E+01
   344    0.1000199509E+01
   345    0.1000184003E+01
   346    0.1000156207E+01
   347    0.1000134005E+01
   348    0.1000121151E+01
   349    0.1000104484E+01
   350    0.1000089053E+01
   351    0.1000082759E+01
   352    0.1000073604E+01
   353    0.1000060447E+01
   354    0.1000054596E+01
   355    0.1000048107E+01
   356    0.1000041302E+01
   357    0.1000035766E+01
   358    0.1000030766E+01
   359    0.1000026847E+01
   360    0.1000023310E+01
   361    0.1000020534E+01
   362    0.1000017718E+01
   363    0.1000015354E+01
   364    0.1000013185E+01
   365    0.1000010901E+01
   366    0.1000009186E+01
   367    0.1000008261E+01
   368    0.1000006998E+01
   369    0.1000005897E+01
   370    0.1000005385E+01
   371    0.1000004576E+01
   372    0.1000003803E+01
   373    0.1000003104E+01
   374    0.1000002688E+01
   375    0.1000002315E+01
   376    0.1000001962E+01
   377    0.1000001681E+01
   378    0.1000001419E+01
   379    0.1000001189E+01
   380    0.1000000966E+01
   381    0.1000000827E+01
   382    0.1000000708E+01
   383    0.1000000600E+01
   384    0.1000000499E+01
   385    0.1000000411E+01
   386    0.1000000351E+01
   387    0.1000000304E+01
   388    0.1000000250E+01
   389    0.1000000202E+01
   390    0.1000000168E+01
   391    0.1000000136E+01
   392    0.1000000115E+01
   393    0.1000000098E+01
   394    0.1000000082E+01
   395    0.1000000067E+01
   396    0.1000000053E+01
   397    0.1000000044E+01
   398    0.1000000037E+01
   399    0.1000000031E+01
   400    0.1000000026E+01
   401    0.1000000021E+01
   402    0.1000000017E+01
   403    0.1000000014E+01
   404    0.1000000011E+01
   405    0.1000000009E+01
   406    0.1000000008E+01
   407    0.1000000006E+01
   408    0.1000000005E+01
   409    0.1000000004E+01
   410    0.1000000003E+01
   411    0.1000000003E+01
   412    0.1000000002E+01
   413    0.1000000002E+01
   414    0.1000000001E+01
   415    0.1000000001E+01
   416    0.1000000001E+01
   417    0.1000000001E+01
   418    0.1000000001E+01
   419    0.1000000000E+01
   420    0.1000000000E+01
   421    0.1000000000E+01
   422    0.1000000000E+01
   423    0.1000000000E+01
   424    0.1000000000E+01
   425    0.1000000000E+01
   426    0.1000000000E+01
   427    0.1000000000E+01
   428    0.1000000000E+01
   429    0.1000000000E+01
   430    0.1000000000E+01
   431    0.1000000000E+01
   432    0.1000000000E+01
   433    0.1000000000E+01
   434    0.1000000000E+01
   435    0.1000000000E+01
   436    0.1000000000E+01
   437    0.1000000000E+01
   438    0.1000000000E+01
   439    0.1000000000E+01
   440    0.1000000000E+01
   441    0.1000000000E+01
   442    0.1000000000E+01
   443    0.1000000000E+01
   444    0.1000000000E+01
   445    0.1000000000E+01
   446    0.1000000000E+01
   447    0.1000000000E+01
   448    0.1000000000E+01
   449    0.1000000000E+01
   450    0.1000000000E+01
   451    0.1000000000E+01
   452    0.1000000000E+01
   453    0.1000000000E+01
   454    0.1000000000E+01
   455    0.1000000000E+01
   456    0.1000000000E+01
   457    0.1000000000E+01
   458    0.1000000000E+01
   459    0.1000000000E+01
   460    0.1000000000E+01
   461    0.1000000000E+01
   462    0.1000000000E+01
   463    0.1000000000E+01
   464    0.1000000000E+01
   465    0.1000000000E+01
   466    0.1000000000E+01
   467    0.1000000000E+01
   468    0.1000000000E+01
   469    0.1000000000E+01
   470    0.1000000000E+01
   471    0.1000000000E+01
   472    0.1000000000E+01
   473    0.1000000000E+01
   474    0.1000000000E+01
   475    0.1000000000E+01
   476    0.1000000000E+01
   477    0.1000000000E+01
   478    0.1000000000E+01
   479    0.1000000000E+01
   480    0.1000000000E+01
   481    0.1000000000E+01
   482    0.1000000000E+01
   483    0.1000000000E+01
   484    0.1000000000E+01
   485    0.1000000000E+01
   486    0.1000000000E+01
   487    0.1000000000E+01
   488    0.1000000000E+01
   489    0.1000000000E+01
   490    0.1000000000E+01
   491    0.1000000000E+01
   492    0.1000000000E+01
   493    0.1000000000E+01
   494    0.1000000000E+01
   495    0.1000000000E+01
   496    0.1000000000E+01
   497    0.1000000000E+01
   498    0.1000000000E+01
   499    0.1000000000E+01
   500    0.8359375000E+00
   501    0.1640625000E+00
   502    0.0000000000E+00
