    -1    0.0000000000E+00
     0    0.1866417225E+00
     1    0.8616094458E+00
     2    0.1001555668E+01
     3    0.1000854454E+01
     4    0.9999985268E+00
     5    0.9986119092E+00
     6    0.9978848126E+00
     7    0.9971830587E+00
     8    0.9959173300E+00
     9    0.9952947960E+00
    10    0.9948473240E+00
    11    0.9939343935E+00
    12    0.9935216964E+00
    13    0.9933777048E+00
    14    0.9929937979E+00
    15    0.9928526687E+00
    16    0.9930230119E+00
    17    0.9932428320E+00
    18    0.9934053689E+00
    19    0.9938360643E+00
    20    0.9946500775E+00
    21    0.9950749174E+00
    22    0.9957102202E+00
    23    0.9969721133E+00
    24    0.9975958917E+00
    25    0.9983294554E+00
    26    0.9998318918E+00
    27    0.1000557250E+01
    28    0.1001226305E+01
    29    0.1002775678E+01
    30    0.1003431219E+01
    31    0.1003906801E+01
    32    0.1005298491E+01
    33    0.1005697487E+01
    34    0.1005919503E+01
    35    0.1006922371E+01
    36    0.1006974522E+01
    37    0.1006890842E+01
    38    0.1007347600E+01
    39    0.1007043247E+01
    40    0.1006633620E+01
    41    0.1006484635E+01
    42    0.1005914909E+01
    43    0.1005160268E+01
    44    0.1004525817E+01
    45    0.1003754695E+01
    46    0.1002753897E+01
    47    0.1001835754E+01
    48    0.1000910652E+01
    49    0.9998816145E+00
    50    0.9988707513E+00
    51    0.9978710168E+00
    52    0.9970820117E+00
    53    0.9960932346E+00
    54    0.9952135294E+00
    55    0.9947769538E+00
    56    0.9940212607E+00
    57    0.9933507117E+00
    58    0.9933739460E+00
    59    0.9929812306E+00
    60    0.9925977240E+00
    61    0.9931039286E+00
    62    0.9931406671E+00
    63    0.9930830814E+00
    64    0.9940060804E+00
    65    0.9944808661E+00
    66    0.9947257982E+00
    67    0.9959390461E+00
    68    0.9967840332E+00
    69    0.9972550136E+00
    70    0.9985912352E+00
    71    0.9996703945E+00
    72    0.1000245538E+01
    73    0.1001513667E+01
    74    0.1002665957E+01
    75    0.1003158466E+01
    76    0.1004242178E+01
    77    0.1005204621E+01
    78    0.1005525660E+01
    79    0.1006253606E+01
    80    0.1006865230E+01
    81    0.1006912517E+01
    82    0.1007183163E+01
    83    0.1007336722E+01
    84    0.1007087487E+01
    85    0.1006841894E+01
    86    0.1006543101E+01
    87    0.1006001266E+01
    88    0.1005313115E+01
    89    0.1004602545E+01
    90    0.1003856768E+01
    91    0.1002885999E+01
    92    0.1001839692E+01
    93    0.1001054974E+01
    94    0.9999834963E+00
    95    0.9987436630E+00
    96    0.9980950920E+00
    97    0.9971021211E+00
    98    0.9958655540E+00
    99    0.9954691763E+00
   100    0.9947402875E+00
   101    0.9936980376E+00
   102    0.9936171590E+00
   103    0.9932835405E+00
   104    0.9926046238E+00
   105    0.9928529436E+00
   106    0.9929549734E+00
   107    0.9927855386E+00
   108    0.9932760606E+00
   109    0.9938383134E+00
   110    0.9941889438E+00
   111    0.9948362332E+00
   112    0.9957865322E+00
   113    0.9965820537E+00
   114    0.9972935459E+00
   115    0.9984722756E+00
   116    0.9995717297E+00
   117    0.1000240338E+01
   118    0.1001444247E+01
   119    0.1002650280E+01
   120    0.1003186076E+01
   121    0.1004179122E+01
   122    0.1005276986E+01
   123    0.1005634791E+01
   124    0.1006174586E+01
   125    0.1007005246E+01
   126    0.1007133486E+01
   127    0.1007074026E+01
   128    0.1007530415E+01
   129    0.1007410925E+01
   130    0.1006706747E+01
   131    0.1006761455E+01
   132    0.1006423026E+01
   133    0.1005137953E+01
   134    0.1004839954E+01
   135    0.1004352216E+01
   136    0.1002662970E+01
   137    0.1002102832E+01
   138    0.1001596449E+01
   139    0.9997064406E+00
   140    0.9990756787E+00
   141    0.9986107154E+00
   142    0.9968424372E+00
   143    0.9962540127E+00
   144    0.9959589430E+00
   145    0.9945516357E+00
   146    0.9941404186E+00
   147    0.9941117385E+00
   148    0.9932243587E+00
   149    0.9931341894E+00
   150    0.9933764819E+00
   151    0.9931178208E+00
   152    0.9934329372E+00
   153    0.9938994276E+00
   154    0.9942977188E+00
   155    0.9950318379E+00
   156    0.9956498275E+00
   157    0.9966110341E+00
   158    0.9977151939E+00
   159    0.9984085819E+00
   160    0.9997499936E+00
   161    0.1001101731E+01
   162    0.1001785483E+01
   163    0.1003248855E+01
   164    0.1004719507E+01
   165    0.1005301339E+01
   166    0.1006610847E+01
   167    0.1008041501E+01
   168    0.1008374870E+01
   169    0.1009371773E+01
   170    0.1010626596E+01
   171    0.1010607147E+01
   172    0.1011181793E+01
   173    0.1012084296E+01
   174    0.1011718321E+01
   175    0.1011814328E+01
   176    0.1012368449E+01
   177    0.1011751669E+01
   178    0.1011371647E+01
   179    0.1011577388E+01
   180    0.1010801440E+01
   181    0.1010092901E+01
   182    0.1010036047E+01
   183    0.1009284057E+01
   184    0.1008423554E+01
   185    0.1008310049E+01
   186    0.1007718429E+01
   187    0.1006872857E+01
   188    0.1006708107E+01
   189    0.1006481159E+01
   190    0.1006050167E+01
   191    0.1006015630E+01
   192    0.1006100402E+01
   193    0.1006129721E+01
   194    0.1006342905E+01
   195    0.1006839894E+01
   196    0.1007359798E+01
   197    0.1007689130E+01
   198    0.1008652941E+01
   199    0.1009772091E+01
   200    0.1010206758E+01
   201    0.1011491957E+01
   202    0.1012788260E+01
   203    0.1013090576E+01
   204    0.1014479814E+01
   205    0.1016007427E+01
   206    0.1016325434E+01
   207    0.1017645025E+01
   208    0.1018830321E+01
   209    0.1018843230E+01
   210    0.1019898141E+01
   211    0.1020471048E+01
   212    0.1019874148E+01
   213    0.1020127904E+01
   214    0.1020100299E+01
   215    0.1019181770E+01
   216    0.1018828614E+01
   217    0.1017873532E+01
   218    0.1016252748E+01
   219    0.1014951958E+01
   220    0.1013180099E+01
   221    0.1011261486E+01
   222    0.1009143203E+01
   223    0.1006547211E+01
   224    0.1004093686E+01
   225    0.1001711384E+01
   226    0.9987327245E+00
   227    0.9960581866E+00
   228    0.9934223573E+00
   229    0.9904109497E+00
   230    0.9876738537E+00
   231    0.9845610471E+00
   232    0.9815401607E+00
   233    0.9793896949E+00
   234    0.9765404678E+00
   235    0.9735738043E+00
   236    0.9717599586E+00
   237    0.9695007258E+00
   238    0.9670906108E+00
   239    0.9657096550E+00
   240    0.9635588555E+00
   241    0.9619281141E+00
   242    0.9612630174E+00
   243    0.9601030985E+00
   244    0.9588226013E+00
   245    0.9584210406E+00
   246    0.9579325372E+00
   247    0.9571828705E+00
   248    0.9574727926E+00
   249    0.9577735222E+00
   250    0.9577340457E+00
   251    0.9580437737E+00
   252    0.9588832660E+00
   253    0.9595316961E+00
   254    0.9606998192E+00
   255    0.9619878302E+00
   256    0.9628848383E+00
   257    0.9640168470E+00
   258    0.9660441985E+00
   259    0.9675110419E+00
   260    0.9688442315E+00
   261    0.9708916526E+00
   262    0.9727657494E+00
   263    0.9746480301E+00
   264    0.9764803619E+00
   265    0.9782719230E+00
   266    0.9805058074E+00
   267    0.9827638031E+00
   268    0.9845460873E+00
   269    0.9865024120E+00
   270    0.9888825438E+00
   271    0.9906771448E+00
   272    0.9922659796E+00
   273    0.9944763393E+00
   274    0.9965559704E+00
   275    0.9982951883E+00
   276    0.1000173070E+01
   277    0.1001655121E+01
   278    0.1003153081E+01
   279    0.1005054045E+01
   280    0.1006399849E+01
   281    0.1007622970E+01
   282    0.1008691993E+01
   283    0.1009946301E+01
   284    0.1011116496E+01
   285    0.1012087916E+01
   286    0.1012864723E+01
   287    0.1013741722E+01
   288    0.1014386637E+01
   289    0.1014968563E+01
   290    0.1015554396E+01
   291    0.1015963559E+01
   292    0.1016328037E+01
   293    0.1016657337E+01
   294    0.1016722322E+01
   295    0.1016711792E+01
   296    0.1016784548E+01
   297    0.1016749338E+01
   298    0.1016595430E+01
   299    0.1016499607E+01
   300    0.1016302385E+01
   301    0.1016011384E+01
   302    0.1015641628E+01
   303    0.1015315171E+01
   304    0.1014932506E+01
   305    0.1014444200E+01
   306    0.1013988167E+01
   307    0.1013588417E+01
   308    0.1013069292E+01
   309    0.1012526010E+01
   310    0.1012033795E+01
   311    0.1011548463E+01
   312    0.1011013884E+01
   313    0.1010499200E+01
   314    0.1009996695E+01
   315    0.1009496693E+01
   316    0.1009030167E+01
   317    0.1008522710E+01
   318    0.1008011847E+01
   319    0.1007532204E+01
   320    0.1007102333E+01
   321    0.1006675915E+01
   322    0.1006251887E+01
   323    0.1005832382E+01
   324    0.1005428470E+01
   325    0.1005059315E+01
   326    0.1004715805E+01
   327    0.1004381901E+01
   328    0.1004049417E+01
   329    0.1003748473E+01
   330    0.1003466822E+01
   331    0.1003190037E+01
   332    0.1002936430E+01
   333    0.1002706344E+01
   334    0.1002481147E+01
   335    0.1002268202E+01
   336    0.1002075197E+01
   337    0.1001896330E+01
   338    0.1001728450E+01
   339    0.1001573345E+01
   340    0.1001429730E+01
   341    0.1001297054E+01
   342    0.1001175695E+01
   343    0.1001063997E+01
   344    0.1000962238E+01
   345    0.1000868653E+01
   346    0.1000781195E+01
   347    0.1000701504E+01
   348    0.1000631309E+01
   349    0.1000565976E+01
   350    0.1000506994E+01
   351    0.1000453442E+01
   352    0.1000404116E+01
   353    0.1000360488E+01
   354    0.1000321711E+01
   355    0.1000285809E+01
   356    0.1000253625E+01
   357    0.1000224769E+01
   358    0.1000199114E+01
   359    0.1000176402E+01
   360    0.1000155449E+01
   361    0.1000136896E+01
   362    0.1000120714E+01
   363    0.1000105979E+01
   364    0.1000092958E+01
   365    0.1000081710E+01
   366    0.1000071561E+01
   367    0.1000062432E+01
   368    0.1000054581E+01
   369    0.1000047607E+01
   370    0.1000041435E+01
   371    0.1000036028E+01
   372    0.1000031273E+01
   373    0.1000027130E+01
   374    0.1000023498E+01
   375    0.1000020337E+01
   376    0.1000017570E+01
   377    0.1000015154E+01
   378    0.1000013054E+01
   379    0.1000011217E+01
   380    0.1000009626E+01
   381    0.1000008274E+01
   382    0.1000007089E+01
   383    0.1000006060E+01
   384    0.1000005193E+01
   385    0.1000004432E+01
   386    0.1000003773E+01
   387    0.1000003207E+01
   388    0.1000002729E+01
   389    0.1000002317E+01
   390    0.1000001965E+01
   391    0.1000001665E+01
   392    0.1000001407E+01
   393    0.1000001189E+01
   394    0.1000001001E+01
   395    0.1000000843E+01
   396    0.1000000710E+01
   397    0.1000000597E+01
   398    0.1000000501E+01
   399    0.1000000419E+01
   400    0.1000000351E+01
   401    0.1000000294E+01
   402    0.1000000245E+01
   403    0.1000000204E+01
   404    0.1000000170E+01
   405    0.1000000141E+01
   406    0.1000000117E+01
   407    0.1000000097E+01
   408    0.1000000081E+01
   409    0.1000000067E+01
   410    0.1000000055E+01
   411    0.1000000045E+01
   412    0.1000000037E+01
   413    0.1000000031E+01
   414    0.1000000025E+01
   415    0.1000000021E+01
   416    0.1000000017E+01
   417    0.1000000014E+01
   418    0.1000000011E+01
   419    0.1000000009E+01
   420    0.1000000008E+01
   421    0.1000000006E+01
   422    0.1000000005E+01
   423    0.1000000004E+01
   424    0.1000000003E+01
   425    0.1000000003E+01
   426    0.1000000002E+01
   427    0.1000000002E+01
   428    0.1000000001E+01
   429    0.1000000001E+01
   430    0.1000000001E+01
   431    0.1000000001E+01
   432    0.1000000001E+01
   433    0.1000000000E+01
   434    0.1000000000E+01
   435    0.1000000000E+01
   436    0.1000000000E+01
   437    0.1000000000E+01
   438    0.1000000000E+01
   439    0.1000000000E+01
   440    0.1000000000E+01
   441    0.1000000000E+01
   442    0.1000000000E+01
   443    0.1000000000E+01
   444    0.1000000000E+01
   445    0.1000000000E+01
   446    0.1000000000E+01
   447    0.1000000000E+01
   448    0.1000000000E+01
   449    0.1000000000E+01
   450    0.1000000000E+01
   451    0.1000000000E+01
   452    0.1000000000E+01
   453    0.1000000000E+01
   454    0.1000000000E+01
   455    0.1000000000E+01
   456    0.1000000000E+01
   457    0.1000000000E+01
   458    0.1000000000E+01
   459    0.1000000000E+01
   460    0.1000000000E+01
   461    0.1000000000E+01
   462    0.1000000000E+01
   463    0.1000000000E+01
   464    0.1000000000E+01
   465    0.1000000000E+01
   466    0.1000000000E+01
   467    0.1000000000E+01
   468    0.1000000000E+01
   469    0.1000000000E+01
   470    0.1000000000E+01
   471    0.1000000000E+01
   472    0.1000000000E+01
   473    0.1000000000E+01
   474    0.1000000000E+01
   475    0.1000000000E+01
   476    0.1000000000E+01
   477    0.1000000000E+01
   478    0.1000000000E+01
   479    0.1000000000E+01
   480    0.1000000000E+01
   481    0.1000000000E+01
   482    0.1000000000E+01
   483    0.1000000000E+01
   484    0.1000000000E+01
   485    0.1000000000E+01
   486    0.1000000000E+01
   487    0.1000000000E+01
   488    0.1000000000E+01
   489    0.1000000000E+01
   490    0.1000000000E+01
   491    0.1000000000E+01
   492    0.1000000000E+01
   493    0.1000000000E+01
   494    0.1000000000E+01
   495    0.1000000000E+01
   496    0.1000000000E+01
   497    0.1000000000E+01
   498    0.1000000000E+01
   499    0.1000000000E+01
   500    0.8359375000E+00
   501    0.1640625000E+00
   502    0.0000000000E+00
