    -1    0.0000000000E+00
     0    0.6367949401E-02
     1    0.2775524845E+00
     2    0.5248139197E+00
     3    0.4728200682E+00
     4    0.4556104299E+00
     5    0.4633661202E+00
     6    0.7749375725E+00
     7    0.2356790084E+00
     8    0.2217122915E+00
     9    0.4697660287E+00
    10    0.6900789325E+00
    11    0.2924764815E+00
    12    0.4212375396E+00
    13    0.5698289622E+00
    14    0.6919559999E+00
    15    0.4944881088E+00
    16    0.4124209021E+00
    17    0.7131321967E+00
    18    0.6374684284E+00
    19    0.3561967683E+00
    20    0.1450222623E+00
    21    0.6818000594E+00
    22    0.8657799158E+00
    23    0.8310144323E+00
    24    0.6731195369E+00
    25    0.4087038473E+00
    26    0.5724834401E+00
    27    0.7106636551E+00
    28    0.8135812187E+00
    29    0.1647764522E+01
    30    0.9767421510E+00
    31    0.1539256757E+01
    32    0.1693932555E+01
    33    0.1824903535E+01
    34    0.2378220040E+01
    35    0.2243684665E+01
    36    0.1912092448E+01
    37    0.1761707200E+01
    38    0.1816446812E+01
    39    0.1224530783E+01
    40    0.1511660290E+01
    41    0.8580156784E+00
    42    0.9342046217E+00
    43    0.1028479284E+01
    44    0.6766662088E+00
    45    0.7450873766E+00
    46    0.6323067762E+00
    47    0.6433322216E+00
    48    0.6607086677E+00
    49    0.4800746591E+00
    50    0.5785296035E+00
    51    0.4340251008E+00
    52    0.6077765060E+00
    53    0.5113775370E+00
    54    0.4036899795E+00
    55    0.4512541115E+00
    56    0.4023941844E+00
    57    0.5914050505E+00
    58    0.5389775622E+00
    59    0.2567868823E+00
    60    0.3976988634E+00
    61    0.5493820517E+00
    62    0.4820848618E+00
    63    0.6291412765E+00
    64    0.1511294496E+00
    65    0.4372418535E+00
    66    0.6497388295E+00
    67    0.5274586260E+00
    68    0.6603770182E+00
    69    0.1525816906E+00
    70    0.5074736120E+00
    71    0.8313314566E+00
    72    0.7442234840E+00
    73    0.5106629635E+00
    74    0.3830682080E+00
    75    0.8948346979E+00
    76    0.1051655729E+01
    77    0.7541535053E+00
    78    0.7086025041E+00
    79    0.1384573001E+01
    80    0.1103847718E+01
    81    0.1439364625E+01
    82    0.1653851489E+01
    83    0.1899517568E+01
    84    0.2095397751E+01
    85    0.2183790365E+01
    86    0.2116710503E+01
    87    0.1955467086E+01
    88    0.1701071320E+01
    89    0.1425060353E+01
    90    0.1259113767E+01
    91    0.1172241184E+01
    92    0.9001178673E+00
    93    0.8839549988E+00
    94    0.8499601470E+00
    95    0.6897951641E+00
    96    0.7133965190E+00
    97    0.5938010112E+00
    98    0.6153338738E+00
    99    0.5750370410E+00
   100    0.5601348692E+00
   101    0.5609233737E+00
   102    0.3760089119E+00
   103    0.6046890892E+00
   104    0.4188524896E+00
   105    0.5327076744E+00
   106    0.4709280259E+00
   107    0.3298046528E+00
   108    0.5636784870E+00
   109    0.3853558293E+00
   110    0.5220668476E+00
   111    0.4512622608E+00
   112    0.3312344845E+00
   113    0.5550967781E+00
   114    0.3980792680E+00
   115    0.5509149284E+00
   116    0.4691548729E+00
   117    0.3891919248E+00
   118    0.5742772461E+00
   119    0.4812341756E+00
   120    0.6163416984E+00
   121    0.5149522426E+00
   122    0.5786409834E+00
   123    0.5854884585E+00
   124    0.7595678671E+00
   125    0.6824268399E+00
   126    0.7521625962E+00
   127    0.8085203009E+00
   128    0.1003334268E+01
   129    0.1027086909E+01
   130    0.1185289365E+01
   131    0.1454574351E+01
   132    0.1675025882E+01
   133    0.1950205796E+01
   134    0.2107839627E+01
   135    0.2128220081E+01
   136    0.2038126037E+01
   137    0.1866783201E+01
   138    0.1676527085E+01
   139    0.1459196467E+01
   140    0.1301293015E+01
   141    0.1115479593E+01
   142    0.1003064526E+01
   143    0.9212553873E+00
   144    0.8121920969E+00
   145    0.7598033023E+00
   146    0.6830818263E+00
   147    0.6744935451E+00
   148    0.5989279193E+00
   149    0.5981211725E+00
   150    0.5684864763E+00
   151    0.5258754405E+00
   152    0.5271183071E+00
   153    0.5200679042E+00
   154    0.5018669453E+00
   155    0.4818349046E+00
   156    0.4750121614E+00
   157    0.4737330300E+00
   158    0.4926791865E+00
   159    0.4643515703E+00
   160    0.4603313811E+00
   161    0.4741125676E+00
   162    0.4725673257E+00
   163    0.4992801521E+00
   164    0.4805167298E+00
   165    0.4895159193E+00
   166    0.5174482291E+00
   167    0.5101885809E+00
   168    0.5709575271E+00
   169    0.5844788534E+00
   170    0.6037295966E+00
   171    0.6337772962E+00
   172    0.7129291501E+00
   173    0.8606473015E+00
   174    0.1054323023E+01
   175    0.1168197601E+01
   176    0.1227950525E+01
   177    0.1337172887E+01
   178    0.1345064344E+01
   179    0.1417401788E+01
   180    0.1477959373E+01
   181    0.1359710287E+01
   182    0.1394481499E+01
   183    0.1583291180E+01
   184    0.1537026275E+01
   185    0.1379975401E+01
   186    0.1346587070E+01
   187    0.1461946274E+01
   188    0.1330154969E+01
   189    0.1095205893E+01
   190    0.1028666755E+01
   191    0.1014714204E+01
   192    0.1021060051E+01
   193    0.1024085505E+01
   194    0.9876342939E+00
   195    0.9505976345E+00
   196    0.9246364275E+00
   197    0.8840159422E+00
   198    0.8520373277E+00
   199    0.8336212008E+00
   200    0.8154941615E+00
   201    0.7947423837E+00
   202    0.7706761884E+00
   203    0.8117723987E+00
   204    0.8600133659E+00
   205    0.8357712746E+00
   206    0.7964322281E+00
   207    0.7663755929E+00
   208    0.7572092333E+00
   209    0.8222392039E+00
   210    0.8950235661E+00
   211    0.8495335421E+00
   212    0.8583361241E+00
   213    0.9701220224E+00
   214    0.9241605203E+00
   215    0.8779243019E+00
   216    0.8452409496E+00
   217    0.9724599249E+00
   218    0.1172167406E+01
   219    0.1013693536E+01
   220    0.8557502210E+00
   221    0.8720190388E+00
   222    0.9849590462E+00
   223    0.1117242997E+01
   224    0.1009611086E+01
   225    0.8955667775E+00
   226    0.9368317999E+00
   227    0.1005607147E+01
   228    0.1032441245E+01
   229    0.1026948933E+01
   230    0.9723256220E+00
   231    0.9459381703E+00
   232    0.9798367804E+00
   233    0.1028446356E+01
   234    0.1040101105E+01
   235    0.1007942497E+01
   236    0.1004261105E+01
   237    0.1000530825E+01
   238    0.9992334940E+00
   239    0.1005267138E+01
   240    0.1022167447E+01
   241    0.1006770285E+01
   242    0.1004621689E+01
   243    0.1028108038E+01
   244    0.1027921331E+01
   245    0.1018525973E+01
   246    0.1028196638E+01
   247    0.1021302705E+01
   248    0.1008082177E+01
   249    0.1001446174E+01
   250    0.1006633980E+01
   251    0.1014810335E+01
   252    0.1019115464E+01
   253    0.1020356503E+01
   254    0.1017303655E+01
   255    0.1016189438E+01
   256    0.1018658327E+01
   257    0.1018704676E+01
   258    0.1016986044E+01
   259    0.1026999249E+01
   260    0.1029545423E+01
   261    0.1026771887E+01
   262    0.1022644757E+01
   263    0.1017572493E+01
   264    0.1010965192E+01
   265    0.1008869176E+01
   266    0.1011619177E+01
   267    0.1014922461E+01
   268    0.1014746949E+01
   269    0.1014590444E+01
   270    0.1013183902E+01
   271    0.1011129860E+01
   272    0.1010575291E+01
   273    0.1011240505E+01
   274    0.1009495994E+01
   275    0.1007915679E+01
   276    0.1008801529E+01
   277    0.1008872330E+01
   278    0.1010779647E+01
   279    0.1013877156E+01
   280    0.1011321916E+01
   281    0.1007368502E+01
   282    0.1005843845E+01
   283    0.1005447372E+01
   284    0.1006134175E+01
   285    0.1006394744E+01
   286    0.1006200718E+01
   287    0.1005748351E+01
   288    0.1004807986E+01
   289    0.1004489079E+01
   290    0.1004432891E+01
   291    0.1004393932E+01
   292    0.1003884747E+01
   293    0.1003613471E+01
   294    0.1003457590E+01
   295    0.1002981992E+01
   296    0.1002828428E+01
   297    0.1002857762E+01
   298    0.1002594742E+01
   299    0.1002159996E+01
   300    0.1001973132E+01
   301    0.1001873868E+01
   302    0.1001687413E+01
   303    0.1001513467E+01
   304    0.1001402811E+01
   305    0.1001236363E+01
   306    0.1001096607E+01
   307    0.1001035416E+01
   308    0.1001018992E+01
   309    0.1000918569E+01
   310    0.1000766831E+01
   311    0.1000630485E+01
   312    0.1000624950E+01
   313    0.1000555565E+01
   314    0.1000515699E+01
   315    0.1000455489E+01
   316    0.1000366018E+01
   317    0.1000336911E+01
   318    0.1000338971E+01
   319    0.1000294983E+01
   320    0.1000251985E+01
   321    0.1000218377E+01
   322    0.1000199444E+01
   323    0.1000197372E+01
   324    0.1000160740E+01
   325    0.1000130332E+01
   326    0.1000122073E+01
   327    0.1000104481E+01
   328    0.1000084594E+01
   329    0.1000083634E+01
   330    0.1000078063E+01
   331    0.1000058192E+01
   332    0.1000054448E+01
   333    0.1000049891E+01
   334    0.1000041591E+01
   335    0.1000035702E+01
   336    0.1000030566E+01
   337    0.1000026647E+01
   338    0.1000023265E+01
   339    0.1000021016E+01
   340    0.1000018129E+01
   341    0.1000015879E+01
   342    0.1000013635E+01
   343    0.1000010521E+01
   344    0.1000008623E+01
   345    0.1000008310E+01
   346    0.1000006984E+01
   347    0.1000005664E+01
   348    0.1000005709E+01
   349    0.1000004889E+01
   350    0.1000003922E+01
   351    0.1000003003E+01
   352    0.1000002630E+01
   353    0.1000002345E+01
   354    0.1000001993E+01
   355    0.1000001728E+01
   356    0.1000001454E+01
   357    0.1000001206E+01
   358    0.1000000930E+01
   359    0.1000000808E+01
   360    0.1000000713E+01
   361    0.1000000614E+01
   362    0.1000000504E+01
   363    0.1000000403E+01
   364    0.1000000358E+01
   365    0.1000000320E+01
   366    0.1000000260E+01
   367    0.1000000205E+01
   368    0.1000000167E+01
   369    0.1000000130E+01
   370    0.1000000113E+01
   371    0.1000000100E+01
   372    0.1000000086E+01
   373    0.1000000068E+01
   374    0.1000000052E+01
   375    0.1000000042E+01
   376    0.1000000037E+01
   377    0.1000000032E+01
   378    0.1000000027E+01
   379    0.1000000021E+01
   380    0.1000000016E+01
   381    0.1000000014E+01
   382    0.1000000011E+01
   383    0.1000000009E+01
   384    0.1000000008E+01
   385    0.1000000006E+01
   386    0.1000000005E+01
   387    0.1000000004E+01
   388    0.1000000003E+01
   389    0.1000000003E+01
   390    0.1000000002E+01
   391    0.1000000002E+01
   392    0.1000000001E+01
   393    0.1000000001E+01
   394    0.1000000001E+01
   395    0.1000000001E+01
   396    0.1000000001E+01
   397    0.1000000000E+01
   398    0.1000000000E+01
   399    0.1000000000E+01
   400    0.1000000000E+01
   401    0.1000000000E+01
   402    0.1000000000E+01
   403    0.1000000000E+01
   404    0.1000000000E+01
   405    0.1000000000E+01
   406    0.1000000000E+01
   407    0.1000000000E+01
   408    0.1000000000E+01
   409    0.1000000000E+01
   410    0.1000000000E+01
   411    0.1000000000E+01
   412    0.1000000000E+01
   413    0.1000000000E+01
   414    0.1000000000E+01
   415    0.1000000000E+01
   416    0.1000000000E+01
   417    0.1000000000E+01
   418    0.1000000000E+01
   419    0.1000000000E+01
   420    0.1000000000E+01
   421    0.1000000000E+01
   422    0.1000000000E+01
   423    0.1000000000E+01
   424    0.1000000000E+01
   425    0.1000000000E+01
   426    0.1000000000E+01
   427    0.1000000000E+01
   428    0.1000000000E+01
   429    0.1000000000E+01
   430    0.1000000000E+01
   431    0.1000000000E+01
   432    0.1000000000E+01
   433    0.1000000000E+01
   434    0.1000000000E+01
   435    0.1000000000E+01
   436    0.1000000000E+01
   437    0.1000000000E+01
   438    0.1000000000E+01
   439    0.1000000000E+01
   440    0.1000000000E+01
   441    0.1000000000E+01
   442    0.1000000000E+01
   443    0.1000000000E+01
   444    0.1000000000E+01
   445    0.1000000000E+01
   446    0.1000000000E+01
   447    0.1000000000E+01
   448    0.1000000000E+01
   449    0.1000000000E+01
   450    0.1000000000E+01
   451    0.1000000000E+01
   452    0.1000000000E+01
   453    0.1000000000E+01
   454    0.1000000000E+01
   455    0.1000000000E+01
   456    0.1000000000E+01
   457    0.1000000000E+01
   458    0.1000000000E+01
   459    0.1000000000E+01
   460    0.1000000000E+01
   461    0.1000000000E+01
   462    0.1000000000E+01
   463    0.1000000000E+01
   464    0.1000000000E+01
   465    0.1000000000E+01
   466    0.1000000000E+01
   467    0.1000000000E+01
   468    0.1000000000E+01
   469    0.1000000000E+01
   470    0.1000000000E+01
   471    0.1000000000E+01
   472    0.1000000000E+01
   473    0.1000000000E+01
   474    0.1000000000E+01
   475    0.1000000000E+01
   476    0.1000000000E+01
   477    0.1000000000E+01
   478    0.1000000000E+01
   479    0.1000000000E+01
   480    0.1000000000E+01
   481    0.1000000000E+01
   482    0.1000000000E+01
   483    0.1000000000E+01
   484    0.1000000000E+01
   485    0.1000000000E+01
   486    0.1000000000E+01
   487    0.1000000000E+01
   488    0.1000000000E+01
   489    0.1000000000E+01
   490    0.1000000000E+01
   491    0.1000000000E+01
   492    0.1000000000E+01
   493    0.1000000000E+01
   494    0.1000000000E+01
   495    0.1000000000E+01
   496    0.1000000000E+01
   497    0.1000000000E+01
   498    0.1000000000E+01
   499    0.1000000000E+01
   500    0.8359375000E+00
   501    0.1640625000E+00
   502    0.0000000000E+00
