    -1    0.0000000000E+00
     0    0.2517503687E+00
     1    0.9264739836E+00
     2    0.1010188454E+01
     3    0.1006109167E+01
     4    0.1001261866E+01
     5    0.9984739776E+00
     6    0.9948378233E+00
     7    0.9900756162E+00
     8    0.9873034516E+00
     9    0.9848677963E+00
    10    0.9805628457E+00
    11    0.9785821189E+00
    12    0.9776462847E+00
    13    0.9742784418E+00
    14    0.9735802973E+00
    15    0.9741718794E+00
    16    0.9721172309E+00
    17    0.9729053486E+00
    18    0.9749894015E+00
    19    0.9743204192E+00
    20    0.9765372578E+00
    21    0.9801582316E+00
    22    0.9803836506E+00
    23    0.9842317223E+00
    24    0.9891277753E+00
    25    0.9895106111E+00
    26    0.9948184178E+00
    27    0.1000165649E+01
    28    0.1000486305E+01
    29    0.1006527566E+01
    30    0.1011557669E+01
    31    0.1011474529E+01
    32    0.1017456510E+01
    33    0.1021244082E+01
    34    0.1020439816E+01
    35    0.1025651813E+01
    36    0.1027247023E+01
    37    0.1025241247E+01
    38    0.1029432463E+01
    39    0.1028400257E+01
    40    0.1025264749E+01
    41    0.1027825234E+01
    42    0.1024491200E+01
    43    0.1020551018E+01
    44    0.1021022480E+01
    45    0.1016359743E+01
    46    0.1012061717E+01
    47    0.1010389969E+01
    48    0.1005577395E+01
    49    0.1001451913E+01
    50    0.9981250726E+00
    51    0.9940703604E+00
    52    0.9906126386E+00
    53    0.9866997927E+00
    54    0.9837015096E+00
    55    0.9813665495E+00
    56    0.9780960524E+00
    57    0.9760654517E+00
    58    0.9751333686E+00
    59    0.9735437554E+00
    60    0.9722874286E+00
    61    0.9727802462E+00
    62    0.9735481311E+00
    63    0.9729407961E+00
    64    0.9746431623E+00
    65    0.9779982362E+00
    66    0.9778858980E+00
    67    0.9806987156E+00
    68    0.9861561441E+00
    69    0.9868031131E+00
    70    0.9900643495E+00
    71    0.9968344812E+00
    72    0.9979967070E+00
    73    0.1001264574E+01
    74    0.1008469537E+01
    75    0.1009696567E+01
    76    0.1012473363E+01
    77    0.1019011266E+01
    78    0.1019814500E+01
    79    0.1021876849E+01
    80    0.1026243481E+01
    81    0.1026251176E+01
    82    0.1027625145E+01
    83    0.1028294726E+01
    84    0.1028089660E+01
    85    0.1028455432E+01
    86    0.1024885938E+01
    87    0.1024963910E+01
    88    0.1024102619E+01
    89    0.1016701019E+01
    90    0.1017463779E+01
    91    0.1015498827E+01
    92    0.1005442597E+01
    93    0.1006906420E+01
    94    0.1004443108E+01
    95    0.9933306775E+00
    96    0.9952451883E+00
    97    0.9929913689E+00
    98    0.9825340818E+00
    99    0.9846364520E+00
   100    0.9830557956E+00
   101    0.9746150857E+00
   102    0.9770886683E+00
   103    0.9760669681E+00
   104    0.9704375865E+00
   105    0.9739846727E+00
   106    0.9729953336E+00
   107    0.9702815938E+00
   108    0.9758542487E+00
   109    0.9743640493E+00
   110    0.9740423281E+00
   111    0.9822797478E+00
   112    0.9800887278E+00
   113    0.9817761371E+00
   114    0.9920369492E+00
   115    0.9895510222E+00
   116    0.9922121787E+00
   117    0.1003587660E+01
   118    0.1001022757E+01
   119    0.1003975620E+01
   120    0.1015105740E+01
   121    0.1012517110E+01
   122    0.1015059277E+01
   123    0.1024596744E+01
   124    0.1021905612E+01
   125    0.1023592408E+01
   126    0.1029805171E+01
   127    0.1027241935E+01
   128    0.1027552871E+01
   129    0.1030050743E+01
   130    0.1027533454E+01
   131    0.1025990030E+01
   132    0.1025463166E+01
   133    0.1022528294E+01
   134    0.1019381298E+01
   135    0.1016848691E+01
   136    0.1013267665E+01
   137    0.1009194085E+01
   138    0.1005697468E+01
   139    0.1001655256E+01
   140    0.9974624196E+00
   141    0.9942179008E+00
   142    0.9899923550E+00
   143    0.9863714622E+00
   144    0.9840982247E+00
   145    0.9802586344E+00
   146    0.9779721524E+00
   147    0.9768290820E+00
   148    0.9742408343E+00
   149    0.9734264191E+00
   150    0.9735454857E+00
   151    0.9726610934E+00
   152    0.9733117330E+00
   153    0.9747786879E+00
   154    0.9757787451E+00
   155    0.9778275821E+00
   156    0.9803156588E+00
   157    0.9831686944E+00
   158    0.9865943892E+00
   159    0.9898142745E+00
   160    0.9941555999E+00
   161    0.9982268452E+00
   162    0.1001363195E+01
   163    0.1006906651E+01
   164    0.1011381387E+01
   165    0.1013625956E+01
   166    0.1019607892E+01
   167    0.1023490143E+01
   168    0.1024037519E+01
   169    0.1029516097E+01
   170    0.1032505096E+01
   171    0.1031546086E+01
   172    0.1035261621E+01
   173    0.1036705165E+01
   174    0.1034323064E+01
   175    0.1035848396E+01
   176    0.1035195867E+01
   177    0.1031786120E+01
   178    0.1030087382E+01
   179    0.1029094577E+01
   180    0.1025733516E+01
   181    0.1020642659E+01
   182    0.1018143332E+01
   183    0.1015547615E+01
   184    0.1010584080E+01
   185    0.1007764858E+01
   186    0.1005238900E+01
   187    0.1000075753E+01
   188    0.9981852567E+00
   189    0.9964720134E+00
   190    0.9925047648E+00
   191    0.9904440871E+00
   192    0.9900830333E+00
   193    0.9899397958E+00
   194    0.9884927807E+00
   195    0.9889548906E+00
   196    0.9904835797E+00
   197    0.9889339949E+00
   198    0.9889944512E+00
   199    0.9950783592E+00
   200    0.9960878411E+00
   201    0.9973068807E+00
   202    0.1005360521E+01
   203    0.1005450115E+01
   204    0.1006910480E+01
   205    0.1015055205E+01
   206    0.1013784965E+01
   207    0.1013778200E+01
   208    0.1023115252E+01
   209    0.1022450012E+01
   210    0.1022903904E+01
   211    0.1029985117E+01
   212    0.1026290936E+01
   213    0.1025645518E+01
   214    0.1031007970E+01
   215    0.1027279786E+01
   216    0.1024728679E+01
   217    0.1025996331E+01
   218    0.1017823186E+01
   219    0.1016919102E+01
   220    0.1017331876E+01
   221    0.1009610147E+01
   222    0.1008426721E+01
   223    0.1006055952E+01
   224    0.9982422584E+00
   225    0.9962539893E+00
   226    0.9931423698E+00
   227    0.9864397115E+00
   228    0.9832563664E+00
   229    0.9775491221E+00
   230    0.9704827480E+00
   231    0.9695769254E+00
   232    0.9661456549E+00
   233    0.9600484980E+00
   234    0.9656405867E+00
   235    0.9656725670E+00
   236    0.9594713410E+00
   237    0.9524624685E+00
   238    0.9483507098E+00
   239    0.9471838284E+00
   240    0.9540695982E+00
   241    0.9614210312E+00
   242    0.9548312208E+00
   243    0.9452480046E+00
   244    0.9440223328E+00
   245    0.9452778329E+00
   246    0.9547649914E+00
   247    0.9656810479E+00
   248    0.9577388433E+00
   249    0.9486091848E+00
   250    0.9528790504E+00
   251    0.9540828630E+00
   252    0.9595784734E+00
   253    0.9719895444E+00
   254    0.9728537721E+00
   255    0.9650246584E+00
   256    0.9666219262E+00
   257    0.9704933543E+00
   258    0.9715351807E+00
   259    0.9769751061E+00
   260    0.9806504872E+00
   261    0.9806164359E+00
   262    0.9854180747E+00
   263    0.9881133513E+00
   264    0.9873744566E+00
   265    0.9925792126E+00
   266    0.9944703604E+00
   267    0.9935222153E+00
   268    0.9982903197E+00
   269    0.1001621587E+01
   270    0.1000732618E+01
   271    0.1003940185E+01
   272    0.1005206137E+01
   273    0.1008045585E+01
   274    0.1008931223E+01
   275    0.1009170064E+01
   276    0.1008058938E+01
   277    0.1010705451E+01
   278    0.1011976614E+01
   279    0.1012693954E+01
   280    0.1013604832E+01
   281    0.1014100710E+01
   282    0.1014329225E+01
   283    0.1015950302E+01
   284    0.1016031524E+01
   285    0.1016228395E+01
   286    0.1017922621E+01
   287    0.1017646197E+01
   288    0.1016358207E+01
   289    0.1016459509E+01
   290    0.1016938715E+01
   291    0.1017732594E+01
   292    0.1017485840E+01
   293    0.1016537637E+01
   294    0.1016190434E+01
   295    0.1016622103E+01
   296    0.1015844268E+01
   297    0.1015380163E+01
   298    0.1015342446E+01
   299    0.1014415417E+01
   300    0.1013502946E+01
   301    0.1013797895E+01
   302    0.1013181334E+01
   303    0.1012070571E+01
   304    0.1011587839E+01
   305    0.1011555634E+01
   306    0.1010766386E+01
   307    0.1010072232E+01
   308    0.1009956092E+01
   309    0.1009590742E+01
   310    0.1009367118E+01
   311    0.1008737873E+01
   312    0.1007835630E+01
   313    0.1007244727E+01
   314    0.1007113900E+01
   315    0.1006799746E+01
   316    0.1006385368E+01
   317    0.1005905779E+01
   318    0.1005330893E+01
   319    0.1004969018E+01
   320    0.1004766253E+01
   321    0.1004493228E+01
   322    0.1004048949E+01
   323    0.1003768937E+01
   324    0.1003526305E+01
   325    0.1003218175E+01
   326    0.1002930325E+01
   327    0.1002781270E+01
   328    0.1002556691E+01
   329    0.1002286335E+01
   330    0.1002085291E+01
   331    0.1001930036E+01
   332    0.1001755164E+01
   333    0.1001591108E+01
   334    0.1001451079E+01
   335    0.1001310016E+01
   336    0.1001186092E+01
   337    0.1001079056E+01
   338    0.1000986193E+01
   339    0.1000894898E+01
   340    0.1000799063E+01
   341    0.1000702558E+01
   342    0.1000641177E+01
   343    0.1000578029E+01
   344    0.1000517827E+01
   345    0.1000464095E+01
   346    0.1000408207E+01
   347    0.1000362794E+01
   348    0.1000330998E+01
   349    0.1000294508E+01
   350    0.1000259159E+01
   351    0.1000228644E+01
   352    0.1000203305E+01
   353    0.1000183933E+01
   354    0.1000160427E+01
   355    0.1000139004E+01
   356    0.1000124089E+01
   357    0.1000108386E+01
   358    0.1000093780E+01
   359    0.1000083812E+01
   360    0.1000074589E+01
   361    0.1000063541E+01
   362    0.1000055857E+01
   363    0.1000049190E+01
   364    0.1000042576E+01
   365    0.1000036962E+01
   366    0.1000031962E+01
   367    0.1000027798E+01
   368    0.1000024099E+01
   369    0.1000020954E+01
   370    0.1000018215E+01
   371    0.1000015649E+01
   372    0.1000013521E+01
   373    0.1000011502E+01
   374    0.1000009715E+01
   375    0.1000008493E+01
   376    0.1000007311E+01
   377    0.1000006163E+01
   378    0.1000005415E+01
   379    0.1000004647E+01
   380    0.1000003917E+01
   381    0.1000003278E+01
   382    0.1000002795E+01
   383    0.1000002394E+01
   384    0.1000002027E+01
   385    0.1000001728E+01
   386    0.1000001459E+01
   387    0.1000001234E+01
   388    0.1000001023E+01
   389    0.1000000863E+01
   390    0.1000000735E+01
   391    0.1000000619E+01
   392    0.1000000519E+01
   393    0.1000000431E+01
   394    0.1000000363E+01
   395    0.1000000308E+01
   396    0.1000000257E+01
   397    0.1000000211E+01
   398    0.1000000175E+01
   399    0.1000000145E+01
   400    0.1000000121E+01
   401    0.1000000101E+01
   402    0.1000000084E+01
   403    0.1000000070E+01
   404    0.1000000057E+01
   405    0.1000000046E+01
   406    0.1000000039E+01
   407    0.1000000032E+01
   408    0.1000000027E+01
   409    0.1000000022E+01
   410    0.1000000018E+01
   411    0.1000000014E+01
   412    0.1000000012E+01
   413    0.1000000010E+01
   414    0.1000000008E+01
   415    0.1000000006E+01
   416    0.1000000005E+01
   417    0.1000000004E+01
   418    0.1000000003E+01
   419    0.1000000003E+01
   420    0.1000000002E+01
   421    0.1000000002E+01
   422    0.1000000001E+01
   423    0.1000000001E+01
   424    0.1000000001E+01
   425    0.1000000001E+01
   426    0.1000000001E+01
   427    0.1000000001E+01
   428    0.1000000000E+01
   429    0.1000000000E+01
   430    0.1000000000E+01
   431    0.1000000000E+01
   432    0.1000000000E+01
   433    0.1000000000E+01
   434    0.1000000000E+01
   435    0.1000000000E+01
   436    0.1000000000E+01
   437    0.1000000000E+01
   438    0.1000000000E+01
   439    0.1000000000E+01
   440    0.1000000000E+01
   441    0.1000000000E+01
   442    0.1000000000E+01
   443    0.1000000000E+01
   444    0.1000000000E+01
   445    0.1000000000E+01
   446    0.1000000000E+01
   447    0.1000000000E+01
   448    0.1000000000E+01
   449    0.1000000000E+01
   450    0.1000000000E+01
   451    0.1000000000E+01
   452    0.1000000000E+01
   453    0.1000000000E+01
   454    0.1000000000E+01
   455    0.1000000000E+01
   456    0.1000000000E+01
   457    0.1000000000E+01
   458    0.1000000000E+01
   459    0.1000000000E+01
   460    0.1000000000E+01
   461    0.1000000000E+01
   462    0.1000000000E+01
   463    0.1000000000E+01
   464    0.1000000000E+01
   465    0.1000000000E+01
   466    0.1000000000E+01
   467    0.1000000000E+01
   468    0.1000000000E+01
   469    0.1000000000E+01
   470    0.1000000000E+01
   471    0.1000000000E+01
   472    0.1000000000E+01
   473    0.1000000000E+01
   474    0.1000000000E+01
   475    0.1000000000E+01
   476    0.1000000000E+01
   477    0.1000000000E+01
   478    0.1000000000E+01
   479    0.1000000000E+01
   480    0.1000000000E+01
   481    0.1000000000E+01
   482    0.1000000000E+01
   483    0.1000000000E+01
   484    0.1000000000E+01
   485    0.1000000000E+01
   486    0.1000000000E+01
   487    0.1000000000E+01
   488    0.1000000000E+01
   489    0.1000000000E+01
   490    0.1000000000E+01
   491    0.1000000000E+01
   492    0.1000000000E+01
   493    0.1000000000E+01
   494    0.1000000000E+01
   495    0.1000000000E+01
   496    0.1000000000E+01
   497    0.1000000000E+01
   498    0.1000000000E+01
   499    0.1000000000E+01
   500    0.8359375000E+00
   501    0.1640625000E+00
   502    0.0000000000E+00
