    -1    0.0000000000E+00
     0    0.2146774576E+00
     1    0.9003833989E+00
     2    0.1009704793E+01
     3    0.1006447910E+01
     4    0.1003879710E+01
     5    0.1002261082E+01
     6    0.9973966737E+00
     7    0.9967702104E+00
     8    0.9946229480E+00
     9    0.9888517556E+00
    10    0.9902323775E+00
    11    0.9881614676E+00
    12    0.9822669727E+00
    13    0.9851807565E+00
    14    0.9840298329E+00
    15    0.9787106719E+00
    16    0.9822771359E+00
    17    0.9828628033E+00
    18    0.9787374447E+00
    19    0.9819959006E+00
    20    0.9847162599E+00
    21    0.9823858710E+00
    22    0.9844618606E+00
    23    0.9892679457E+00
    24    0.9890526180E+00
    25    0.9894687876E+00
    26    0.9958068790E+00
    27    0.9976014639E+00
    28    0.9963755261E+00
    29    0.1003306626E+01
    30    0.1006527734E+01
    31    0.1004070643E+01
    32    0.1010523013E+01
    33    0.1014286953E+01
    34    0.1011078492E+01
    35    0.1016152312E+01
    36    0.1019581336E+01
    37    0.1015940503E+01
    38    0.1019061529E+01
    39    0.1021581358E+01
    40    0.1017600645E+01
    41    0.1018598331E+01
    42    0.1020000800E+01
    43    0.1015746387E+01
    44    0.1014732042E+01
    45    0.1015161003E+01
    46    0.1010877530E+01
    47    0.1008086252E+01
    48    0.1007954878E+01
    49    0.1004040409E+01
    50    0.9999174532E+00
    51    0.9996200567E+00
    52    0.9965644612E+00
    53    0.9917919783E+00
    54    0.9914797773E+00
    55    0.9898761933E+00
    56    0.9850951818E+00
    57    0.9847912335E+00
    58    0.9851609264E+00
    59    0.9808865245E+00
    60    0.9805380138E+00
    61    0.9831891824E+00
    62    0.9797468795E+00
    63    0.9793741444E+00
    64    0.9842843870E+00
    65    0.9816940208E+00
    66    0.9816649850E+00
    67    0.9882063092E+00
    68    0.9863414890E+00
    69    0.9873058358E+00
    70    0.9942461170E+00
    71    0.9930073306E+00
    72    0.9954951611E+00
    73    0.1001394142E+01
    74    0.1000725765E+01
    75    0.1004886306E+01
    76    0.1008267933E+01
    77    0.1008474574E+01
    78    0.1013674049E+01
    79    0.1013505544E+01
    80    0.1015150289E+01
    81    0.1019969201E+01
    82    0.1016172172E+01
    83    0.1019540923E+01
    84    0.1022503933E+01
    85    0.1015789037E+01
    86    0.1020645785E+01
    87    0.1020948226E+01
    88    0.1012415883E+01
    89    0.1018009976E+01
    90    0.1015834886E+01
    91    0.1006730049E+01
    92    0.1011897329E+01
    93    0.1008352438E+01
    94    0.9998103197E+00
    95    0.1003393215E+01
    96    0.9999350224E+00
    97    0.9929120117E+00
    98    0.9941519484E+00
    99    0.9919711829E+00
   100    0.9871618184E+00
   101    0.9860010661E+00
   102    0.9856709500E+00
   103    0.9832803502E+00
   104    0.9805589830E+00
   105    0.9819632099E+00
   106    0.9815977594E+00
   107    0.9788466171E+00
   108    0.9814281129E+00
   109    0.9822443174E+00
   110    0.9811126674E+00
   111    0.9841623132E+00
   112    0.9852465406E+00
   113    0.9868821554E+00
   114    0.9897584682E+00
   115    0.9904006655E+00
   116    0.9950845937E+00
   117    0.9973688946E+00
   118    0.9970770555E+00
   119    0.1004323464E+01
   120    0.1005681556E+01
   121    0.1004244363E+01
   122    0.1013053244E+01
   123    0.1013127559E+01
   124    0.1010704111E+01
   125    0.1019615505E+01
   126    0.1018429188E+01
   127    0.1015113537E+01
   128    0.1022743207E+01
   129    0.1020782675E+01
   130    0.1016373242E+01
   131    0.1021843094E+01
   132    0.1019926609E+01
   133    0.1014030664E+01
   134    0.1017128829E+01
   135    0.1016095925E+01
   136    0.1008526633E+01
   137    0.1009512179E+01
   138    0.1009959311E+01
   139    0.1001110619E+01
   140    0.1000397771E+01
   141    0.1002464786E+01
   142    0.9934755559E+00
   143    0.9913556325E+00
   144    0.9948057909E+00
   145    0.9871866402E+00
   146    0.9840289591E+00
   147    0.9879863731E+00
   148    0.9834810561E+00
   149    0.9795908245E+00
   150    0.9831701647E+00
   151    0.9828406002E+00
   152    0.9787929805E+00
   153    0.9812466105E+00
   154    0.9851787751E+00
   155    0.9817244559E+00
   156    0.9828849640E+00
   157    0.9901334302E+00
   158    0.9878360966E+00
   159    0.9880586399E+00
   160    0.9971076755E+00
   161    0.9963651963E+00
   162    0.9961913993E+00
   163    0.1005062474E+01
   164    0.1005856214E+01
   165    0.1005635670E+01
   166    0.1013333804E+01
   167    0.1015158881E+01
   168    0.1014561810E+01
   169    0.1020364978E+01
   170    0.1022405547E+01
   171    0.1021143371E+01
   172    0.1025379615E+01
   173    0.1026940960E+01
   174    0.1024653408E+01
   175    0.1027261560E+01
   176    0.1027550667E+01
   177    0.1024675446E+01
   178    0.1025574301E+01
   179    0.1024012576E+01
   180    0.1021438862E+01
   181    0.1021130801E+01
   182    0.1018157418E+01
   183    0.1015883291E+01
   184    0.1013569652E+01
   185    0.1010099453E+01
   186    0.1010362005E+01
   187    0.1006958692E+01
   188    0.1002384904E+01
   189    0.1004628132E+01
   190    0.1001318983E+01
   191    0.9963960824E+00
   192    0.1000863710E+01
   193    0.9969013699E+00
   194    0.9929770967E+00
   195    0.1000492298E+01
   196    0.9967871506E+00
   197    0.9936203136E+00
   198    0.1001727880E+01
   199    0.9977143284E+00
   200    0.9955229004E+00
   201    0.1005494246E+01
   202    0.1003489509E+01
   203    0.1003568690E+01
   204    0.1011944229E+01
   205    0.1010235165E+01
   206    0.1012120445E+01
   207    0.1017311581E+01
   208    0.1015648247E+01
   209    0.1017491942E+01
   210    0.1020841502E+01
   211    0.1021429509E+01
   212    0.1024102261E+01
   213    0.1022774439E+01
   214    0.1023220467E+01
   215    0.1024696519E+01
   216    0.1020807690E+01
   217    0.1022917102E+01
   218    0.1021526264E+01
   219    0.1013598368E+01
   220    0.1014358783E+01
   221    0.1014260700E+01
   222    0.1006343237E+01
   223    0.1006125226E+01
   224    0.1005118151E+01
   225    0.9972425039E+00
   226    0.9951918750E+00
   227    0.9941014776E+00
   228    0.9871257602E+00
   229    0.9835491600E+00
   230    0.9820308847E+00
   231    0.9743222408E+00
   232    0.9702895433E+00
   233    0.9713621814E+00
   234    0.9660113075E+00
   235    0.9610686317E+00
   236    0.9671247157E+00
   237    0.9652461765E+00
   238    0.9560259507E+00
   239    0.9552347481E+00
   240    0.9534672454E+00
   241    0.9507639369E+00
   242    0.9571076010E+00
   243    0.9610857684E+00
   244    0.9521053648E+00
   245    0.9490378587E+00
   246    0.9501738655E+00
   247    0.9501006231E+00
   248    0.9572528283E+00
   249    0.9628959494E+00
   250    0.9565754578E+00
   251    0.9546645982E+00
   252    0.9565413622E+00
   253    0.9565234389E+00
   254    0.9642063892E+00
   255    0.9698174916E+00
   256    0.9685984684E+00
   257    0.9691496600E+00
   258    0.9689791085E+00
   259    0.9702006506E+00
   260    0.9761945821E+00
   261    0.9768476124E+00
   262    0.9781723381E+00
   263    0.9845731723E+00
   264    0.9849964815E+00
   265    0.9850979054E+00
   266    0.9905954645E+00
   267    0.9917641988E+00
   268    0.9913840391E+00
   269    0.9957671150E+00
   270    0.9985828672E+00
   271    0.9994280106E+00
   272    0.1001976644E+01
   273    0.1002959021E+01
   274    0.1004278368E+01
   275    0.1007947306E+01
   276    0.1008049585E+01
   277    0.1008475890E+01
   278    0.1008656387E+01
   279    0.1010408326E+01
   280    0.1011904434E+01
   281    0.1013017645E+01
   282    0.1012948114E+01
   283    0.1014100443E+01
   284    0.1014926380E+01
   285    0.1015161928E+01
   286    0.1015891605E+01
   287    0.1016807297E+01
   288    0.1017059877E+01
   289    0.1017308901E+01
   290    0.1017026865E+01
   291    0.1016197808E+01
   292    0.1016795763E+01
   293    0.1017581124E+01
   294    0.1016779860E+01
   295    0.1016425343E+01
   296    0.1016638353E+01
   297    0.1016353760E+01
   298    0.1015561899E+01
   299    0.1015529309E+01
   300    0.1015199383E+01
   301    0.1014154681E+01
   302    0.1013734654E+01
   303    0.1013790161E+01
   304    0.1012940548E+01
   305    0.1012149791E+01
   306    0.1011777325E+01
   307    0.1011448178E+01
   308    0.1010758031E+01
   309    0.1010250101E+01
   310    0.1009884217E+01
   311    0.1009484683E+01
   312    0.1009241216E+01
   313    0.1008561674E+01
   314    0.1007836750E+01
   315    0.1007324761E+01
   316    0.1007067296E+01
   317    0.1006731777E+01
   318    0.1006317308E+01
   319    0.1005811670E+01
   320    0.1005306569E+01
   321    0.1004988527E+01
   322    0.1004723658E+01
   323    0.1004410702E+01
   324    0.1004025943E+01
   325    0.1003731766E+01
   326    0.1003481713E+01
   327    0.1003176966E+01
   328    0.1002915208E+01
   329    0.1002739166E+01
   330    0.1002507491E+01
   331    0.1002258280E+01
   332    0.1002064775E+01
   333    0.1001902133E+01
   334    0.1001732891E+01
   335    0.1001569869E+01
   336    0.1001428193E+01
   337    0.1001295848E+01
   338    0.1001171112E+01
   339    0.1001062723E+01
   340    0.1000972176E+01
   341    0.1000878013E+01
   342    0.1000781093E+01
   343    0.1000696278E+01
   344    0.1000633267E+01
   345    0.1000566145E+01
   346    0.1000509822E+01
   347    0.1000456096E+01
   348    0.1000400781E+01
   349    0.1000358653E+01
   350    0.1000325485E+01
   351    0.1000287890E+01
   352    0.1000253914E+01
   353    0.1000224977E+01
   354    0.1000200170E+01
   355    0.1000179163E+01
   356    0.1000156643E+01
   357    0.1000136864E+01
   358    0.1000121400E+01
   359    0.1000106094E+01
   360    0.1000092399E+01
   361    0.1000082337E+01
   362    0.1000072520E+01
   363    0.1000062333E+01
   364    0.1000054812E+01
   365    0.1000048006E+01
   366    0.1000041645E+01
   367    0.1000036148E+01
   368    0.1000031324E+01
   369    0.1000027188E+01
   370    0.1000023570E+01
   371    0.1000020532E+01
   372    0.1000017706E+01
   373    0.1000015285E+01
   374    0.1000013194E+01
   375    0.1000011193E+01
   376    0.1000009556E+01
   377    0.1000008325E+01
   378    0.1000007105E+01
   379    0.1000006051E+01
   380    0.1000005280E+01
   381    0.1000004501E+01
   382    0.1000003805E+01
   383    0.1000003202E+01
   384    0.1000002734E+01
   385    0.1000002330E+01
   386    0.1000001978E+01
   387    0.1000001680E+01
   388    0.1000001419E+01
   389    0.1000001198E+01
   390    0.1000000998E+01
   391    0.1000000844E+01
   392    0.1000000714E+01
   393    0.1000000602E+01
   394    0.1000000504E+01
   395    0.1000000420E+01
   396    0.1000000354E+01
   397    0.1000000299E+01
   398    0.1000000249E+01
   399    0.1000000205E+01
   400    0.1000000170E+01
   401    0.1000000141E+01
   402    0.1000000117E+01
   403    0.1000000098E+01
   404    0.1000000082E+01
   405    0.1000000067E+01
   406    0.1000000055E+01
   407    0.1000000045E+01
   408    0.1000000038E+01
   409    0.1000000031E+01
   410    0.1000000026E+01
   411    0.1000000021E+01
   412    0.1000000017E+01
   413    0.1000000014E+01
   414    0.1000000011E+01
   415    0.1000000009E+01
   416    0.1000000008E+01
   417    0.1000000006E+01
   418    0.1000000005E+01
   419    0.1000000004E+01
   420    0.1000000003E+01
   421    0.1000000003E+01
   422    0.1000000002E+01
   423    0.1000000002E+01
   424    0.1000000001E+01
   425    0.1000000001E+01
   426    0.1000000001E+01
   427    0.1000000001E+01
   428    0.1000000001E+01
   429    0.1000000000E+01
   430    0.1000000000E+01
   431    0.1000000000E+01
   432    0.1000000000E+01
   433    0.1000000000E+01
   434    0.1000000000E+01
   435    0.1000000000E+01
   436    0.1000000000E+01
   437    0.1000000000E+01
   438    0.1000000000E+01
   439    0.1000000000E+01
   440    0.1000000000E+01
   441    0.1000000000E+01
   442    0.1000000000E+01
   443    0.1000000000E+01
   444    0.1000000000E+01
   445    0.1000000000E+01
   446    0.1000000000E+01
   447    0.1000000000E+01
   448    0.1000000000E+01
   449    0.1000000000E+01
   450    0.1000000000E+01
   451    0.1000000000E+01
   452    0.1000000000E+01
   453    0.1000000000E+01
   454    0.1000000000E+01
   455    0.1000000000E+01
   456    0.1000000000E+01
   457    0.1000000000E+01
   458    0.1000000000E+01
   459    0.1000000000E+01
   460    0.1000000000E+01
   461    0.1000000000E+01
   462    0.1000000000E+01
   463    0.1000000000E+01
   464    0.1000000000E+01
   465    0.1000000000E+01
   466    0.1000000000E+01
   467    0.1000000000E+01
   468    0.1000000000E+01
   469    0.1000000000E+01
   470    0.1000000000E+01
   471    0.1000000000E+01
   472    0.1000000000E+01
   473    0.1000000000E+01
   474    0.1000000000E+01
   475    0.1000000000E+01
   476    0.1000000000E+01
   477    0.1000000000E+01
   478    0.1000000000E+01
   479    0.1000000000E+01
   480    0.1000000000E+01
   481    0.1000000000E+01
   482    0.1000000000E+01
   483    0.1000000000E+01
   484    0.1000000000E+01
   485    0.1000000000E+01
   486    0.1000000000E+01
   487    0.1000000000E+01
   488    0.1000000000E+01
   489    0.1000000000E+01
   490    0.1000000000E+01
   491    0.1000000000E+01
   492    0.1000000000E+01
   493    0.1000000000E+01
   494    0.1000000000E+01
   495    0.1000000000E+01
   496    0.1000000000E+01
   497    0.1000000000E+01
   498    0.1000000000E+01
   499    0.1000000000E+01
   500    0.8359375000E+00
   501    0.1640625000E+00
   502    0.0000000000E+00
