    -1    0.0000000000E+00
     0    0.2947644346E+00
     1    0.7918655351E+00
     2    0.8416698702E+00
     3    0.8407563671E+00
     4    0.8472842642E+00
     5    0.8477896443E+00
     6    0.8387821426E+00
     7    0.8373202806E+00
     8    0.8687591772E+00
     9    0.8642891750E+00
    10    0.8722252149E+00
    11    0.8982161124E+00
    12    0.9130040169E+00
    13    0.9177946963E+00
    14    0.9432649322E+00
    15    0.9734316911E+00
    16    0.9832416069E+00
    17    0.1010879360E+01
    18    0.1045848350E+01
    19    0.1061048291E+01
    20    0.1086521395E+01
    21    0.1119093097E+01
    22    0.1129335342E+01
    23    0.1153605592E+01
    24    0.1189340799E+01
    25    0.1176878013E+01
    26    0.1187383664E+01
    27    0.1186462200E+01
    28    0.1173647055E+01
    29    0.1197516352E+01
    30    0.1148798098E+01
    31    0.1132932876E+01
    32    0.1123303661E+01
    33    0.1077123020E+01
    34    0.1075393720E+01
    35    0.1042201990E+01
    36    0.9999635856E+00
    37    0.1002418441E+01
    38    0.9652357670E+00
    39    0.9342452980E+00
    40    0.9311090318E+00
    41    0.9099836813E+00
    42    0.8902176400E+00
    43    0.8760016886E+00
    44    0.8750227800E+00
    45    0.8503193101E+00
    46    0.8364369262E+00
    47    0.8501181494E+00
    48    0.8395101427E+00
    49    0.8467288116E+00
    50    0.8458847312E+00
    51    0.8388724263E+00
    52    0.8402122746E+00
    53    0.8586279387E+00
    54    0.8614929519E+00
    55    0.8703206389E+00
    56    0.8999180267E+00
    57    0.9085611417E+00
    58    0.9071978529E+00
    59    0.9468667287E+00
    60    0.9736926938E+00
    61    0.9646657499E+00
    62    0.1015544590E+01
    63    0.1048963312E+01
    64    0.1039906157E+01
    65    0.1095766161E+01
    66    0.1116741840E+01
    67    0.1113255754E+01
    68    0.1174700366E+01
    69    0.1163742478E+01
    70    0.1182906548E+01
    71    0.1202029906E+01
    72    0.1168364946E+01
    73    0.1201528638E+01
    74    0.1176463538E+01
    75    0.1152243484E+01
    76    0.1159365016E+01
    77    0.1104587913E+01
    78    0.1094599225E+01
    79    0.1084838441E+01
    80    0.1028353074E+01
    81    0.1019912142E+01
    82    0.1006267799E+01
    83    0.9555808612E+00
    84    0.9473850211E+00
    85    0.9379606210E+00
    86    0.9012071559E+00
    87    0.8924919014E+00
    88    0.8827239582E+00
    89    0.8670035236E+00
    90    0.8533699335E+00
    91    0.8476035303E+00
    92    0.8501590861E+00
    93    0.8334682761E+00
    94    0.8461377973E+00
    95    0.8333090124E+00
    96    0.8400617330E+00
    97    0.8523219310E+00
    98    0.8505196842E+00
    99    0.8582360717E+00
   100    0.8724787494E+00
   101    0.8983680217E+00
   102    0.8869345199E+00
   103    0.9129105719E+00
   104    0.9563715279E+00
   105    0.9465492857E+00
   106    0.9706322648E+00
   107    0.1026029076E+01
   108    0.1020078836E+01
   109    0.1044025144E+01
   110    0.1106613060E+01
   111    0.1089960535E+01
   112    0.1132251641E+01
   113    0.1167270548E+01
   114    0.1148640196E+01
   115    0.1199291210E+01
   116    0.1182627521E+01
   117    0.1189223964E+01
   118    0.1205402877E+01
   119    0.1160506551E+01
   120    0.1176723474E+01
   121    0.1146341249E+01
   122    0.1112472484E+01
   123    0.1118186013E+01
   124    0.1067004370E+01
   125    0.1041623544E+01
   126    0.1034135662E+01
   127    0.9919782100E+00
   128    0.9678146572E+00
   129    0.9585718946E+00
   130    0.9296696713E+00
   131    0.9038882877E+00
   132    0.9002076991E+00
   133    0.8803802074E+00
   134    0.8669397163E+00
   135    0.8587398826E+00
   136    0.8520156434E+00
   137    0.8431010267E+00
   138    0.8405540951E+00
   139    0.8365720227E+00
   140    0.8357959064E+00
   141    0.8454179243E+00
   142    0.8487131336E+00
   143    0.8470765533E+00
   144    0.8592562150E+00
   145    0.8814472853E+00
   146    0.8774619628E+00
   147    0.8956365819E+00
   148    0.9268428740E+00
   149    0.9391178963E+00
   150    0.9454721153E+00
   151    0.9913506041E+00
   152    0.1013571011E+01
   153    0.1017832186E+01
   154    0.1072106592E+01
   155    0.1089427054E+01
   156    0.1099733795E+01
   157    0.1159377570E+01
   158    0.1152441914E+01
   159    0.1173547019E+01
   160    0.1198929315E+01
   161    0.1178099612E+01
   162    0.1210843354E+01
   163    0.1194551858E+01
   164    0.1189182427E+01
   165    0.1182659681E+01
   166    0.1137656695E+01
   167    0.1129935010E+01
   168    0.1098498943E+01
   169    0.1066923181E+01
   170    0.1052721414E+01
   171    0.1021902852E+01
   172    0.9946934787E+00
   173    0.9762902400E+00
   174    0.9539636422E+00
   175    0.9307257748E+00
   176    0.9161327618E+00
   177    0.9000019191E+00
   178    0.8887522769E+00
   179    0.8795296349E+00
   180    0.8650310380E+00
   181    0.8647588328E+00
   182    0.8746107771E+00
   183    0.8582254641E+00
   184    0.8587388390E+00
   185    0.8689467575E+00
   186    0.8741523503E+00
   187    0.8713353106E+00
   188    0.8889790546E+00
   189    0.9142595065E+00
   190    0.9141647504E+00
   191    0.9398122706E+00
   192    0.9759689779E+00
   193    0.9764098975E+00
   194    0.9970134542E+00
   195    0.1036449179E+01
   196    0.1034842748E+01
   197    0.1054092415E+01
   198    0.1092028497E+01
   199    0.1080436478E+01
   200    0.1102456100E+01
   201    0.1120730150E+01
   202    0.1105781622E+01
   203    0.1121423292E+01
   204    0.1120454131E+01
   205    0.1124684334E+01
   206    0.1115685764E+01
   207    0.1067034085E+01
   208    0.1064034198E+01
   209    0.1072457487E+01
   210    0.1053991919E+01
   211    0.1049073003E+01
   212    0.1036161300E+01
   213    0.1015285135E+01
   214    0.1008458595E+01
   215    0.9932472172E+00
   216    0.9797030508E+00
   217    0.9744224500E+00
   218    0.9609782074E+00
   219    0.9517010867E+00
   220    0.9480286985E+00
   221    0.9361082253E+00
   222    0.9346150411E+00
   223    0.9396880653E+00
   224    0.9239717708E+00
   225    0.9204958896E+00
   226    0.9448224260E+00
   227    0.9347775868E+00
   228    0.8968640099E+00
   229    0.8990405749E+00
   230    0.9212205318E+00
   231    0.9593495276E+00
   232    0.9514255146E+00
   233    0.9039677670E+00
   234    0.9095357600E+00
   235    0.9340598423E+00
   236    0.9511732579E+00
   237    0.9625801867E+00
   238    0.9427406337E+00
   239    0.9383224639E+00
   240    0.9509352594E+00
   241    0.9594502885E+00
   242    0.9704177119E+00
   243    0.9738901152E+00
   244    0.9623458182E+00
   245    0.9593316063E+00
   246    0.9684789325E+00
   247    0.9811171811E+00
   248    0.9934124704E+00
   249    0.9942523073E+00
   250    0.9914368989E+00
   251    0.9952528149E+00
   252    0.9972979548E+00
   253    0.9946869607E+00
   254    0.9987831158E+00
   255    0.1003752294E+01
   256    0.9997582896E+00
   257    0.1004351069E+01
   258    0.1008807617E+01
   259    0.1011775893E+01
   260    0.1009959940E+01
   261    0.1013153338E+01
   262    0.1017307875E+01
   263    0.1017019153E+01
   264    0.1010198245E+01
   265    0.1007821496E+01
   266    0.1011770946E+01
   267    0.1014681046E+01
   268    0.1014890410E+01
   269    0.1016875257E+01
   270    0.1016279642E+01
   271    0.1016370152E+01
   272    0.1018069499E+01
   273    0.1016855844E+01
   274    0.1016550794E+01
   275    0.1017513455E+01
   276    0.1017082518E+01
   277    0.1017415409E+01
   278    0.1022945934E+01
   279    0.1024248587E+01
   280    0.1018253859E+01
   281    0.1013610033E+01
   282    0.1014493851E+01
   283    0.1015970156E+01
   284    0.1015605596E+01
   285    0.1015038396E+01
   286    0.1015152195E+01
   287    0.1013615093E+01
   288    0.1012849500E+01
   289    0.1012954298E+01
   290    0.1012186170E+01
   291    0.1010967968E+01
   292    0.1010476965E+01
   293    0.1010348019E+01
   294    0.1009314204E+01
   295    0.1008900478E+01
   296    0.1010672185E+01
   297    0.1011340147E+01
   298    0.1009475458E+01
   299    0.1007439367E+01
   300    0.1006645198E+01
   301    0.1006535527E+01
   302    0.1006952697E+01
   303    0.1006701868E+01
   304    0.1006153564E+01
   305    0.1005474760E+01
   306    0.1004770334E+01
   307    0.1004718964E+01
   308    0.1004654969E+01
   309    0.1004281523E+01
   310    0.1003818063E+01
   311    0.1003593126E+01
   312    0.1003425700E+01
   313    0.1002940246E+01
   314    0.1002849102E+01
   315    0.1002758680E+01
   316    0.1002478208E+01
   317    0.1002094250E+01
   318    0.1001984838E+01
   319    0.1001866063E+01
   320    0.1001645809E+01
   321    0.1001502167E+01
   322    0.1001379215E+01
   323    0.1001222229E+01
   324    0.1001101436E+01
   325    0.1001041300E+01
   326    0.1000966821E+01
   327    0.1000859951E+01
   328    0.1000740365E+01
   329    0.1000649239E+01
   330    0.1000610869E+01
   331    0.1000546615E+01
   332    0.1000498139E+01
   333    0.1000433550E+01
   334    0.1000368785E+01
   335    0.1000344747E+01
   336    0.1000322023E+01
   337    0.1000278081E+01
   338    0.1000243548E+01
   339    0.1000213168E+01
   340    0.1000196961E+01
   341    0.1000180545E+01
   342    0.1000149012E+01
   343    0.1000130308E+01
   344    0.1000117506E+01
   345    0.1000099465E+01
   346    0.1000085977E+01
   347    0.1000081919E+01
   348    0.1000070521E+01
   349    0.1000057923E+01
   350    0.1000053355E+01
   351    0.1000046481E+01
   352    0.1000039899E+01
   353    0.1000034338E+01
   354    0.1000029618E+01
   355    0.1000025916E+01
   356    0.1000022474E+01
   357    0.1000020030E+01
   358    0.1000017059E+01
   359    0.1000014970E+01
   360    0.1000012627E+01
   361    0.1000010252E+01
   362    0.1000008857E+01
   363    0.1000007986E+01
   364    0.1000006630E+01
   365    0.1000005741E+01
   366    0.1000005273E+01
   367    0.1000004425E+01
   368    0.1000003622E+01
   369    0.1000002938E+01
   370    0.1000002603E+01
   371    0.1000002219E+01
   372    0.1000001894E+01
   373    0.1000001618E+01
   374    0.1000001370E+01
   375    0.1000001125E+01
   376    0.1000000916E+01
   377    0.1000000795E+01
   378    0.1000000679E+01
   379    0.1000000578E+01
   380    0.1000000472E+01
   381    0.1000000393E+01
   382    0.1000000340E+01
   383    0.1000000294E+01
   384    0.1000000239E+01
   385    0.1000000192E+01
   386    0.1000000159E+01
   387    0.1000000129E+01
   388    0.1000000110E+01
   389    0.1000000094E+01
   390    0.1000000079E+01
   391    0.1000000063E+01
   392    0.1000000050E+01
   393    0.1000000042E+01
   394    0.1000000035E+01
   395    0.1000000030E+01
   396    0.1000000025E+01
   397    0.1000000019E+01
   398    0.1000000016E+01
   399    0.1000000013E+01
   400    0.1000000011E+01
   401    0.1000000009E+01
   402    0.1000000007E+01
   403    0.1000000006E+01
   404    0.1000000005E+01
   405    0.1000000004E+01
   406    0.1000000003E+01
   407    0.1000000003E+01
   408    0.1000000002E+01
   409    0.1000000002E+01
   410    0.1000000001E+01
   411    0.1000000001E+01
   412    0.1000000001E+01
   413    0.1000000001E+01
   414    0.1000000001E+01
   415    0.1000000000E+01
   416    0.1000000000E+01
   417    0.1000000000E+01
   418    0.1000000000E+01
   419    0.1000000000E+01
   420    0.1000000000E+01
   421    0.1000000000E+01
   422    0.1000000000E+01
   423    0.1000000000E+01
   424    0.1000000000E+01
   425    0.1000000000E+01
   426    0.1000000000E+01
   427    0.1000000000E+01
   428    0.1000000000E+01
   429    0.1000000000E+01
   430    0.1000000000E+01
   431    0.1000000000E+01
   432    0.1000000000E+01
   433    0.1000000000E+01
   434    0.1000000000E+01
   435    0.1000000000E+01
   436    0.1000000000E+01
   437    0.1000000000E+01
   438    0.1000000000E+01
   439    0.1000000000E+01
   440    0.1000000000E+01
   441    0.1000000000E+01
   442    0.1000000000E+01
   443    0.1000000000E+01
   444    0.1000000000E+01
   445    0.1000000000E+01
   446    0.1000000000E+01
   447    0.1000000000E+01
   448    0.1000000000E+01
   449    0.1000000000E+01
   450    0.1000000000E+01
   451    0.1000000000E+01
   452    0.1000000000E+01
   453    0.1000000000E+01
   454    0.1000000000E+01
   455    0.1000000000E+01
   456    0.1000000000E+01
   457    0.1000000000E+01
   458    0.1000000000E+01
   459    0.1000000000E+01
   460    0.1000000000E+01
   461    0.1000000000E+01
   462    0.1000000000E+01
   463    0.1000000000E+01
   464    0.1000000000E+01
   465    0.1000000000E+01
   466    0.1000000000E+01
   467    0.1000000000E+01
   468    0.1000000000E+01
   469    0.1000000000E+01
   470    0.1000000000E+01
   471    0.1000000000E+01
   472    0.1000000000E+01
   473    0.1000000000E+01
   474    0.1000000000E+01
   475    0.1000000000E+01
   476    0.1000000000E+01
   477    0.1000000000E+01
   478    0.1000000000E+01
   479    0.1000000000E+01
   480    0.1000000000E+01
   481    0.1000000000E+01
   482    0.1000000000E+01
   483    0.1000000000E+01
   484    0.1000000000E+01
   485    0.1000000000E+01
   486    0.1000000000E+01
   487    0.1000000000E+01
   488    0.1000000000E+01
   489    0.1000000000E+01
   490    0.1000000000E+01
   491    0.1000000000E+01
   492    0.1000000000E+01
   493    0.1000000000E+01
   494    0.1000000000E+01
   495    0.1000000000E+01
   496    0.1000000000E+01
   497    0.1000000000E+01
   498    0.1000000000E+01
   499    0.1000000000E+01
   500    0.8359375000E+00
   501    0.1640625000E+00
   502    0.0000000000E+00
