    -1    0.0000000000E+00
     0    0.2760849411E+00
     1    0.8623171817E+00
     2    0.9940120322E+00
     3    0.9939592464E+00
     4    0.9754374249E+00
     5    0.9742541857E+00
     6    0.9703671083E+00
     7    0.9598023688E+00
     8    0.9593951749E+00
     9    0.9537448562E+00
    10    0.9494158566E+00
    11    0.9513192165E+00
    12    0.9467765970E+00
    13    0.9445324813E+00
    14    0.9504003234E+00
    15    0.9503246606E+00
    16    0.9457396258E+00
    17    0.9563365573E+00
    18    0.9637040743E+00
    19    0.9536452222E+00
    20    0.9689742054E+00
    21    0.9842450873E+00
    22    0.9698254891E+00
    23    0.9872469659E+00
    24    0.1008027913E+01
    25    0.9913214901E+00
    26    0.1009355309E+01
    27    0.1031204924E+01
    28    0.1014181077E+01
    29    0.1032083789E+01
    30    0.1049940798E+01
    31    0.1033876742E+01
    32    0.1050477533E+01
    33    0.1059401881E+01
    34    0.1046309933E+01
    35    0.1059123259E+01
    36    0.1059560308E+01
    37    0.1048121372E+01
    38    0.1056148785E+01
    39    0.1050107318E+01
    40    0.1039456340E+01
    41    0.1041882745E+01
    42    0.1032486257E+01
    43    0.1023088233E+01
    44    0.1019421127E+01
    45    0.1009702721E+01
    46    0.1003060558E+01
    47    0.9940640133E+00
    48    0.9857632742E+00
    49    0.9832232085E+00
    50    0.9715595002E+00
    51    0.9648041134E+00
    52    0.9661672450E+00
    53    0.9562676909E+00
    54    0.9499997523E+00
    55    0.9533108484E+00
    56    0.9502304424E+00
    57    0.9431620418E+00
    58    0.9457595923E+00
    59    0.9533363629E+00
    60    0.9450304991E+00
    61    0.9447435605E+00
    62    0.9644042456E+00
    63    0.9548413065E+00
    64    0.9525247177E+00
    65    0.9812501843E+00
    66    0.9714673085E+00
    67    0.9706428636E+00
    68    0.1000840012E+01
    69    0.9931410383E+00
    70    0.9942204146E+00
    71    0.1021898981E+01
    72    0.1016707152E+01
    73    0.1019485874E+01
    74    0.1040262475E+01
    75    0.1038478830E+01
    76    0.1041663814E+01
    77    0.1052305666E+01
    78    0.1052666706E+01
    79    0.1056014048E+01
    80    0.1053856334E+01
    81    0.1058050876E+01
    82    0.1058449166E+01
    83    0.1045053453E+01
    84    0.1053528029E+01
    85    0.1048845105E+01
    86    0.1027195314E+01
    87    0.1039718055E+01
    88    0.1029966483E+01
    89    0.1004625770E+01
    90    0.1017756332E+01
    91    0.1007342977E+01
    92    0.9813105322E+00
    93    0.9935962879E+00
    94    0.9857443385E+00
    95    0.9605618098E+00
    96    0.9717803452E+00
    97    0.9676865667E+00
    98    0.9468479961E+00
    99    0.9555105071E+00
   100    0.9561027275E+00
   101    0.9401893466E+00
   102    0.9477125653E+00
   103    0.9520522909E+00
   104    0.9398168019E+00
   105    0.9494986253E+00
   106    0.9563676692E+00
   107    0.9449433307E+00
   108    0.9610545750E+00
   109    0.9672190502E+00
   110    0.9593159894E+00
   111    0.9793203494E+00
   112    0.9851055170E+00
   113    0.9782994545E+00
   114    0.1002584244E+01
   115    0.1008065170E+01
   116    0.9993685865E+00
   117    0.1027637383E+01
   118    0.1031441047E+01
   119    0.1019768755E+01
   120    0.1049702431E+01
   121    0.1049686492E+01
   122    0.1037096113E+01
   123    0.1064614544E+01
   124    0.1054749796E+01
   125    0.1050122455E+01
   126    0.1066367196E+01
   127    0.1048873748E+01
   128    0.1053463481E+01
   129    0.1056457067E+01
   130    0.1033123976E+01
   131    0.1046105085E+01
   132    0.1036865288E+01
   133    0.1011137582E+01
   134    0.1028251159E+01
   135    0.1012653403E+01
   136    0.9879633738E+00
   137    0.1005573670E+01
   138    0.9878477564E+00
   139    0.9678685018E+00
   140    0.9829210291E+00
   141    0.9662998317E+00
   142    0.9533866194E+00
   143    0.9643745406E+00
   144    0.9506332125E+00
   145    0.9470090092E+00
   146    0.9527856557E+00
   147    0.9437380060E+00
   148    0.9466759027E+00
   149    0.9508408208E+00
   150    0.9449759145E+00
   151    0.9525503584E+00
   152    0.9580986099E+00
   153    0.9555184401E+00
   154    0.9647698393E+00
   155    0.9736886873E+00
   156    0.9754700990E+00
   157    0.9820838697E+00
   158    0.9953530598E+00
   159    0.9997505231E+00
   160    0.1004268906E+01
   161    0.1021400408E+01
   162    0.1024462928E+01
   163    0.1026750303E+01
   164    0.1046773217E+01
   165    0.1044825125E+01
   166    0.1046274025E+01
   167    0.1066378375E+01
   168    0.1057710334E+01
   169    0.1056623593E+01
   170    0.1075072337E+01
   171    0.1061606819E+01
   172    0.1057440423E+01
   173    0.1070434033E+01
   174    0.1051140972E+01
   175    0.1049015891E+01
   176    0.1053871580E+01
   177    0.1034165960E+01
   178    0.1030134367E+01
   179    0.1027932367E+01
   180    0.1014470708E+01
   181    0.1010152530E+01
   182    0.1002552088E+01
   183    0.9933614498E+00
   184    0.9906968445E+00
   185    0.9803319955E+00
   186    0.9771863796E+00
   187    0.9745461663E+00
   188    0.9642332007E+00
   189    0.9687976519E+00
   190    0.9687544123E+00
   191    0.9588991102E+00
   192    0.9652018938E+00
   193    0.9677914544E+00
   194    0.9591669776E+00
   195    0.9689317941E+00
   196    0.9789066042E+00
   197    0.9742681851E+00
   198    0.9843108888E+00
   199    0.9961615644E+00
   200    0.9931344360E+00
   201    0.1000149474E+01
   202    0.1014169872E+01
   203    0.1010489980E+01
   204    0.1017450440E+01
   205    0.1033374540E+01
   206    0.1029523737E+01
   207    0.1033706620E+01
   208    0.1046197028E+01
   209    0.1038931739E+01
   210    0.1039150998E+01
   211    0.1050504954E+01
   212    0.1041919719E+01
   213    0.1041718377E+01
   214    0.1044582454E+01
   215    0.1029457096E+01
   216    0.1027418575E+01
   217    0.1031005377E+01
   218    0.1019755559E+01
   219    0.1015160741E+01
   220    0.1015040934E+01
   221    0.1003175021E+01
   222    0.9976790189E+00
   223    0.9956753667E+00
   224    0.9840857284E+00
   225    0.9790530078E+00
   226    0.9760654554E+00
   227    0.9653422865E+00
   228    0.9629720983E+00
   229    0.9602436188E+00
   230    0.9554314435E+00
   231    0.9571569147E+00
   232    0.9637237689E+00
   233    0.9529808724E+00
   234    0.9407180713E+00
   235    0.9370765824E+00
   236    0.9387439604E+00
   237    0.9507301088E+00
   238    0.9623761250E+00
   239    0.9466930262E+00
   240    0.9284987020E+00
   241    0.9325132373E+00
   242    0.9474050651E+00
   243    0.9626724048E+00
   244    0.9643019183E+00
   245    0.9439231501E+00
   246    0.9368629488E+00
   247    0.9471867702E+00
   248    0.9610139235E+00
   249    0.9727142306E+00
   250    0.9755606396E+00
   251    0.9662188088E+00
   252    0.9597919579E+00
   253    0.9640103640E+00
   254    0.9703046308E+00
   255    0.9761744062E+00
   256    0.9810398288E+00
   257    0.9818070027E+00
   258    0.9855273762E+00
   259    0.9916043887E+00
   260    0.9906465641E+00
   261    0.9920871105E+00
   262    0.9970646041E+00
   263    0.9955684508E+00
   264    0.9962190885E+00
   265    0.1003676989E+01
   266    0.1003441483E+01
   267    0.1004743552E+01
   268    0.1007217063E+01
   269    0.1010236317E+01
   270    0.1010095920E+01
   271    0.1011349789E+01
   272    0.1008700711E+01
   273    0.1009910943E+01
   274    0.1012677802E+01
   275    0.1013048727E+01
   276    0.1013555159E+01
   277    0.1015296525E+01
   278    0.1014366312E+01
   279    0.1015887696E+01
   280    0.1017422913E+01
   281    0.1016366745E+01
   282    0.1017721179E+01
   283    0.1018552316E+01
   284    0.1015829683E+01
   285    0.1015606762E+01
   286    0.1018057453E+01
   287    0.1019669716E+01
   288    0.1018363262E+01
   289    0.1016468060E+01
   290    0.1015491622E+01
   291    0.1016529521E+01
   292    0.1016166160E+01
   293    0.1015308165E+01
   294    0.1015331740E+01
   295    0.1014489841E+01
   296    0.1013205152E+01
   297    0.1013712852E+01
   298    0.1013162112E+01
   299    0.1011784066E+01
   300    0.1011250038E+01
   301    0.1011417981E+01
   302    0.1010493509E+01
   303    0.1009691637E+01
   304    0.1009845464E+01
   305    0.1009873241E+01
   306    0.1009764672E+01
   307    0.1008704164E+01
   308    0.1007575974E+01
   309    0.1007033239E+01
   310    0.1007035031E+01
   311    0.1006827764E+01
   312    0.1006455795E+01
   313    0.1005894348E+01
   314    0.1005234234E+01
   315    0.1004889744E+01
   316    0.1004751317E+01
   317    0.1004531237E+01
   318    0.1004030365E+01
   319    0.1003748217E+01
   320    0.1003540879E+01
   321    0.1003214082E+01
   322    0.1002898551E+01
   323    0.1002813362E+01
   324    0.1002582065E+01
   325    0.1002285246E+01
   326    0.1002073419E+01
   327    0.1001931315E+01
   328    0.1001761105E+01
   329    0.1001589281E+01
   330    0.1001448452E+01
   331    0.1001309655E+01
   332    0.1001183212E+01
   333    0.1001073362E+01
   334    0.1000995382E+01
   335    0.1000906834E+01
   336    0.1000799312E+01
   337    0.1000697566E+01
   338    0.1000642894E+01
   339    0.1000577681E+01
   340    0.1000519748E+01
   341    0.1000468159E+01
   342    0.1000405670E+01
   343    0.1000359637E+01
   344    0.1000334191E+01
   345    0.1000297330E+01
   346    0.1000259402E+01
   347    0.1000229133E+01
   348    0.1000203882E+01
   349    0.1000186348E+01
   350    0.1000162395E+01
   351    0.1000138899E+01
   352    0.1000124555E+01
   353    0.1000108875E+01
   354    0.1000093198E+01
   355    0.1000084055E+01
   356    0.1000075739E+01
   357    0.1000063531E+01
   358    0.1000055965E+01
   359    0.1000049649E+01
   360    0.1000042757E+01
   361    0.1000037153E+01
   362    0.1000032029E+01
   363    0.1000027813E+01
   364    0.1000024199E+01
   365    0.1000021108E+01
   366    0.1000018368E+01
   367    0.1000015771E+01
   368    0.1000013690E+01
   369    0.1000011504E+01
   370    0.1000009632E+01
   371    0.1000008532E+01
   372    0.1000007339E+01
   373    0.1000006142E+01
   374    0.1000005487E+01
   375    0.1000004726E+01
   376    0.1000003957E+01
   377    0.1000003281E+01
   378    0.1000002794E+01
   379    0.1000002405E+01
   380    0.1000002040E+01
   381    0.1000001746E+01
   382    0.1000001469E+01
   383    0.1000001246E+01
   384    0.1000001022E+01
   385    0.1000000862E+01
   386    0.1000000739E+01
   387    0.1000000623E+01
   388    0.1000000523E+01
   389    0.1000000431E+01
   390    0.1000000365E+01
   391    0.1000000312E+01
   392    0.1000000261E+01
   393    0.1000000213E+01
   394    0.1000000176E+01
   395    0.1000000145E+01
   396    0.1000000121E+01
   397    0.1000000102E+01
   398    0.1000000086E+01
   399    0.1000000070E+01
   400    0.1000000057E+01
   401    0.1000000046E+01
   402    0.1000000039E+01
   403    0.1000000032E+01
   404    0.1000000027E+01
   405    0.1000000022E+01
   406    0.1000000018E+01
   407    0.1000000014E+01
   408    0.1000000012E+01
   409    0.1000000010E+01
   410    0.1000000008E+01
   411    0.1000000006E+01
   412    0.1000000005E+01
   413    0.1000000004E+01
   414    0.1000000003E+01
   415    0.1000000003E+01
   416    0.1000000002E+01
   417    0.1000000002E+01
   418    0.1000000002E+01
   419    0.1000000001E+01
   420    0.1000000001E+01
   421    0.1000000001E+01
   422    0.1000000001E+01
   423    0.1000000001E+01
   424    0.1000000000E+01
   425    0.1000000000E+01
   426    0.1000000000E+01
   427    0.1000000000E+01
   428    0.1000000000E+01
   429    0.1000000000E+01
   430    0.1000000000E+01
   431    0.1000000000E+01
   432    0.1000000000E+01
   433    0.1000000000E+01
   434    0.1000000000E+01
   435    0.1000000000E+01
   436    0.1000000000E+01
   437    0.1000000000E+01
   438    0.1000000000E+01
   439    0.1000000000E+01
   440    0.1000000000E+01
   441    0.1000000000E+01
   442    0.1000000000E+01
   443    0.1000000000E+01
   444    0.1000000000E+01
   445    0.1000000000E+01
   446    0.1000000000E+01
   447    0.1000000000E+01
   448    0.1000000000E+01
   449    0.1000000000E+01
   450    0.1000000000E+01
   451    0.1000000000E+01
   452    0.1000000000E+01
   453    0.1000000000E+01
   454    0.1000000000E+01
   455    0.1000000000E+01
   456    0.1000000000E+01
   457    0.1000000000E+01
   458    0.1000000000E+01
   459    0.1000000000E+01
   460    0.1000000000E+01
   461    0.1000000000E+01
   462    0.1000000000E+01
   463    0.1000000000E+01
   464    0.1000000000E+01
   465    0.1000000000E+01
   466    0.1000000000E+01
   467    0.1000000000E+01
   468    0.1000000000E+01
   469    0.1000000000E+01
   470    0.1000000000E+01
   471    0.1000000000E+01
   472    0.1000000000E+01
   473    0.1000000000E+01
   474    0.1000000000E+01
   475    0.1000000000E+01
   476    0.1000000000E+01
   477    0.1000000000E+01
   478    0.1000000000E+01
   479    0.1000000000E+01
   480    0.1000000000E+01
   481    0.1000000000E+01
   482    0.1000000000E+01
   483    0.1000000000E+01
   484    0.1000000000E+01
   485    0.1000000000E+01
   486    0.1000000000E+01
   487    0.1000000000E+01
   488    0.1000000000E+01
   489    0.1000000000E+01
   490    0.1000000000E+01
   491    0.1000000000E+01
   492    0.1000000000E+01
   493    0.1000000000E+01
   494    0.1000000000E+01
   495    0.1000000000E+01
   496    0.1000000000E+01
   497    0.1000000000E+01
   498    0.1000000000E+01
   499    0.1000000000E+01
   500    0.8359375000E+00
   501    0.1640625000E+00
   502    0.0000000000E+00
