    -1    0.0000000000E+00
     0    0.9006640353E-01
     1    0.6786014999E+00
     2    0.9677357590E+00
     3    0.9691785865E+00
     4    0.9524094682E+00
     5    0.9469627386E+00
     6    0.9442462062E+00
     7    0.9321081478E+00
     8    0.9364322776E+00
     9    0.9272579714E+00
    10    0.9257371850E+00
    11    0.9338783736E+00
    12    0.9221784341E+00
    13    0.9277176991E+00
    14    0.9405013647E+00
    15    0.9285654601E+00
    16    0.9399805695E+00
    17    0.9530097832E+00
    18    0.9486130064E+00
    19    0.9643905240E+00
    20    0.9707660597E+00
    21    0.9811470304E+00
    22    0.9924775787E+00
    23    0.9990485424E+00
    24    0.1014246475E+01
    25    0.1024216570E+01
    26    0.1030738454E+01
    27    0.1046492320E+01
    28    0.1052430233E+01
    29    0.1060431326E+01
    30    0.1070796149E+01
    31    0.1070299975E+01
    32    0.1076048842E+01
    33    0.1082652219E+01
    34    0.1073634797E+01
    35    0.1077371487E+01
    36    0.1078885225E+01
    37    0.1061543742E+01
    38    0.1064323959E+01
    39    0.1058436681E+01
    40    0.1038921177E+01
    41    0.1036503390E+01
    42    0.1027117339E+01
    43    0.1009959709E+01
    44    0.1003314313E+01
    45    0.9937030970E+00
    46    0.9802428023E+00
    47    0.9706639707E+00
    48    0.9653462304E+00
    49    0.9533153298E+00
    50    0.9446501654E+00
    51    0.9441175446E+00
    52    0.9338359138E+00
    53    0.9311885825E+00
    54    0.9308582749E+00
    55    0.9255432980E+00
    56    0.9279529057E+00
    57    0.9280747404E+00
    58    0.9256155504E+00
    59    0.9348675403E+00
    60    0.9368975802E+00
    61    0.9345866709E+00
    62    0.9501989852E+00
    63    0.9570745190E+00
    64    0.9552086788E+00
    65    0.9740335985E+00
    66    0.9855091485E+00
    67    0.9855294141E+00
    68    0.1002369087E+01
    69    0.1019202996E+01
    70    0.1016812664E+01
    71    0.1034563419E+01
    72    0.1052111072E+01
    73    0.1045076778E+01
    74    0.1065374940E+01
    75    0.1072458469E+01
    76    0.1067195343E+01
    77    0.1080615235E+01
    78    0.1080666601E+01
    79    0.1074642976E+01
    80    0.1080659933E+01
    81    0.1073991194E+01
    82    0.1066068470E+01
    83    0.1064845158E+01
    84    0.1054076093E+01
    85    0.1043645237E+01
    86    0.1036879604E+01
    87    0.1022015632E+01
    88    0.1014291872E+01
    89    0.1001839845E+01
    90    0.9903784823E+00
    91    0.9837477329E+00
    92    0.9693476792E+00
    93    0.9618682173E+00
    94    0.9562458517E+00
    95    0.9425909634E+00
    96    0.9407932871E+00
    97    0.9372407319E+00
    98    0.9296862170E+00
    99    0.9280622706E+00
   100    0.9271235117E+00
   101    0.9277839014E+00
   102    0.9253466373E+00
   103    0.9265348814E+00
   104    0.9359283464E+00
   105    0.9326939356E+00
   106    0.9366968446E+00
   107    0.9523557347E+00
   108    0.9506216104E+00
   109    0.9612494975E+00
   110    0.9747438293E+00
   111    0.9782295744E+00
   112    0.9918727469E+00
   113    0.1004208242E+01
   114    0.1011674518E+01
   115    0.1024546850E+01
   116    0.1035762102E+01
   117    0.1045404168E+01
   118    0.1052733322E+01
   119    0.1062823600E+01
   120    0.1072359596E+01
   121    0.1071914303E+01
   122    0.1077111671E+01
   123    0.1083350709E+01
   124    0.1077958629E+01
   125    0.1074819943E+01
   126    0.1080157258E+01
   127    0.1067398558E+01
   128    0.1057778752E+01
   129    0.1062421178E+01
   130    0.1042696296E+01
   131    0.1030446114E+01
   132    0.1029845200E+01
   133    0.1010436401E+01
   134    0.9989944102E+00
   135    0.9966290510E+00
   136    0.9797437819E+00
   137    0.9663032100E+00
   138    0.9682679816E+00
   139    0.9538002952E+00
   140    0.9372357582E+00
   141    0.9490166074E+00
   142    0.9337240489E+00
   143    0.9246519465E+00
   144    0.9357971617E+00
   145    0.9260335386E+00
   146    0.9213537652E+00
   147    0.9336906961E+00
   148    0.9278791682E+00
   149    0.9272967899E+00
   150    0.9428925051E+00
   151    0.9390342741E+00
   152    0.9463168024E+00
   153    0.9611647794E+00
   154    0.9628783752E+00
   155    0.9722971347E+00
   156    0.9891436754E+00
   157    0.9942261018E+00
   158    0.1004215543E+01
   159    0.1024602535E+01
   160    0.1027881304E+01
   161    0.1037107209E+01
   162    0.1058647726E+01
   163    0.1058650089E+01
   164    0.1065559882E+01
   165    0.1084905985E+01
   166    0.1077715140E+01
   167    0.1083554838E+01
   168    0.1092378517E+01
   169    0.1084948134E+01
   170    0.1088274821E+01
   171    0.1082073483E+01
   172    0.1071449051E+01
   173    0.1075485982E+01
   174    0.1059232303E+01
   175    0.1044322395E+01
   176    0.1044151105E+01
   177    0.1028211688E+01
   178    0.1013832660E+01
   179    0.1012374790E+01
   180    0.9971780134E+00
   181    0.9826364700E+00
   182    0.9833210040E+00
   183    0.9694201326E+00
   184    0.9592190045E+00
   185    0.9617267372E+00
   186    0.9467749111E+00
   187    0.9478819755E+00
   188    0.9532639762E+00
   189    0.9382152574E+00
   190    0.9472654786E+00
   191    0.9485448208E+00
   192    0.9365808352E+00
   193    0.9567883373E+00
   194    0.9607139688E+00
   195    0.9579051259E+00
   196    0.9775163973E+00
   197    0.9829724499E+00
   198    0.9820368416E+00
   199    0.1000566129E+01
   200    0.1008151264E+01
   201    0.1007011799E+01
   202    0.1026213962E+01
   203    0.1034592062E+01
   204    0.1032715267E+01
   205    0.1050179997E+01
   206    0.1052836503E+01
   207    0.1048563744E+01
   208    0.1058429310E+01
   209    0.1056547184E+01
   210    0.1055384718E+01
   211    0.1063431546E+01
   212    0.1052132580E+01
   213    0.1042621142E+01
   214    0.1039755048E+01
   215    0.1033589335E+01
   216    0.1031926106E+01
   217    0.1024696432E+01
   218    0.1016103725E+01
   219    0.1011862705E+01
   220    0.1000995710E+01
   221    0.9929635473E+00
   222    0.9881579759E+00
   223    0.9782667950E+00
   224    0.9707504071E+00
   225    0.9668471328E+00
   226    0.9622720402E+00
   227    0.9554007825E+00
   228    0.9523782216E+00
   229    0.9488650455E+00
   230    0.9542631809E+00
   231    0.9565709203E+00
   232    0.9427821844E+00
   233    0.9269807542E+00
   234    0.9302970777E+00
   235    0.9402492752E+00
   236    0.9575573175E+00
   237    0.9560694085E+00
   238    0.9247331045E+00
   239    0.9202585946E+00
   240    0.9423556314E+00
   241    0.9603585476E+00
   242    0.9638057341E+00
   243    0.9445366862E+00
   244    0.9319915204E+00
   245    0.9422904106E+00
   246    0.9635872086E+00
   247    0.9747667783E+00
   248    0.9718070899E+00
   249    0.9664810071E+00
   250    0.9614291639E+00
   251    0.9585928683E+00
   252    0.9677564608E+00
   253    0.9803780067E+00
   254    0.9798956185E+00
   255    0.9832386031E+00
   256    0.9922653089E+00
   257    0.9909595118E+00
   258    0.9905746318E+00
   259    0.9960712882E+00
   260    0.9955485090E+00
   261    0.9959273585E+00
   262    0.9997319614E+00
   263    0.1002671275E+01
   264    0.1003976497E+01
   265    0.1008659404E+01
   266    0.1006930474E+01
   267    0.1009997052E+01
   268    0.1013749141E+01
   269    0.1011396887E+01
   270    0.1008660080E+01
   271    0.1011080505E+01
   272    0.1011532867E+01
   273    0.1013398708E+01
   274    0.1015086744E+01
   275    0.1014359436E+01
   276    0.1014978659E+01
   277    0.1017346987E+01
   278    0.1016266639E+01
   279    0.1017061951E+01
   280    0.1018733957E+01
   281    0.1016784642E+01
   282    0.1016151489E+01
   283    0.1016556825E+01
   284    0.1017733437E+01
   285    0.1021639742E+01
   286    0.1019157895E+01
   287    0.1014934483E+01
   288    0.1015637683E+01
   289    0.1016754110E+01
   290    0.1015533789E+01
   291    0.1015500381E+01
   292    0.1015550501E+01
   293    0.1013818747E+01
   294    0.1013259453E+01
   295    0.1013853987E+01
   296    0.1012603683E+01
   297    0.1011610122E+01
   298    0.1011232835E+01
   299    0.1011057255E+01
   300    0.1010201823E+01
   301    0.1009530846E+01
   302    0.1009748028E+01
   303    0.1010220210E+01
   304    0.1009908979E+01
   305    0.1008356736E+01
   306    0.1007399868E+01
   307    0.1006843513E+01
   308    0.1006961570E+01
   309    0.1006863027E+01
   310    0.1006380736E+01
   311    0.1005780176E+01
   312    0.1005126585E+01
   313    0.1004824164E+01
   314    0.1004720797E+01
   315    0.1004482828E+01
   316    0.1003973366E+01
   317    0.1003705128E+01
   318    0.1003511122E+01
   319    0.1003149916E+01
   320    0.1002879501E+01
   321    0.1002789363E+01
   322    0.1002568933E+01
   323    0.1002245960E+01
   324    0.1002032423E+01
   325    0.1001920491E+01
   326    0.1001741969E+01
   327    0.1001554913E+01
   328    0.1001433653E+01
   329    0.1001295656E+01
   330    0.1001152528E+01
   331    0.1001064853E+01
   332    0.1000994164E+01
   333    0.1000888704E+01
   334    0.1000787999E+01
   335    0.1000688416E+01
   336    0.1000629961E+01
   337    0.1000568839E+01
   338    0.1000517869E+01
   339    0.1000458708E+01
   340    0.1000395176E+01
   341    0.1000355832E+01
   342    0.1000331489E+01
   343    0.1000291705E+01
   344    0.1000255866E+01
   345    0.1000225602E+01
   346    0.1000200708E+01
   347    0.1000185285E+01
   348    0.1000159806E+01
   349    0.1000136132E+01
   350    0.1000122882E+01
   351    0.1000106676E+01
   352    0.1000091217E+01
   353    0.1000083189E+01
   354    0.1000074680E+01
   355    0.1000062211E+01
   356    0.1000055079E+01
   357    0.1000048841E+01
   358    0.1000042152E+01
   359    0.1000036421E+01
   360    0.1000031351E+01
   361    0.1000027341E+01
   362    0.1000023768E+01
   363    0.1000020807E+01
   364    0.1000018004E+01
   365    0.1000015611E+01
   366    0.1000013425E+01
   367    0.1000011179E+01
   368    0.1000009446E+01
   369    0.1000008366E+01
   370    0.1000007166E+01
   371    0.1000006030E+01
   372    0.1000005427E+01
   373    0.1000004644E+01
   374    0.1000003891E+01
   375    0.1000003194E+01
   376    0.1000002730E+01
   377    0.1000002364E+01
   378    0.1000002003E+01
   379    0.1000001708E+01
   380    0.1000001446E+01
   381    0.1000001218E+01
   382    0.1000000994E+01
   383    0.1000000843E+01
   384    0.1000000723E+01
   385    0.1000000613E+01
   386    0.1000000509E+01
   387    0.1000000421E+01
   388    0.1000000358E+01
   389    0.1000000307E+01
   390    0.1000000257E+01
   391    0.1000000207E+01
   392    0.1000000172E+01
   393    0.1000000141E+01
   394    0.1000000117E+01
   395    0.1000000100E+01
   396    0.1000000084E+01
   397    0.1000000069E+01
   398    0.1000000055E+01
   399    0.1000000045E+01
   400    0.1000000038E+01
   401    0.1000000032E+01
   402    0.1000000027E+01
   403    0.1000000021E+01
   404    0.1000000017E+01
   405    0.1000000014E+01
   406    0.1000000012E+01
   407    0.1000000009E+01
   408    0.1000000008E+01
   409    0.1000000006E+01
   410    0.1000000005E+01
   411    0.1000000004E+01
   412    0.1000000003E+01
   413    0.1000000003E+01
   414    0.1000000002E+01
   415    0.1000000002E+01
   416    0.1000000001E+01
   417    0.1000000001E+01
   418    0.1000000001E+01
   419    0.1000000001E+01
   420    0.1000000001E+01
   421    0.1000000000E+01
   422    0.1000000000E+01
   423    0.1000000000E+01
   424    0.1000000000E+01
   425    0.1000000000E+01
   426    0.1000000000E+01
   427    0.1000000000E+01
   428    0.1000000000E+01
   429    0.1000000000E+01
   430    0.1000000000E+01
   431    0.1000000000E+01
   432    0.1000000000E+01
   433    0.1000000000E+01
   434    0.1000000000E+01
   435    0.1000000000E+01
   436    0.1000000000E+01
   437    0.1000000000E+01
   438    0.1000000000E+01
   439    0.1000000000E+01
   440    0.1000000000E+01
   441    0.1000000000E+01
   442    0.1000000000E+01
   443    0.1000000000E+01
   444    0.1000000000E+01
   445    0.1000000000E+01
   446    0.1000000000E+01
   447    0.1000000000E+01
   448    0.1000000000E+01
   449    0.1000000000E+01
   450    0.1000000000E+01
   451    0.1000000000E+01
   452    0.1000000000E+01
   453    0.1000000000E+01
   454    0.1000000000E+01
   455    0.1000000000E+01
   456    0.1000000000E+01
   457    0.1000000000E+01
   458    0.1000000000E+01
   459    0.1000000000E+01
   460    0.1000000000E+01
   461    0.1000000000E+01
   462    0.1000000000E+01
   463    0.1000000000E+01
   464    0.1000000000E+01
   465    0.1000000000E+01
   466    0.1000000000E+01
   467    0.1000000000E+01
   468    0.1000000000E+01
   469    0.1000000000E+01
   470    0.1000000000E+01
   471    0.1000000000E+01
   472    0.1000000000E+01
   473    0.1000000000E+01
   474    0.1000000000E+01
   475    0.1000000000E+01
   476    0.1000000000E+01
   477    0.1000000000E+01
   478    0.1000000000E+01
   479    0.1000000000E+01
   480    0.1000000000E+01
   481    0.1000000000E+01
   482    0.1000000000E+01
   483    0.1000000000E+01
   484    0.1000000000E+01
   485    0.1000000000E+01
   486    0.1000000000E+01
   487    0.1000000000E+01
   488    0.1000000000E+01
   489    0.1000000000E+01
   490    0.1000000000E+01
   491    0.1000000000E+01
   492    0.1000000000E+01
   493    0.1000000000E+01
   494    0.1000000000E+01
   495    0.1000000000E+01
   496    0.1000000000E+01
   497    0.1000000000E+01
   498    0.1000000000E+01
   499    0.1000000000E+01
   500    0.8359375000E+00
   501    0.1640625000E+00
   502    0.0000000000E+00
