    -1    0.0000000000E+00
     0    0.3929141181E-01
     1    0.5126600680E+00
     2    0.6824402170E+00
     3    0.6102428248E+00
     4    0.7519722928E+00
     5    0.7986728687E+00
     6    0.5262550685E+00
     7    0.7669135199E+00
     8    0.4244860192E+00
     9    0.5919416406E+00
    10    0.7473110428E+00
    11    0.6799558446E+00
    12    0.8705333780E+00
    13    0.6462852844E+00
    14    0.1107425779E+01
    15    0.8462661144E+00
    16    0.7045202477E+00
    17    0.7261266923E+00
    18    0.8972753079E+00
    19    0.1073939598E+01
    20    0.1099530454E+01
    21    0.9772069823E+00
    22    0.1214619369E+01
    23    0.1572712304E+01
    24    0.1733132467E+01
    25    0.1857581811E+01
    26    0.2044354744E+01
    27    0.1419098977E+01
    28    0.1286629479E+01
    29    0.1024832550E+01
    30    0.9436854608E+00
    31    0.1198021248E+01
    32    0.8553308237E+00
    33    0.6243287860E+00
    34    0.7265244042E+00
    35    0.4412390128E+00
    36    0.6143004037E+00
    37    0.6145232672E+00
    38    0.3960199608E+00
    39    0.3902172376E+00
    40    0.4886317593E+00
    41    0.2191773362E+00
    42    0.4036733275E+00
    43    0.5972455565E+00
    44    0.1541711666E+00
    45    0.1164508905E+00
    46    0.6254584565E+00
    47    0.7518192669E+00
    48    0.3471188889E+00
    49    0.4429581657E+00
    50    0.3438246416E+00
    51    0.2304857224E+00
    52    0.3976728960E+00
    53    0.8600290815E-01
    54    0.3168207566E+00
    55    0.7140226387E+00
    56    0.2737917565E+00
    57    0.5314227103E+00
    58    0.4363956654E+00
    59    0.3840854513E+00
    60    0.3653849008E+00
    61    0.6538218614E+00
    62    0.5150639920E+00
    63    0.4749463526E+00
    64    0.5038123362E+00
    65    0.7237879105E+00
    66    0.4014724875E+00
    67    0.8543046689E+00
    68    0.1368322057E+01
    69    0.1252795474E+01
    70    0.1188414340E+01
    71    0.1598119771E+01
    72    0.1389956285E+01
    73    0.1927471472E+01
    74    0.2277232695E+01
    75    0.2168506554E+01
    76    0.2633336969E+01
    77    0.1972789776E+01
    78    0.1642641013E+01
    79    0.1488275487E+01
    80    0.1022276006E+01
    81    0.8301012941E+00
    82    0.7869322772E+00
    83    0.1048297956E+01
    84    0.5548653918E+00
    85    0.4743368606E+00
    86    0.3372589442E+00
    87    0.8254343258E+00
    88    0.5314788806E+00
    89    0.4079525495E+00
    90    0.3803264351E+00
    91    0.2681334404E+00
    92    0.5383932200E+00
    93    0.5225931851E+00
    94    0.2300956854E+00
    95    0.4166771634E+00
    96    0.3604952494E+00
    97    0.3949850094E+00
    98    0.3664262017E+00
    99    0.3654664558E+00
   100    0.2332657713E+00
   101    0.3479797427E+00
   102    0.4741519041E+00
   103    0.3973128085E+00
   104    0.2946453860E+00
   105    0.3033452830E+00
   106    0.3802681402E+00
   107    0.4627960437E+00
   108    0.3765169145E+00
   109    0.2476782456E+00
   110    0.4959744760E+00
   111    0.4601596243E+00
   112    0.4660946893E+00
   113    0.5661577270E+00
   114    0.2558828675E+00
   115    0.3536035453E+00
   116    0.7840783344E+00
   117    0.7340737823E+00
   118    0.4361326370E+00
   119    0.5511651519E+00
   120    0.6422672116E+00
   121    0.1133086337E+01
   122    0.7689740214E+00
   123    0.9049994226E+00
   124    0.1587164053E+01
   125    0.1648869692E+01
   126    0.2168268455E+01
   127    0.2478854812E+01
   128    0.2564123687E+01
   129    0.2370885100E+01
   130    0.2040713882E+01
   131    0.1680811940E+01
   132    0.1398591981E+01
   133    0.1153188684E+01
   134    0.1046935290E+01
   135    0.8819566584E+00
   136    0.7801949032E+00
   137    0.7119350114E+00
   138    0.6827723924E+00
   139    0.6170161179E+00
   140    0.5376980782E+00
   141    0.5435264469E+00
   142    0.5390280699E+00
   143    0.4317782817E+00
   144    0.5251774569E+00
   145    0.4024208559E+00
   146    0.4347552993E+00
   147    0.4551326543E+00
   148    0.3605856734E+00
   149    0.4703541443E+00
   150    0.3548997215E+00
   151    0.4038200756E+00
   152    0.4071894598E+00
   153    0.3536983647E+00
   154    0.4397188710E+00
   155    0.3599441701E+00
   156    0.4015094890E+00
   157    0.3958880871E+00
   158    0.3820491642E+00
   159    0.4371491528E+00
   160    0.4147537477E+00
   161    0.4168127016E+00
   162    0.4394620789E+00
   163    0.4333778150E+00
   164    0.5027444716E+00
   165    0.4969730146E+00
   166    0.5038570508E+00
   167    0.5932957585E+00
   168    0.6093192563E+00
   169    0.8631991370E+00
   170    0.9432104967E+00
   171    0.1170871072E+01
   172    0.1267897114E+01
   173    0.1272319617E+01
   174    0.1360261627E+01
   175    0.1383524902E+01
   176    0.1486986034E+01
   177    0.1437233805E+01
   178    0.1586380205E+01
   179    0.1755955346E+01
   180    0.1616312933E+01
   181    0.1493474635E+01
   182    0.1497487184E+01
   183    0.1597603560E+01
   184    0.1416903623E+01
   185    0.1194852025E+01
   186    0.1057535399E+01
   187    0.1023773577E+01
   188    0.1000010113E+01
   189    0.1001081075E+01
   190    0.9478860269E+00
   191    0.9297782307E+00
   192    0.8875982373E+00
   193    0.8266513244E+00
   194    0.8213326743E+00
   195    0.7964307616E+00
   196    0.7425105573E+00
   197    0.6705097302E+00
   198    0.7317275785E+00
   199    0.7463252930E+00
   200    0.7163363882E+00
   201    0.7485060785E+00
   202    0.7764785589E+00
   203    0.7317631154E+00
   204    0.7123955723E+00
   205    0.6828767650E+00
   206    0.7318052164E+00
   207    0.7809966436E+00
   208    0.8791292058E+00
   209    0.8241404793E+00
   210    0.9412798434E+00
   211    0.9200657336E+00
   212    0.8198105030E+00
   213    0.7682110654E+00
   214    0.1018389159E+01
   215    0.1375467016E+01
   216    0.9900689028E+00
   217    0.8093182994E+00
   218    0.8417219050E+00
   219    0.1020323388E+01
   220    0.1182110468E+01
   221    0.9978680540E+00
   222    0.8900132995E+00
   223    0.9356204434E+00
   224    0.1011487668E+01
   225    0.1054668341E+01
   226    0.1036392041E+01
   227    0.9580488226E+00
   228    0.9442159560E+00
   229    0.9880538603E+00
   230    0.1041094191E+01
   231    0.1046032488E+01
   232    0.1012311120E+01
   233    0.9977591405E+00
   234    0.9987671585E+00
   235    0.9992024289E+00
   236    0.1011014300E+01
   237    0.1024081734E+01
   238    0.1006169732E+01
   239    0.1006725759E+01
   240    0.1036097328E+01
   241    0.1030829654E+01
   242    0.1024259288E+01
   243    0.1023010893E+01
   244    0.1017437890E+01
   245    0.1003382954E+01
   246    0.9988198119E+00
   247    0.1009290174E+01
   248    0.1017835439E+01
   249    0.1020363262E+01
   250    0.1021222577E+01
   251    0.1017356979E+01
   252    0.1015880859E+01
   253    0.1021115360E+01
   254    0.1017052626E+01
   255    0.1022314420E+01
   256    0.1033489149E+01
   257    0.1029777693E+01
   258    0.1022063345E+01
   259    0.1020530302E+01
   260    0.1013549685E+01
   261    0.1007530178E+01
   262    0.1008982251E+01
   263    0.1013528081E+01
   264    0.1014253299E+01
   265    0.1014927275E+01
   266    0.1014300918E+01
   267    0.1011468030E+01
   268    0.1010144076E+01
   269    0.1010879895E+01
   270    0.1009995130E+01
   271    0.1008141301E+01
   272    0.1008059339E+01
   273    0.1008993532E+01
   274    0.1010022553E+01
   275    0.1013305988E+01
   276    0.1013050459E+01
   277    0.1008516173E+01
   278    0.1006085044E+01
   279    0.1005303733E+01
   280    0.1005588659E+01
   281    0.1006140834E+01
   282    0.1006359132E+01
   283    0.1005846902E+01
   284    0.1005128837E+01
   285    0.1004609781E+01
   286    0.1004289142E+01
   287    0.1004406901E+01
   288    0.1004083383E+01
   289    0.1003708755E+01
   290    0.1003388746E+01
   291    0.1003253705E+01
   292    0.1002788252E+01
   293    0.1002833956E+01
   294    0.1002738392E+01
   295    0.1002304758E+01
   296    0.1001967108E+01
   297    0.1001921909E+01
   298    0.1001755467E+01
   299    0.1001529042E+01
   300    0.1001456811E+01
   301    0.1001283662E+01
   302    0.1001121222E+01
   303    0.1001043561E+01
   304    0.1001032662E+01
   305    0.1000958253E+01
   306    0.1000827999E+01
   307    0.1000645150E+01
   308    0.1000625262E+01
   309    0.1000585239E+01
   310    0.1000518611E+01
   311    0.1000482609E+01
   312    0.1000391397E+01
   313    0.1000332411E+01
   314    0.1000342649E+01
   315    0.1000314476E+01
   316    0.1000262474E+01
   317    0.1000228405E+01
   318    0.1000201266E+01
   319    0.1000202702E+01
   320    0.1000175144E+01
   321    0.1000135724E+01
   322    0.1000125035E+01
   323    0.1000110964E+01
   324    0.1000088803E+01
   325    0.1000082404E+01
   326    0.1000082830E+01
   327    0.1000063113E+01
   328    0.1000054716E+01
   329    0.1000052082E+01
   330    0.1000044013E+01
   331    0.1000037671E+01
   332    0.1000031755E+01
   333    0.1000027758E+01
   334    0.1000024451E+01
   335    0.1000021365E+01
   336    0.1000019354E+01
   337    0.1000016496E+01
   338    0.1000014494E+01
   339    0.1000011497E+01
   340    0.1000008839E+01
   341    0.1000008407E+01
   342    0.1000007539E+01
   343    0.1000005842E+01
   344    0.1000005738E+01
   345    0.1000005261E+01
   346    0.1000004262E+01
   347    0.1000003239E+01
   348    0.1000002664E+01
   349    0.1000002480E+01
   350    0.1000002080E+01
   351    0.1000001819E+01
   352    0.1000001540E+01
   353    0.1000001300E+01
   354    0.1000000990E+01
   355    0.1000000832E+01
   356    0.1000000749E+01
   357    0.1000000638E+01
   358    0.1000000545E+01
   359    0.1000000426E+01
   360    0.1000000369E+01
   361    0.1000000336E+01
   362    0.1000000282E+01
   363    0.1000000220E+01
   364    0.1000000178E+01
   365    0.1000000141E+01
   366    0.1000000116E+01
   367    0.1000000103E+01
   368    0.1000000092E+01
   369    0.1000000074E+01
   370    0.1000000056E+01
   371    0.1000000044E+01
   372    0.1000000038E+01
   373    0.1000000034E+01
   374    0.1000000029E+01
   375    0.1000000023E+01
   376    0.1000000017E+01
   377    0.1000000014E+01
   378    0.1000000012E+01
   379    0.1000000009E+01
   380    0.1000000008E+01
   381    0.1000000007E+01
   382    0.1000000005E+01
   383    0.1000000004E+01
   384    0.1000000004E+01
   385    0.1000000003E+01
   386    0.1000000002E+01
   387    0.1000000002E+01
   388    0.1000000002E+01
   389    0.1000000001E+01
   390    0.1000000001E+01
   391    0.1000000001E+01
   392    0.1000000001E+01
   393    0.1000000001E+01
   394    0.1000000000E+01
   395    0.1000000000E+01
   396    0.1000000000E+01
   397    0.1000000000E+01
   398    0.1000000000E+01
   399    0.1000000000E+01
   400    0.1000000000E+01
   401    0.1000000000E+01
   402    0.1000000000E+01
   403    0.1000000000E+01
   404    0.1000000000E+01
   405    0.1000000000E+01
   406    0.1000000000E+01
   407    0.1000000000E+01
   408    0.1000000000E+01
   409    0.1000000000E+01
   410    0.1000000000E+01
   411    0.1000000000E+01
   412    0.1000000000E+01
   413    0.1000000000E+01
   414    0.1000000000E+01
   415    0.1000000000E+01
   416    0.1000000000E+01
   417    0.1000000000E+01
   418    0.1000000000E+01
   419    0.1000000000E+01
   420    0.1000000000E+01
   421    0.1000000000E+01
   422    0.1000000000E+01
   423    0.1000000000E+01
   424    0.1000000000E+01
   425    0.1000000000E+01
   426    0.1000000000E+01
   427    0.1000000000E+01
   428    0.1000000000E+01
   429    0.1000000000E+01
   430    0.1000000000E+01
   431    0.1000000000E+01
   432    0.1000000000E+01
   433    0.1000000000E+01
   434    0.1000000000E+01
   435    0.1000000000E+01
   436    0.1000000000E+01
   437    0.1000000000E+01
   438    0.1000000000E+01
   439    0.1000000000E+01
   440    0.1000000000E+01
   441    0.1000000000E+01
   442    0.1000000000E+01
   443    0.1000000000E+01
   444    0.1000000000E+01
   445    0.1000000000E+01
   446    0.1000000000E+01
   447    0.1000000000E+01
   448    0.1000000000E+01
   449    0.1000000000E+01
   450    0.1000000000E+01
   451    0.1000000000E+01
   452    0.1000000000E+01
   453    0.1000000000E+01
   454    0.1000000000E+01
   455    0.1000000000E+01
   456    0.1000000000E+01
   457    0.1000000000E+01
   458    0.1000000000E+01
   459    0.1000000000E+01
   460    0.1000000000E+01
   461    0.1000000000E+01
   462    0.1000000000E+01
   463    0.1000000000E+01
   464    0.1000000000E+01
   465    0.1000000000E+01
   466    0.1000000000E+01
   467    0.1000000000E+01
   468    0.1000000000E+01
   469    0.1000000000E+01
   470    0.1000000000E+01
   471    0.1000000000E+01
   472    0.1000000000E+01
   473    0.1000000000E+01
   474    0.1000000000E+01
   475    0.1000000000E+01
   476    0.1000000000E+01
   477    0.1000000000E+01
   478    0.1000000000E+01
   479    0.1000000000E+01
   480    0.1000000000E+01
   481    0.1000000000E+01
   482    0.1000000000E+01
   483    0.1000000000E+01
   484    0.1000000000E+01
   485    0.1000000000E+01
   486    0.1000000000E+01
   487    0.1000000000E+01
   488    0.1000000000E+01
   489    0.1000000000E+01
   490    0.1000000000E+01
   491    0.1000000000E+01
   492    0.1000000000E+01
   493    0.1000000000E+01
   494    0.1000000000E+01
   495    0.1000000000E+01
   496    0.1000000000E+01
   497    0.1000000000E+01
   498    0.1000000000E+01
   499    0.1000000000E+01
   500    0.8359375000E+00
   501    0.1640625000E+00
   502    0.0000000000E+00
