    -1    0.6911085847E-01
     0    0.7004641360E+00
     1    0.1234866445E+01
     2    0.1106876872E+01
     3    0.1905852362E+01
     4    0.1828512264E+01
     5    0.2168351883E+01
     6    0.1205367257E+01
     7    0.1748050649E+01
     8    0.1048235480E+01
     9    0.9244721329E+00
    10    0.1261561099E+01
    11    0.1171008631E+01
    12    0.1196070408E+01
    13    0.8610043032E+00
    14    0.8234239016E+00
    15    0.8820984200E+00
    16    0.9597818055E+00
    17    0.5282420946E+00
    18    0.8748450135E+00
    19    0.4915585481E+00
    20    0.7171640853E+00
    21    0.7467183835E+00
    22    0.3479241964E+00
    23    0.7947222350E+00
    24    0.7581455525E+00
    25    0.4664902858E+00
    26    0.7491209176E+00
    27    0.4539359816E+00
    28    0.5403321616E+00
    29    0.4819827827E+00
    30    0.7507473322E+00
    31    0.5984888779E+00
    32    0.5618550343E+00
    33    0.9016233486E+00
    34    0.4574216184E+00
    35    0.6582341335E+00
    36    0.8438642343E+00
    37    0.5101912898E+00
    38    0.5841797540E+00
    39    0.1068495862E+01
    40    0.5392455097E+00
    41    0.7697288638E+00
    42    0.1239568031E+01
    43    0.8789467084E+00
    44    0.1207815874E+01
    45    0.1130610514E+01
    46    0.1078090808E+01
    47    0.1785872923E+01
    48    0.1542952413E+01
    49    0.1539708947E+01
    50    0.1635957276E+01
    51    0.1353029713E+01
    52    0.1669934831E+01
    53    0.1686735286E+01
    54    0.1588022300E+01
    55    0.1366299860E+01
    56    0.1170364412E+01
    57    0.1449028245E+01
    58    0.8589076343E+00
    59    0.8055761883E+00
    60    0.1234456493E+01
    61    0.8379348645E+00
    62    0.6733972762E+00
    63    0.7720170910E+00
    64    0.8183165130E+00
    65    0.8104015257E+00
    66    0.5188897014E+00
    67    0.6748066356E+00
    68    0.5702586559E+00
    69    0.8470611738E+00
    70    0.6460252031E+00
    71    0.4951179991E+00
    72    0.4400706067E+00
    73    0.6807956375E+00
    74    0.7281107752E+00
    75    0.6694678901E+00
    76    0.3202100962E+00
    77    0.6671932307E+00
    78    0.6150374166E+00
    79    0.7551002576E+00
    80    0.5295938057E+00
    81    0.6622471691E+00
    82    0.5692591899E+00
    83    0.8890453019E+00
    84    0.5623760427E+00
    85    0.6988838813E+00
    86    0.9121774791E+00
    87    0.7574270439E+00
    88    0.8518318564E+00
    89    0.9308514986E+00
    90    0.9026704077E+00
    91    0.1072996321E+01
    92    0.1355725889E+01
    93    0.1137855211E+01
    94    0.1351914483E+01
    95    0.1488845754E+01
    96    0.1604301126E+01
    97    0.1618609192E+01
    98    0.1686997638E+01
    99    0.1720170394E+01
   100    0.1510573085E+01
   101    0.1618637218E+01
   102    0.1334171499E+01
   103    0.1326719438E+01
   104    0.1121941753E+01
   105    0.1208734283E+01
   106    0.9250258048E+00
   107    0.8973529241E+00
   108    0.9318152025E+00
   109    0.8609192078E+00
   110    0.7199242947E+00
   111    0.6252125715E+00
   112    0.9161966951E+00
   113    0.6311235693E+00
   114    0.6182931596E+00
   115    0.4768488903E+00
   116    0.8684462019E+00
   117    0.6288211692E+00
   118    0.4945377308E+00
   119    0.4695747326E+00
   120    0.7052192809E+00
   121    0.7618787186E+00
   122    0.4212944702E+00
   123    0.5646523350E+00
   124    0.5003053406E+00
   125    0.8553225978E+00
   126    0.5409142868E+00
   127    0.5683830818E+00
   128    0.4950724446E+00
   129    0.8745043315E+00
   130    0.6462848959E+00
   131    0.6670389050E+00
   132    0.6233303708E+00
   133    0.9600822549E+00
   134    0.6970044803E+00
   135    0.8714699845E+00
   136    0.9774104426E+00
   137    0.9786320996E+00
   138    0.9730346396E+00
   139    0.1378042886E+01
   140    0.1108168960E+01
   141    0.1567553122E+01
   142    0.1403460567E+01
   143    0.1655150244E+01
   144    0.1561968081E+01
   145    0.1735796521E+01
   146    0.1625121446E+01
   147    0.1606694632E+01
   148    0.1522385645E+01
   149    0.1373680491E+01
   150    0.1224280104E+01
   151    0.1212585950E+01
   152    0.1014604967E+01
   153    0.1001903039E+01
   154    0.8980286670E+00
   155    0.9578488530E+00
   156    0.7177461498E+00
   157    0.7986792645E+00
   158    0.7142131046E+00
   159    0.8301429157E+00
   160    0.6079068909E+00
   161    0.6543587761E+00
   162    0.5883763546E+00
   163    0.7899667524E+00
   164    0.5371057628E+00
   165    0.6625550056E+00
   166    0.4939050125E+00
   167    0.6824031046E+00
   168    0.6342469339E+00
   169    0.6707309653E+00
   170    0.4729212656E+00
   171    0.6013223797E+00
   172    0.8142968800E+00
   173    0.6952566812E+00
   174    0.5652227484E+00
   175    0.5874496533E+00
   176    0.8818033883E+00
   177    0.8573611493E+00
   178    0.7339808197E+00
   179    0.9204400638E+00
   180    0.1150350106E+01
   181    0.9882592026E+00
   182    0.1118862228E+01
   183    0.1271080617E+01
   184    0.1141170405E+01
   185    0.1370669103E+01
   186    0.1192227960E+01
   187    0.1222049376E+01
   188    0.1385707482E+01
   189    0.1338859369E+01
   190    0.1275447529E+01
   191    0.1336861618E+01
   192    0.1424805284E+01
   193    0.1224151792E+01
   194    0.1114583448E+01
   195    0.1071744774E+01
   196    0.1082212867E+01
   197    0.1119229956E+01
   198    0.1078347344E+01
   199    0.1031414250E+01
   200    0.1028074886E+01
   201    0.9849440461E+00
   202    0.9360283247E+00
   203    0.9303481761E+00
   204    0.9110548671E+00
   205    0.8815006368E+00
   206    0.8574897966E+00
   207    0.8953084297E+00
   208    0.8904333800E+00
   209    0.8357769734E+00
   210    0.8625877064E+00
   211    0.8543342261E+00
   212    0.8546204724E+00
   213    0.8596308510E+00
   214    0.8538935575E+00
   215    0.8536623438E+00
   216    0.9234602617E+00
   217    0.8908880461E+00
   218    0.8926872013E+00
   219    0.8572656571E+00
   220    0.8727944457E+00
   221    0.1028425414E+01
   222    0.9840134405E+00
   223    0.8856134456E+00
   224    0.8860202156E+00
   225    0.9277936030E+00
   226    0.1002140490E+01
   227    0.1007431900E+01
   228    0.9396461056E+00
   229    0.9296304856E+00
   230    0.9663949628E+00
   231    0.1004323548E+01
   232    0.1012725542E+01
   233    0.9964514072E+00
   234    0.9627222311E+00
   235    0.9587766372E+00
   236    0.9917398616E+00
   237    0.1020970815E+01
   238    0.1020678835E+01
   239    0.1000830588E+01
   240    0.1002491173E+01
   241    0.1003473499E+01
   242    0.9995272838E+00
   243    0.1005746005E+01
   244    0.1015760547E+01
   245    0.1005013895E+01
   246    0.1006641107E+01
   247    0.1025094720E+01
   248    0.1020323535E+01
   249    0.1014791942E+01
   250    0.1027361548E+01
   251    0.1022116900E+01
   252    0.1008958594E+01
   253    0.1004568782E+01
   254    0.1008295763E+01
   255    0.1015119641E+01
   256    0.1018037856E+01
   257    0.1018572913E+01
   258    0.1017040859E+01
   259    0.1015763646E+01
   260    0.1017687645E+01
   261    0.1018076281E+01
   262    0.1016238875E+01
   263    0.1021774514E+01
   264    0.1025305278E+01
   265    0.1025729366E+01
   266    0.1025779661E+01
   267    0.1020372818E+01
   268    0.1013084893E+01
   269    0.1010249782E+01
   270    0.1012527836E+01
   271    0.1014722069E+01
   272    0.1014889175E+01
   273    0.1014973418E+01
   274    0.1013780416E+01
   275    0.1012010378E+01
   276    0.1011338281E+01
   277    0.1011609816E+01
   278    0.1010542920E+01
   279    0.1009006851E+01
   280    0.1008708289E+01
   281    0.1008973211E+01
   282    0.1009001259E+01
   283    0.1012289341E+01
   284    0.1013069544E+01
   285    0.1008771902E+01
   286    0.1006566055E+01
   287    0.1005888861E+01
   288    0.1005986877E+01
   289    0.1006568796E+01
   290    0.1006560585E+01
   291    0.1005955039E+01
   292    0.1005281484E+01
   293    0.1004629007E+01
   294    0.1004486135E+01
   295    0.1004545242E+01
   296    0.1004177907E+01
   297    0.1003740664E+01
   298    0.1003493546E+01
   299    0.1003372042E+01
   300    0.1002799578E+01
   301    0.1002853770E+01
   302    0.1002780892E+01
   303    0.1002403259E+01
   304    0.1002004922E+01
   305    0.1001962393E+01
   306    0.1001817689E+01
   307    0.1001576697E+01
   308    0.1001481285E+01
   309    0.1001337777E+01
   310    0.1001164430E+01
   311    0.1001066004E+01
   312    0.1001037514E+01
   313    0.1000966963E+01
   314    0.1000852983E+01
   315    0.1000692833E+01
   316    0.1000629388E+01
   317    0.1000601811E+01
   318    0.1000530724E+01
   319    0.1000492940E+01
   320    0.1000415316E+01
   321    0.1000346369E+01
   322    0.1000341613E+01
   323    0.1000321345E+01
   324    0.1000271270E+01
   325    0.1000236168E+01
   326    0.1000206465E+01
   327    0.1000199780E+01
   328    0.1000180397E+01
   329    0.1000142892E+01
   330    0.1000127312E+01
   331    0.1000114721E+01
   332    0.1000094368E+01
   333    0.1000083090E+01
   334    0.1000082981E+01
   335    0.1000067676E+01
   336    0.1000055783E+01
   337    0.1000052894E+01
   338    0.1000045418E+01
   339    0.1000039002E+01
   340    0.1000033045E+01
   341    0.1000028620E+01
   342    0.1000025299E+01
   343    0.1000021823E+01
   344    0.1000019824E+01
   345    0.1000016811E+01
   346    0.1000014832E+01
   347    0.1000012181E+01
   348    0.1000009500E+01
   349    0.1000008549E+01
   350    0.1000007810E+01
   351    0.1000006237E+01
   352    0.1000005683E+01
   353    0.1000005328E+01
   354    0.1000004392E+01
   355    0.1000003457E+01
   356    0.1000002779E+01
   357    0.1000002545E+01
   358    0.1000002150E+01
   359    0.1000001863E+01
   360    0.1000001585E+01
   361    0.1000001346E+01
   362    0.1000001061E+01
   363    0.1000000869E+01
   364    0.1000000773E+01
   365    0.1000000657E+01
   366    0.1000000567E+01
   367    0.1000000450E+01
   368    0.1000000379E+01
   369    0.1000000339E+01
   370    0.1000000292E+01
   371    0.1000000230E+01
   372    0.1000000185E+01
   373    0.1000000151E+01
   374    0.1000000121E+01
   375    0.1000000106E+01
   376    0.1000000094E+01
   377    0.1000000077E+01
   378    0.1000000060E+01
   379    0.1000000047E+01
   380    0.1000000040E+01
   381    0.1000000034E+01
   382    0.1000000030E+01
   383    0.1000000024E+01
   384    0.1000000018E+01
   385    0.1000000015E+01
   386    0.1000000013E+01
   387    0.1000000010E+01
   388    0.1000000009E+01
   389    0.1000000007E+01
   390    0.1000000006E+01
   391    0.1000000004E+01
   392    0.1000000004E+01
   393    0.1000000003E+01
   394    0.1000000002E+01
   395    0.1000000002E+01
   396    0.1000000002E+01
   397    0.1000000001E+01
   398    0.1000000001E+01
   399    0.1000000001E+01
   400    0.1000000001E+01
   401    0.1000000001E+01
   402    0.1000000000E+01
   403    0.1000000000E+01
   404    0.1000000000E+01
   405    0.1000000000E+01
   406    0.1000000000E+01
   407    0.1000000000E+01
   408    0.1000000000E+01
   409    0.1000000000E+01
   410    0.1000000000E+01
   411    0.1000000000E+01
   412    0.1000000000E+01
   413    0.1000000000E+01
   414    0.1000000000E+01
   415    0.1000000000E+01
   416    0.1000000000E+01
   417    0.1000000000E+01
   418    0.1000000000E+01
   419    0.1000000000E+01
   420    0.1000000000E+01
   421    0.1000000000E+01
   422    0.1000000000E+01
   423    0.1000000000E+01
   424    0.1000000000E+01
   425    0.1000000000E+01
   426    0.1000000000E+01
   427    0.1000000000E+01
   428    0.1000000000E+01
   429    0.1000000000E+01
   430    0.1000000000E+01
   431    0.1000000000E+01
   432    0.1000000000E+01
   433    0.1000000000E+01
   434    0.1000000000E+01
   435    0.1000000000E+01
   436    0.1000000000E+01
   437    0.1000000000E+01
   438    0.1000000000E+01
   439    0.1000000000E+01
   440    0.1000000000E+01
   441    0.1000000000E+01
   442    0.1000000000E+01
   443    0.1000000000E+01
   444    0.1000000000E+01
   445    0.1000000000E+01
   446    0.1000000000E+01
   447    0.1000000000E+01
   448    0.1000000000E+01
   449    0.1000000000E+01
   450    0.1000000000E+01
   451    0.1000000000E+01
   452    0.1000000000E+01
   453    0.1000000000E+01
   454    0.1000000000E+01
   455    0.1000000000E+01
   456    0.1000000000E+01
   457    0.1000000000E+01
   458    0.1000000000E+01
   459    0.1000000000E+01
   460    0.1000000000E+01
   461    0.1000000000E+01
   462    0.1000000000E+01
   463    0.1000000000E+01
   464    0.1000000000E+01
   465    0.1000000000E+01
   466    0.1000000000E+01
   467    0.1000000000E+01
   468    0.1000000000E+01
   469    0.1000000000E+01
   470    0.1000000000E+01
   471    0.1000000000E+01
   472    0.1000000000E+01
   473    0.1000000000E+01
   474    0.1000000000E+01
   475    0.1000000000E+01
   476    0.1000000000E+01
   477    0.1000000000E+01
   478    0.1000000000E+01
   479    0.1000000000E+01
   480    0.1000000000E+01
   481    0.1000000000E+01
   482    0.1000000000E+01
   483    0.1000000000E+01
   484    0.1000000000E+01
   485    0.1000000000E+01
   486    0.1000000000E+01
   487    0.1000000000E+01
   488    0.1000000000E+01
   489    0.1000000000E+01
   490    0.1000000000E+01
   491    0.1000000000E+01
   492    0.1000000000E+01
   493    0.1000000000E+01
   494    0.1000000000E+01
   495    0.1000000000E+01
   496    0.1000000000E+01
   497    0.1000000000E+01
   498    0.1000000000E+01
   499    0.1000000000E+01
   500    0.8359375000E+00
   501    0.1640625000E+00
   502    0.0000000000E+00
