    -1    0.0000000000E+00
     0    0.3034047608E+00
     1    0.8740964103E+00
     2    0.9884691655E+00
     3    0.9847005854E+00
     4    0.9798598184E+00
     5    0.9667740188E+00
     6    0.9650440752E+00
     7    0.9581262610E+00
     8    0.9508959074E+00
     9    0.9520566182E+00
    10    0.9454324985E+00
    11    0.9408766741E+00
    12    0.9463715275E+00
    13    0.9437811531E+00
    14    0.9375358827E+00
    15    0.9473519244E+00
    16    0.9535906096E+00
    17    0.9416041606E+00
    18    0.9547508541E+00
    19    0.9733237885E+00
    20    0.9535202920E+00
    21    0.9693571693E+00
    22    0.9992132251E+00
    23    0.9736925867E+00
    24    0.9904478756E+00
    25    0.1025948541E+01
    26    0.9976292322E+00
    27    0.1016797575E+01
    28    0.1048780989E+01
    29    0.1020917468E+01
    30    0.1044010884E+01
    31    0.1062536328E+01
    32    0.1040120946E+01
    33    0.1062720230E+01
    34    0.1065809252E+01
    35    0.1050600219E+01
    36    0.1068915603E+01
    37    0.1058289424E+01
    38    0.1050257151E+01
    39    0.1060746281E+01
    40    0.1041144403E+01
    41    0.1039905171E+01
    42    0.1040033824E+01
    43    0.1017446966E+01
    44    0.1021995445E+01
    45    0.1012206452E+01
    46    0.9914516882E+00
    47    0.1000248054E+01
    48    0.9842355697E+00
    49    0.9677075509E+00
    50    0.9781803105E+00
    51    0.9625164306E+00
    52    0.9497395141E+00
    53    0.9586111936E+00
    54    0.9505273060E+00
    55    0.9395746439E+00
    56    0.9442532550E+00
    57    0.9481800365E+00
    58    0.9383414924E+00
    59    0.9370772489E+00
    60    0.9541783224E+00
    61    0.9462372902E+00
    62    0.9387506745E+00
    63    0.9670777560E+00
    64    0.9610991660E+00
    65    0.9531421278E+00
    66    0.9846799402E+00
    67    0.9818624570E+00
    68    0.9772140603E+00
    69    0.1005763140E+01
    70    0.1006529263E+01
    71    0.1004839124E+01
    72    0.1028315748E+01
    73    0.1031839965E+01
    74    0.1031026127E+01
    75    0.1047655077E+01
    76    0.1052166392E+01
    77    0.1052771698E+01
    78    0.1057243472E+01
    79    0.1061998301E+01
    80    0.1065666274E+01
    81    0.1053382293E+01
    82    0.1062710565E+01
    83    0.1065490907E+01
    84    0.1036733325E+01
    85    0.1053559078E+01
    86    0.1053162919E+01
    87    0.1011243643E+01
    88    0.1035879286E+01
    89    0.1029607395E+01
    90    0.9860628211E+00
    91    0.1009817207E+01
    92    0.1004486137E+01
    93    0.9624296053E+00
    94    0.9832900902E+00
    95    0.9818712730E+00
    96    0.9436268981E+00
    97    0.9621633234E+00
    98    0.9619774115E+00
    99    0.9348324483E+00
   100    0.9491268875E+00
   101    0.9494125137E+00
   102    0.9313582659E+00
   103    0.9475392284E+00
   104    0.9466611780E+00
   105    0.9310764652E+00
   106    0.9577115060E+00
   107    0.9535406154E+00
   108    0.9370311044E+00
   109    0.9759548889E+00
   110    0.9690574987E+00
   111    0.9536475629E+00
   112    0.9978601428E+00
   113    0.9925425044E+00
   114    0.9746351805E+00
   115    0.1023921298E+01
   116    0.1019269511E+01
   117    0.9981430759E+00
   118    0.1049444068E+01
   119    0.1043943541E+01
   120    0.1020056636E+01
   121    0.1070521154E+01
   122    0.1058055578E+01
   123    0.1041010901E+01
   124    0.1077535043E+01
   125    0.1059021147E+01
   126    0.1054669062E+01
   127    0.1070422123E+01
   128    0.1049285612E+01
   129    0.1055141006E+01
   130    0.1052234827E+01
   131    0.1030512743E+01
   132    0.1041901893E+01
   133    0.1027221327E+01
   134    0.1005256496E+01
   135    0.1020044933E+01
   136    0.9995413699E+00
   137    0.9805193602E+00
   138    0.9962374801E+00
   139    0.9720609546E+00
   140    0.9606481464E+00
   141    0.9751409777E+00
   142    0.9492091736E+00
   143    0.9479251230E+00
   144    0.9584307268E+00
   145    0.9375591263E+00
   146    0.9422426696E+00
   147    0.9491843701E+00
   148    0.9362834663E+00
   149    0.9430884744E+00
   150    0.9496559364E+00
   151    0.9442483095E+00
   152    0.9506513289E+00
   153    0.9589772700E+00
   154    0.9639278841E+00
   155    0.9643546415E+00
   156    0.9780855284E+00
   157    0.9885492213E+00
   158    0.9851483155E+00
   159    0.1004167461E+01
   160    0.1014760651E+01
   161    0.1011295579E+01
   162    0.1033780638E+01
   163    0.1037232921E+01
   164    0.1036510276E+01
   165    0.1061745597E+01
   166    0.1053609171E+01
   167    0.1056991354E+01
   168    0.1077552649E+01
   169    0.1062612721E+01
   170    0.1065363169E+01
   171    0.1082051901E+01
   172    0.1061574618E+01
   173    0.1060266244E+01
   174    0.1067736421E+01
   175    0.1050678052E+01
   176    0.1047853496E+01
   177    0.1040090152E+01
   178    0.1030414893E+01
   179    0.1025378843E+01
   180    0.1012826943E+01
   181    0.1008294273E+01
   182    0.1001810660E+01
   183    0.9860424920E+00
   184    0.9879977496E+00
   185    0.9810157109E+00
   186    0.9656728378E+00
   187    0.9708263170E+00
   188    0.9662514281E+00
   189    0.9576182684E+00
   190    0.9628049517E+00
   191    0.9624183882E+00
   192    0.9558558554E+00
   193    0.9581574951E+00
   194    0.9647306148E+00
   195    0.9645863705E+00
   196    0.9675420567E+00
   197    0.9823899182E+00
   198    0.9837458124E+00
   199    0.9844968101E+00
   200    0.1002064888E+01
   201    0.1002431098E+01
   202    0.1003431343E+01
   203    0.1021513546E+01
   204    0.1021215856E+01
   205    0.1025236740E+01
   206    0.1042515242E+01
   207    0.1036023220E+01
   208    0.1040393805E+01
   209    0.1052187853E+01
   210    0.1039799466E+01
   211    0.1046378989E+01
   212    0.1054985175E+01
   213    0.1041194880E+01
   214    0.1040827265E+01
   215    0.1038547060E+01
   216    0.1025949254E+01
   217    0.1028799713E+01
   218    0.1025876734E+01
   219    0.1013690234E+01
   220    0.1012172464E+01
   221    0.1007236582E+01
   222    0.9949284475E+00
   223    0.9919342603E+00
   224    0.9868249983E+00
   225    0.9753546701E+00
   226    0.9719546776E+00
   227    0.9678508062E+00
   228    0.9602595699E+00
   229    0.9560368895E+00
   230    0.9576993479E+00
   231    0.9547831349E+00
   232    0.9602552282E+00
   233    0.9542083532E+00
   234    0.9356045543E+00
   235    0.9342562858E+00
   236    0.9402765924E+00
   237    0.9517158094E+00
   238    0.9613288085E+00
   239    0.9421918400E+00
   240    0.9256968579E+00
   241    0.9329237807E+00
   242    0.9505884287E+00
   243    0.9655483584E+00
   244    0.9597148636E+00
   245    0.9401032781E+00
   246    0.9363332792E+00
   247    0.9494949619E+00
   248    0.9664805795E+00
   249    0.9740230909E+00
   250    0.9726601194E+00
   251    0.9658515537E+00
   252    0.9585021379E+00
   253    0.9630144452E+00
   254    0.9748899405E+00
   255    0.9768868976E+00
   256    0.9788178634E+00
   257    0.9866545319E+00
   258    0.9872083559E+00
   259    0.9891414473E+00
   260    0.9945515145E+00
   261    0.9932279967E+00
   262    0.9940744955E+00
   263    0.9987045303E+00
   264    0.9981262228E+00
   265    0.1001540646E+01
   266    0.1006402444E+01
   267    0.1005861371E+01
   268    0.1006056531E+01
   269    0.1012356922E+01
   270    0.1011138151E+01
   271    0.1009301968E+01
   272    0.1010193972E+01
   273    0.1010421815E+01
   274    0.1011924853E+01
   275    0.1014619262E+01
   276    0.1013372613E+01
   277    0.1014663019E+01
   278    0.1016118970E+01
   279    0.1015411472E+01
   280    0.1016939154E+01
   281    0.1018120538E+01
   282    0.1016976128E+01
   283    0.1017571542E+01
   284    0.1016967767E+01
   285    0.1014867188E+01
   286    0.1018741422E+01
   287    0.1021108204E+01
   288    0.1017034371E+01
   289    0.1015603435E+01
   290    0.1016589294E+01
   291    0.1015969608E+01
   292    0.1015727899E+01
   293    0.1015866709E+01
   294    0.1014875241E+01
   295    0.1013823214E+01
   296    0.1013679477E+01
   297    0.1013492109E+01
   298    0.1012570857E+01
   299    0.1011771771E+01
   300    0.1011184720E+01
   301    0.1011072649E+01
   302    0.1010335536E+01
   303    0.1009532015E+01
   304    0.1009854214E+01
   305    0.1010038934E+01
   306    0.1009530498E+01
   307    0.1008324475E+01
   308    0.1007378178E+01
   309    0.1006876229E+01
   310    0.1007064322E+01
   311    0.1006760139E+01
   312    0.1006267905E+01
   313    0.1005733391E+01
   314    0.1005065155E+01
   315    0.1004846003E+01
   316    0.1004702418E+01
   317    0.1004402515E+01
   318    0.1003933703E+01
   319    0.1003672867E+01
   320    0.1003474979E+01
   321    0.1003100194E+01
   322    0.1002865022E+01
   323    0.1002758119E+01
   324    0.1002523023E+01
   325    0.1002193165E+01
   326    0.1002028957E+01
   327    0.1001899641E+01
   328    0.1001703489E+01
   329    0.1001540611E+01
   330    0.1001418795E+01
   331    0.1001268188E+01
   332    0.1001141980E+01
   333    0.1001059085E+01
   334    0.1000970097E+01
   335    0.1000872864E+01
   336    0.1000776244E+01
   337    0.1000674507E+01
   338    0.1000623256E+01
   339    0.1000562859E+01
   340    0.1000506360E+01
   341    0.1000448613E+01
   342    0.1000390391E+01
   343    0.1000352272E+01
   344    0.1000324668E+01
   345    0.1000285898E+01
   346    0.1000251089E+01
   347    0.1000220790E+01
   348    0.1000198401E+01
   349    0.1000181166E+01
   350    0.1000155031E+01
   351    0.1000134111E+01
   352    0.1000120471E+01
   353    0.1000104246E+01
   354    0.1000089722E+01
   355    0.1000082088E+01
   356    0.1000072618E+01
   357    0.1000060719E+01
   358    0.1000054239E+01
   359    0.1000047726E+01
   360    0.1000041151E+01
   361    0.1000035567E+01
   362    0.1000030745E+01
   363    0.1000026786E+01
   364    0.1000023228E+01
   365    0.1000020370E+01
   366    0.1000017559E+01
   367    0.1000015240E+01
   368    0.1000013029E+01
   369    0.1000010921E+01
   370    0.1000009279E+01
   371    0.1000008189E+01
   372    0.1000006985E+01
   373    0.1000005923E+01
   374    0.1000005289E+01
   375    0.1000004507E+01
   376    0.1000003774E+01
   377    0.1000003103E+01
   378    0.1000002685E+01
   379    0.1000002304E+01
   380    0.1000001947E+01
   381    0.1000001665E+01
   382    0.1000001408E+01
   383    0.1000001179E+01
   384    0.1000000969E+01
   385    0.1000000825E+01
   386    0.1000000704E+01
   387    0.1000000596E+01
   388    0.1000000494E+01
   389    0.1000000411E+01
   390    0.1000000349E+01
   391    0.1000000299E+01
   392    0.1000000247E+01
   393    0.1000000201E+01
   394    0.1000000167E+01
   395    0.1000000137E+01
   396    0.1000000115E+01
   397    0.1000000097E+01
   398    0.1000000081E+01
   399    0.1000000066E+01
   400    0.1000000053E+01
   401    0.1000000044E+01
   402    0.1000000037E+01
   403    0.1000000031E+01
   404    0.1000000026E+01
   405    0.1000000021E+01
   406    0.1000000017E+01
   407    0.1000000014E+01
   408    0.1000000011E+01
   409    0.1000000009E+01
   410    0.1000000008E+01
   411    0.1000000006E+01
   412    0.1000000005E+01
   413    0.1000000004E+01
   414    0.1000000003E+01
   415    0.1000000003E+01
   416    0.1000000002E+01
   417    0.1000000002E+01
   418    0.1000000001E+01
   419    0.1000000001E+01
   420    0.1000000001E+01
   421    0.1000000001E+01
   422    0.1000000001E+01
   423    0.1000000000E+01
   424    0.1000000000E+01
   425    0.1000000000E+01
   426    0.1000000000E+01
   427    0.1000000000E+01
   428    0.1000000000E+01
   429    0.1000000000E+01
   430    0.1000000000E+01
   431    0.1000000000E+01
   432    0.1000000000E+01
   433    0.1000000000E+01
   434    0.1000000000E+01
   435    0.1000000000E+01
   436    0.1000000000E+01
   437    0.1000000000E+01
   438    0.1000000000E+01
   439    0.1000000000E+01
   440    0.1000000000E+01
   441    0.1000000000E+01
   442    0.1000000000E+01
   443    0.1000000000E+01
   444    0.1000000000E+01
   445    0.1000000000E+01
   446    0.1000000000E+01
   447    0.1000000000E+01
   448    0.1000000000E+01
   449    0.1000000000E+01
   450    0.1000000000E+01
   451    0.1000000000E+01
   452    0.1000000000E+01
   453    0.1000000000E+01
   454    0.1000000000E+01
   455    0.1000000000E+01
   456    0.1000000000E+01
   457    0.1000000000E+01
   458    0.1000000000E+01
   459    0.1000000000E+01
   460    0.1000000000E+01
   461    0.1000000000E+01
   462    0.1000000000E+01
   463    0.1000000000E+01
   464    0.1000000000E+01
   465    0.1000000000E+01
   466    0.1000000000E+01
   467    0.1000000000E+01
   468    0.1000000000E+01
   469    0.1000000000E+01
   470    0.1000000000E+01
   471    0.1000000000E+01
   472    0.1000000000E+01
   473    0.1000000000E+01
   474    0.1000000000E+01
   475    0.1000000000E+01
   476    0.1000000000E+01
   477    0.1000000000E+01
   478    0.1000000000E+01
   479    0.1000000000E+01
   480    0.1000000000E+01
   481    0.1000000000E+01
   482    0.1000000000E+01
   483    0.1000000000E+01
   484    0.1000000000E+01
   485    0.1000000000E+01
   486    0.1000000000E+01
   487    0.1000000000E+01
   488    0.1000000000E+01
   489    0.1000000000E+01
   490    0.1000000000E+01
   491    0.1000000000E+01
   492    0.1000000000E+01
   493    0.1000000000E+01
   494    0.1000000000E+01
   495    0.1000000000E+01
   496    0.1000000000E+01
   497    0.1000000000E+01
   498    0.1000000000E+01
   499    0.1000000000E+01
   500    0.8359375000E+00
   501    0.1640625000E+00
   502    0.0000000000E+00
