    -1    0.0000000000E+00
     0    0.1298417405E-03
     1    0.4015655402E+00
     2    0.1251480671E+01
     3    0.8749520633E+00
     4    0.3691806628E+00
     5    0.4997483416E+00
     6    0.1022247662E+01
     7    0.9131864783E+00
     8    0.7152624704E+00
     9    0.6998608960E+00
    10    0.8019078386E+00
    11    0.8024139393E+00
    12    0.5471077095E+00
    13    0.1037175153E+01
    14    0.2842055008E+00
    15    0.5944106425E+00
    16    0.5479224903E+00
    17    0.6747672575E+00
    18    0.6749892171E+00
    19    0.8844823166E+00
    20    0.1018656631E+01
    21    0.1159340602E+01
    22    0.7861786359E+00
    23    0.5126801417E+00
    24    0.2671896084E+00
    25    0.7145617454E+00
    26    0.8309722274E+00
    27    0.1240528872E+01
    28    0.1075117658E+01
    29    0.8417386383E+00
    30    0.5508784539E+00
    31    0.8043048248E+00
    32    0.5991552274E+00
    33    0.7727944451E+00
    34    0.5550668665E+00
    35    0.6996485616E+00
    36    0.1141242143E+01
    37    0.7669950005E+00
    38    0.6484985822E+00
    39    0.1581052936E+00
    40    0.6079965018E+00
    41    0.8001230952E+00
    42    0.6110416324E+00
    43    0.8181679400E+00
    44    0.7810527822E+00
    45    0.7573151709E+00
    46    0.1180657485E+01
    47    0.9754684858E+00
    48    0.1335152449E+01
    49    0.1076325351E+01
    50    0.4355557601E+00
    51    0.1001055171E+01
    52    0.9744458044E+00
    53    0.9449919833E+00
    54    0.1668719924E+01
    55    0.1699002644E+01
    56    0.9366967887E+00
    57    0.7770358294E+00
    58    0.6707930147E+00
    59    0.6203290839E+00
    60    0.6584891343E+00
    61    0.6328346061E+00
    62    0.5913004167E+00
    63    0.7768046387E+00
    64    0.9725838172E+00
    65    0.1052748348E+01
    66    0.1667901648E+01
    67    0.9260101869E+00
    68    0.9534480565E+00
    69    0.1228788006E+01
    70    0.9594354197E+00
    71    0.1440977832E+01
    72    0.6830191349E+00
    73    0.6475244467E+00
    74    0.7675773327E+00
    75    0.5737836069E+00
    76    0.6425411584E+00
    77    0.5838337388E+00
    78    0.6112191796E+00
    79    0.4363466806E+00
    80    0.2353343138E+00
    81    0.1910495419E+00
    82    0.4278956608E+00
    83    0.3052046234E+00
    84    0.3759495032E+00
    85    0.1393904789E+00
    86    0.3714433142E+00
    87    0.5041263972E+00
    88    0.2878304357E+00
    89    0.1615747951E+00
    90    0.2363931299E+00
    91    0.2131375472E+00
    92    0.2409024142E+00
    93    0.3454967553E+00
    94    0.4411317060E+00
    95    0.4064443446E+00
    96    0.4947833004E+00
    97    0.1931720644E+00
    98    0.1549204956E+00
    99    0.3578049895E+00
   100    0.1709124472E+00
   101    0.5963771290E+00
   102    0.4655815178E+00
   103    0.4543945773E-01
   104    0.2099678929E+00
   105    0.6963143678E+00
   106    0.4094492618E+00
   107    0.8412236945E-01
   108    0.2086331283E+00
   109    0.5641963434E+00
   110    0.5732584508E+00
   111    0.1650143068E+00
   112    0.6516748330E+00
   113    0.1355242649E+01
   114    0.1551838471E+01
   115    0.7965906388E+00
   116    0.6519049182E+00
   117    0.1338173156E+01
   118    0.1976208111E+01
   119    0.2151246321E+01
   120    0.2871167168E+01
   121    0.2368939989E+01
   122    0.1886887430E+01
   123    0.2468534378E+01
   124    0.2233182740E+01
   125    0.1198612142E+01
   126    0.1274985946E+01
   127    0.8506282172E+00
   128    0.9087536558E+00
   129    0.7020902001E+00
   130    0.6381381651E+00
   131    0.5668877053E+00
   132    0.7382711324E+00
   133    0.4974485283E+00
   134    0.3539253107E+00
   135    0.4854830197E+00
   136    0.5685315930E+00
   137    0.4564275534E+00
   138    0.3828916823E+00
   139    0.2762677668E+00
   140    0.4420426227E+00
   141    0.5366323384E+00
   142    0.3004729063E+00
   143    0.3438387009E+00
   144    0.2794121400E+00
   145    0.3029926809E+00
   146    0.5744453739E+00
   147    0.3135740335E+00
   148    0.3137397457E+00
   149    0.2914780583E+00
   150    0.2345470336E+00
   151    0.5635874337E+00
   152    0.3988164374E+00
   153    0.3115285565E+00
   154    0.3053322613E+00
   155    0.2529709928E+00
   156    0.4790007405E+00
   157    0.5533488614E+00
   158    0.3925482493E+00
   159    0.3218788734E+00
   160    0.3074951826E+00
   161    0.5454070747E+00
   162    0.6803848276E+00
   163    0.5226175989E+00
   164    0.5378065294E+00
   165    0.1029490151E+01
   166    0.1207487627E+01
   167    0.1223322788E+01
   168    0.1415914693E+01
   169    0.1174448832E+01
   170    0.1270784979E+01
   171    0.1367914945E+01
   172    0.1140603250E+01
   173    0.1475397418E+01
   174    0.1627439939E+01
   175    0.1629929242E+01
   176    0.1522932989E+01
   177    0.1665569882E+01
   178    0.1643169145E+01
   179    0.1460998649E+01
   180    0.1400351945E+01
   181    0.1331349464E+01
   182    0.1219263265E+01
   183    0.1067237730E+01
   184    0.1120450811E+01
   185    0.9593006211E+00
   186    0.9724445515E+00
   187    0.1011747995E+01
   188    0.8365515841E+00
   189    0.9458638698E+00
   190    0.8411655463E+00
   191    0.7139329321E+00
   192    0.7636718628E+00
   193    0.7461811395E+00
   194    0.6667627795E+00
   195    0.5503018033E+00
   196    0.7972745546E+00
   197    0.6870384021E+00
   198    0.6401062539E+00
   199    0.7450047617E+00
   200    0.6798620271E+00
   201    0.6382635905E+00
   202    0.6781830577E+00
   203    0.7298881167E+00
   204    0.7070157756E+00
   205    0.1006335151E+01
   206    0.1005527728E+01
   207    0.8269811585E+00
   208    0.7831813785E+00
   209    0.7839969204E+00
   210    0.7288484747E+00
   211    0.1106377684E+01
   212    0.1259602152E+01
   213    0.8737787472E+00
   214    0.7799836386E+00
   215    0.8261164838E+00
   216    0.1076091460E+01
   217    0.1237705185E+01
   218    0.9550959603E+00
   219    0.8869617419E+00
   220    0.9622901801E+00
   221    0.1025149023E+01
   222    0.1088569430E+01
   223    0.1014866812E+01
   224    0.9346579298E+00
   225    0.9544146180E+00
   226    0.1007115996E+01
   227    0.1064276396E+01
   228    0.1046502332E+01
   229    0.1003661387E+01
   230    0.9902169793E+00
   231    0.9993385897E+00
   232    0.9979738408E+00
   233    0.1025318763E+01
   234    0.1024070859E+01
   235    0.9971586716E+00
   236    0.1025664591E+01
   237    0.1048048760E+01
   238    0.1031928272E+01
   239    0.1018520753E+01
   240    0.1018461751E+01
   241    0.1008427291E+01
   242    0.9962378064E+00
   243    0.1002208857E+01
   244    0.1015572435E+01
   245    0.1020763131E+01
   246    0.1023683512E+01
   247    0.1020503891E+01
   248    0.1014341511E+01
   249    0.1020748700E+01
   250    0.1019899633E+01
   251    0.1020472207E+01
   252    0.1034882979E+01
   253    0.1033432963E+01
   254    0.1021655194E+01
   255    0.1020152910E+01
   256    0.1014748954E+01
   257    0.1007406496E+01
   258    0.1006522333E+01
   259    0.1011813278E+01
   260    0.1013973328E+01
   261    0.1014800238E+01
   262    0.1014703565E+01
   263    0.1012054941E+01
   264    0.1009656842E+01
   265    0.1010043719E+01
   266    0.1010097072E+01
   267    0.1008224197E+01
   268    0.1007566862E+01
   269    0.1009054258E+01
   270    0.1010262327E+01
   271    0.1013182248E+01
   272    0.1013403180E+01
   273    0.1009102508E+01
   274    0.1006118582E+01
   275    0.1005017074E+01
   276    0.1005261401E+01
   277    0.1005898125E+01
   278    0.1006232636E+01
   279    0.1005867748E+01
   280    0.1005265606E+01
   281    0.1004606224E+01
   282    0.1004193998E+01
   283    0.1004373934E+01
   284    0.1004091600E+01
   285    0.1003717110E+01
   286    0.1003383403E+01
   287    0.1003266182E+01
   288    0.1002778994E+01
   289    0.1002848905E+01
   290    0.1002734670E+01
   291    0.1002317575E+01
   292    0.1001987133E+01
   293    0.1001907164E+01
   294    0.1001746118E+01
   295    0.1001540301E+01
   296    0.1001453659E+01
   297    0.1001279464E+01
   298    0.1001127444E+01
   299    0.1001032894E+01
   300    0.1001033237E+01
   301    0.1000974204E+01
   302    0.1000830368E+01
   303    0.1000642054E+01
   304    0.1000626208E+01
   305    0.1000584182E+01
   306    0.1000518478E+01
   307    0.1000487667E+01
   308    0.1000390288E+01
   309    0.1000330072E+01
   310    0.1000343004E+01
   311    0.1000317067E+01
   312    0.1000264163E+01
   313    0.1000229573E+01
   314    0.1000200735E+01
   315    0.1000204272E+01
   316    0.1000178277E+01
   317    0.1000136046E+01
   318    0.1000124673E+01
   319    0.1000111852E+01
   320    0.1000089041E+01
   321    0.1000081535E+01
   322    0.1000083975E+01
   323    0.1000063770E+01
   324    0.1000054177E+01
   325    0.1000052656E+01
   326    0.1000044429E+01
   327    0.1000037679E+01
   328    0.1000031978E+01
   329    0.1000027820E+01
   330    0.1000024448E+01
   331    0.1000021495E+01
   332    0.1000019550E+01
   333    0.1000016550E+01
   334    0.1000014728E+01
   335    0.1000011568E+01
   336    0.1000008727E+01
   337    0.1000008411E+01
   338    0.1000007595E+01
   339    0.1000005819E+01
   340    0.1000005749E+01
   341    0.1000005360E+01
   342    0.1000004320E+01
   343    0.1000003260E+01
   344    0.1000002653E+01
   345    0.1000002489E+01
   346    0.1000002090E+01
   347    0.1000001840E+01
   348    0.1000001552E+01
   349    0.1000001310E+01
   350    0.1000000994E+01
   351    0.1000000830E+01
   352    0.1000000751E+01
   353    0.1000000641E+01
   354    0.1000000552E+01
   355    0.1000000427E+01
   356    0.1000000370E+01
   357    0.1000000340E+01
   358    0.1000000285E+01
   359    0.1000000222E+01
   360    0.1000000180E+01
   361    0.1000000140E+01
   362    0.1000000116E+01
   363    0.1000000104E+01
   364    0.1000000093E+01
   365    0.1000000075E+01
   366    0.1000000057E+01
   367    0.1000000043E+01
   368    0.1000000038E+01
   369    0.1000000034E+01
   370    0.1000000030E+01
   371    0.1000000023E+01
   372    0.1000000017E+01
   373    0.1000000014E+01
   374    0.1000000012E+01
   375    0.1000000009E+01
   376    0.1000000008E+01
   377    0.1000000007E+01
   378    0.1000000005E+01
   379    0.1000000004E+01
   380    0.1000000004E+01
   381    0.1000000003E+01
   382    0.1000000002E+01
   383    0.1000000002E+01
   384    0.1000000002E+01
   385    0.1000000001E+01
   386    0.1000000001E+01
   387    0.1000000001E+01
   388    0.1000000001E+01
   389    0.1000000001E+01
   390    0.1000000000E+01
   391    0.1000000000E+01
   392    0.1000000000E+01
   393    0.1000000000E+01
   394    0.1000000000E+01
   395    0.1000000000E+01
   396    0.1000000000E+01
   397    0.1000000000E+01
   398    0.1000000000E+01
   399    0.1000000000E+01
   400    0.1000000000E+01
   401    0.1000000000E+01
   402    0.1000000000E+01
   403    0.1000000000E+01
   404    0.1000000000E+01
   405    0.1000000000E+01
   406    0.1000000000E+01
   407    0.1000000000E+01
   408    0.1000000000E+01
   409    0.1000000000E+01
   410    0.1000000000E+01
   411    0.1000000000E+01
   412    0.1000000000E+01
   413    0.1000000000E+01
   414    0.1000000000E+01
   415    0.1000000000E+01
   416    0.1000000000E+01
   417    0.1000000000E+01
   418    0.1000000000E+01
   419    0.1000000000E+01
   420    0.1000000000E+01
   421    0.1000000000E+01
   422    0.1000000000E+01
   423    0.1000000000E+01
   424    0.1000000000E+01
   425    0.1000000000E+01
   426    0.1000000000E+01
   427    0.1000000000E+01
   428    0.1000000000E+01
   429    0.1000000000E+01
   430    0.1000000000E+01
   431    0.1000000000E+01
   432    0.1000000000E+01
   433    0.1000000000E+01
   434    0.1000000000E+01
   435    0.1000000000E+01
   436    0.1000000000E+01
   437    0.1000000000E+01
   438    0.1000000000E+01
   439    0.1000000000E+01
   440    0.1000000000E+01
   441    0.1000000000E+01
   442    0.1000000000E+01
   443    0.1000000000E+01
   444    0.1000000000E+01
   445    0.1000000000E+01
   446    0.1000000000E+01
   447    0.1000000000E+01
   448    0.1000000000E+01
   449    0.1000000000E+01
   450    0.1000000000E+01
   451    0.1000000000E+01
   452    0.1000000000E+01
   453    0.1000000000E+01
   454    0.1000000000E+01
   455    0.1000000000E+01
   456    0.1000000000E+01
   457    0.1000000000E+01
   458    0.1000000000E+01
   459    0.1000000000E+01
   460    0.1000000000E+01
   461    0.1000000000E+01
   462    0.1000000000E+01
   463    0.1000000000E+01
   464    0.1000000000E+01
   465    0.1000000000E+01
   466    0.1000000000E+01
   467    0.1000000000E+01
   468    0.1000000000E+01
   469    0.1000000000E+01
   470    0.1000000000E+01
   471    0.1000000000E+01
   472    0.1000000000E+01
   473    0.1000000000E+01
   474    0.1000000000E+01
   475    0.1000000000E+01
   476    0.1000000000E+01
   477    0.1000000000E+01
   478    0.1000000000E+01
   479    0.1000000000E+01
   480    0.1000000000E+01
   481    0.1000000000E+01
   482    0.1000000000E+01
   483    0.1000000000E+01
   484    0.1000000000E+01
   485    0.1000000000E+01
   486    0.1000000000E+01
   487    0.1000000000E+01
   488    0.1000000000E+01
   489    0.1000000000E+01
   490    0.1000000000E+01
   491    0.1000000000E+01
   492    0.1000000000E+01
   493    0.1000000000E+01
   494    0.1000000000E+01
   495    0.1000000000E+01
   496    0.1000000000E+01
   497    0.1000000000E+01
   498    0.1000000000E+01
   499    0.1000000000E+01
   500    0.8359375000E+00
   501    0.1640625000E+00
   502    0.0000000000E+00
