    -1    0.0000000000E+00
     0    0.2231432529E+00
     1    0.1082741951E+01
     2    0.6845162716E+00
     3    0.9952197961E+00
     4    0.7233428584E+00
     5    0.8406526338E+00
     6    0.1337444312E+01
     7    0.1239415281E+01
     8    0.8507995676E+00
     9    0.7405982727E+00
    10    0.1850437870E+01
    11    0.1718481811E+01
    12    0.1711437481E+01
    13    0.7605829777E+00
    14    0.7816725100E+00
    15    0.1084456482E+01
    16    0.9978603461E+00
    17    0.3933145591E+00
    18    0.9442123865E+00
    19    0.8890405305E+00
    20    0.2781017808E+00
    21    0.1710277890E+00
    22    0.5448450152E+00
    23    0.7538338473E+00
    24    0.5936547836E+00
    25    0.6458885843E+00
    26    0.1449067002E+01
    27    0.9323194539E+00
    28    0.7649537783E+00
    29    0.7324235085E+00
    30    0.4171020020E+00
    31    0.4635551702E+00
    32    0.9717827655E+00
    33    0.8924797049E+00
    34    0.7436703165E+00
    35    0.6709324271E+00
    36    0.5900934537E+00
    37    0.6422557580E+00
    38    0.5014920887E+00
    39    0.2201652555E+00
    40    0.1621322017E+00
    41    0.6344856375E+00
    42    0.5325526998E+00
    43    0.4474809998E+00
    44    0.8430336827E+00
    45    0.4878211121E+00
    46    0.4289278766E+00
    47    0.5103855325E+00
    48    0.5044856553E+00
    49    0.4397025646E+00
    50    0.6967943327E+00
    51    0.1091508568E+01
    52    0.5244672705E+00
    53    0.4832245817E+00
    54    0.5409103591E+00
    55    0.7192072261E+00
    56    0.8478103186E+00
    57    0.4275162949E+00
    58    0.1059588121E+01
    59    0.1230775911E+01
    60    0.1446857924E+01
    61    0.1682164225E+01
    62    0.1633040906E+01
    63    0.2116030506E+01
    64    0.2265691613E+01
    65    0.2204779117E+01
    66    0.1627910640E+01
    67    0.7943234805E+00
    68    0.6455000868E+00
    69    0.6651916713E+00
    70    0.8840479210E+00
    71    0.1067317434E+01
    72    0.9518025375E+00
    73    0.9235232674E+00
    74    0.9263187758E+00
    75    0.7082272162E+00
    76    0.6872815190E+00
    77    0.6574787887E+00
    78    0.5076026276E+00
    79    0.4755993403E+00
    80    0.3140074460E+00
    81    0.2861901571E+00
    82    0.2640259522E+00
    83    0.4865422406E+00
    84    0.3070926590E+00
    85    0.2163596287E+00
    86    0.4608367721E+00
    87    0.2557007257E+00
    88    0.2322937741E+00
    89    0.4532933627E+00
    90    0.3858196235E+00
    91    0.3517435021E+00
    92    0.2334648577E+00
    93    0.1270330497E+00
    94    0.3008125343E+00
    95    0.2628040296E+00
    96    0.1436986741E+00
    97    0.2289002444E+00
    98    0.4321770460E+00
    99    0.4364436707E+00
   100    0.3466244458E+00
   101    0.2030901894E+00
   102    0.2679106318E+00
   103    0.3261541420E+00
   104    0.3103498481E+00
   105    0.4232354009E+00
   106    0.5467113286E+00
   107    0.5353914815E+00
   108    0.4787111518E+00
   109    0.2078110333E+00
   110    0.3859774213E+00
   111    0.4155170485E+00
   112    0.4922666384E+00
   113    0.8665092021E+00
   114    0.8897864128E+00
   115    0.8374443539E+00
   116    0.7921483335E+00
   117    0.7607941505E+00
   118    0.8773630565E+00
   119    0.1399387551E+01
   120    0.2149539133E+01
   121    0.3149208520E+01
   122    0.2820712432E+01
   123    0.2623200958E+01
   124    0.2225344112E+01
   125    0.1671691675E+01
   126    0.1511231571E+01
   127    0.1039492628E+01
   128    0.1006789355E+01
   129    0.7569427323E+00
   130    0.8557361906E+00
   131    0.5965412749E+00
   132    0.5813379453E+00
   133    0.4794949205E+00
   134    0.6831912076E+00
   135    0.4468364636E+00
   136    0.3878959406E+00
   137    0.4426702056E+00
   138    0.3789945174E+00
   139    0.5467703677E+00
   140    0.3336500172E+00
   141    0.3483323087E+00
   142    0.2941157787E+00
   143    0.4349816428E+00
   144    0.4220669529E+00
   145    0.2995375557E+00
   146    0.3497053363E+00
   147    0.1964307694E+00
   148    0.4876682304E+00
   149    0.3828944197E+00
   150    0.2993639485E+00
   151    0.3000732807E+00
   152    0.2722179233E+00
   153    0.3951390378E+00
   154    0.5072444543E+00
   155    0.2666920685E+00
   156    0.2967888896E+00
   157    0.3549360564E+00
   158    0.3581034572E+00
   159    0.6368171426E+00
   160    0.2982703658E+00
   161    0.3392014489E+00
   162    0.4393230867E+00
   163    0.4850866452E+00
   164    0.7331327039E+00
   165    0.4043347040E+00
   166    0.6182598387E+00
   167    0.1018467777E+01
   168    0.1265481414E+01
   169    0.1289779126E+01
   170    0.1594797030E+01
   171    0.1465191164E+01
   172    0.1577153082E+01
   173    0.1654888210E+01
   174    0.1577072534E+01
   175    0.1574681858E+01
   176    0.1762759557E+01
   177    0.1780264942E+01
   178    0.1482690931E+01
   179    0.1456764234E+01
   180    0.1439205663E+01
   181    0.1372440034E+01
   182    0.1196750329E+01
   183    0.1145006217E+01
   184    0.1011143736E+01
   185    0.9576633522E+00
   186    0.9627093354E+00
   187    0.9211659668E+00
   188    0.8995004644E+00
   189    0.9028493096E+00
   190    0.8667796089E+00
   191    0.8373842118E+00
   192    0.8093542341E+00
   193    0.7615218731E+00
   194    0.7526475212E+00
   195    0.7282885434E+00
   196    0.6752561966E+00
   197    0.7273838696E+00
   198    0.7625684439E+00
   199    0.8059849119E+00
   200    0.7616183652E+00
   201    0.7021249985E+00
   202    0.7419653996E+00
   203    0.7496025598E+00
   204    0.6767671184E+00
   205    0.7025923973E+00
   206    0.8929782450E+00
   207    0.9875395280E+00
   208    0.9501034243E+00
   209    0.9057600137E+00
   210    0.8437612275E+00
   211    0.7976995196E+00
   212    0.9057630710E+00
   213    0.1467994189E+01
   214    0.1123505466E+01
   215    0.8092934906E+00
   216    0.8010699284E+00
   217    0.9268088516E+00
   218    0.1200173210E+01
   219    0.1087340581E+01
   220    0.8959393608E+00
   221    0.9103385500E+00
   222    0.9969202445E+00
   223    0.1054272323E+01
   224    0.1062103667E+01
   225    0.9721683864E+00
   226    0.9387804275E+00
   227    0.9722024099E+00
   228    0.1032947034E+01
   229    0.1062986066E+01
   230    0.1021143143E+01
   231    0.9941116169E+00
   232    0.1000782670E+01
   233    0.9963066164E+00
   234    0.1004428103E+01
   235    0.1032437680E+01
   236    0.1009351382E+01
   237    0.9993069995E+00
   238    0.1039533350E+01
   239    0.1039018389E+01
   240    0.1023336921E+01
   241    0.1022175314E+01
   242    0.1018237178E+01
   243    0.1001720203E+01
   244    0.9983712303E+00
   245    0.1008212652E+01
   246    0.1015799408E+01
   247    0.1022246668E+01
   248    0.1023003987E+01
   249    0.1016735729E+01
   250    0.1016112188E+01
   251    0.1022094727E+01
   252    0.1016487540E+01
   253    0.1024263793E+01
   254    0.1035301063E+01
   255    0.1029448952E+01
   256    0.1021972426E+01
   257    0.1019640760E+01
   258    0.1012693685E+01
   259    0.1007535256E+01
   260    0.1007926848E+01
   261    0.1012852441E+01
   262    0.1014567617E+01
   263    0.1014902761E+01
   264    0.1013982485E+01
   265    0.1011654935E+01
   266    0.1009676220E+01
   267    0.1010428787E+01
   268    0.1010063193E+01
   269    0.1007739716E+01
   270    0.1007974062E+01
   271    0.1009262072E+01
   272    0.1010372520E+01
   273    0.1013664453E+01
   274    0.1012757386E+01
   275    0.1008254168E+01
   276    0.1005903557E+01
   277    0.1005071522E+01
   278    0.1005516415E+01
   279    0.1006114401E+01
   280    0.1006192756E+01
   281    0.1005831357E+01
   282    0.1005100186E+01
   283    0.1004507385E+01
   284    0.1004242660E+01
   285    0.1004411982E+01
   286    0.1004003233E+01
   287    0.1003637526E+01
   288    0.1003434577E+01
   289    0.1003139133E+01
   290    0.1002769897E+01
   291    0.1002881900E+01
   292    0.1002667885E+01
   293    0.1002237755E+01
   294    0.1001984339E+01
   295    0.1001882655E+01
   296    0.1001721176E+01
   297    0.1001523385E+01
   298    0.1001429586E+01
   299    0.1001259596E+01
   300    0.1001107796E+01
   301    0.1001029446E+01
   302    0.1001034288E+01
   303    0.1000950813E+01
   304    0.1000798852E+01
   305    0.1000633249E+01
   306    0.1000627360E+01
   307    0.1000566740E+01
   308    0.1000520841E+01
   309    0.1000473501E+01
   310    0.1000374632E+01
   311    0.1000333369E+01
   312    0.1000342639E+01
   313    0.1000306432E+01
   314    0.1000259285E+01
   315    0.1000224137E+01
   316    0.1000199031E+01
   317    0.1000203327E+01
   318    0.1000170455E+01
   319    0.1000132417E+01
   320    0.1000123769E+01
   321    0.1000108615E+01
   322    0.1000086349E+01
   323    0.1000082453E+01
   324    0.1000082052E+01
   325    0.1000060667E+01
   326    0.1000054234E+01
   327    0.1000051643E+01
   328    0.1000043147E+01
   329    0.1000036701E+01
   330    0.1000031277E+01
   331    0.1000027292E+01
   332    0.1000023885E+01
   333    0.1000021294E+01
   334    0.1000018932E+01
   335    0.1000016281E+01
   336    0.1000014279E+01
   337    0.1000011021E+01
   338    0.1000008607E+01
   339    0.1000008396E+01
   340    0.1000007316E+01
   341    0.1000005692E+01
   342    0.1000005784E+01
   343    0.1000005165E+01
   344    0.1000004145E+01
   345    0.1000003125E+01
   346    0.1000002634E+01
   347    0.1000002427E+01
   348    0.1000002047E+01
   349    0.1000001795E+01
   350    0.1000001505E+01
   351    0.1000001266E+01
   352    0.1000000959E+01
   353    0.1000000816E+01
   354    0.1000000735E+01
   355    0.1000000629E+01
   356    0.1000000530E+01
   357    0.1000000414E+01
   358    0.1000000366E+01
   359    0.1000000332E+01
   360    0.1000000274E+01
   361    0.1000000214E+01
   362    0.1000000174E+01
   363    0.1000000135E+01
   364    0.1000000114E+01
   365    0.1000000102E+01
   366    0.1000000090E+01
   367    0.1000000072E+01
   368    0.1000000054E+01
   369    0.1000000042E+01
   370    0.1000000037E+01
   371    0.1000000033E+01
   372    0.1000000029E+01
   373    0.1000000022E+01
   374    0.1000000017E+01
   375    0.1000000014E+01
   376    0.1000000012E+01
   377    0.1000000009E+01
   378    0.1000000008E+01
   379    0.1000000007E+01
   380    0.1000000005E+01
   381    0.1000000004E+01
   382    0.1000000004E+01
   383    0.1000000003E+01
   384    0.1000000002E+01
   385    0.1000000002E+01
   386    0.1000000002E+01
   387    0.1000000001E+01
   388    0.1000000001E+01
   389    0.1000000001E+01
   390    0.1000000001E+01
   391    0.1000000001E+01
   392    0.1000000000E+01
   393    0.1000000000E+01
   394    0.1000000000E+01
   395    0.1000000000E+01
   396    0.1000000000E+01
   397    0.1000000000E+01
   398    0.1000000000E+01
   399    0.1000000000E+01
   400    0.1000000000E+01
   401    0.1000000000E+01
   402    0.1000000000E+01
   403    0.1000000000E+01
   404    0.1000000000E+01
   405    0.1000000000E+01
   406    0.1000000000E+01
   407    0.1000000000E+01
   408    0.1000000000E+01
   409    0.1000000000E+01
   410    0.1000000000E+01
   411    0.1000000000E+01
   412    0.1000000000E+01
   413    0.1000000000E+01
   414    0.1000000000E+01
   415    0.1000000000E+01
   416    0.1000000000E+01
   417    0.1000000000E+01
   418    0.1000000000E+01
   419    0.1000000000E+01
   420    0.1000000000E+01
   421    0.1000000000E+01
   422    0.1000000000E+01
   423    0.1000000000E+01
   424    0.1000000000E+01
   425    0.1000000000E+01
   426    0.1000000000E+01
   427    0.1000000000E+01
   428    0.1000000000E+01
   429    0.1000000000E+01
   430    0.1000000000E+01
   431    0.1000000000E+01
   432    0.1000000000E+01
   433    0.1000000000E+01
   434    0.1000000000E+01
   435    0.1000000000E+01
   436    0.1000000000E+01
   437    0.1000000000E+01
   438    0.1000000000E+01
   439    0.1000000000E+01
   440    0.1000000000E+01
   441    0.1000000000E+01
   442    0.1000000000E+01
   443    0.1000000000E+01
   444    0.1000000000E+01
   445    0.1000000000E+01
   446    0.1000000000E+01
   447    0.1000000000E+01
   448    0.1000000000E+01
   449    0.1000000000E+01
   450    0.1000000000E+01
   451    0.1000000000E+01
   452    0.1000000000E+01
   453    0.1000000000E+01
   454    0.1000000000E+01
   455    0.1000000000E+01
   456    0.1000000000E+01
   457    0.1000000000E+01
   458    0.1000000000E+01
   459    0.1000000000E+01
   460    0.1000000000E+01
   461    0.1000000000E+01
   462    0.1000000000E+01
   463    0.1000000000E+01
   464    0.1000000000E+01
   465    0.1000000000E+01
   466    0.1000000000E+01
   467    0.1000000000E+01
   468    0.1000000000E+01
   469    0.1000000000E+01
   470    0.1000000000E+01
   471    0.1000000000E+01
   472    0.1000000000E+01
   473    0.1000000000E+01
   474    0.1000000000E+01
   475    0.1000000000E+01
   476    0.1000000000E+01
   477    0.1000000000E+01
   478    0.1000000000E+01
   479    0.1000000000E+01
   480    0.1000000000E+01
   481    0.1000000000E+01
   482    0.1000000000E+01
   483    0.1000000000E+01
   484    0.1000000000E+01
   485    0.1000000000E+01
   486    0.1000000000E+01
   487    0.1000000000E+01
   488    0.1000000000E+01
   489    0.1000000000E+01
   490    0.1000000000E+01
   491    0.1000000000E+01
   492    0.1000000000E+01
   493    0.1000000000E+01
   494    0.1000000000E+01
   495    0.1000000000E+01
   496    0.1000000000E+01
   497    0.1000000000E+01
   498    0.1000000000E+01
   499    0.1000000000E+01
   500    0.8359375000E+00
   501    0.1640625000E+00
   502    0.0000000000E+00
