    -1    0.5143389036E-01
     0    0.4915994767E+00
     1    0.3011433539E+00
     2    0.5342385366E+00
     3    0.5193885467E+00
     4    0.3854894362E+00
     5    0.6320286751E+00
     6    0.6166142627E+00
     7    0.4327737280E+00
     8    0.3821305403E+00
     9    0.6142751567E+00
    10    0.8432439928E+00
    11    0.7381396644E+00
    12    0.6961281208E+00
    13    0.9317797031E+00
    14    0.6919181153E+00
    15    0.5656334763E+00
    16    0.9234281370E+00
    17    0.6320718986E+00
    18    0.6127478325E+00
    19    0.2230898839E+00
    20    0.6738837860E+00
    21    0.1222732996E+01
    22    0.1303469126E+01
    23    0.1555310897E+01
    24    0.1693756473E+01
    25    0.2394747251E+01
    26    0.2001006834E+01
    27    0.1609727827E+01
    28    0.1264860619E+01
    29    0.1708459788E+01
    30    0.1375953158E+01
    31    0.9056419589E+00
    32    0.5959072346E+00
    33    0.7590138433E+00
    34    0.7741247193E+00
    35    0.7155693063E+00
    36    0.6390966284E+00
    37    0.4465856543E+00
    38    0.6793099232E+00
    39    0.5117820563E+00
    40    0.6079285562E+00
    41    0.5544931687E+00
    42    0.4087918489E+00
    43    0.4689877298E+00
    44    0.3177643740E+00
    45    0.2844771891E+00
    46    0.4415104965E+00
    47    0.3513198930E+00
    48    0.3217328690E+00
    49    0.5967796470E+00
    50    0.4641030892E+00
    51    0.3343573001E+00
    52    0.2724291097E+00
    53    0.7314292739E+00
    54    0.3901222353E+00
    55    0.1159233681E+00
    56    0.1160646425E+00
    57    0.3500865007E+00
    58    0.7155140369E+00
    59    0.5392812591E+00
    60    0.2713738327E+00
    61    0.7724791092E+00
    62    0.8654236775E+00
    63    0.5556637334E+00
    64    0.5151502222E+00
    65    0.9936241136E+00
    66    0.3145244847E+00
    67    0.5268624645E+00
    68    0.6332705867E+00
    69    0.8707576151E+00
    70    0.6288084638E+00
    71    0.8012333494E+00
    72    0.1012373149E+01
    73    0.1464926880E+01
    74    0.2159662540E+01
    75    0.2413474791E+01
    76    0.2338716886E+01
    77    0.2513424917E+01
    78    0.2181532676E+01
    79    0.1990293493E+01
    80    0.1268106725E+01
    81    0.9297411077E+00
    82    0.9729158103E+00
    83    0.9943873676E+00
    84    0.7021870828E+00
    85    0.8262221619E+00
    86    0.5294096543E+00
    87    0.4931937319E+00
    88    0.4797124419E+00
    89    0.5633871231E+00
    90    0.7324024547E+00
    91    0.4279764320E+00
    92    0.2735315620E+00
    93    0.3677978960E+00
    94    0.4187299004E+00
    95    0.4172035244E+00
    96    0.4297622383E+00
    97    0.5265010847E+00
    98    0.4284460684E+00
    99    0.3669192343E+00
   100    0.2622078200E+00
   101    0.3421630695E+00
   102    0.5426649646E+00
   103    0.4207609734E+00
   104    0.3870168958E+00
   105    0.3814570913E+00
   106    0.3252235407E+00
   107    0.4189056591E+00
   108    0.7619984982E+00
   109    0.4465659460E+00
   110    0.2333681916E+00
   111    0.3920008249E+00
   112    0.4214320438E+00
   113    0.7101037145E+00
   114    0.4164982288E+00
   115    0.2292509441E+00
   116    0.5232996953E+00
   117    0.8701378357E+00
   118    0.4692672600E+00
   119    0.6508750314E+00
   120    0.6046036455E+00
   121    0.8938792612E+00
   122    0.5855783032E+00
   123    0.6418822280E+00
   124    0.1034234145E+01
   125    0.1519217888E+01
   126    0.1897960965E+01
   127    0.1748339866E+01
   128    0.2424911071E+01
   129    0.2512309685E+01
   130    0.2368024243E+01
   131    0.2031068929E+01
   132    0.1542801081E+01
   133    0.1669432529E+01
   134    0.1052104418E+01
   135    0.1072888425E+01
   136    0.1049748734E+01
   137    0.7429392655E+00
   138    0.7784289792E+00
   139    0.7818444579E+00
   140    0.5637402248E+00
   141    0.5425101396E+00
   142    0.6163326937E+00
   143    0.6236626178E+00
   144    0.4871684990E+00
   145    0.3944547422E+00
   146    0.4548050386E+00
   147    0.4508876207E+00
   148    0.6125761412E+00
   149    0.3570272884E+00
   150    0.3628534614E+00
   151    0.4114073287E+00
   152    0.4005742679E+00
   153    0.4869019807E+00
   154    0.4137044618E+00
   155    0.3560922739E+00
   156    0.4019756441E+00
   157    0.3995178198E+00
   158    0.4464647918E+00
   159    0.3914153391E+00
   160    0.4525190456E+00
   161    0.4255436108E+00
   162    0.4340546747E+00
   163    0.4909406519E+00
   164    0.4291575911E+00
   165    0.5284739270E+00
   166    0.5432583540E+00
   167    0.5248689639E+00
   168    0.6582845759E+00
   169    0.7206397148E+00
   170    0.9310027196E+00
   171    0.1129100922E+01
   172    0.1196111993E+01
   173    0.1234008542E+01
   174    0.1311164963E+01
   175    0.1340326455E+01
   176    0.1437879780E+01
   177    0.1424680044E+01
   178    0.1475635804E+01
   179    0.1718014646E+01
   180    0.1672143588E+01
   181    0.1497039127E+01
   182    0.1489480098E+01
   183    0.1593186815E+01
   184    0.1548658350E+01
   185    0.1290546651E+01
   186    0.1082311361E+01
   187    0.1064773595E+01
   188    0.1045989339E+01
   189    0.1005463989E+01
   190    0.1006024949E+01
   191    0.9636618972E+00
   192    0.9111146187E+00
   193    0.8729404587E+00
   194    0.8481049079E+00
   195    0.8109736697E+00
   196    0.7469339319E+00
   197    0.7209110126E+00
   198    0.7368455885E+00
   199    0.7519661832E+00
   200    0.7107093168E+00
   201    0.7801804533E+00
   202    0.7816527357E+00
   203    0.7339232369E+00
   204    0.7137376117E+00
   205    0.6912135696E+00
   206    0.7225251061E+00
   207    0.7759876847E+00
   208    0.8598122433E+00
   209    0.7752402511E+00
   210    0.9162909617E+00
   211    0.9184467358E+00
   212    0.8398765271E+00
   213    0.7599875798E+00
   214    0.9265737795E+00
   215    0.1367826385E+01
   216    0.1062140495E+01
   217    0.8236286308E+00
   218    0.8338779361E+00
   219    0.9762952983E+00
   220    0.1169739592E+01
   221    0.1042121094E+01
   222    0.8872838981E+00
   223    0.9230819681E+00
   224    0.1005618635E+01
   225    0.1042154635E+01
   226    0.1044187620E+01
   227    0.9746017916E+00
   228    0.9390892993E+00
   229    0.9777862467E+00
   230    0.1032112183E+01
   231    0.1049707369E+01
   232    0.1014499661E+01
   233    0.1001114765E+01
   234    0.9991623412E+00
   235    0.9985568656E+00
   236    0.1005409082E+01
   237    0.1026330642E+01
   238    0.1008410133E+01
   239    0.1001974087E+01
   240    0.1033284171E+01
   241    0.1031918538E+01
   242    0.1022128871E+01
   243    0.1026167797E+01
   244    0.1019717623E+01
   245    0.1004855073E+01
   246    0.1000093526E+01
   247    0.1007073638E+01
   248    0.1014945380E+01
   249    0.1020914805E+01
   250    0.1021352924E+01
   251    0.1017042851E+01
   252    0.1016692688E+01
   253    0.1019840248E+01
   254    0.1017608080E+01
   255    0.1019991669E+01
   256    0.1031191891E+01
   257    0.1030875226E+01
   258    0.1024329218E+01
   259    0.1021192242E+01
   260    0.1015167385E+01
   261    0.1009044756E+01
   262    0.1008418049E+01
   263    0.1012060327E+01
   264    0.1014791117E+01
   265    0.1014809247E+01
   266    0.1014341837E+01
   267    0.1012433136E+01
   268    0.1010436813E+01
   269    0.1010463117E+01
   270    0.1010653005E+01
   271    0.1008677207E+01
   272    0.1007689105E+01
   273    0.1008980150E+01
   274    0.1009398967E+01
   275    0.1012370754E+01
   276    0.1013815215E+01
   277    0.1009623998E+01
   278    0.1006589428E+01
   279    0.1005399674E+01
   280    0.1005454640E+01
   281    0.1006109634E+01
   282    0.1006340284E+01
   283    0.1005990110E+01
   284    0.1005452031E+01
   285    0.1004610558E+01
   286    0.1004361064E+01
   287    0.1004453247E+01
   288    0.1004172491E+01
   289    0.1003774822E+01
   290    0.1003500359E+01
   291    0.1003352547E+01
   292    0.1002787796E+01
   293    0.1002900306E+01
   294    0.1002765628E+01
   295    0.1002429572E+01
   296    0.1002042942E+01
   297    0.1001936355E+01
   298    0.1001801533E+01
   299    0.1001594751E+01
   300    0.1001477608E+01
   301    0.1001331010E+01
   302    0.1001170132E+01
   303    0.1001052077E+01
   304    0.1001034502E+01
   305    0.1000993620E+01
   306    0.1000864023E+01
   307    0.1000691599E+01
   308    0.1000622566E+01
   309    0.1000603076E+01
   310    0.1000532884E+01
   311    0.1000498393E+01
   312    0.1000416264E+01
   313    0.1000343287E+01
   314    0.1000338799E+01
   315    0.1000326762E+01
   316    0.1000276209E+01
   317    0.1000237831E+01
   318    0.1000205524E+01
   319    0.1000202266E+01
   320    0.1000186987E+01
   321    0.1000144034E+01
   322    0.1000126617E+01
   323    0.1000116539E+01
   324    0.1000094820E+01
   325    0.1000081456E+01
   326    0.1000084802E+01
   327    0.1000069521E+01
   328    0.1000054613E+01
   329    0.1000053901E+01
   330    0.1000046376E+01
   331    0.1000038999E+01
   332    0.1000033505E+01
   333    0.1000028797E+01
   334    0.1000025266E+01
   335    0.1000022047E+01
   336    0.1000020229E+01
   337    0.1000016951E+01
   338    0.1000015227E+01
   339    0.1000012411E+01
   340    0.1000009344E+01
   341    0.1000008470E+01
   342    0.1000007926E+01
   343    0.1000006244E+01
   344    0.1000005653E+01
   345    0.1000005521E+01
   346    0.1000004522E+01
   347    0.1000003518E+01
   348    0.1000002758E+01
   349    0.1000002553E+01
   350    0.1000002179E+01
   351    0.1000001897E+01
   352    0.1000001611E+01
   353    0.1000001370E+01
   354    0.1000001073E+01
   355    0.1000000863E+01
   356    0.1000000775E+01
   357    0.1000000665E+01
   358    0.1000000579E+01
   359    0.1000000453E+01
   360    0.1000000381E+01
   361    0.1000000346E+01
   362    0.1000000299E+01
   363    0.1000000235E+01
   364    0.1000000189E+01
   365    0.1000000151E+01
   366    0.1000000121E+01
   367    0.1000000107E+01
   368    0.1000000095E+01
   369    0.1000000079E+01
   370    0.1000000061E+01
   371    0.1000000046E+01
   372    0.1000000039E+01
   373    0.1000000035E+01
   374    0.1000000031E+01
   375    0.1000000025E+01
   376    0.1000000019E+01
   377    0.1000000015E+01
   378    0.1000000013E+01
   379    0.1000000010E+01
   380    0.1000000009E+01
   381    0.1000000007E+01
   382    0.1000000006E+01
   383    0.1000000004E+01
   384    0.1000000004E+01
   385    0.1000000003E+01
   386    0.1000000002E+01
   387    0.1000000002E+01
   388    0.1000000002E+01
   389    0.1000000001E+01
   390    0.1000000001E+01
   391    0.1000000001E+01
   392    0.1000000001E+01
   393    0.1000000001E+01
   394    0.1000000000E+01
   395    0.1000000000E+01
   396    0.1000000000E+01
   397    0.1000000000E+01
   398    0.1000000000E+01
   399    0.1000000000E+01
   400    0.1000000000E+01
   401    0.1000000000E+01
   402    0.1000000000E+01
   403    0.1000000000E+01
   404    0.1000000000E+01
   405    0.1000000000E+01
   406    0.1000000000E+01
   407    0.1000000000E+01
   408    0.1000000000E+01
   409    0.1000000000E+01
   410    0.1000000000E+01
   411    0.1000000000E+01
   412    0.1000000000E+01
   413    0.1000000000E+01
   414    0.1000000000E+01
   415    0.1000000000E+01
   416    0.1000000000E+01
   417    0.1000000000E+01
   418    0.1000000000E+01
   419    0.1000000000E+01
   420    0.1000000000E+01
   421    0.1000000000E+01
   422    0.1000000000E+01
   423    0.1000000000E+01
   424    0.1000000000E+01
   425    0.1000000000E+01
   426    0.1000000000E+01
   427    0.1000000000E+01
   428    0.1000000000E+01
   429    0.1000000000E+01
   430    0.1000000000E+01
   431    0.1000000000E+01
   432    0.1000000000E+01
   433    0.1000000000E+01
   434    0.1000000000E+01
   435    0.1000000000E+01
   436    0.1000000000E+01
   437    0.1000000000E+01
   438    0.1000000000E+01
   439    0.1000000000E+01
   440    0.1000000000E+01
   441    0.1000000000E+01
   442    0.1000000000E+01
   443    0.1000000000E+01
   444    0.1000000000E+01
   445    0.1000000000E+01
   446    0.1000000000E+01
   447    0.1000000000E+01
   448    0.1000000000E+01
   449    0.1000000000E+01
   450    0.1000000000E+01
   451    0.1000000000E+01
   452    0.1000000000E+01
   453    0.1000000000E+01
   454    0.1000000000E+01
   455    0.1000000000E+01
   456    0.1000000000E+01
   457    0.1000000000E+01
   458    0.1000000000E+01
   459    0.1000000000E+01
   460    0.1000000000E+01
   461    0.1000000000E+01
   462    0.1000000000E+01
   463    0.1000000000E+01
   464    0.1000000000E+01
   465    0.1000000000E+01
   466    0.1000000000E+01
   467    0.1000000000E+01
   468    0.1000000000E+01
   469    0.1000000000E+01
   470    0.1000000000E+01
   471    0.1000000000E+01
   472    0.1000000000E+01
   473    0.1000000000E+01
   474    0.1000000000E+01
   475    0.1000000000E+01
   476    0.1000000000E+01
   477    0.1000000000E+01
   478    0.1000000000E+01
   479    0.1000000000E+01
   480    0.1000000000E+01
   481    0.1000000000E+01
   482    0.1000000000E+01
   483    0.1000000000E+01
   484    0.1000000000E+01
   485    0.1000000000E+01
   486    0.1000000000E+01
   487    0.1000000000E+01
   488    0.1000000000E+01
   489    0.1000000000E+01
   490    0.1000000000E+01
   491    0.1000000000E+01
   492    0.1000000000E+01
   493    0.1000000000E+01
   494    0.1000000000E+01
   495    0.1000000000E+01
   496    0.1000000000E+01
   497    0.1000000000E+01
   498    0.1000000000E+01
   499    0.1000000000E+01
   500    0.8359375000E+00
   501    0.1640625000E+00
   502    0.0000000000E+00
