    -1    0.0000000000E+00
     0    0.1675526518E+00
     1    0.7653657054E+00
     2    0.8199228472E+00
     3    0.7826166634E+00
     4    0.8175765360E+00
     5    0.8955833537E+00
     6    0.9096535308E+00
     7    0.8521653496E+00
     8    0.9991618145E+00
     9    0.1046046463E+01
    10    0.9473038016E+00
    11    0.1156080398E+01
    12    0.1125538651E+01
    13    0.1141156366E+01
    14    0.1323641285E+01
    15    0.1176267789E+01
    16    0.1389899279E+01
    17    0.1276093679E+01
    18    0.1390841723E+01
    19    0.1317575964E+01
    20    0.1334516265E+01
    21    0.1317268424E+01
    22    0.1217138232E+01
    23    0.1273381824E+01
    24    0.1137901947E+01
    25    0.1116305794E+01
    26    0.1088803318E+01
    27    0.1004447230E+01
    28    0.9921600238E+00
    29    0.9438512559E+00
    30    0.9343365836E+00
    31    0.8157247483E+00
    32    0.8732119007E+00
    33    0.8955786863E+00
    34    0.6918764790E+00
    35    0.8622359170E+00
    36    0.7289356670E+00
    37    0.8386352049E+00
    38    0.6392615888E+00
    39    0.8253127734E+00
    40    0.7092265103E+00
    41    0.7819047804E+00
    42    0.6743269248E+00
    43    0.7875446962E+00
    44    0.7514628291E+00
    45    0.7516309470E+00
    46    0.7663109250E+00
    47    0.7738129537E+00
    48    0.8370681105E+00
    49    0.7686794266E+00
    50    0.9071789979E+00
    51    0.8175285318E+00
    52    0.9061069593E+00
    53    0.9702715352E+00
    54    0.9450717911E+00
    55    0.9949514780E+00
    56    0.1107575176E+01
    57    0.1076882984E+01
    58    0.1132513520E+01
    59    0.1263256624E+01
    60    0.1182946533E+01
    61    0.1345393341E+01
    62    0.1287098086E+01
    63    0.1359033344E+01
    64    0.1347816481E+01
    65    0.1331078085E+01
    66    0.1348607371E+01
    67    0.1244894955E+01
    68    0.1300191790E+01
    69    0.1147975503E+01
    70    0.1180260352E+01
    71    0.1118752506E+01
    72    0.1008097651E+01
    73    0.1037895026E+01
    74    0.9829986013E+00
    75    0.8951858983E+00
    76    0.9079236018E+00
    77    0.8849316725E+00
    78    0.8293875686E+00
    79    0.8030595593E+00
    80    0.7926937654E+00
    81    0.8093812212E+00
    82    0.7609729392E+00
    83    0.7573330459E+00
    84    0.7107465930E+00
    85    0.7798118963E+00
    86    0.7421489286E+00
    87    0.7503015635E+00
    88    0.6882333002E+00
    89    0.7767296477E+00
    90    0.7668082747E+00
    91    0.7662020692E+00
    92    0.7319348478E+00
    93    0.8109895825E+00
    94    0.8235454703E+00
    95    0.8085589896E+00
    96    0.8395625673E+00
    97    0.9023765383E+00
    98    0.9318674543E+00
    99    0.8877658605E+00
   100    0.1014373212E+01
   101    0.1061795207E+01
   102    0.1014862751E+01
   103    0.1159435759E+01
   104    0.1174570171E+01
   105    0.1182071604E+01
   106    0.1322185882E+01
   107    0.1253405985E+01
   108    0.1369888768E+01
   109    0.1317117956E+01
   110    0.1381206887E+01
   111    0.1308909772E+01
   112    0.1330828679E+01
   113    0.1284879162E+01
   114    0.1197049062E+01
   115    0.1223588315E+01
   116    0.1108867859E+01
   117    0.1093048722E+01
   118    0.1055484453E+01
   119    0.9734778580E+00
   120    0.9576707765E+00
   121    0.9345062421E+00
   122    0.8651445600E+00
   123    0.8505318548E+00
   124    0.8392471853E+00
   125    0.8125642604E+00
   126    0.8016023756E+00
   127    0.7722509784E+00
   128    0.7449385883E+00
   129    0.7452018817E+00
   130    0.7718155666E+00
   131    0.7491352289E+00
   132    0.7226212090E+00
   133    0.7133551072E+00
   134    0.7729468353E+00
   135    0.7568424306E+00
   136    0.7458256968E+00
   137    0.7393172130E+00
   138    0.8025384965E+00
   139    0.7946999870E+00
   140    0.8083015751E+00
   141    0.8425044820E+00
   142    0.8773042721E+00
   143    0.8742933582E+00
   144    0.9131628686E+00
   145    0.1002510707E+01
   146    0.9915038921E+00
   147    0.1039833903E+01
   148    0.1139789884E+01
   149    0.1129636761E+01
   150    0.1224172976E+01
   151    0.1263317912E+01
   152    0.1282081286E+01
   153    0.1335133901E+01
   154    0.1312153676E+01
   155    0.1373454034E+01
   156    0.1341248171E+01
   157    0.1357256197E+01
   158    0.1293354891E+01
   159    0.1248686065E+01
   160    0.1185653998E+01
   161    0.1135224350E+01
   162    0.1107772517E+01
   163    0.1042768655E+01
   164    0.1005748960E+01
   165    0.9720143049E+00
   166    0.9306378611E+00
   167    0.8952472598E+00
   168    0.8687507921E+00
   169    0.8477795061E+00
   170    0.8245675303E+00
   171    0.8142165017E+00
   172    0.7963048815E+00
   173    0.7576762234E+00
   174    0.7663758976E+00
   175    0.7596701967E+00
   176    0.7755765586E+00
   177    0.7858373971E+00
   178    0.7612549923E+00
   179    0.7674159475E+00
   180    0.7726840354E+00
   181    0.7927545248E+00
   182    0.8125567641E+00
   183    0.8114313725E+00
   184    0.8596349969E+00
   185    0.9117193135E+00
   186    0.9304005862E+00
   187    0.9605494578E+00
   188    0.1008547903E+01
   189    0.1036152724E+01
   190    0.1067076696E+01
   191    0.1114469264E+01
   192    0.1137101184E+01
   193    0.1160046651E+01
   194    0.1169376220E+01
   195    0.1160984073E+01
   196    0.1195360312E+01
   197    0.1182752433E+01
   198    0.1182984276E+01
   199    0.1242893721E+01
   200    0.1214590234E+01
   201    0.1109498062E+01
   202    0.1070193887E+01
   203    0.1073714657E+01
   204    0.1078005577E+01
   205    0.1067565389E+01
   206    0.1051098125E+01
   207    0.1032852026E+01
   208    0.1008857544E+01
   209    0.9877305216E+00
   210    0.9727217870E+00
   211    0.9613505840E+00
   212    0.9428893996E+00
   213    0.9294917289E+00
   214    0.9197854680E+00
   215    0.9166740851E+00
   216    0.9168941561E+00
   217    0.9124074436E+00
   218    0.9145226454E+00
   219    0.9114506929E+00
   220    0.8828907338E+00
   221    0.9000589570E+00
   222    0.9394832873E+00
   223    0.8896220136E+00
   224    0.8774262667E+00
   225    0.8853810363E+00
   226    0.9230270872E+00
   227    0.9798434877E+00
   228    0.9296894866E+00
   229    0.8941530512E+00
   230    0.9059389842E+00
   231    0.9396952303E+00
   232    0.9839759101E+00
   233    0.9785397511E+00
   234    0.9299877971E+00
   235    0.9236210115E+00
   236    0.9586870505E+00
   237    0.9772115649E+00
   238    0.9842476612E+00
   239    0.9916205360E+00
   240    0.9752255576E+00
   241    0.9577419337E+00
   242    0.9822248957E+00
   243    0.1002494240E+01
   244    0.1000392441E+01
   245    0.1001039865E+01
   246    0.9988255368E+00
   247    0.9990245714E+00
   248    0.9999664833E+00
   249    0.1001518663E+01
   250    0.1005782146E+01
   251    0.1007082701E+01
   252    0.1002802939E+01
   253    0.1012969881E+01
   254    0.1018996395E+01
   255    0.1010560425E+01
   256    0.1016842395E+01
   257    0.1024590642E+01
   258    0.1014635720E+01
   259    0.1009464504E+01
   260    0.1007918122E+01
   261    0.1010536339E+01
   262    0.1016735769E+01
   263    0.1017314961E+01
   264    0.1016569193E+01
   265    0.1017016534E+01
   266    0.1016789805E+01
   267    0.1016850663E+01
   268    0.1016819138E+01
   269    0.1016822203E+01
   270    0.1018589578E+01
   271    0.1020069407E+01
   272    0.1022840118E+01
   273    0.1026490326E+01
   274    0.1020878796E+01
   275    0.1014530504E+01
   276    0.1012429413E+01
   277    0.1013823110E+01
   278    0.1015725507E+01
   279    0.1015086124E+01
   280    0.1014782577E+01
   281    0.1014321740E+01
   282    0.1012761826E+01
   283    0.1012078640E+01
   284    0.1012094566E+01
   285    0.1011357460E+01
   286    0.1009860435E+01
   287    0.1009551946E+01
   288    0.1009436578E+01
   289    0.1008528737E+01
   290    0.1010504287E+01
   291    0.1012587791E+01
   292    0.1010180500E+01
   293    0.1007231232E+01
   294    0.1006471449E+01
   295    0.1006191664E+01
   296    0.1006722818E+01
   297    0.1006760798E+01
   298    0.1006250775E+01
   299    0.1005574015E+01
   300    0.1004791076E+01
   301    0.1004641268E+01
   302    0.1004606710E+01
   303    0.1004395104E+01
   304    0.1003863831E+01
   305    0.1003600588E+01
   306    0.1003470359E+01
   307    0.1002998342E+01
   308    0.1002828689E+01
   309    0.1002811278E+01
   310    0.1002566537E+01
   311    0.1002134684E+01
   312    0.1001971024E+01
   313    0.1001900607E+01
   314    0.1001683896E+01
   315    0.1001503710E+01
   316    0.1001406845E+01
   317    0.1001244782E+01
   318    0.1001099941E+01
   319    0.1001050881E+01
   320    0.1000994513E+01
   321    0.1000886582E+01
   322    0.1000761569E+01
   323    0.1000646411E+01
   324    0.1000622544E+01
   325    0.1000554673E+01
   326    0.1000508071E+01
   327    0.1000449100E+01
   328    0.1000371449E+01
   329    0.1000342528E+01
   330    0.1000333293E+01
   331    0.1000287001E+01
   332    0.1000248199E+01
   333    0.1000218091E+01
   334    0.1000199114E+01
   335    0.1000188270E+01
   336    0.1000155292E+01
   337    0.1000131634E+01
   338    0.1000120724E+01
   339    0.1000102353E+01
   340    0.1000086451E+01
   341    0.1000083342E+01
   342    0.1000074034E+01
   343    0.1000058867E+01
   344    0.1000054400E+01
   345    0.1000048049E+01
   346    0.1000041083E+01
   347    0.1000035375E+01
   348    0.1000030191E+01
   349    0.1000026531E+01
   350    0.1000023072E+01
   351    0.1000020575E+01
   352    0.1000017656E+01
   353    0.1000015489E+01
   354    0.1000013157E+01
   355    0.1000010529E+01
   356    0.1000008881E+01
   357    0.1000008206E+01
   358    0.1000006867E+01
   359    0.1000005766E+01
   360    0.1000005498E+01
   361    0.1000004645E+01
   362    0.1000003793E+01
   363    0.1000003002E+01
   364    0.1000002646E+01
   365    0.1000002301E+01
   366    0.1000001951E+01
   367    0.1000001678E+01
   368    0.1000001422E+01
   369    0.1000001173E+01
   370    0.1000000935E+01
   371    0.1000000812E+01
   372    0.1000000701E+01
   373    0.1000000599E+01
   374    0.1000000491E+01
   375    0.1000000403E+01
   376    0.1000000350E+01
   377    0.1000000307E+01
   378    0.1000000252E+01
   379    0.1000000199E+01
   380    0.1000000164E+01
   381    0.1000000133E+01
   382    0.1000000112E+01
   383    0.1000000098E+01
   384    0.1000000083E+01
   385    0.1000000066E+01
   386    0.1000000052E+01
   387    0.1000000043E+01
   388    0.1000000036E+01
   389    0.1000000031E+01
   390    0.1000000026E+01
   391    0.1000000020E+01
   392    0.1000000016E+01
   393    0.1000000014E+01
   394    0.1000000011E+01
   395    0.1000000009E+01
   396    0.1000000008E+01
   397    0.1000000006E+01
   398    0.1000000005E+01
   399    0.1000000004E+01
   400    0.1000000003E+01
   401    0.1000000003E+01
   402    0.1000000002E+01
   403    0.1000000002E+01
   404    0.1000000001E+01
   405    0.1000000001E+01
   406    0.1000000001E+01
   407    0.1000000001E+01
   408    0.1000000001E+01
   409    0.1000000000E+01
   410    0.1000000000E+01
   411    0.1000000000E+01
   412    0.1000000000E+01
   413    0.1000000000E+01
   414    0.1000000000E+01
   415    0.1000000000E+01
   416    0.1000000000E+01
   417    0.1000000000E+01
   418    0.1000000000E+01
   419    0.1000000000E+01
   420    0.1000000000E+01
   421    0.1000000000E+01
   422    0.1000000000E+01
   423    0.1000000000E+01
   424    0.1000000000E+01
   425    0.1000000000E+01
   426    0.1000000000E+01
   427    0.1000000000E+01
   428    0.1000000000E+01
   429    0.1000000000E+01
   430    0.1000000000E+01
   431    0.1000000000E+01
   432    0.1000000000E+01
   433    0.1000000000E+01
   434    0.1000000000E+01
   435    0.1000000000E+01
   436    0.1000000000E+01
   437    0.1000000000E+01
   438    0.1000000000E+01
   439    0.1000000000E+01
   440    0.1000000000E+01
   441    0.1000000000E+01
   442    0.1000000000E+01
   443    0.1000000000E+01
   444    0.1000000000E+01
   445    0.1000000000E+01
   446    0.1000000000E+01
   447    0.1000000000E+01
   448    0.1000000000E+01
   449    0.1000000000E+01
   450    0.1000000000E+01
   451    0.1000000000E+01
   452    0.1000000000E+01
   453    0.1000000000E+01
   454    0.1000000000E+01
   455    0.1000000000E+01
   456    0.1000000000E+01
   457    0.1000000000E+01
   458    0.1000000000E+01
   459    0.1000000000E+01
   460    0.1000000000E+01
   461    0.1000000000E+01
   462    0.1000000000E+01
   463    0.1000000000E+01
   464    0.1000000000E+01
   465    0.1000000000E+01
   466    0.1000000000E+01
   467    0.1000000000E+01
   468    0.1000000000E+01
   469    0.1000000000E+01
   470    0.1000000000E+01
   471    0.1000000000E+01
   472    0.1000000000E+01
   473    0.1000000000E+01
   474    0.1000000000E+01
   475    0.1000000000E+01
   476    0.1000000000E+01
   477    0.1000000000E+01
   478    0.1000000000E+01
   479    0.1000000000E+01
   480    0.1000000000E+01
   481    0.1000000000E+01
   482    0.1000000000E+01
   483    0.1000000000E+01
   484    0.1000000000E+01
   485    0.1000000000E+01
   486    0.1000000000E+01
   487    0.1000000000E+01
   488    0.1000000000E+01
   489    0.1000000000E+01
   490    0.1000000000E+01
   491    0.1000000000E+01
   492    0.1000000000E+01
   493    0.1000000000E+01
   494    0.1000000000E+01
   495    0.1000000000E+01
   496    0.1000000000E+01
   497    0.1000000000E+01
   498    0.1000000000E+01
   499    0.1000000000E+01
   500    0.8359375000E+00
   501    0.1640625000E+00
   502    0.0000000000E+00
