    -1    0.0000000000E+00
     0    0.2499420022E+00
     1    0.1591436492E+01
     2    0.1633183294E+01
     3    0.1661153827E+01
     4    0.1509090880E+01
     5    0.1783715942E+01
     6    0.1649123778E+01
     7    0.1150887433E+01
     8    0.7912164118E+00
     9    0.1440202652E+01
    10    0.9111022941E+00
    11    0.8712365551E+00
    12    0.7766488311E+00
    13    0.9025114621E+00
    14    0.7800795983E+00
    15    0.8024208842E+00
    16    0.6673284589E+00
    17    0.9478699425E+00
    18    0.4442552080E+00
    19    0.3299357759E+00
    20    0.1013742268E+01
    21    0.6500412077E+00
    22    0.5229003551E+00
    23    0.6123662453E+00
    24    0.6104302750E+00
    25    0.5720047951E+00
    26    0.6095383277E+00
    27    0.6395739562E+00
    28    0.6536346316E+00
    29    0.6631874663E+00
    30    0.5919779910E+00
    31    0.6255896381E+00
    32    0.6358559540E+00
    33    0.4488042171E+00
    34    0.5781664956E+00
    35    0.8194033767E+00
    36    0.8260479684E+00
    37    0.5977609700E+00
    38    0.7955057029E+00
    39    0.6485594623E+00
    40    0.6407691157E+00
    41    0.7042104685E+00
    42    0.9772703119E+00
    43    0.1560072974E+01
    44    0.1202458809E+01
    45    0.1138072070E+01
    46    0.1473395117E+01
    47    0.1762133794E+01
    48    0.1520685950E+01
    49    0.1786960979E+01
    50    0.1910541105E+01
    51    0.1449470691E+01
    52    0.1598940258E+01
    53    0.1794170123E+01
    54    0.1285668812E+01
    55    0.9498983573E+00
    56    0.1414811377E+01
    57    0.8971502875E+00
    58    0.8317191578E+00
    59    0.9326210561E+00
    60    0.8769314276E+00
    61    0.6634941603E+00
    62    0.7561730969E+00
    63    0.8817667660E+00
    64    0.6105941696E+00
    65    0.6994444386E+00
    66    0.5273154624E+00
    67    0.7333299312E+00
    68    0.6493635404E+00
    69    0.4002859661E+00
    70    0.6182202109E+00
    71    0.7430022878E+00
    72    0.4545632744E+00
    73    0.5843163221E+00
    74    0.6571579950E+00
    75    0.4273692409E+00
    76    0.5304396016E+00
    77    0.5178100965E+00
    78    0.8205355658E+00
    79    0.6385327814E+00
    80    0.4909678494E+00
    81    0.7652775177E+00
    82    0.7030503604E+00
    83    0.6606410310E+00
    84    0.6597962084E+00
    85    0.7086839512E+00
    86    0.9767053708E+00
    87    0.7472648717E+00
    88    0.9012674257E+00
    89    0.1156998706E+01
    90    0.9908484947E+00
    91    0.1106193464E+01
    92    0.1346657870E+01
    93    0.1525106138E+01
    94    0.1507137325E+01
    95    0.1544754699E+01
    96    0.1812730364E+01
    97    0.1642933603E+01
    98    0.1550269549E+01
    99    0.1821113576E+01
   100    0.1523095516E+01
   101    0.1170563678E+01
   102    0.1416060736E+01
   103    0.1185328971E+01
   104    0.8704957755E+00
   105    0.1092851526E+01
   106    0.1121314981E+01
   107    0.7068716635E+00
   108    0.7379086056E+00
   109    0.8012345683E+00
   110    0.7514587941E+00
   111    0.6734358536E+00
   112    0.6028450742E+00
   113    0.5665176221E+00
   114    0.6210157350E+00
   115    0.9289258105E+00
   116    0.5205907814E+00
   117    0.3062735092E+00
   118    0.6397592727E+00
   119    0.7733933047E+00
   120    0.7433362598E+00
   121    0.1872586755E+00
   122    0.5805525201E+00
   123    0.6929836495E+00
   124    0.8345107074E+00
   125    0.3941728196E+00
   126    0.4261554269E+00
   127    0.7024105045E+00
   128    0.8596721329E+00
   129    0.5685594029E+00
   130    0.6336772424E+00
   131    0.6136509025E+00
   132    0.8730980908E+00
   133    0.9022181967E+00
   134    0.7784053239E+00
   135    0.7024209983E+00
   136    0.1129902439E+01
   137    0.1136988517E+01
   138    0.9912624335E+00
   139    0.1328147460E+01
   140    0.1477563974E+01
   141    0.1462418373E+01
   142    0.1660413729E+01
   143    0.1666622720E+01
   144    0.1620323595E+01
   145    0.1766559722E+01
   146    0.1548979366E+01
   147    0.1622025010E+01
   148    0.1337063954E+01
   149    0.1419285195E+01
   150    0.9723167482E+00
   151    0.1186102148E+01
   152    0.1023146730E+01
   153    0.7904072931E+00
   154    0.9104570303E+00
   155    0.8692704486E+00
   156    0.6877767223E+00
   157    0.8099228102E+00
   158    0.6257791018E+00
   159    0.7403409447E+00
   160    0.6244151221E+00
   161    0.7215488569E+00
   162    0.5205570535E+00
   163    0.6439407142E+00
   164    0.6087992734E+00
   165    0.6969681079E+00
   166    0.5027348610E+00
   167    0.5813090712E+00
   168    0.5841750273E+00
   169    0.7050348760E+00
   170    0.5893745331E+00
   171    0.5204360612E+00
   172    0.6755952797E+00
   173    0.7478401734E+00
   174    0.7086230736E+00
   175    0.5340573507E+00
   176    0.7210884010E+00
   177    0.9908520541E+00
   178    0.8366090143E+00
   179    0.8902856044E+00
   180    0.1161815699E+01
   181    0.1097425557E+01
   182    0.1091146025E+01
   183    0.1379158570E+01
   184    0.1171117180E+01
   185    0.1389758927E+01
   186    0.1202686470E+01
   187    0.1279584248E+01
   188    0.1417610339E+01
   189    0.1329978822E+01
   190    0.1246193454E+01
   191    0.1383032840E+01
   192    0.1365845092E+01
   193    0.1153311492E+01
   194    0.1077374184E+01
   195    0.1066514153E+01
   196    0.1100588800E+01
   197    0.1075703103E+01
   198    0.1054427339E+01
   199    0.1060739034E+01
   200    0.9706193220E+00
   201    0.9593023069E+00
   202    0.9681559016E+00
   203    0.8871317387E+00
   204    0.8848823135E+00
   205    0.8952936448E+00
   206    0.8743305257E+00
   207    0.8782336969E+00
   208    0.8805263153E+00
   209    0.8635098632E+00
   210    0.8506329748E+00
   211    0.8259339374E+00
   212    0.8684846199E+00
   213    0.8789738281E+00
   214    0.8380533264E+00
   215    0.8616851658E+00
   216    0.9473653490E+00
   217    0.8892516719E+00
   218    0.8881507634E+00
   219    0.8575861157E+00
   220    0.9043368225E+00
   221    0.1041579501E+01
   222    0.9736515631E+00
   223    0.8870454601E+00
   224    0.8826608513E+00
   225    0.9358141109E+00
   226    0.1023851298E+01
   227    0.1003593075E+01
   228    0.9290853327E+00
   229    0.9346724447E+00
   230    0.9770456764E+00
   231    0.1004633331E+01
   232    0.1014851340E+01
   233    0.9969334374E+00
   234    0.9521845029E+00
   235    0.9618560558E+00
   236    0.1005514457E+01
   237    0.1020881742E+01
   238    0.1016691604E+01
   239    0.1004557316E+01
   240    0.1001688875E+01
   241    0.9984380234E+00
   242    0.1005914680E+01
   243    0.1006314033E+01
   244    0.1013294297E+01
   245    0.1005987439E+01
   246    0.1010600730E+01
   247    0.1024483658E+01
   248    0.1020005430E+01
   249    0.1017761787E+01
   250    0.1026803992E+01
   251    0.1019927393E+01
   252    0.1007400703E+01
   253    0.1003516988E+01
   254    0.1010180834E+01
   255    0.1016223461E+01
   256    0.1018445947E+01
   257    0.1018236180E+01
   258    0.1016612741E+01
   259    0.1016540268E+01
   260    0.1017520921E+01
   261    0.1017907039E+01
   262    0.1017098795E+01
   263    0.1023411703E+01
   264    0.1025719907E+01
   265    0.1026740725E+01
   266    0.1024056170E+01
   267    0.1018694416E+01
   268    0.1011825848E+01
   269    0.1009952891E+01
   270    0.1013349609E+01
   271    0.1014991587E+01
   272    0.1014520568E+01
   273    0.1015077276E+01
   274    0.1013385790E+01
   275    0.1011327238E+01
   276    0.1011466729E+01
   277    0.1011629715E+01
   278    0.1009787663E+01
   279    0.1008810137E+01
   280    0.1008870601E+01
   281    0.1008670566E+01
   282    0.1009865022E+01
   283    0.1013040605E+01
   284    0.1012168239E+01
   285    0.1007896521E+01
   286    0.1006178427E+01
   287    0.1005804480E+01
   288    0.1006240639E+01
   289    0.1006483698E+01
   290    0.1006451976E+01
   291    0.1005864639E+01
   292    0.1004950803E+01
   293    0.1004584817E+01
   294    0.1004515557E+01
   295    0.1004484466E+01
   296    0.1003983878E+01
   297    0.1003716525E+01
   298    0.1003465589E+01
   299    0.1003161468E+01
   300    0.1002817027E+01
   301    0.1002864678E+01
   302    0.1002670871E+01
   303    0.1002282624E+01
   304    0.1001990145E+01
   305    0.1001906982E+01
   306    0.1001764451E+01
   307    0.1001543394E+01
   308    0.1001435937E+01
   309    0.1001290385E+01
   310    0.1001133949E+01
   311    0.1001043684E+01
   312    0.1001029858E+01
   313    0.1000939846E+01
   314    0.1000809608E+01
   315    0.1000658678E+01
   316    0.1000627303E+01
   317    0.1000579193E+01
   318    0.1000522855E+01
   319    0.1000472559E+01
   320    0.1000391369E+01
   321    0.1000340861E+01
   322    0.1000339507E+01
   323    0.1000308084E+01
   324    0.1000260852E+01
   325    0.1000226406E+01
   326    0.1000201502E+01
   327    0.1000198927E+01
   328    0.1000169944E+01
   329    0.1000135097E+01
   330    0.1000125115E+01
   331    0.1000109720E+01
   332    0.1000088747E+01
   333    0.1000083161E+01
   334    0.1000081007E+01
   335    0.1000062115E+01
   336    0.1000055019E+01
   337    0.1000051528E+01
   338    0.1000043140E+01
   339    0.1000037225E+01
   340    0.1000031855E+01
   341    0.1000027474E+01
   342    0.1000024222E+01
   343    0.1000021396E+01
   344    0.1000018869E+01
   345    0.1000016230E+01
   346    0.1000014236E+01
   347    0.1000011315E+01
   348    0.1000009011E+01
   349    0.1000008452E+01
   350    0.1000007405E+01
   351    0.1000005888E+01
   352    0.1000005701E+01
   353    0.1000005069E+01
   354    0.1000004137E+01
   355    0.1000003218E+01
   356    0.1000002690E+01
   357    0.1000002445E+01
   358    0.1000002062E+01
   359    0.1000001788E+01
   360    0.1000001508E+01
   361    0.1000001278E+01
   362    0.1000000989E+01
   363    0.1000000835E+01
   364    0.1000000743E+01
   365    0.1000000633E+01
   366    0.1000000533E+01
   367    0.1000000424E+01
   368    0.1000000368E+01
   369    0.1000000327E+01
   370    0.1000000274E+01
   371    0.1000000217E+01
   372    0.1000000175E+01
   373    0.1000000140E+01
   374    0.1000000118E+01
   375    0.1000000102E+01
   376    0.1000000089E+01
   377    0.1000000073E+01
   378    0.1000000056E+01
   379    0.1000000044E+01
   380    0.1000000038E+01
   381    0.1000000033E+01
   382    0.1000000028E+01
   383    0.1000000022E+01
   384    0.1000000017E+01
   385    0.1000000014E+01
   386    0.1000000012E+01
   387    0.1000000009E+01
   388    0.1000000008E+01
   389    0.1000000007E+01
   390    0.1000000005E+01
   391    0.1000000004E+01
   392    0.1000000004E+01
   393    0.1000000003E+01
   394    0.1000000002E+01
   395    0.1000000002E+01
   396    0.1000000002E+01
   397    0.1000000001E+01
   398    0.1000000001E+01
   399    0.1000000001E+01
   400    0.1000000001E+01
   401    0.1000000001E+01
   402    0.1000000000E+01
   403    0.1000000000E+01
   404    0.1000000000E+01
   405    0.1000000000E+01
   406    0.1000000000E+01
   407    0.1000000000E+01
   408    0.1000000000E+01
   409    0.1000000000E+01
   410    0.1000000000E+01
   411    0.1000000000E+01
   412    0.1000000000E+01
   413    0.1000000000E+01
   414    0.1000000000E+01
   415    0.1000000000E+01
   416    0.1000000000E+01
   417    0.1000000000E+01
   418    0.1000000000E+01
   419    0.1000000000E+01
   420    0.1000000000E+01
   421    0.1000000000E+01
   422    0.1000000000E+01
   423    0.1000000000E+01
   424    0.1000000000E+01
   425    0.1000000000E+01
   426    0.1000000000E+01
   427    0.1000000000E+01
   428    0.1000000000E+01
   429    0.1000000000E+01
   430    0.1000000000E+01
   431    0.1000000000E+01
   432    0.1000000000E+01
   433    0.1000000000E+01
   434    0.1000000000E+01
   435    0.1000000000E+01
   436    0.1000000000E+01
   437    0.1000000000E+01
   438    0.1000000000E+01
   439    0.1000000000E+01
   440    0.1000000000E+01
   441    0.1000000000E+01
   442    0.1000000000E+01
   443    0.1000000000E+01
   444    0.1000000000E+01
   445    0.1000000000E+01
   446    0.1000000000E+01
   447    0.1000000000E+01
   448    0.1000000000E+01
   449    0.1000000000E+01
   450    0.1000000000E+01
   451    0.1000000000E+01
   452    0.1000000000E+01
   453    0.1000000000E+01
   454    0.1000000000E+01
   455    0.1000000000E+01
   456    0.1000000000E+01
   457    0.1000000000E+01
   458    0.1000000000E+01
   459    0.1000000000E+01
   460    0.1000000000E+01
   461    0.1000000000E+01
   462    0.1000000000E+01
   463    0.1000000000E+01
   464    0.1000000000E+01
   465    0.1000000000E+01
   466    0.1000000000E+01
   467    0.1000000000E+01
   468    0.1000000000E+01
   469    0.1000000000E+01
   470    0.1000000000E+01
   471    0.1000000000E+01
   472    0.1000000000E+01
   473    0.1000000000E+01
   474    0.1000000000E+01
   475    0.1000000000E+01
   476    0.1000000000E+01
   477    0.1000000000E+01
   478    0.1000000000E+01
   479    0.1000000000E+01
   480    0.1000000000E+01
   481    0.1000000000E+01
   482    0.1000000000E+01
   483    0.1000000000E+01
   484    0.1000000000E+01
   485    0.1000000000E+01
   486    0.1000000000E+01
   487    0.1000000000E+01
   488    0.1000000000E+01
   489    0.1000000000E+01
   490    0.1000000000E+01
   491    0.1000000000E+01
   492    0.1000000000E+01
   493    0.1000000000E+01
   494    0.1000000000E+01
   495    0.1000000000E+01
   496    0.1000000000E+01
   497    0.1000000000E+01
   498    0.1000000000E+01
   499    0.1000000000E+01
   500    0.8359375000E+00
   501    0.1640625000E+00
   502    0.0000000000E+00
