    -1    0.2013566908E+00
     0    0.7974087822E+00
     1    0.9780420095E+00
     2    0.9891977412E+00
     3    0.9651902333E+00
     4    0.9521370300E+00
     5    0.9641600355E+00
     6    0.9438931178E+00
     7    0.9376125806E+00
     8    0.9441627313E+00
     9    0.9322506041E+00
    10    0.9339963091E+00
    11    0.9354383046E+00
    12    0.9265630514E+00
    13    0.9383510857E+00
    14    0.9415353371E+00
    15    0.9276403646E+00
    16    0.9489605805E+00
    17    0.9608603077E+00
    18    0.9385543507E+00
    19    0.9661346163E+00
    20    0.9868788222E+00
    21    0.9651414041E+00
    22    0.9872941104E+00
    23    0.1017316540E+01
    24    0.9960888887E+00
    25    0.1012912188E+01
    26    0.1049888978E+01
    27    0.1024133720E+01
    28    0.1041945163E+01
    29    0.1072896885E+01
    30    0.1049180558E+01
    31    0.1063250754E+01
    32    0.1081417670E+01
    33    0.1064086437E+01
    34    0.1071434418E+01
    35    0.1077381527E+01
    36    0.1065152025E+01
    37    0.1062755593E+01
    38    0.1061876344E+01
    39    0.1052914242E+01
    40    0.1039923814E+01
    41    0.1036814947E+01
    42    0.1028083940E+01
    43    0.1011104455E+01
    44    0.1004683753E+01
    45    0.1002414896E+01
    46    0.9786754273E+00
    47    0.9743699550E+00
    48    0.9800725732E+00
    49    0.9485938580E+00
    50    0.9502401781E+00
    51    0.9597174254E+00
    52    0.9328643117E+00
    53    0.9342613201E+00
    54    0.9426596340E+00
    55    0.9317560607E+00
    56    0.9274794344E+00
    57    0.9331617281E+00
    58    0.9394923600E+00
    59    0.9323960586E+00
    60    0.9332104124E+00
    61    0.9537590335E+00
    62    0.9474672451E+00
    63    0.9475421030E+00
    64    0.9706157141E+00
    65    0.9734178331E+00
    66    0.9738666608E+00
    67    0.9927603308E+00
    68    0.1003307699E+01
    69    0.1005979829E+01
    70    0.1018760989E+01
    71    0.1034802798E+01
    72    0.1035907830E+01
    73    0.1045734060E+01
    74    0.1060769345E+01
    75    0.1059527169E+01
    76    0.1064183601E+01
    77    0.1075472623E+01
    78    0.1071456710E+01
    79    0.1068106698E+01
    80    0.1078980878E+01
    81    0.1067749944E+01
    82    0.1056733539E+01
    83    0.1070068346E+01
    84    0.1050462715E+01
    85    0.1031986974E+01
    86    0.1050091220E+01
    87    0.1022816536E+01
    88    0.1001426092E+01
    89    0.1019165307E+01
    90    0.9957781235E+00
    91    0.9700615113E+00
    92    0.9886811846E+00
    93    0.9713559681E+00
    94    0.9430842093E+00
    95    0.9616590564E+00
    96    0.9504826731E+00
    97    0.9310009298E+00
    98    0.9415333240E+00
    99    0.9369294297E+00
   100    0.9281816034E+00
   101    0.9340603226E+00
   102    0.9304346075E+00
   103    0.9325991263E+00
   104    0.9407888065E+00
   105    0.9318687071E+00
   106    0.9440007144E+00
   107    0.9576324790E+00
   108    0.9462379804E+00
   109    0.9641594194E+00
   110    0.9805045294E+00
   111    0.9725374562E+00
   112    0.9880260788E+00
   113    0.1010721512E+01
   114    0.1003442261E+01
   115    0.1015213545E+01
   116    0.1043008109E+01
   117    0.1033151022E+01
   118    0.1040679774E+01
   119    0.1071185442E+01
   120    0.1055623268E+01
   121    0.1061200223E+01
   122    0.1084024044E+01
   123    0.1066980441E+01
   124    0.1069600559E+01
   125    0.1081611714E+01
   126    0.1064314050E+01
   127    0.1062900312E+01
   128    0.1066448166E+01
   129    0.1047629683E+01
   130    0.1043601256E+01
   131    0.1040032829E+01
   132    0.1019433723E+01
   133    0.1015862875E+01
   134    0.1008095119E+01
   135    0.9913688754E+00
   136    0.9854248809E+00
   137    0.9764295441E+00
   138    0.9687706284E+00
   139    0.9569830301E+00
   140    0.9485976298E+00
   141    0.9539059061E+00
   142    0.9356811830E+00
   143    0.9337310786E+00
   144    0.9423599292E+00
   145    0.9286229508E+00
   146    0.9291339340E+00
   147    0.9376559860E+00
   148    0.9312116841E+00
   149    0.9368471162E+00
   150    0.9402170515E+00
   151    0.9436442244E+00
   152    0.9562398910E+00
   153    0.9519810372E+00
   154    0.9672567872E+00
   155    0.9827363723E+00
   156    0.9741653667E+00
   157    0.9957945874E+00
   158    0.1014161034E+01
   159    0.1005894201E+01
   160    0.1026533155E+01
   161    0.1044144112E+01
   162    0.1039567115E+01
   163    0.1054234964E+01
   164    0.1068321440E+01
   165    0.1067851062E+01
   166    0.1074638084E+01
   167    0.1079559632E+01
   168    0.1079701947E+01
   169    0.1086111235E+01
   170    0.1077611553E+01
   171    0.1075564452E+01
   172    0.1077251870E+01
   173    0.1064225077E+01
   174    0.1055666069E+01
   175    0.1053942911E+01
   176    0.1039292696E+01
   177    0.1025538787E+01
   178    0.1023038946E+01
   179    0.1013666820E+01
   180    0.9968557423E+00
   181    0.9916407510E+00
   182    0.9872641842E+00
   183    0.9727339450E+00
   184    0.9672771832E+00
   185    0.9646456387E+00
   186    0.9551789576E+00
   187    0.9538724151E+00
   188    0.9515188128E+00
   189    0.9528788463E+00
   190    0.9510051788E+00
   191    0.9433197062E+00
   192    0.9544638437E+00
   193    0.9572096297E+00
   194    0.9518769921E+00
   195    0.9725112606E+00
   196    0.9785629585E+00
   197    0.9721940797E+00
   198    0.9935449506E+00
   199    0.1000791061E+01
   200    0.9954221133E+00
   201    0.1015652236E+01
   202    0.1023880694E+01
   203    0.1021060022E+01
   204    0.1039001817E+01
   205    0.1045363779E+01
   206    0.1041778705E+01
   207    0.1052978801E+01
   208    0.1051375387E+01
   209    0.1051332211E+01
   210    0.1055568985E+01
   211    0.1054238245E+01
   212    0.1054467849E+01
   213    0.1042237698E+01
   214    0.1033259651E+01
   215    0.1037970469E+01
   216    0.1029309254E+01
   217    0.1020620548E+01
   218    0.1021876667E+01
   219    0.1009988650E+01
   220    0.9995957797E+00
   221    0.9995111211E+00
   222    0.9874510158E+00
   223    0.9781503278E+00
   224    0.9769587884E+00
   225    0.9673832455E+00
   226    0.9609089836E+00
   227    0.9609442388E+00
   228    0.9532664368E+00
   229    0.9492383468E+00
   230    0.9570195517E+00
   231    0.9573938038E+00
   232    0.9455551339E+00
   233    0.9313108746E+00
   234    0.9314756663E+00
   235    0.9385506751E+00
   236    0.9563758412E+00
   237    0.9595018506E+00
   238    0.9288181629E+00
   239    0.9224279812E+00
   240    0.9390209619E+00
   241    0.9553382955E+00
   242    0.9674706679E+00
   243    0.9503411992E+00
   244    0.9314852123E+00
   245    0.9398746050E+00
   246    0.9602959446E+00
   247    0.9708173234E+00
   248    0.9736421805E+00
   249    0.9708716105E+00
   250    0.9600259222E+00
   251    0.9576474905E+00
   252    0.9693279762E+00
   253    0.9757715526E+00
   254    0.9778661151E+00
   255    0.9852366078E+00
   256    0.9874973355E+00
   257    0.9890117367E+00
   258    0.9942650588E+00
   259    0.9928623549E+00
   260    0.9932814005E+00
   261    0.9992457878E+00
   262    0.9970254992E+00
   263    0.9997128496E+00
   264    0.1006224421E+01
   265    0.1006738368E+01
   266    0.1004929612E+01
   267    0.1011323556E+01
   268    0.1012024245E+01
   269    0.1010777945E+01
   270    0.1010659849E+01
   271    0.1009428837E+01
   272    0.1010926546E+01
   273    0.1014446988E+01
   274    0.1013380184E+01
   275    0.1014249278E+01
   276    0.1016319092E+01
   277    0.1015043829E+01
   278    0.1016528658E+01
   279    0.1018464863E+01
   280    0.1016610706E+01
   281    0.1017566646E+01
   282    0.1017863173E+01
   283    0.1014796089E+01
   284    0.1016854247E+01
   285    0.1022042565E+01
   286    0.1018806648E+01
   287    0.1016087563E+01
   288    0.1015849444E+01
   289    0.1016089773E+01
   290    0.1015920074E+01
   291    0.1015961690E+01
   292    0.1015114306E+01
   293    0.1014417842E+01
   294    0.1013617638E+01
   295    0.1013467630E+01
   296    0.1013045031E+01
   297    0.1012126131E+01
   298    0.1011119885E+01
   299    0.1011167922E+01
   300    0.1010674993E+01
   301    0.1009599060E+01
   302    0.1009617842E+01
   303    0.1010153169E+01
   304    0.1009963235E+01
   305    0.1008897563E+01
   306    0.1007641546E+01
   307    0.1006901925E+01
   308    0.1007001595E+01
   309    0.1006919209E+01
   310    0.1006493892E+01
   311    0.1006003841E+01
   312    0.1005301231E+01
   313    0.1004860417E+01
   314    0.1004768646E+01
   315    0.1004589371E+01
   316    0.1004102025E+01
   317    0.1003765830E+01
   318    0.1003567514E+01
   319    0.1003286952E+01
   320    0.1002904546E+01
   321    0.1002830971E+01
   322    0.1002648051E+01
   323    0.1002324790E+01
   324    0.1002080700E+01
   325    0.1001964689E+01
   326    0.1001786229E+01
   327    0.1001604212E+01
   328    0.1001475717E+01
   329    0.1001327404E+01
   330    0.1001192971E+01
   331    0.1001091702E+01
   332    0.1001008215E+01
   333    0.1000919904E+01
   334    0.1000822857E+01
   335    0.1000707362E+01
   336    0.1000644753E+01
   337    0.1000591860E+01
   338    0.1000528128E+01
   339    0.1000475182E+01
   340    0.1000414952E+01
   341    0.1000364026E+01
   342    0.1000337657E+01
   343    0.1000304436E+01
   344    0.1000265539E+01
   345    0.1000232991E+01
   346    0.1000206553E+01
   347    0.1000190525E+01
   348    0.1000167021E+01
   349    0.1000141560E+01
   350    0.1000126623E+01
   351    0.1000111565E+01
   352    0.1000095089E+01
   353    0.1000084689E+01
   354    0.1000077999E+01
   355    0.1000065263E+01
   356    0.1000056559E+01
   357    0.1000050990E+01
   358    0.1000043792E+01
   359    0.1000037911E+01
   360    0.1000032765E+01
   361    0.1000028411E+01
   362    0.1000024719E+01
   363    0.1000021528E+01
   364    0.1000018872E+01
   365    0.1000016155E+01
   366    0.1000014037E+01
   367    0.1000011839E+01
   368    0.1000009832E+01
   369    0.1000008653E+01
   370    0.1000007554E+01
   371    0.1000006281E+01
   372    0.1000005584E+01
   373    0.1000004875E+01
   374    0.1000004096E+01
   375    0.1000003367E+01
   376    0.1000002842E+01
   377    0.1000002479E+01
   378    0.1000002086E+01
   379    0.1000001791E+01
   380    0.1000001515E+01
   381    0.1000001282E+01
   382    0.1000001051E+01
   383    0.1000000880E+01
   384    0.1000000758E+01
   385    0.1000000639E+01
   386    0.1000000539E+01
   387    0.1000000443E+01
   388    0.1000000373E+01
   389    0.1000000321E+01
   390    0.1000000270E+01
   391    0.1000000220E+01
   392    0.1000000181E+01
   393    0.1000000149E+01
   394    0.1000000123E+01
   395    0.1000000104E+01
   396    0.1000000088E+01
   397    0.1000000073E+01
   398    0.1000000059E+01
   399    0.1000000047E+01
   400    0.1000000040E+01
   401    0.1000000033E+01
   402    0.1000000028E+01
   403    0.1000000023E+01
   404    0.1000000018E+01
   405    0.1000000015E+01
   406    0.1000000012E+01
   407    0.1000000010E+01
   408    0.1000000008E+01
   409    0.1000000007E+01
   410    0.1000000005E+01
   411    0.1000000004E+01
   412    0.1000000004E+01
   413    0.1000000003E+01
   414    0.1000000002E+01
   415    0.1000000002E+01
   416    0.1000000002E+01
   417    0.1000000001E+01
   418    0.1000000001E+01
   419    0.1000000001E+01
   420    0.1000000001E+01
   421    0.1000000001E+01
   422    0.1000000000E+01
   423    0.1000000000E+01
   424    0.1000000000E+01
   425    0.1000000000E+01
   426    0.1000000000E+01
   427    0.1000000000E+01
   428    0.1000000000E+01
   429    0.1000000000E+01
   430    0.1000000000E+01
   431    0.1000000000E+01
   432    0.1000000000E+01
   433    0.1000000000E+01
   434    0.1000000000E+01
   435    0.1000000000E+01
   436    0.1000000000E+01
   437    0.1000000000E+01
   438    0.1000000000E+01
   439    0.1000000000E+01
   440    0.1000000000E+01
   441    0.1000000000E+01
   442    0.1000000000E+01
   443    0.1000000000E+01
   444    0.1000000000E+01
   445    0.1000000000E+01
   446    0.1000000000E+01
   447    0.1000000000E+01
   448    0.1000000000E+01
   449    0.1000000000E+01
   450    0.1000000000E+01
   451    0.1000000000E+01
   452    0.1000000000E+01
   453    0.1000000000E+01
   454    0.1000000000E+01
   455    0.1000000000E+01
   456    0.1000000000E+01
   457    0.1000000000E+01
   458    0.1000000000E+01
   459    0.1000000000E+01
   460    0.1000000000E+01
   461    0.1000000000E+01
   462    0.1000000000E+01
   463    0.1000000000E+01
   464    0.1000000000E+01
   465    0.1000000000E+01
   466    0.1000000000E+01
   467    0.1000000000E+01
   468    0.1000000000E+01
   469    0.1000000000E+01
   470    0.1000000000E+01
   471    0.1000000000E+01
   472    0.1000000000E+01
   473    0.1000000000E+01
   474    0.1000000000E+01
   475    0.1000000000E+01
   476    0.1000000000E+01
   477    0.1000000000E+01
   478    0.1000000000E+01
   479    0.1000000000E+01
   480    0.1000000000E+01
   481    0.1000000000E+01
   482    0.1000000000E+01
   483    0.1000000000E+01
   484    0.1000000000E+01
   485    0.1000000000E+01
   486    0.1000000000E+01
   487    0.1000000000E+01
   488    0.1000000000E+01
   489    0.1000000000E+01
   490    0.1000000000E+01
   491    0.1000000000E+01
   492    0.1000000000E+01
   493    0.1000000000E+01
   494    0.1000000000E+01
   495    0.1000000000E+01
   496    0.1000000000E+01
   497    0.1000000000E+01
   498    0.1000000000E+01
   499    0.1000000000E+01
   500    0.8359375000E+00
   501    0.1640625000E+00
   502    0.0000000000E+00
