    -1    0.1875487795E+00
     0    0.7087354812E+00
     1    0.8032778015E+00
     2    0.7867667214E+00
     3    0.8255222273E+00
     4    0.8287121998E+00
     5    0.8326875424E+00
     6    0.8130642382E+00
     7    0.8854580367E+00
     8    0.8942515307E+00
     9    0.8562731052E+00
    10    0.9303145364E+00
    11    0.9782420123E+00
    12    0.9395523531E+00
    13    0.9980378969E+00
    14    0.1074991593E+01
    15    0.1030467709E+01
    16    0.1102474830E+01
    17    0.1172934394E+01
    18    0.1117939148E+01
    19    0.1226546832E+01
    20    0.1207142682E+01
    21    0.1219866964E+01
    22    0.1279750252E+01
    23    0.1205862173E+01
    24    0.1268266639E+01
    25    0.1208877863E+01
    26    0.1200426237E+01
    27    0.1199845108E+01
    28    0.1112933942E+01
    29    0.1133512746E+01
    30    0.1080718678E+01
    31    0.1025398742E+01
    32    0.1035461207E+01
    33    0.9787538898E+00
    34    0.9386972225E+00
    35    0.9360270881E+00
    36    0.9066963897E+00
    37    0.8752780328E+00
    38    0.8661984577E+00
    39    0.8565038449E+00
    40    0.8208153730E+00
    41    0.8312209354E+00
    42    0.8014688405E+00
    43    0.8099156556E+00
    44    0.8126866603E+00
    45    0.8063498348E+00
    46    0.7962933866E+00
    47    0.7890660406E+00
    48    0.8242538596E+00
    49    0.8196027561E+00
    50    0.8215568597E+00
    51    0.8340211229E+00
    52    0.8735900173E+00
    53    0.8590306200E+00
    54    0.8661496461E+00
    55    0.9453252559E+00
    56    0.9320418360E+00
    57    0.9388229436E+00
    58    0.1017807235E+01
    59    0.1030873688E+01
    60    0.1023068598E+01
    61    0.1123804637E+01
    62    0.1122796502E+01
    63    0.1130884937E+01
    64    0.1228604661E+01
    65    0.1172469134E+01
    66    0.1247576415E+01
    67    0.1251498901E+01
    68    0.1230862182E+01
    69    0.1262715488E+01
    70    0.1198424274E+01
    71    0.1246340179E+01
    72    0.1175016824E+01
    73    0.1144581410E+01
    74    0.1142642288E+01
    75    0.1070018879E+01
    76    0.1064761858E+01
    77    0.1033613920E+01
    78    0.9726637611E+00
    79    0.9702934577E+00
    80    0.9393313982E+00
    81    0.8998255573E+00
    82    0.8925024984E+00
    83    0.8682980606E+00
    84    0.8607877133E+00
    85    0.8305309937E+00
    86    0.8144521745E+00
    87    0.8186193271E+00
    88    0.8071909810E+00
    89    0.8185507293E+00
    90    0.7970922941E+00
    91    0.7912132233E+00
    92    0.7999701398E+00
    93    0.8211355312E+00
    94    0.7965718687E+00
    95    0.8305570326E+00
    96    0.8529163777E+00
    97    0.8322022722E+00
    98    0.8471015099E+00
    99    0.8973389804E+00
   100    0.9169331385E+00
   101    0.9072808730E+00
   102    0.9569695479E+00
   103    0.1005697963E+01
   104    0.9917063140E+00
   105    0.1048165471E+01
   106    0.1099926847E+01
   107    0.1089516475E+01
   108    0.1160515012E+01
   109    0.1190489069E+01
   110    0.1183850916E+01
   111    0.1245715327E+01
   112    0.1221012745E+01
   113    0.1269078468E+01
   114    0.1241254163E+01
   115    0.1223700212E+01
   116    0.1236850366E+01
   117    0.1184724932E+01
   118    0.1174813408E+01
   119    0.1134863473E+01
   120    0.1091321138E+01
   121    0.1077138879E+01
   122    0.1030298507E+01
   123    0.9963730798E+00
   124    0.9758664045E+00
   125    0.9426689604E+00
   126    0.9128750370E+00
   127    0.8996166129E+00
   128    0.8707470265E+00
   129    0.8566826305E+00
   130    0.8457356910E+00
   131    0.8122085949E+00
   132    0.8238097790E+00
   133    0.8170327712E+00
   134    0.8070755136E+00
   135    0.7891003675E+00
   136    0.8085085622E+00
   137    0.8007669025E+00
   138    0.7971150732E+00
   139    0.8173917976E+00
   140    0.8247802140E+00
   141    0.8360629336E+00
   142    0.8260254066E+00
   143    0.8675267590E+00
   144    0.8893480789E+00
   145    0.8872067061E+00
   146    0.9245661473E+00
   147    0.9629880647E+00
   148    0.9738430623E+00
   149    0.1006015405E+01
   150    0.1058874959E+01
   151    0.1070783016E+01
   152    0.1112115401E+01
   153    0.1169371386E+01
   154    0.1173570446E+01
   155    0.1222484864E+01
   156    0.1219585598E+01
   157    0.1240902657E+01
   158    0.1253182944E+01
   159    0.1253221146E+01
   160    0.1252994968E+01
   161    0.1235133702E+01
   162    0.1200194848E+01
   163    0.1168607784E+01
   164    0.1130975484E+01
   165    0.1099981263E+01
   166    0.1062220939E+01
   167    0.1037244994E+01
   168    0.1003712766E+01
   169    0.9682902286E+00
   170    0.9509231509E+00
   171    0.9222022958E+00
   172    0.8943999004E+00
   173    0.8871983174E+00
   174    0.8631222754E+00
   175    0.8407649089E+00
   176    0.8387664926E+00
   177    0.8329627609E+00
   178    0.8265079054E+00
   179    0.8319431254E+00
   180    0.8348418039E+00
   181    0.8264833486E+00
   182    0.8278960572E+00
   183    0.8359242510E+00
   184    0.8452094807E+00
   185    0.8583636141E+00
   186    0.8758793735E+00
   187    0.9146397486E+00
   188    0.9365761138E+00
   189    0.9487561966E+00
   190    0.9856617718E+00
   191    0.1010742751E+01
   192    0.1024224742E+01
   193    0.1062492776E+01
   194    0.1082155537E+01
   195    0.1095187762E+01
   196    0.1119600187E+01
   197    0.1125317245E+01
   198    0.1138552594E+01
   199    0.1145546526E+01
   200    0.1136335031E+01
   201    0.1147467691E+01
   202    0.1164409452E+01
   203    0.1134883043E+01
   204    0.1084171903E+01
   205    0.1066827325E+01
   206    0.1076767053E+01
   207    0.1063003029E+01
   208    0.1049065141E+01
   209    0.1043380017E+01
   210    0.1016703803E+01
   211    0.1002353064E+01
   212    0.9961318106E+00
   213    0.9735425503E+00
   214    0.9629311681E+00
   215    0.9586852786E+00
   216    0.9433159816E+00
   217    0.9333768824E+00
   218    0.9349164726E+00
   219    0.9275399274E+00
   220    0.9255888539E+00
   221    0.9252171412E+00
   222    0.9104883601E+00
   223    0.9191370794E+00
   224    0.9411583673E+00
   225    0.9057224221E+00
   226    0.8830248244E+00
   227    0.9004668051E+00
   228    0.9424051090E+00
   229    0.9647108112E+00
   230    0.9144603222E+00
   231    0.9027890539E+00
   232    0.9219522742E+00
   233    0.9361248564E+00
   234    0.9697353600E+00
   235    0.9634302472E+00
   236    0.9373950626E+00
   237    0.9377083705E+00
   238    0.9570483566E+00
   239    0.9679281655E+00
   240    0.9734884261E+00
   241    0.9734211602E+00
   242    0.9676757380E+00
   243    0.9661666116E+00
   244    0.9804515935E+00
   245    0.9937678108E+00
   246    0.9948694504E+00
   247    0.9964056280E+00
   248    0.9968188936E+00
   249    0.9962279370E+00
   250    0.9981500192E+00
   251    0.9993018049E+00
   252    0.1003590129E+01
   253    0.1002598147E+01
   254    0.1004853845E+01
   255    0.1007517924E+01
   256    0.1014537809E+01
   257    0.1011950461E+01
   258    0.1012375306E+01
   259    0.1019133977E+01
   260    0.1019545741E+01
   261    0.1009535119E+01
   262    0.1007824525E+01
   263    0.1011475618E+01
   264    0.1013911984E+01
   265    0.1015963210E+01
   266    0.1017248537E+01
   267    0.1016271036E+01
   268    0.1016693853E+01
   269    0.1017603549E+01
   270    0.1016795368E+01
   271    0.1016572140E+01
   272    0.1017185676E+01
   273    0.1018292144E+01
   274    0.1018409736E+01
   275    0.1024042645E+01
   276    0.1024932466E+01
   277    0.1017579025E+01
   278    0.1013186333E+01
   279    0.1014304582E+01
   280    0.1015316336E+01
   281    0.1015556131E+01
   282    0.1015177768E+01
   283    0.1014847018E+01
   284    0.1013496900E+01
   285    0.1012776616E+01
   286    0.1012613430E+01
   287    0.1012003818E+01
   288    0.1010707585E+01
   289    0.1010388089E+01
   290    0.1009883938E+01
   291    0.1009015828E+01
   292    0.1009122193E+01
   293    0.1010998922E+01
   294    0.1011623094E+01
   295    0.1009208725E+01
   296    0.1007076875E+01
   297    0.1006394852E+01
   298    0.1006595869E+01
   299    0.1006866322E+01
   300    0.1006614903E+01
   301    0.1006114666E+01
   302    0.1005336719E+01
   303    0.1004686256E+01
   304    0.1004686833E+01
   305    0.1004649951E+01
   306    0.1004189906E+01
   307    0.1003763966E+01
   308    0.1003589083E+01
   309    0.1003372079E+01
   310    0.1002867658E+01
   311    0.1002865505E+01
   312    0.1002753382E+01
   313    0.1002407010E+01
   314    0.1002067625E+01
   315    0.1001983981E+01
   316    0.1001821364E+01
   317    0.1001625503E+01
   318    0.1001492997E+01
   319    0.1001347496E+01
   320    0.1001203570E+01
   321    0.1001090176E+01
   322    0.1001029658E+01
   323    0.1000960409E+01
   324    0.1000851049E+01
   325    0.1000717558E+01
   326    0.1000641773E+01
   327    0.1000605487E+01
   328    0.1000538436E+01
   329    0.1000491357E+01
   330    0.1000424027E+01
   331    0.1000361833E+01
   332    0.1000341601E+01
   333    0.1000318421E+01
   334    0.1000274168E+01
   335    0.1000238620E+01
   336    0.1000209520E+01
   337    0.1000197037E+01
   338    0.1000177722E+01
   339    0.1000145580E+01
   340    0.1000128422E+01
   341    0.1000115808E+01
   342    0.1000096964E+01
   343    0.1000084456E+01
   344    0.1000081949E+01
   345    0.1000068489E+01
   346    0.1000056759E+01
   347    0.1000053032E+01
   348    0.1000045518E+01
   349    0.1000039138E+01
   350    0.1000033726E+01
   351    0.1000029041E+01
   352    0.1000025445E+01
   353    0.1000022136E+01
   354    0.1000019734E+01
   355    0.1000016767E+01
   356    0.1000014774E+01
   357    0.1000012323E+01
   358    0.1000009913E+01
   359    0.1000008751E+01
   360    0.1000007839E+01
   361    0.1000006427E+01
   362    0.1000005710E+01
   363    0.1000005207E+01
   364    0.1000004344E+01
   365    0.1000003520E+01
   366    0.1000002870E+01
   367    0.1000002560E+01
   368    0.1000002169E+01
   369    0.1000001868E+01
   370    0.1000001584E+01
   371    0.1000001346E+01
   372    0.1000001091E+01
   373    0.1000000894E+01
   374    0.1000000782E+01
   375    0.1000000664E+01
   376    0.1000000568E+01
   377    0.1000000459E+01
   378    0.1000000384E+01
   379    0.1000000337E+01
   380    0.1000000288E+01
   381    0.1000000232E+01
   382    0.1000000189E+01
   383    0.1000000154E+01
   384    0.1000000125E+01
   385    0.1000000108E+01
   386    0.1000000093E+01
   387    0.1000000077E+01
   388    0.1000000062E+01
   389    0.1000000048E+01
   390    0.1000000041E+01
   391    0.1000000035E+01
   392    0.1000000030E+01
   393    0.1000000024E+01
   394    0.1000000019E+01
   395    0.1000000015E+01
   396    0.1000000013E+01
   397    0.1000000010E+01
   398    0.1000000009E+01
   399    0.1000000007E+01
   400    0.1000000006E+01
   401    0.1000000005E+01
   402    0.1000000004E+01
   403    0.1000000003E+01
   404    0.1000000002E+01
   405    0.1000000002E+01
   406    0.1000000002E+01
   407    0.1000000001E+01
   408    0.1000000001E+01
   409    0.1000000001E+01
   410    0.1000000001E+01
   411    0.1000000001E+01
   412    0.1000000000E+01
   413    0.1000000000E+01
   414    0.1000000000E+01
   415    0.1000000000E+01
   416    0.1000000000E+01
   417    0.1000000000E+01
   418    0.1000000000E+01
   419    0.1000000000E+01
   420    0.1000000000E+01
   421    0.1000000000E+01
   422    0.1000000000E+01
   423    0.1000000000E+01
   424    0.1000000000E+01
   425    0.1000000000E+01
   426    0.1000000000E+01
   427    0.1000000000E+01
   428    0.1000000000E+01
   429    0.1000000000E+01
   430    0.1000000000E+01
   431    0.1000000000E+01
   432    0.1000000000E+01
   433    0.1000000000E+01
   434    0.1000000000E+01
   435    0.1000000000E+01
   436    0.1000000000E+01
   437    0.1000000000E+01
   438    0.1000000000E+01
   439    0.1000000000E+01
   440    0.1000000000E+01
   441    0.1000000000E+01
   442    0.1000000000E+01
   443    0.1000000000E+01
   444    0.1000000000E+01
   445    0.1000000000E+01
   446    0.1000000000E+01
   447    0.1000000000E+01
   448    0.1000000000E+01
   449    0.1000000000E+01
   450    0.1000000000E+01
   451    0.1000000000E+01
   452    0.1000000000E+01
   453    0.1000000000E+01
   454    0.1000000000E+01
   455    0.1000000000E+01
   456    0.1000000000E+01
   457    0.1000000000E+01
   458    0.1000000000E+01
   459    0.1000000000E+01
   460    0.1000000000E+01
   461    0.1000000000E+01
   462    0.1000000000E+01
   463    0.1000000000E+01
   464    0.1000000000E+01
   465    0.1000000000E+01
   466    0.1000000000E+01
   467    0.1000000000E+01
   468    0.1000000000E+01
   469    0.1000000000E+01
   470    0.1000000000E+01
   471    0.1000000000E+01
   472    0.1000000000E+01
   473    0.1000000000E+01
   474    0.1000000000E+01
   475    0.1000000000E+01
   476    0.1000000000E+01
   477    0.1000000000E+01
   478    0.1000000000E+01
   479    0.1000000000E+01
   480    0.1000000000E+01
   481    0.1000000000E+01
   482    0.1000000000E+01
   483    0.1000000000E+01
   484    0.1000000000E+01
   485    0.1000000000E+01
   486    0.1000000000E+01
   487    0.1000000000E+01
   488    0.1000000000E+01
   489    0.1000000000E+01
   490    0.1000000000E+01
   491    0.1000000000E+01
   492    0.1000000000E+01
   493    0.1000000000E+01
   494    0.1000000000E+01
   495    0.1000000000E+01
   496    0.1000000000E+01
   497    0.1000000000E+01
   498    0.1000000000E+01
   499    0.1000000000E+01
   500    0.8359375000E+00
   501    0.1640625000E+00
   502    0.0000000000E+00
