    -1    0.1561427884E+00
     0    0.8046403694E+00
     1    0.8129917671E+00
     2    0.7593467651E+00
     3    0.7294111892E+00
     4    0.9688728999E+00
     5    0.7980793775E+00
     6    0.8129971308E+00
     7    0.9401370940E+00
     8    0.9868319810E+00
     9    0.8756459813E+00
    10    0.9959441721E+00
    11    0.1131979232E+01
    12    0.9656575045E+00
    13    0.1181309540E+01
    14    0.1181804122E+01
    15    0.1108928537E+01
    16    0.1376464508E+01
    17    0.1159662250E+01
    18    0.1372900471E+01
    19    0.1271464148E+01
    20    0.1318971368E+01
    21    0.1308766569E+01
    22    0.1249197262E+01
    23    0.1299192051E+01
    24    0.1133403243E+01
    25    0.1226484938E+01
    26    0.1110816662E+01
    27    0.1051069117E+01
    28    0.1078304341E+01
    29    0.9809727667E+00
    30    0.9469247288E+00
    31    0.9470281845E+00
    32    0.9045527277E+00
    33    0.8525923837E+00
    34    0.8384636140E+00
    35    0.8550482338E+00
    36    0.7902226370E+00
    37    0.8102576546E+00
    38    0.7636908009E+00
    39    0.7954917362E+00
    40    0.7418290883E+00
    41    0.7864924726E+00
    42    0.7501935444E+00
    43    0.7631163559E+00
    44    0.7613344984E+00
    45    0.7759424910E+00
    46    0.7832781206E+00
    47    0.7651258995E+00
    48    0.8256325502E+00
    49    0.8185470186E+00
    50    0.8257375441E+00
    51    0.8336000956E+00
    52    0.9355454373E+00
    53    0.8953794807E+00
    54    0.8976927145E+00
    55    0.1034253055E+01
    56    0.1008661233E+01
    57    0.1002908271E+01
    58    0.1168642422E+01
    59    0.1102521818E+01
    60    0.1183385194E+01
    61    0.1257306974E+01
    62    0.1205689118E+01
    63    0.1352150839E+01
    64    0.1251237140E+01
    65    0.1352792927E+01
    66    0.1287816454E+01
    67    0.1293997162E+01
    68    0.1274651822E+01
    69    0.1201805054E+01
    70    0.1232042904E+01
    71    0.1107504108E+01
    72    0.1122837142E+01
    73    0.1065420182E+01
    74    0.9860535994E+00
    75    0.1014899159E+01
    76    0.9343905569E+00
    77    0.9012083124E+00
    78    0.8906923308E+00
    79    0.8604276422E+00
    80    0.8549269072E+00
    81    0.7736041733E+00
    82    0.8404167659E+00
    83    0.7597741915E+00
    84    0.8032887487E+00
    85    0.7490707711E+00
    86    0.7730265604E+00
    87    0.7597971210E+00
    88    0.7526583153E+00
    89    0.7767298218E+00
    90    0.7469123378E+00
    91    0.7944027892E+00
    92    0.7580881852E+00
    93    0.8187219793E+00
    94    0.7752595044E+00
    95    0.8606327644E+00
    96    0.8273809937E+00
    97    0.8683024531E+00
    98    0.8951584246E+00
    99    0.9264615760E+00
   100    0.9671180158E+00
   101    0.9778958333E+00
   102    0.1044736612E+01
   103    0.1080167661E+01
   104    0.1104449325E+01
   105    0.1182449533E+01
   106    0.1187108473E+01
   107    0.1252921311E+01
   108    0.1280674035E+01
   109    0.1284959181E+01
   110    0.1333970408E+01
   111    0.1291491689E+01
   112    0.1326053443E+01
   113    0.1259865415E+01
   114    0.1264579699E+01
   115    0.1212195823E+01
   116    0.1156502764E+01
   117    0.1147538114E+01
   118    0.1065153329E+01
   119    0.1041613607E+01
   120    0.1012517594E+01
   121    0.9496060264E+00
   122    0.9267577586E+00
   123    0.9073057716E+00
   124    0.8702119724E+00
   125    0.8426396982E+00
   126    0.8365929359E+00
   127    0.7927772120E+00
   128    0.7962794519E+00
   129    0.7826052213E+00
   130    0.7859561575E+00
   131    0.7567512418E+00
   132    0.7613481560E+00
   133    0.7510906488E+00
   134    0.7649692538E+00
   135    0.7683992737E+00
   136    0.7795946967E+00
   137    0.7606108727E+00
   138    0.7699468572E+00
   139    0.8168919349E+00
   140    0.8337227630E+00
   141    0.8313091878E+00
   142    0.8297701684E+00
   143    0.9129625289E+00
   144    0.9086656933E+00
   145    0.9199131385E+00
   146    0.1008816897E+01
   147    0.1024280585E+01
   148    0.1035464903E+01
   149    0.1140284390E+01
   150    0.1153425358E+01
   151    0.1195717544E+01
   152    0.1251371135E+01
   153    0.1257011288E+01
   154    0.1321536801E+01
   155    0.1268545901E+01
   156    0.1346987843E+01
   157    0.1314623064E+01
   158    0.1296475710E+01
   159    0.1284585765E+01
   160    0.1207004526E+01
   161    0.1175637325E+01
   162    0.1117904107E+01
   163    0.1090433032E+01
   164    0.1049936420E+01
   165    0.9974769661E+00
   166    0.9764184049E+00
   167    0.9376792424E+00
   168    0.9028288301E+00
   169    0.8843206245E+00
   170    0.8629366084E+00
   171    0.8380456196E+00
   172    0.8173961120E+00
   173    0.8101867028E+00
   174    0.7801128485E+00
   175    0.7883081972E+00
   176    0.7958484700E+00
   177    0.7926465777E+00
   178    0.7910149632E+00
   179    0.7887863532E+00
   180    0.7967598422E+00
   181    0.7996052037E+00
   182    0.7990064126E+00
   183    0.8354385804E+00
   184    0.8651391672E+00
   185    0.8805286201E+00
   186    0.9260954489E+00
   187    0.9598762183E+00
   188    0.9732620094E+00
   189    0.1013911354E+01
   190    0.1056017943E+01
   191    0.1066423354E+01
   192    0.1112015855E+01
   193    0.1138360407E+01
   194    0.1134838364E+01
   195    0.1162579695E+01
   196    0.1162040460E+01
   197    0.1166860173E+01
   198    0.1172458642E+01
   199    0.1171051228E+01
   200    0.1225740222E+01
   201    0.1156963638E+01
   202    0.1077166255E+01
   203    0.1076048674E+01
   204    0.1073601264E+01
   205    0.1067554023E+01
   206    0.1059732015E+01
   207    0.1040856196E+01
   208    0.1019530752E+01
   209    0.1000557369E+01
   210    0.9866691424E+00
   211    0.9707857881E+00
   212    0.9537699335E+00
   213    0.9438821698E+00
   214    0.9358509227E+00
   215    0.9187202400E+00
   216    0.9243188374E+00
   217    0.9249781356E+00
   218    0.9134789452E+00
   219    0.9180119042E+00
   220    0.9054206842E+00
   221    0.8963484694E+00
   222    0.9298574336E+00
   223    0.9173515918E+00
   224    0.8804985885E+00
   225    0.8827037716E+00
   226    0.9089711658E+00
   227    0.9719333046E+00
   228    0.9441796719E+00
   229    0.8953007137E+00
   230    0.9080664507E+00
   231    0.9274456067E+00
   232    0.9653104224E+00
   233    0.9810575995E+00
   234    0.9498357776E+00
   235    0.9245868399E+00
   236    0.9430676772E+00
   237    0.9712122937E+00
   238    0.9795400683E+00
   239    0.9804792970E+00
   240    0.9807797341E+00
   241    0.9672484869E+00
   242    0.9685260264E+00
   243    0.9950458617E+00
   244    0.1002070381E+01
   245    0.9969815903E+00
   246    0.9990714527E+00
   247    0.9986832720E+00
   248    0.9983438330E+00
   249    0.1000150930E+01
   250    0.1004399993E+01
   251    0.1004364458E+01
   252    0.1006051329E+01
   253    0.1005715213E+01
   254    0.1017177761E+01
   255    0.1014496625E+01
   256    0.1010980586E+01
   257    0.1021567190E+01
   258    0.1021277708E+01
   259    0.1009198206E+01
   260    0.1008693282E+01
   261    0.1010016923E+01
   262    0.1013209162E+01
   263    0.1017367418E+01
   264    0.1017211576E+01
   265    0.1016348181E+01
   266    0.1016817768E+01
   267    0.1017281371E+01
   268    0.1016706380E+01
   269    0.1016586299E+01
   270    0.1017387009E+01
   271    0.1019250422E+01
   272    0.1019654385E+01
   273    0.1025466691E+01
   274    0.1024435396E+01
   275    0.1017445545E+01
   276    0.1013126466E+01
   277    0.1013193487E+01
   278    0.1015139193E+01
   279    0.1015670672E+01
   280    0.1014852989E+01
   281    0.1014781090E+01
   282    0.1013496719E+01
   283    0.1012526089E+01
   284    0.1012202000E+01
   285    0.1011928424E+01
   286    0.1010608075E+01
   287    0.1009916842E+01
   288    0.1009559013E+01
   289    0.1009036270E+01
   290    0.1009055344E+01
   291    0.1011545310E+01
   292    0.1011951396E+01
   293    0.1008626189E+01
   294    0.1006791704E+01
   295    0.1006342698E+01
   296    0.1006492690E+01
   297    0.1006781613E+01
   298    0.1006629680E+01
   299    0.1005986461E+01
   300    0.1005186585E+01
   301    0.1004673970E+01
   302    0.1004645107E+01
   303    0.1004604567E+01
   304    0.1004109892E+01
   305    0.1003753851E+01
   306    0.1003542215E+01
   307    0.1003309346E+01
   308    0.1002840886E+01
   309    0.1002870017E+01
   310    0.1002709966E+01
   311    0.1002376138E+01
   312    0.1002042168E+01
   313    0.1001943445E+01
   314    0.1001816798E+01
   315    0.1001597869E+01
   316    0.1001462740E+01
   317    0.1001338000E+01
   318    0.1001181725E+01
   319    0.1001067295E+01
   320    0.1001032756E+01
   321    0.1000950971E+01
   322    0.1000834118E+01
   323    0.1000700235E+01
   324    0.1000636972E+01
   325    0.1000595655E+01
   326    0.1000532333E+01
   327    0.1000485081E+01
   328    0.1000414032E+01
   329    0.1000353647E+01
   330    0.1000340818E+01
   331    0.1000314896E+01
   332    0.1000268452E+01
   333    0.1000234589E+01
   334    0.1000206738E+01
   335    0.1000196491E+01
   336    0.1000175008E+01
   337    0.1000141629E+01
   338    0.1000127439E+01
   339    0.1000113632E+01
   340    0.1000094060E+01
   341    0.1000084043E+01
   342    0.1000081312E+01
   343    0.1000066341E+01
   344    0.1000056132E+01
   345    0.1000052354E+01
   346    0.1000044630E+01
   347    0.1000038467E+01
   348    0.1000033049E+01
   349    0.1000028486E+01
   350    0.1000025009E+01
   351    0.1000021806E+01
   352    0.1000019428E+01
   353    0.1000016511E+01
   354    0.1000014549E+01
   355    0.1000011998E+01
   356    0.1000009625E+01
   357    0.1000008620E+01
   358    0.1000007697E+01
   359    0.1000006249E+01
   360    0.1000005674E+01
   361    0.1000005139E+01
   362    0.1000004263E+01
   363    0.1000003418E+01
   364    0.1000002803E+01
   365    0.1000002519E+01
   366    0.1000002130E+01
   367    0.1000001832E+01
   368    0.1000001554E+01
   369    0.1000001323E+01
   370    0.1000001055E+01
   371    0.1000000873E+01
   372    0.1000000767E+01
   373    0.1000000652E+01
   374    0.1000000555E+01
   375    0.1000000446E+01
   376    0.1000000378E+01
   377    0.1000000332E+01
   378    0.1000000283E+01
   379    0.1000000227E+01
   380    0.1000000183E+01
   381    0.1000000149E+01
   382    0.1000000123E+01
   383    0.1000000105E+01
   384    0.1000000091E+01
   385    0.1000000076E+01
   386    0.1000000059E+01
   387    0.1000000047E+01
   388    0.1000000040E+01
   389    0.1000000034E+01
   390    0.1000000029E+01
   391    0.1000000024E+01
   392    0.1000000018E+01
   393    0.1000000015E+01
   394    0.1000000013E+01
   395    0.1000000010E+01
   396    0.1000000008E+01
   397    0.1000000007E+01
   398    0.1000000006E+01
   399    0.1000000004E+01
   400    0.1000000004E+01
   401    0.1000000003E+01
   402    0.1000000002E+01
   403    0.1000000002E+01
   404    0.1000000002E+01
   405    0.1000000001E+01
   406    0.1000000001E+01
   407    0.1000000001E+01
   408    0.1000000001E+01
   409    0.1000000001E+01
   410    0.1000000000E+01
   411    0.1000000000E+01
   412    0.1000000000E+01
   413    0.1000000000E+01
   414    0.1000000000E+01
   415    0.1000000000E+01
   416    0.1000000000E+01
   417    0.1000000000E+01
   418    0.1000000000E+01
   419    0.1000000000E+01
   420    0.1000000000E+01
   421    0.1000000000E+01
   422    0.1000000000E+01
   423    0.1000000000E+01
   424    0.1000000000E+01
   425    0.1000000000E+01
   426    0.1000000000E+01
   427    0.1000000000E+01
   428    0.1000000000E+01
   429    0.1000000000E+01
   430    0.1000000000E+01
   431    0.1000000000E+01
   432    0.1000000000E+01
   433    0.1000000000E+01
   434    0.1000000000E+01
   435    0.1000000000E+01
   436    0.1000000000E+01
   437    0.1000000000E+01
   438    0.1000000000E+01
   439    0.1000000000E+01
   440    0.1000000000E+01
   441    0.1000000000E+01
   442    0.1000000000E+01
   443    0.1000000000E+01
   444    0.1000000000E+01
   445    0.1000000000E+01
   446    0.1000000000E+01
   447    0.1000000000E+01
   448    0.1000000000E+01
   449    0.1000000000E+01
   450    0.1000000000E+01
   451    0.1000000000E+01
   452    0.1000000000E+01
   453    0.1000000000E+01
   454    0.1000000000E+01
   455    0.1000000000E+01
   456    0.1000000000E+01
   457    0.1000000000E+01
   458    0.1000000000E+01
   459    0.1000000000E+01
   460    0.1000000000E+01
   461    0.1000000000E+01
   462    0.1000000000E+01
   463    0.1000000000E+01
   464    0.1000000000E+01
   465    0.1000000000E+01
   466    0.1000000000E+01
   467    0.1000000000E+01
   468    0.1000000000E+01
   469    0.1000000000E+01
   470    0.1000000000E+01
   471    0.1000000000E+01
   472    0.1000000000E+01
   473    0.1000000000E+01
   474    0.1000000000E+01
   475    0.1000000000E+01
   476    0.1000000000E+01
   477    0.1000000000E+01
   478    0.1000000000E+01
   479    0.1000000000E+01
   480    0.1000000000E+01
   481    0.1000000000E+01
   482    0.1000000000E+01
   483    0.1000000000E+01
   484    0.1000000000E+01
   485    0.1000000000E+01
   486    0.1000000000E+01
   487    0.1000000000E+01
   488    0.1000000000E+01
   489    0.1000000000E+01
   490    0.1000000000E+01
   491    0.1000000000E+01
   492    0.1000000000E+01
   493    0.1000000000E+01
   494    0.1000000000E+01
   495    0.1000000000E+01
   496    0.1000000000E+01
   497    0.1000000000E+01
   498    0.1000000000E+01
   499    0.1000000000E+01
   500    0.8359375000E+00
   501    0.1640625000E+00
   502    0.0000000000E+00
