    -1    0.0000000000E+00
     0    0.1249980806E+00
     1    0.7548040304E+00
     2    0.1196998692E+01
     3    0.1050354300E+01
     4    0.9898882280E+00
     5    0.1115021548E+01
     6    0.8696308737E+00
     7    0.1010097473E+01
     8    0.6643844344E+00
     9    0.9672352770E+00
    10    0.5703270833E+00
    11    0.5227595503E+00
    12    0.5569139023E+00
    13    0.9379964881E+00
    14    0.9667266836E+00
    15    0.8688806210E+00
    16    0.5212657078E+00
    17    0.4725818492E+00
    18    0.5272446927E+00
    19    0.6057113161E+00
    20    0.6563734676E+00
    21    0.4650587906E+00
    22    0.5265339278E+00
    23    0.5969551649E+00
    24    0.1268261539E+01
    25    0.7007693376E+00
    26    0.6206405880E+00
    27    0.6449324273E+00
    28    0.7540718762E+00
    29    0.5816938929E+00
    30    0.7333740005E+00
    31    0.9119635655E+00
    32    0.6965215968E+00
    33    0.6827025984E+00
    34    0.4768112553E+00
    35    0.4376373542E+00
    36    0.4408475143E+00
    37    0.6157376305E+00
    38    0.3907186881E+00
    39    0.4154481891E+00
    40    0.6262232202E+00
    41    0.1030647246E+01
    42    0.6685061600E+00
    43    0.4866217488E+00
    44    0.5857476539E+00
    45    0.3835554473E+00
    46    0.3632507594E+00
    47    0.4948993051E+00
    48    0.7484667837E+00
    49    0.1143168170E+01
    50    0.1156481294E+01
    51    0.6740154077E+00
    52    0.2444104751E+00
    53    0.6350116704E+00
    54    0.1297255641E+01
    55    0.1761862287E+01
    56    0.1288662505E+01
    57    0.1400777916E+01
    58    0.1745011252E+01
    59    0.1635094458E+01
    60    0.1473889441E+01
    61    0.1419817694E+01
    62    0.1337448872E+01
    63    0.1051603584E+01
    64    0.1144449329E+01
    65    0.1478079129E+01
    66    0.1113803389E+01
    67    0.9978166038E+00
    68    0.1049815374E+01
    69    0.4803543764E+00
    70    0.7333851180E+00
    71    0.5142819459E+00
    72    0.5137147616E+00
    73    0.7129580359E+00
    74    0.4480658850E+00
    75    0.5398564898E+00
    76    0.7215778014E+00
    77    0.5493085690E+00
    78    0.3473337313E+00
    79    0.4965306228E+00
    80    0.2600131890E+00
    81    0.5298435460E+00
    82    0.2879338205E+00
    83    0.1843242863E+00
    84    0.1919700213E+00
    85    0.4206840914E+00
    86    0.2516991115E+00
    87    0.2771861975E+00
    88    0.2102713225E+00
    89    0.3586790277E+00
    90    0.1363145545E+00
    91    0.1651213253E+00
    92    0.3570644981E+00
    93    0.2009542177E+00
    94    0.1127883936E+00
    95    0.3891566645E+00
    96    0.2333149417E+00
    97    0.4414575788E+00
    98    0.3328783696E+00
    99    0.2896322665E+00
   100    0.1227195674E+00
   101    0.3705885187E+00
   102    0.3461696915E+00
   103    0.4756848500E+00
   104    0.3926329686E+00
   105    0.4273230579E+00
   106    0.1656538607E+00
   107    0.3377375725E+00
   108    0.6849176675E+00
   109    0.5246812272E+00
   110    0.6517123398E+00
   111    0.2904891483E+00
   112    0.5256529946E+00
   113    0.6881424905E+00
   114    0.8688621275E+00
   115    0.1007423451E+01
   116    0.1363767273E+01
   117    0.1375413709E+01
   118    0.1477872705E+01
   119    0.2285798394E+01
   120    0.2901257551E+01
   121    0.3097297490E+01
   122    0.2599654144E+01
   123    0.2018385433E+01
   124    0.1430218074E+01
   125    0.1419383166E+01
   126    0.8347448813E+00
   127    0.8779569662E+00
   128    0.8198226773E+00
   129    0.6821791680E+00
   130    0.5850513927E+00
   131    0.5662640212E+00
   132    0.4374262874E+00
   133    0.5043686446E+00
   134    0.5040461033E+00
   135    0.4627277226E+00
   136    0.4188079729E+00
   137    0.2836273120E+00
   138    0.3355027731E+00
   139    0.4735133446E+00
   140    0.3963918206E+00
   141    0.3907414034E+00
   142    0.2401102673E+00
   143    0.2532373848E+00
   144    0.3208866738E+00
   145    0.4428447387E+00
   146    0.4261542448E+00
   147    0.2660423671E+00
   148    0.2002283733E+00
   149    0.2577165759E+00
   150    0.3948819695E+00
   151    0.4934228184E+00
   152    0.3627878267E+00
   153    0.1580686613E+00
   154    0.2624203518E+00
   155    0.3383498632E+00
   156    0.5601841451E+00
   157    0.4763613966E+00
   158    0.2016750805E+00
   159    0.2797125610E+00
   160    0.3002111875E+00
   161    0.6770001570E+00
   162    0.6488867589E+00
   163    0.2642996587E+00
   164    0.3531413426E+00
   165    0.5205391581E+00
   166    0.1246001543E+01
   167    0.8668326343E+00
   168    0.1188045852E+01
   169    0.1623739899E+01
   170    0.1443886783E+01
   171    0.1617333330E+01
   172    0.1494618161E+01
   173    0.1733649149E+01
   174    0.1475219642E+01
   175    0.1735388163E+01
   176    0.1899689153E+01
   177    0.1709962040E+01
   178    0.1433451219E+01
   179    0.1548273323E+01
   180    0.1370027674E+01
   181    0.1339889054E+01
   182    0.1186974719E+01
   183    0.1050237303E+01
   184    0.1069128755E+01
   185    0.9286245147E+00
   186    0.8986130195E+00
   187    0.9298347057E+00
   188    0.9011831306E+00
   189    0.8593468126E+00
   190    0.8199943809E+00
   191    0.8564740416E+00
   192    0.7650239930E+00
   193    0.7386518827E+00
   194    0.7053450702E+00
   195    0.7347020829E+00
   196    0.6631639359E+00
   197    0.7111704948E+00
   198    0.7446978426E+00
   199    0.7787256373E+00
   200    0.7495258678E+00
   201    0.6844378232E+00
   202    0.7415733738E+00
   203    0.7008462604E+00
   204    0.7021166380E+00
   205    0.7250215843E+00
   206    0.9396195719E+00
   207    0.1009688955E+01
   208    0.9585562195E+00
   209    0.8778579939E+00
   210    0.8246117231E+00
   211    0.7977916433E+00
   212    0.9878699712E+00
   213    0.1480755662E+01
   214    0.1022373370E+01
   215    0.7904710459E+00
   216    0.8077833571E+00
   217    0.9576477386E+00
   218    0.1241336300E+01
   219    0.1046179343E+01
   220    0.8822801320E+00
   221    0.9290429561E+00
   222    0.1009239294E+01
   223    0.1061554943E+01
   224    0.1056308775E+01
   225    0.9571531280E+00
   226    0.9356627283E+00
   227    0.9854655292E+00
   228    0.1049797522E+01
   229    0.1051541495E+01
   230    0.1020194778E+01
   231    0.9935066423E+00
   232    0.9957912820E+00
   233    0.9974296611E+00
   234    0.1014312704E+01
   235    0.1027945775E+01
   236    0.1004323326E+01
   237    0.1008787806E+01
   238    0.1042129749E+01
   239    0.1036694855E+01
   240    0.1024116724E+01
   241    0.1019807890E+01
   242    0.1013941865E+01
   243    0.1001696425E+01
   244    0.9978922214E+00
   245    0.1009569268E+01
   246    0.1019557881E+01
   247    0.1022072900E+01
   248    0.1021666584E+01
   249    0.1017454662E+01
   250    0.1015979001E+01
   251    0.1021958268E+01
   252    0.1017647182E+01
   253    0.1027166778E+01
   254    0.1036037058E+01
   255    0.1027284967E+01
   256    0.1020593631E+01
   257    0.1018323880E+01
   258    0.1011237399E+01
   259    0.1006251257E+01
   260    0.1009054849E+01
   261    0.1013984695E+01
   262    0.1014127314E+01
   263    0.1015014034E+01
   264    0.1013742263E+01
   265    0.1010626955E+01
   266    0.1009684929E+01
   267    0.1010599986E+01
   268    0.1009359017E+01
   269    0.1007492545E+01
   270    0.1008391281E+01
   271    0.1009368662E+01
   272    0.1011335389E+01
   273    0.1014085826E+01
   274    0.1011501831E+01
   275    0.1007450042E+01
   276    0.1005493348E+01
   277    0.1005076246E+01
   278    0.1005623884E+01
   279    0.1006200975E+01
   280    0.1006133369E+01
   281    0.1005652711E+01
   282    0.1004856091E+01
   283    0.1004468118E+01
   284    0.1004233397E+01
   285    0.1004305174E+01
   286    0.1003957211E+01
   287    0.1003525311E+01
   288    0.1003369817E+01
   289    0.1003010765E+01
   290    0.1002819728E+01
   291    0.1002787971E+01
   292    0.1002623142E+01
   293    0.1002111198E+01
   294    0.1001940346E+01
   295    0.1001867523E+01
   296    0.1001645039E+01
   297    0.1001496443E+01
   298    0.1001391497E+01
   299    0.1001206545E+01
   300    0.1001073668E+01
   301    0.1001035279E+01
   302    0.1001015511E+01
   303    0.1000916696E+01
   304    0.1000749586E+01
   305    0.1000609900E+01
   306    0.1000626572E+01
   307    0.1000547671E+01
   308    0.1000507164E+01
   309    0.1000452207E+01
   310    0.1000354377E+01
   311    0.1000330203E+01
   312    0.1000341876E+01
   313    0.1000292211E+01
   314    0.1000246825E+01
   315    0.1000214950E+01
   316    0.1000200679E+01
   317    0.1000198212E+01
   318    0.1000156904E+01
   319    0.1000128878E+01
   320    0.1000121076E+01
   321    0.1000101491E+01
   322    0.1000082894E+01
   323    0.1000084541E+01
   324    0.1000076458E+01
   325    0.1000056810E+01
   326    0.1000054569E+01
   327    0.1000048978E+01
   328    0.1000041293E+01
   329    0.1000035238E+01
   330    0.1000029769E+01
   331    0.1000026460E+01
   332    0.1000022916E+01
   333    0.1000020835E+01
   334    0.1000018008E+01
   335    0.1000015863E+01
   336    0.1000013398E+01
   337    0.1000010154E+01
   338    0.1000008396E+01
   339    0.1000008253E+01
   340    0.1000006807E+01
   341    0.1000005555E+01
   342    0.1000005768E+01
   343    0.1000004878E+01
   344    0.1000003856E+01
   345    0.1000002896E+01
   346    0.1000002600E+01
   347    0.1000002317E+01
   348    0.1000001969E+01
   349    0.1000001711E+01
   350    0.1000001449E+01
   351    0.1000001171E+01
   352    0.1000000901E+01
   353    0.1000000799E+01
   354    0.1000000700E+01
   355    0.1000000608E+01
   356    0.1000000493E+01
   357    0.1000000396E+01
   358    0.1000000356E+01
   359    0.1000000320E+01
   360    0.1000000256E+01
   361    0.1000000200E+01
   362    0.1000000163E+01
   363    0.1000000127E+01
   364    0.1000000110E+01
   365    0.1000000099E+01
   366    0.1000000086E+01
   367    0.1000000067E+01
   368    0.1000000050E+01
   369    0.1000000041E+01
   370    0.1000000036E+01
   371    0.1000000032E+01
   372    0.1000000027E+01
   373    0.1000000020E+01
   374    0.1000000016E+01
   375    0.1000000014E+01
   376    0.1000000011E+01
   377    0.1000000009E+01
   378    0.1000000008E+01
   379    0.1000000006E+01
   380    0.1000000005E+01
   381    0.1000000004E+01
   382    0.1000000003E+01
   383    0.1000000003E+01
   384    0.1000000002E+01
   385    0.1000000002E+01
   386    0.1000000001E+01
   387    0.1000000001E+01
   388    0.1000000001E+01
   389    0.1000000001E+01
   390    0.1000000001E+01
   391    0.1000000000E+01
   392    0.1000000000E+01
   393    0.1000000000E+01
   394    0.1000000000E+01
   395    0.1000000000E+01
   396    0.1000000000E+01
   397    0.1000000000E+01
   398    0.1000000000E+01
   399    0.1000000000E+01
   400    0.1000000000E+01
   401    0.1000000000E+01
   402    0.1000000000E+01
   403    0.1000000000E+01
   404    0.1000000000E+01
   405    0.1000000000E+01
   406    0.1000000000E+01
   407    0.1000000000E+01
   408    0.1000000000E+01
   409    0.1000000000E+01
   410    0.1000000000E+01
   411    0.1000000000E+01
   412    0.1000000000E+01
   413    0.1000000000E+01
   414    0.1000000000E+01
   415    0.1000000000E+01
   416    0.1000000000E+01
   417    0.1000000000E+01
   418    0.1000000000E+01
   419    0.1000000000E+01
   420    0.1000000000E+01
   421    0.1000000000E+01
   422    0.1000000000E+01
   423    0.1000000000E+01
   424    0.1000000000E+01
   425    0.1000000000E+01
   426    0.1000000000E+01
   427    0.1000000000E+01
   428    0.1000000000E+01
   429    0.1000000000E+01
   430    0.1000000000E+01
   431    0.1000000000E+01
   432    0.1000000000E+01
   433    0.1000000000E+01
   434    0.1000000000E+01
   435    0.1000000000E+01
   436    0.1000000000E+01
   437    0.1000000000E+01
   438    0.1000000000E+01
   439    0.1000000000E+01
   440    0.1000000000E+01
   441    0.1000000000E+01
   442    0.1000000000E+01
   443    0.1000000000E+01
   444    0.1000000000E+01
   445    0.1000000000E+01
   446    0.1000000000E+01
   447    0.1000000000E+01
   448    0.1000000000E+01
   449    0.1000000000E+01
   450    0.1000000000E+01
   451    0.1000000000E+01
   452    0.1000000000E+01
   453    0.1000000000E+01
   454    0.1000000000E+01
   455    0.1000000000E+01
   456    0.1000000000E+01
   457    0.1000000000E+01
   458    0.1000000000E+01
   459    0.1000000000E+01
   460    0.1000000000E+01
   461    0.1000000000E+01
   462    0.1000000000E+01
   463    0.1000000000E+01
   464    0.1000000000E+01
   465    0.1000000000E+01
   466    0.1000000000E+01
   467    0.1000000000E+01
   468    0.1000000000E+01
   469    0.1000000000E+01
   470    0.1000000000E+01
   471    0.1000000000E+01
   472    0.1000000000E+01
   473    0.1000000000E+01
   474    0.1000000000E+01
   475    0.1000000000E+01
   476    0.1000000000E+01
   477    0.1000000000E+01
   478    0.1000000000E+01
   479    0.1000000000E+01
   480    0.1000000000E+01
   481    0.1000000000E+01
   482    0.1000000000E+01
   483    0.1000000000E+01
   484    0.1000000000E+01
   485    0.1000000000E+01
   486    0.1000000000E+01
   487    0.1000000000E+01
   488    0.1000000000E+01
   489    0.1000000000E+01
   490    0.1000000000E+01
   491    0.1000000000E+01
   492    0.1000000000E+01
   493    0.1000000000E+01
   494    0.1000000000E+01
   495    0.1000000000E+01
   496    0.1000000000E+01
   497    0.1000000000E+01
   498    0.1000000000E+01
   499    0.1000000000E+01
   500    0.8359375000E+00
   501    0.1640625000E+00
   502    0.0000000000E+00
