    -1   -0.1185732994E+01
     0   -0.3124875058E+01
     1   -0.1689159285E+01
     2   -0.4201434935E+00
     3   -0.7033181965E-01
     4    0.6414887907E-01
     5   -0.6833098436E-01
     6   -0.9211524123E-02
     7    0.1050753422E+00
     8    0.4158050490E-02
     9    0.2713677534E-01
    10   -0.1103988994E+00
    11   -0.2818663012E-01
    12    0.6706825849E-01
    13   -0.8093075787E-01
    14   -0.2862435901E-01
    15   -0.7237021127E-01
    16   -0.1388544639E+00
    17   -0.7805426039E-01
    18   -0.1325480862E+00
    19   -0.4730564229E-01
    20   -0.6362758830E-01
    21   -0.2292750902E+00
    22   -0.6077227163E-01
    23   -0.6590585303E-01
    24   -0.1253828664E+00
    25   -0.1076971242E+00
    26   -0.4024364297E-01
    27   -0.7861944014E-01
    28   -0.1824862667E+00
    29   -0.4197711437E-01
    30    0.1180777280E+00
    31    0.5647838003E-01
    32   -0.1530038040E+00
    33   -0.4565663822E-01
    34    0.2245242079E+00
    35    0.1223300310E+00
    36   -0.3427169574E-01
    37    0.9437095994E-01
    38    0.1279172669E+00
    39    0.1479350152E+00
    40    0.7763423046E-01
    41    0.1349911836E+00
    42    0.1507680301E+00
    43    0.5114908119E-01
    44    0.8655619321E-01
    45    0.1502469138E-01
    46    0.1484716016E+00
    47    0.2021883704E+00
    48   -0.9117696148E-01
    49    0.1472254993E-01
    50    0.5889609008E-01
    51    0.8545177438E-01
    52    0.8470066740E-01
    53   -0.1854089878E-01
    54    0.3712594627E-01
    55   -0.8286807166E-01
    56   -0.1517338387E+00
    57    0.8623597207E-01
    58   -0.7910056785E-01
    59   -0.7055474500E-01
    60   -0.1668747543E-01
    61   -0.1796580037E+00
    62    0.1228127183E-02
    63   -0.1121881078E+00
    64   -0.6316188088E-01
    65   -0.9791451678E-01
    66   -0.1500286245E+00
    67   -0.9897872735E-01
    68   -0.1115394203E+00
    69   -0.1325760908E+00
    70   -0.1179187124E+00
    71   -0.1144189555E+00
    72   -0.8807701481E-01
    73   -0.5615264488E-01
    74    0.6086985993E-01
    75   -0.1977563741E-01
    76    0.4871579161E-01
    77   -0.9535150159E-02
    78   -0.9687459688E-01
    79    0.2608888266E-01
    80    0.1212885419E+00
    81    0.7335539714E-01
    82    0.1499277314E+00
    83    0.9640384590E-01
    84    0.1449547127E+00
    85    0.1588328899E+00
    86    0.3734324539E-01
    87    0.1291981920E+00
    88    0.1664843865E+00
    89    0.3510117054E-01
    90    0.7962552322E-01
    91    0.5017939448E-01
    92    0.2408944388E-01
    93    0.8762478251E-01
    94   -0.4400239998E-01
    95    0.2204025798E+00
    96    0.2965158421E-01
    97    0.4309893605E-01
    98    0.4291662813E-01
    99   -0.3853374703E-01
   100   -0.1271681228E-01
   101   -0.7160859640E-01
   102   -0.1366060104E+00
   103   -0.5048606539E-01
   104   -0.1158094430E+00
   105    0.6701401574E-01
   106   -0.6910690909E-01
   107   -0.4695063420E-01
   108   -0.1200058446E+00
   109   -0.1044896840E+00
   110   -0.8274840752E-01
   111   -0.1449604067E+00
   112   -0.1010751533E+00
   113   -0.7343823428E-01
   114   -0.1507762067E+00
   115   -0.1590687930E+00
   116   -0.2164810236E+00
   117   -0.6981404715E-01
   118    0.1398993195E+00
   119   -0.3226875609E-01
   120   -0.1749196576E-01
   121    0.4798242398E-01
   122   -0.2085155182E-01
   123   -0.4134277796E-01
   124   -0.4136334625E-01
   125    0.9948472159E-02
   126    0.1932610812E+00
   127    0.1837078230E+00
   128    0.8809472426E-01
   129    0.1508057152E+00
   130    0.1012241019E+00
   131    0.7614830880E-01
   132    0.1468889403E+00
   133    0.1098123324E+00
   134    0.7669941258E-01
   135    0.1126569010E+00
   136    0.2446754256E-01
   137   -0.1632586165E-01
   138    0.5737582118E-01
   139    0.4221662316E-01
   140    0.1729032953E+00
   141    0.6222139681E-01
   142    0.3826928376E-01
   143    0.7241836960E-02
   144    0.9150382329E-03
   145   -0.2761746966E-01
   146   -0.8356322049E-01
   147   -0.1013388113E+00
   148   -0.9091716323E-01
   149   -0.9242612575E-01
   150    0.9352458033E-02
   151   -0.1329005958E-01
   152   -0.8321935081E-01
   153   -0.1219662384E+00
   154   -0.6931215461E-01
   155   -0.1318752967E+00
   156   -0.1393489931E+00
   157   -0.7610587222E-01
   158   -0.1481098151E+00
   159   -0.1644403383E+00
   160   -0.1513260724E+00
   161   -0.1549254460E+00
   162    0.3464338182E-01
   163    0.3192419178E-01
   164   -0.3511885429E-01
   165    0.1246356336E-01
   166   -0.4629465145E-01
   167   -0.9082923098E-01
   168    0.5053365686E-02
   169    0.2236613405E-01
   170    0.1681952810E+00
   171    0.1568900080E+00
   172    0.1212906510E+00
   173    0.1051869588E+00
   174    0.9760599791E-01
   175    0.1013216604E+00
   176    0.1067955580E+00
   177    0.1045529484E+00
   178    0.1109957957E+00
   179    0.9469214669E-01
   180    0.8413063637E-01
   181    0.8149003602E-01
   182    0.3420764029E-01
   183    0.4577548478E-01
   184    0.1626729804E-01
   185   -0.4477582292E-01
   186    0.3164194065E-01
   187    0.5409541444E-01
   188    0.1845757143E-01
   189   -0.9558527185E-02
   190   -0.3852163331E-01
   191   -0.2370520568E-01
   192   -0.7770317444E-01
   193   -0.1222997038E+00
   194   -0.5621402465E-01
   195   -0.8816083387E-01
   196   -0.1278333594E+00
   197   -0.5978280012E-01
   198   -0.8190991738E-01
   199   -0.1151784980E+00
   200   -0.5267209459E-01
   201   -0.7411115318E-01
   202   -0.8843490144E-01
   203   -0.2352407012E-01
   204   -0.7019072275E-01
   205   -0.6652680118E-01
   206    0.5748463788E-01
   207   -0.5666740726E-01
   208   -0.6114264958E-01
   209    0.6344443513E-01
   210    0.1392252816E+00
   211    0.7806940980E-01
   212    0.2249745913E-01
   213    0.1372356009E-01
   214    0.4378111586E-01
   215    0.7905794007E-01
   216    0.7095983210E-01
   217    0.8504279820E-01
   218    0.5910005604E-01
   219    0.6794537031E-01
   220    0.6037270589E-01
   221    0.2874623636E-01
   222    0.8153661739E-01
   223    0.5498756130E-01
   224    0.2279007274E-01
   225    0.4066448474E-01
   226    0.1931347201E-01
   227   -0.5655949909E-02
   228   -0.5067453819E-02
   229    0.1854888412E-01
   230    0.7103745610E-01
   231    0.9462566610E-01
   232    0.8674366621E-03
   233   -0.1680934303E+00
   234   -0.1063833412E+00
   235    0.1557815556E+00
   236    0.1654198899E+00
   237   -0.1095059719E+00
   238   -0.1582553259E+00
   239   -0.3584488582E-01
   240    0.5390446693E-01
   241    0.1019824278E+00
   242   -0.5496944093E-01
   243   -0.1343454666E+00
   244   -0.4750964955E-01
   245   -0.1018395355E-01
   246    0.7167691347E-02
   247    0.4554500687E-01
   248    0.2757817974E-01
   249   -0.5914882575E-01
   250   -0.9281099859E-01
   251   -0.4830318239E-01
   252   -0.1874176583E-01
   253   -0.2107726912E-01
   254   -0.1133705670E-01
   255   -0.2010402335E-02
   256   -0.1133657069E-01
   257   -0.1807579738E-01
   258   -0.9312772961E-02
   259   -0.8701462642E-02
   260   -0.2218278669E-01
   261   -0.2307204161E-01
   262   -0.1516843616E-01
   263   -0.7730213899E-02
   264   -0.9913991125E-02
   265   -0.2820287350E-01
   266   -0.6206871637E-02
   267    0.3342957086E-01
   268    0.2457923862E-02
   269   -0.1373115402E-01
   270   -0.6471248228E-02
   271   -0.1068369981E-01
   272   -0.6879472163E-02
   273    0.2822037445E-02
   274   -0.9201109742E-02
   275   -0.6824620025E-02
   276    0.5190482548E-02
   277   -0.4468843181E-02
   278   -0.1039185244E-02
   279    0.9562859222E-02
   280   -0.3210076731E-02
   281   -0.2661305779E-01
   282   -0.2405853400E-01
   283    0.2774411544E-01
   284    0.2725202805E-01
   285    0.4571424508E-02
   286   -0.5041121097E-02
   287    0.2069792661E-02
   288    0.3111769907E-02
   289    0.1306730927E-02
   290    0.6774421815E-02
   291    0.5790750438E-02
   292    0.2419479094E-03
   293    0.4366252060E-02
   294    0.7372907868E-02
   295    0.3615002547E-02
   296    0.2211252751E-02
   297    0.4920516406E-02
   298    0.4123560133E-02
   299   -0.4621309228E-02
   300   -0.8817059235E-02
   301    0.6174428417E-02
   302    0.1431238512E-01
   303    0.8250389729E-02
   304    0.2998393213E-02
   305    0.1450468177E-03
   306    0.8852106580E-03
   307    0.3019319124E-02
   308    0.4306118786E-02
   309    0.4152410881E-02
   310    0.2085293855E-02
   311    0.1037700744E-02
   312    0.2064642524E-02
   313    0.2784841991E-02
   314    0.2085644258E-02
   315    0.1670413659E-02
   316    0.2350083086E-02
   317    0.1671512256E-02
   318    0.9589970331E-03
   319    0.1616873759E-02
   320    0.2050689573E-02
   321    0.1511540861E-02
   322    0.1018857820E-02
   323    0.1226267857E-02
   324    0.1212306197E-02
   325    0.9910357092E-03
   326    0.9831421363E-03
   327    0.9378551616E-03
   328    0.6660429688E-03
   329    0.5526678770E-03
   330    0.6931757341E-03
   331    0.7639949830E-03
   332    0.6570472818E-03
   333    0.4783319718E-03
   334    0.4141616825E-03
   335    0.3973815307E-03
   336    0.4164197431E-03
   337    0.4289980084E-03
   338    0.2906999862E-03
   339    0.2102220785E-03
   340    0.2575968819E-03
   341    0.2608360891E-03
   342    0.2194063061E-03
   343    0.1672066839E-03
   344    0.1378363384E-03
   345    0.1712576831E-03
   346    0.1590157610E-03
   347    0.1144765035E-03
   348    0.1148756817E-03
   349    0.1030972327E-03
   350    0.6579215219E-04
   351    0.6660302239E-04
   352    0.7864177366E-04
   353    0.5706709277E-04
   354    0.4609369549E-04
   355    0.4753112198E-04
   356    0.4180096522E-04
   357    0.3618821601E-04
   358    0.3010972103E-04
   359    0.2562156077E-04
   360    0.2171671885E-04
   361    0.1979855768E-04
   362    0.1773424215E-04
   363    0.1615332089E-04
   364    0.1598815019E-04
   365    0.1235352453E-04
   366    0.8855951825E-05
   367    0.8493982100E-05
   368    0.7464457516E-05
   369    0.5277000111E-05
   370    0.5229149717E-05
   371    0.5602796869E-05
   372    0.4863152884E-05
   373    0.3557564019E-05
   374    0.2779562796E-05
   375    0.2552598972E-05
   376    0.2158535923E-05
   377    0.1894083104E-05
   378    0.1735635429E-05
   379    0.1539953510E-05
   380    0.1156413806E-05
   381    0.8972965885E-06
   382    0.8002644417E-06
   383    0.7415067738E-06
   384    0.6319733079E-06
   385    0.4686260171E-06
   386    0.3853925670E-06
   387    0.3684608973E-06
   388    0.3433907522E-06
   389    0.2768251694E-06
   390    0.2217175515E-06
   391    0.1739127846E-06
   392    0.1319490673E-06
   393    0.1154651355E-06
   394    0.1103634121E-06
   395    0.9819908313E-07
   396    0.7424766547E-07
   397    0.5468631388E-07
   398    0.4363738549E-07
   399    0.3907388632E-07
   400    0.3735276819E-07
   401    0.3066904671E-07
   402    0.2266083357E-07
   403    0.1885291492E-07
   404    0.1555383631E-07
   405    0.1201562527E-07
   406    0.1064171746E-07
   407    0.9022813735E-08
   408    0.6947904221E-08
   409    0.5681462328E-08
   410    0.4787430681E-08
   411    0.3494363807E-08
   412    0.2970693256E-08
   413    0.3031999598E-08
   414    0.2368677949E-08
   415    0.1516025722E-08
   416    0.1256792434E-08
   417    0.1096877592E-08
   418    0.8860764006E-09
   419    0.7294043757E-09
   420    0.5683161802E-09
   421    0.4705062610E-09
   422    0.3819335929E-09
   423    0.2907631212E-09
   424    0.2582631225E-09
   425    0.2028210975E-09
   426    0.1438738167E-09
   427    0.1173112894E-09
   428    0.1042679598E-09
   429    0.8109166920E-10
   430    0.5894127054E-10
   431    0.4871001569E-10
   432    0.3941099022E-10
   433    0.3265454967E-10
   434    0.2593517166E-10
   435    0.1803419938E-10
   436    0.1500267625E-10
   437    0.1283712287E-10
   438    0.9684156909E-11
   439    0.7580127661E-11
   440    0.5869873205E-11
   441    0.4523350238E-11
   442    0.3690227759E-11
   443    0.2764118565E-11
   444    0.2119269112E-11
   445    0.1825509998E-11
   446    0.1451664685E-11
   447    0.1021542103E-11
   448    0.7509196950E-12
   449    0.6017251507E-12
   450    0.4970914882E-12
   451    0.4062764592E-12
   452    0.3018880429E-12
   453    0.2222157390E-12
   454    0.1721828635E-12
   455    0.1333276645E-12
   456    0.1011804207E-12
   457    0.7891887727E-13
   458    0.6302841728E-13
   459    0.4933441192E-13
   460    0.3618952022E-13
   461    0.2609624238E-13
   462    0.2058919854E-13
   463    0.1619401873E-13
   464    0.1254864971E-13
   465    0.9187877913E-14
   466    0.6994600651E-14
   467    0.5578919598E-14
   468    0.4295187551E-14
   469    0.3467715285E-14
   470    0.2754307963E-14
   471    0.1590633198E-14
   472    0.9319531302E-15
   473    0.9338165668E-15
   474    0.5873377308E-15
   475   -0.9602685393E-16
   476    0.1286489524E-15
   477    0.6150293260E-15
   478    0.7088688438E-15
   479   -0.1003385452E-15
   480    0.1414488174E-15
   481    0.1463845068E-15
   482    0.3659612670E-16
   483    0.9149031676E-17
   484    0.2287257919E-17
   485    0.5718144797E-18
   486    0.1429536199E-18
   487    0.3573840498E-19
   488    0.8934601246E-20
   489    0.2233650311E-20
   490    0.5584125779E-21
   491    0.1396031445E-21
   492    0.3490078612E-22
   493    0.8725196529E-23
   494    0.2181299132E-23
   495    0.5453247831E-24
   496    0.5551115137E-16
   497    0.1804112415E-15
   498    0.1561251128E-15
   499    0.8928571429E+00
   500    0.2901785714E+01
   501    0.2511160714E+01
   502    0.6277901786E+00
