    -1   -0.1057863473E+01
     0   -0.3283224757E+01
     1   -0.1838453965E+01
     2    0.2550997858E-01
     3   -0.1255984256E+01
     4    0.1948108376E+01
     5    0.9254941413E+00
     6   -0.4324210505E+00
     7    0.5535341080E+00
     8    0.4330400896E+00
     9   -0.3575415651E+00
    10   -0.1333863382E+00
    11   -0.1003508181E+01
    12    0.1840343148E+01
    13    0.2901383010E+00
    14   -0.6274893902E+00
    15    0.1354573139E+00
    16    0.8450943577E+00
    17   -0.7990512785E+00
    18    0.8762554623E-01
    19   -0.5498977664E+00
    20   -0.1149786209E+00
    21    0.5230082528E+00
    22    0.3932100575E+00
    23   -0.1343155650E+01
    24   -0.1877481684E+00
    25    0.1537070052E+01
    26   -0.2256507998E+00
    27   -0.7905145995E+00
    28   -0.1115231500E+01
    29    0.3225801101E+00
    30    0.2303844244E+01
    31   -0.1565651378E+01
    32   -0.2051412452E+01
    33    0.1907249807E+01
    34   -0.7957760584E+00
    35   -0.3830293926E+01
    36   -0.7678307014E-02
    37    0.2204030454E-02
    38    0.2113519324E+01
    39   -0.2332565726E+01
    40   -0.2643107568E+01
    41    0.4047333532E-01
    42   -0.1994472518E+01
    43    0.1600772497E+01
    44   -0.6591447690E+00
    45    0.2371731720E+01
    46    0.3164592150E+00
    47    0.2826351727E-01
    48    0.8251115850E+00
    49    0.3749001047E+01
    50   -0.1365419980E+01
    51    0.2159618288E+00
    52    0.4292021260E+00
    53    0.6854975226E+00
    54    0.8459737081E+00
    55    0.1738311455E+01
    56   -0.1921632680E+01
    57    0.1342624706E+00
    58    0.4596577415E+00
    59    0.2140561829E+00
    60    0.1045215527E+01
    61    0.6956826207E+00
    62   -0.1040254789E+01
    63   -0.4275264439E+00
    64    0.2249722679E+00
    65    0.5143460629E-01
    66   -0.5778050057E+00
    67    0.2387865203E+00
    68    0.3140423021E+00
    69   -0.3812691432E+00
    70    0.4208758587E+00
    71   -0.1189758319E+01
    72    0.1253884420E+01
    73    0.1615818683E+01
    74   -0.3376099838E+00
    75   -0.1818299176E+01
    76    0.4857846808E+00
    77   -0.2059568127E+00
    78   -0.1365348374E+01
    79    0.2270753362E+00
    80   -0.2764209933E+00
    81    0.1593395273E+01
    82   -0.2219243423E+01
    83   -0.2303157087E+01
    84    0.9849743879E+00
    85   -0.3061356698E+01
    86    0.1147487581E+00
    87    0.3039983329E+01
    88   -0.1704555487E+01
    89   -0.5007897966E+01
    90    0.7139257541E+00
    91    0.4197123768E+00
    92   -0.5449030849E+00
    93    0.1760433944E+01
    94   -0.5533637096E+00
    95    0.2516737236E+01
    96    0.7601628223E+00
    97    0.9528104795E-01
    98    0.1088144703E+01
    99    0.1112738987E+01
   100    0.8905469829E-01
   101    0.6377226960E+00
   102    0.1386942435E+01
   103   -0.7175697863E+00
   104    0.4292972246E+00
   105    0.9755149873E-01
   106    0.7938380057E+00
   107    0.4080484719E+00
   108   -0.6777249577E+00
   109   -0.3166506154E+00
   110    0.7457793677E+00
   111    0.7394158356E+00
   112   -0.6953291812E+00
   113   -0.4130381168E+00
   114    0.9989858036E+00
   115   -0.8875828000E+00
   116   -0.6005031859E-01
   117    0.1154583733E+01
   118   -0.1487380081E+00
   119   -0.1042829910E+01
   120   -0.5857864485E+00
   121    0.1355021280E+01
   122   -0.2606164516E-02
   123   -0.5047928377E+00
   124   -0.5336755425E+00
   125   -0.9882801444E+00
   126    0.7042094596E+00
   127    0.6606376120E+00
   128   -0.1067622024E+01
   129   -0.1101894411E+01
   130   -0.1350129830E+01
   131    0.1242717459E+01
   132   -0.4837771719E+00
   133   -0.1153753765E+00
   134   -0.1710399054E+01
   135   -0.9202830978E+00
   136   -0.1615865953E+01
   137   -0.1211319749E+01
   138   -0.5305929584E+00
   139   -0.3193807324E+00
   140    0.9716952616E-01
   141    0.4819811821E+00
   142    0.1080440853E+01
   143    0.8715892842E+00
   144    0.1186250697E+01
   145    0.9444749590E+00
   146    0.6181925061E+00
   147    0.1015041293E+01
   148    0.9285308877E+00
   149   -0.2536913655E+00
   150    0.8100860058E+00
   151    0.4504949417E+00
   152    0.4876402483E+00
   153   -0.8495507327E+00
   154    0.9684307464E+00
   155    0.4444459312E+00
   156    0.3781995463E-01
   157   -0.7338355785E+00
   158    0.5476450939E+00
   159    0.4824242073E+00
   160   -0.1069376595E+00
   161    0.3806941371E-01
   162   -0.7829029751E+00
   163    0.7990033364E+00
   164    0.4193066382E+00
   165   -0.4791241956E+00
   166   -0.6827848486E+00
   167    0.1601091152E+00
   168    0.4721595809E+00
   169    0.5372457587E+00
   170   -0.1134764394E+01
   171   -0.1477110277E+01
   172    0.1445193070E+01
   173    0.4897678537E+00
   174   -0.1360978757E+01
   175   -0.1912877578E+01
   176    0.1314561023E+00
   177   -0.4019750763E+00
   178   -0.1306041897E+01
   179    0.3201713231E+00
   180   -0.1102517786E+01
   181   -0.9964219702E-01
   182   -0.2568788741E+00
   183    0.3336916694E+00
   184   -0.2929899757E+00
   185   -0.5145650574E+00
   186    0.3086642052E+00
   187    0.4733076636E+00
   188   -0.3604651365E+00
   189    0.1935311268E+00
   190    0.1061143505E+01
   191    0.7828704248E+00
   192    0.6243312863E+00
   193   -0.2029254018E+00
   194   -0.1769478755E+00
   195    0.5125532834E+00
   196    0.3988908047E-01
   197    0.3796881211E-01
   198    0.6106975700E+00
   199    0.4916781535E-01
   200   -0.3491814446E-01
   201    0.4167607181E+00
   202   -0.2702981508E-01
   203    0.2514060836E+00
   204   -0.3204766368E+00
   205    0.9882415525E-01
   206    0.2684532227E-01
   207   -0.1197089988E+00
   208    0.2450493506E+00
   209    0.1155168204E+00
   210   -0.7658867344E-01
   211   -0.2875010291E+00
   212    0.1086602004E+00
   213   -0.4027088232E+00
   214   -0.3498140387E+00
   215    0.6707801590E-01
   216    0.3291186307E+00
   217    0.1258058190E+00
   218   -0.4353215196E+00
   219   -0.7083187138E+00
   220    0.3383197965E+00
   221    0.6222385637E+00
   222    0.1167752145E+00
   223   -0.5119867703E+00
   224   -0.5223225120E+00
   225    0.1870345930E+00
   226    0.4800649909E+00
   227   -0.2955648716E-01
   228   -0.2933340303E+00
   229   -0.2163581367E+00
   230    0.4015467168E-03
   231    0.2404070496E+00
   232    0.1427197325E+00
   233   -0.1521124073E+00
   234   -0.2054531157E+00
   235   -0.9295144417E-01
   236    0.6220232269E-01
   237    0.8110839369E-01
   238    0.7487517980E-02
   239   -0.1900936794E-02
   240   -0.1257430006E-01
   241   -0.5215393312E-01
   242    0.1723485562E-02
   243    0.3002826685E-01
   244   -0.7173986473E-01
   245   -0.4904433806E-01
   246    0.2074294536E-01
   247   -0.2374064133E-01
   248    0.3497016492E-02
   249    0.8098948996E-01
   250    0.5122911343E-01
   251   -0.1265196277E-01
   252   -0.3957975149E-01
   253   -0.2684300458E-01
   254   -0.1172321988E-01
   255    0.4146205870E-02
   256    0.9409747430E-02
   257   -0.5367547238E-02
   258   -0.6053830933E-02
   259    0.3312797226E-02
   260   -0.2319923859E-01
   261   -0.4607680088E-01
   262   -0.1654101222E-01
   263    0.3346312400E-01
   264    0.3433782187E-01
   265    0.4201450843E-01
   266    0.2371390580E-01
   267   -0.6189609250E-02
   268   -0.1342236824E-01
   269   -0.6214042329E-02
   270   -0.1355635096E-02
   271    0.6489307146E-02
   272    0.1134818620E-01
   273    0.5613907897E-02
   274    0.1273609372E-02
   275    0.5206604273E-02
   276    0.9234129590E-02
   277    0.3521291068E-02
   278   -0.1287418504E-02
   279   -0.7490695441E-02
   280   -0.2039218073E-01
   281   -0.2977021195E-02
   282    0.2740635721E-01
   283    0.1683852737E-01
   284    0.6367584084E-02
   285    0.4729933489E-04
   286   -0.2341509891E-02
   287    0.5257934439E-04
   288    0.3074222825E-02
   289    0.4568172902E-02
   290    0.3599241743E-02
   291    0.1686320607E-02
   292    0.5785057276E-03
   293    0.1948254102E-02
   294    0.2701021254E-02
   295    0.1708345379E-02
   296    0.1946195907E-02
   297    0.2240364638E-02
   298    0.7658465873E-03
   299    0.7473246964E-03
   300    0.2409486593E-02
   301    0.2162080730E-02
   302    0.9820256528E-03
   303    0.1083737608E-02
   304    0.1360206636E-02
   305    0.9552691916E-03
   306    0.9935305448E-03
   307    0.1121605747E-02
   308    0.6840213007E-03
   309    0.3566106929E-03
   310    0.4951573891E-03
   311    0.8310614688E-03
   312    0.9526138027E-03
   313    0.5342176830E-03
   314    0.3191827749E-03
   315    0.4036546687E-03
   316    0.3659117725E-03
   317    0.5035971426E-03
   318    0.4160344528E-03
   319    0.1335594453E-03
   320    0.1730150608E-03
   321    0.3004744683E-03
   322    0.2613436426E-03
   323    0.1860448872E-03
   324    0.9975728528E-04
   325    0.1476330106E-03
   326    0.2157141839E-03
   327    0.1377836793E-03
   328    0.1076293095E-03
   329    0.1271188825E-03
   330    0.7420266519E-04
   331    0.4050362302E-04
   332    0.8487509414E-04
   333    0.7676596379E-04
   334    0.3945279614E-04
   335    0.4636740032E-04
   336    0.4793952577E-04
   337    0.4135757252E-04
   338    0.3277556166E-04
   339    0.2605674428E-04
   340    0.2233247663E-04
   341    0.1882353003E-04
   342    0.1787252524E-04
   343    0.1708406807E-04
   344    0.1855483305E-04
   345    0.1697185210E-04
   346    0.8999731094E-05
   347    0.7001952316E-05
   348    0.8950074691E-05
   349    0.4892192419E-05
   350    0.3543981977E-05
   351    0.6110464811E-05
   352    0.6361735027E-05
   353    0.4628547603E-05
   354    0.2664253687E-05
   355    0.2460644919E-05
   356    0.2259260179E-05
   357    0.1924346249E-05
   358    0.1895023947E-05
   359    0.1854154869E-05
   360    0.1419807888E-05
   361    0.8599925975E-06
   362    0.7626483045E-06
   363    0.7560594049E-06
   364    0.7292894110E-06
   365    0.5387059398E-06
   366    0.3387860878E-06
   367    0.3599754507E-06
   368    0.4025090209E-06
   369    0.3332965302E-06
   370    0.2634801872E-06
   371    0.2034135884E-06
   372    0.1268955792E-06
   373    0.1002132077E-06
   374    0.1146633515E-06
   375    0.1195944482E-06
   376    0.9267010651E-07
   377    0.5975332108E-07
   378    0.3867233993E-07
   379    0.3533325699E-07
   380    0.4087894087E-07
   381    0.3843264263E-07
   382    0.2633620286E-07
   383    0.1950328001E-07
   384    0.1742415324E-07
   385    0.1245706421E-07
   386    0.1038561086E-07
   387    0.1029237246E-07
   388    0.7940972535E-08
   389    0.5976028891E-08
   390    0.5090071849E-08
   391    0.3881098231E-08
   392    0.2658199746E-08
   393    0.3275808840E-08
   394    0.3399222631E-08
   395    0.1789202843E-08
   396    0.1063744190E-08
   397    0.1162749921E-08
   398    0.9633598980E-09
   399    0.8120791208E-09
   400    0.6319656798E-09
   401    0.4925978805E-09
   402    0.4440011348E-09
   403    0.3121195438E-09
   404    0.2762093033E-09
   405    0.2544742259E-09
   406    0.1622713230E-09
   407    0.1118384521E-09
   408    0.1126909877E-09
   409    0.9885518600E-10
   410    0.6610395169E-10
   411    0.4869222982E-10
   412    0.4362956846E-10
   413    0.3698029290E-10
   414    0.3106543818E-10
   415    0.2067989784E-10
   416    0.1427105546E-10
   417    0.1460210397E-10
   418    0.1165884223E-10
   419    0.8429909965E-11
   420    0.6628742798E-11
   421    0.4931399933E-11
   422    0.4076984633E-11
   423    0.3169387335E-11
   424    0.2186259597E-11
   425    0.1981417136E-11
   426    0.1788923702E-11
   427    0.1240450582E-11
   428    0.7839697102E-12
   429    0.5857917315E-12
   430    0.5351092582E-12
   431    0.4720622702E-12
   432    0.3690925046E-12
   433    0.2525615753E-12
   434    0.1888731514E-12
   435    0.1483040942E-12
   436    0.1101286986E-12
   437    0.8470866041E-13
   438    0.7182415171E-13
   439    0.5976981259E-13
   440    0.4530705287E-13
   441    0.2820215319E-13
   442    0.2081730380E-13
   443    0.1924170832E-13
   444    0.1384486694E-13
   445    0.1021276050E-13
   446    0.8312472066E-14
   447    0.6074920905E-14
   448    0.5015932754E-14
   449    0.3640962691E-14
   450    0.2520064059E-14
   451    0.2017794795E-14
   452    0.1226093665E-14
   453    0.1236335199E-14
   454    0.7531730097E-15
   455    0.3964600695E-15
   456    0.1268705930E-15
   457    0.4202957069E-15
   458    0.4381408341E-15
   459    0.7201578721E-15
   460    0.6241286779E-15
   461    0.3780767744E-15
   462   -0.7201426010E-16
   463   -0.3510704724E-15
   464   -0.2543010718E-15
   465   -0.3966421753E-15
   466   -0.3212051488E-15
   467   -0.4688793458E-15
   468    0.4931361724E-16
   469    0.1788618580E-15
   470    0.1557377670E-15
   471   -0.1831101632E-15
   472   -0.4898667506E-15
   473   -0.6695553643E-16
   474    0.1497945696E-15
   475    0.2039820961E-15
   476    0.1620178265E-15
   477   -0.1815401483E-15
   478   -0.4339630957E-15
   479    0.5804267977E-16
   480    0.1255329724E-15
   481    0.8689439433E-16
   482    0.1327459010E-15
   483    0.3318647526E-16
   484    0.8296618815E-17
   485    0.2074154704E-17
   486    0.5185386760E-18
   487    0.1296346690E-18
   488    0.3240866725E-19
   489    0.8102166812E-20
   490    0.5551317677E-16
   491    0.1804117479E-15
   492   -0.6591936549E-16
   493   -0.6271025049E-15
   494   -0.4343313824E-15
   495    0.1689729106E-15
   496    0.3753101350E-15
   497    0.2048498362E-15
   498    0.3287682152E-15
   499    0.8928571429E+00
   500    0.2901785714E+01
   501    0.2511160714E+01
   502    0.6277901786E+00
