    -1   -0.2358545287E+01
     0   -0.3458279736E+01
     1   -0.1853508832E+01
     2   -0.2345048496E+01
     3   -0.3008044709E+01
     4    0.4424326634E+00
     5    0.1398130808E+01
     6    0.1082584431E+01
     7    0.1206148112E+01
     8    0.2374012277E+01
     9   -0.1054408263E+01
    10    0.2041825052E+00
    11   -0.7499820447E+00
    12    0.1914136486E+01
    13    0.9984973422E+00
    14   -0.6914908380E+00
    15    0.4900339976E+00
    16    0.5434990459E+00
    17    0.7680822145E+00
    18    0.8595752643E-01
    19    0.1674189569E+00
    20   -0.3590204289E+00
    21    0.7489347838E+00
    22    0.8606281429E-01
    23   -0.1341456968E+01
    24    0.1154277702E+01
    25   -0.1995880784E+00
    26    0.5285221483E+00
    27    0.2223113140E+00
    28   -0.4708029157E-01
    29   -0.5738137714E+00
    30   -0.3508228749E+00
    31    0.5429727905E+00
    32   -0.9955710687E+00
    33    0.1993138774E+00
    34    0.1036301151E+01
    35   -0.1568599254E+01
    36    0.9275670112E+00
    37    0.3791395655E+00
    38   -0.1554283412E+01
    39    0.2126104318E+00
    40    0.5008529378E+00
    41   -0.2200110090E+01
    42   -0.1203228790E+00
    43   -0.1607827426E+00
    44   -0.8483458411E+00
    45    0.6801379736E+00
    46   -0.2816884497E+01
    47   -0.1238809802E+01
    48    0.9015190815E+00
    49   -0.1049739395E+01
    50    0.1898007703E+01
    51   -0.1432354344E+01
    52   -0.2565835191E+00
    53    0.4437648830E+00
    54    0.2498728052E+00
    55    0.2094440905E+01
    56   -0.5085089188E+00
    57    0.1695210412E+01
    58    0.1264930264E+01
    59   -0.1175739935E+01
    60    0.5680899684E+00
    61    0.1830771798E+01
    62   -0.2360302119E+00
    63   -0.5640345511E+00
    64    0.6052182820E+00
    65    0.7611497447E+00
    66    0.3045170611E+00
    67   -0.2302355375E+00
    68   -0.6550164219E+00
    69    0.3472475705E+00
    70    0.6302317599E+00
    71    0.8493751889E+00
    72   -0.4997286752E+00
    73   -0.1264825447E+01
    74    0.3139377857E+00
    75    0.1412801194E+01
    76   -0.2871644277E+00
    77   -0.7998024406E+00
    78   -0.6254280013E+00
    79    0.9260256587E+00
    80   -0.9574841901E-01
    81   -0.2690049529E+00
    82   -0.5433679229E+00
    83    0.3724262608E+00
    84   -0.3928486825E+00
    85   -0.3546517734E+00
    86   -0.9933403664E-01
    87   -0.5262670408E+00
    88    0.3142396457E-01
    89   -0.8503784897E+00
    90    0.2129372413E+00
    91   -0.2142506101E+01
    92    0.6149691459E-01
    93    0.3046362992E-01
    94   -0.1711204449E+01
    95   -0.2497051839E-01
    96   -0.1302189406E+01
    97   -0.2444608907E-02
    98    0.4061108406E-01
    99    0.1487517556E-01
   100    0.9324313286E+00
   101    0.4317859901E+00
   102    0.4787487408E+00
   103    0.1470008306E+01
   104    0.9057088770E-01
   105    0.6959232659E+00
   106    0.1166460607E+01
   107   -0.6592626077E-01
   108    0.1049247556E-01
   109    0.1463626171E+01
   110   -0.1098455966E+00
   111   -0.4172267436E+00
   112    0.2216113413E+00
   113    0.1331370041E+01
   114   -0.2309937787E+00
   115   -0.7252017996E+00
   116    0.1057376891E+00
   117    0.1142872568E+01
   118   -0.2482812806E+00
   119    0.5911092719E-01
   120   -0.1215951419E+01
   121    0.1074380589E+01
   122    0.5275624196E+00
   123   -0.2553828676E+00
   124   -0.1275707354E+01
   125    0.4419815599E+00
   126    0.8823279491E+00
   127   -0.3901733320E+00
   128   -0.6177322575E+00
   129   -0.5456848440E+00
   130    0.9172303049E+00
   131   -0.6374944790E+00
   132   -0.3914152265E+00
   133   -0.5001235443E+00
   134    0.5161036224E+00
   135   -0.1234833075E+01
   136   -0.4206565132E+00
   137    0.2372290221E+00
   138   -0.1759748421E+01
   139   -0.1278941844E+00
   140   -0.7688710856E+00
   141   -0.1138965314E+01
   142   -0.5108208136E-01
   143   -0.9513150208E+00
   144    0.1122565696E-01
   145   -0.2583418187E+00
   146    0.2902444745E-01
   147    0.1169452389E+01
   148    0.2807400234E+00
   149    0.1481416711E+01
   150   -0.2503642216E+00
   151    0.1319362661E+01
   152    0.8447973225E+00
   153    0.5244441698E-01
   154    0.5388102556E+00
   155    0.4518263323E+00
   156    0.2322756401E+00
   157    0.5273736773E+00
   158   -0.1174494370E+00
   159    0.3853894068E+00
   160   -0.1487662998E+00
   161    0.8735456745E+00
   162   -0.4500346671E+00
   163   -0.1581770762E+00
   164    0.4111944966E+00
   165    0.6864440476E+00
   166   -0.7368472543E+00
   167   -0.4763286686E+00
   168    0.8315851748E+00
   169    0.5083090949E-02
   170   -0.1461648722E+00
   171   -0.6751506888E+00
   172    0.3170715771E-01
   173    0.3324824859E-01
   174    0.6390343401E+00
   175   -0.9026161855E+00
   176   -0.8257370991E+00
   177    0.1079097396E+00
   178   -0.1260011381E+00
   179   -0.1565373287E+01
   180    0.2070008746E+00
   181   -0.6841885749E-01
   182   -0.1352976239E+01
   183    0.4620728487E-01
   184   -0.1512893339E+00
   185   -0.6353443731E-01
   186    0.3689911534E+00
   187   -0.9606705443E+00
   188   -0.8811744119E-01
   189    0.3152348211E+00
   190   -0.1832055737E+00
   191   -0.2783427886E+00
   192    0.4233731227E+00
   193    0.1006639059E+01
   194    0.4877636472E+00
   195    0.7462083882E-01
   196   -0.6793771802E-01
   197    0.1921030617E-01
   198    0.2468762577E+00
   199    0.2286448842E+00
   200    0.1804178494E+00
   201    0.2715164174E+00
   202    0.2621301653E+00
   203    0.1362186351E+00
   204    0.1692045524E+00
   205    0.9053797776E-01
   206   -0.9112558491E-01
   207   -0.9548597471E-01
   208    0.9020061512E-01
   209    0.2247449472E+00
   210    0.9556802744E-01
   211    0.3091201742E-01
   212   -0.1114861706E+00
   213    0.2377873816E-02
   214   -0.7883294142E-01
   215   -0.2472908648E+00
   216    0.8883212835E-02
   217   -0.5695206481E-02
   218    0.1552558132E+00
   219    0.3874987162E-01
   220   -0.5884973262E+00
   221   -0.2834084426E+00
   222    0.4420606567E+00
   223    0.2813882180E+00
   224   -0.1368813990E+00
   225   -0.4122843561E+00
   226   -0.2062670964E+00
   227    0.2124789693E+00
   228    0.1879723765E+00
   229   -0.6850385642E-01
   230   -0.2352051970E+00
   231   -0.1532312778E+00
   232    0.2645382124E-01
   233    0.1704102143E+00
   234    0.1032395623E+00
   235   -0.1205605545E+00
   236   -0.1879097722E+00
   237   -0.7589847363E-01
   238    0.5736647762E-01
   239    0.4855586897E-01
   240   -0.6053514851E-02
   241    0.1065396879E-01
   242   -0.1194689861E-01
   243   -0.4944974452E-01
   244    0.6226693235E-02
   245    0.2004224495E-01
   246   -0.6608570081E-01
   247   -0.3788202932E-01
   248    0.2352836380E-01
   249   -0.3361839037E-01
   250   -0.1669970618E-01
   251    0.7789280932E-01
   252    0.4831212802E-01
   253   -0.3628985290E-02
   254   -0.3296936694E-01
   255   -0.2708247344E-01
   256   -0.1021823023E-01
   257    0.2847945067E-02
   258    0.7663635135E-02
   259   -0.3524143975E-02
   260   -0.5712061182E-02
   261    0.3822925213E-02
   262   -0.1346786320E-01
   263   -0.3399166132E-01
   264   -0.2541098893E-01
   265    0.1937683909E-02
   266    0.3389318578E-01
   267    0.4416981652E-01
   268    0.2878642830E-01
   269   -0.3080504207E-03
   270   -0.1182356988E-01
   271   -0.6194781409E-02
   272   -0.1279314520E-02
   273    0.4183148931E-02
   274    0.9640421610E-02
   275    0.7250419684E-02
   276    0.1989574080E-02
   277    0.3448806444E-02
   278    0.8417802220E-02
   279    0.5942868549E-02
   280    0.7669422006E-03
   281   -0.1478540929E-02
   282   -0.1594080201E-01
   283   -0.1745557739E-01
   284    0.2270305526E-01
   285    0.2060664014E-01
   286    0.9089988439E-02
   287    0.2037937113E-02
   288   -0.1960086021E-02
   289   -0.8920090293E-03
   290    0.2503126883E-02
   291    0.4281878427E-02
   292    0.4331627550E-02
   293    0.2285683086E-02
   294    0.5258809148E-03
   295    0.1570316298E-02
   296    0.2716843471E-02
   297    0.2088071544E-02
   298    0.1543744315E-02
   299    0.2514020139E-02
   300    0.1389457926E-02
   301    0.3853494054E-03
   302    0.1863004318E-02
   303    0.2486380666E-02
   304    0.1361856738E-02
   305    0.8818151301E-03
   306    0.1385833574E-02
   307    0.1096803854E-02
   308    0.9216969278E-03
   309    0.1130069669E-02
   310    0.8880971956E-03
   311    0.4584537480E-03
   312    0.4188848637E-03
   313    0.7002345942E-03
   314    0.9410097839E-03
   315    0.7151803116E-03
   316    0.3563366523E-03
   317    0.3843134390E-03
   318    0.3819846302E-03
   319    0.4349944229E-03
   320    0.4876753927E-03
   321    0.2365934260E-03
   322    0.1328454378E-03
   323    0.2636694755E-03
   324    0.2860117911E-03
   325    0.2202193317E-03
   326    0.1284725542E-03
   327    0.1157184888E-03
   328    0.2025687491E-03
   329    0.1709010532E-03
   330    0.1071383449E-03
   331    0.1239608142E-03
   332    0.1021222317E-03
   333    0.4435936208E-04
   334    0.6615414605E-04
   335    0.8902548360E-04
   336    0.4975294098E-04
   337    0.4219179781E-04
   338    0.4930179949E-04
   339    0.4321938556E-04
   340    0.3651022308E-04
   341    0.2817128951E-04
   342    0.2442001580E-04
   343    0.1974695420E-04
   344    0.1838616791E-04
   345    0.1762008611E-04
   346    0.1713315118E-04
   347    0.1845560662E-04
   348    0.1203599053E-04
   349    0.6999521289E-05
   350    0.8654523577E-05
   351    0.6885152709E-05
   352    0.3615123100E-05
   353    0.5104925373E-05
   354    0.6474414828E-05
   355    0.5384275408E-05
   356    0.3262545898E-05
   357    0.2476059162E-05
   358    0.2441914468E-05
   359    0.2011386399E-05
   360    0.1887163665E-05
   361    0.1880943975E-05
   362    0.1627315046E-05
   363    0.1033677947E-05
   364    0.8045270423E-06
   365    0.7542196375E-06
   366    0.7443520626E-06
   367    0.6413395228E-06
   368    0.3985853595E-06
   369    0.3405794929E-06
   370    0.3930727098E-06
   371    0.3657856472E-06
   372    0.2830529167E-06
   373    0.2290258669E-06
   374    0.1574777819E-06
   375    0.1059498747E-06
   376    0.1093147697E-06
   377    0.1190621087E-06
   378    0.1047167909E-06
   379    0.7216444315E-07
   380    0.4598449219E-07
   381    0.3623401242E-07
   382    0.3842289514E-07
   383    0.4057117417E-07
   384    0.3109465246E-07
   385    0.2129254240E-07
   386    0.1845984764E-07
   387    0.1451481756E-07
   388    0.1086943868E-07
   389    0.1057565904E-07
   390    0.8915514958E-08
   391    0.6649220228E-08
   392    0.5386628032E-08
   393    0.4547936978E-08
   394    0.2995616742E-08
   395    0.2900537633E-08
   396    0.3518713256E-08
   397    0.2439197703E-08
   398    0.1227435271E-08
   399    0.1139711591E-08
   400    0.1062597625E-08
   401    0.8663063471E-09
   402    0.7114706014E-09
   403    0.5320584104E-09
   404    0.4677539014E-09
   405    0.3683596231E-09
   406    0.2751198234E-09
   407    0.2722552758E-09
   408    0.1992199327E-09
   409    0.1253341772E-09
   410    0.1113069056E-09
   411    0.1076900160E-09
   412    0.7891085512E-10
   413    0.5305301463E-10
   414    0.4659603464E-10
   415    0.3893259377E-10
   416    0.3356579957E-10
   417    0.2530767526E-10
   418    0.1567920165E-10
   419    0.1464316705E-10
   420    0.1308175577E-10
   421    0.9449232531E-11
   422    0.7345627445E-11
   423    0.5560649997E-11
   424    0.4347546837E-11
   425    0.3600431637E-11
   426    0.2519312680E-11
   427    0.2016670200E-11
   428    0.1896324773E-11
   429    0.1464802587E-11
   430    0.9392422609E-12
   431    0.6538226125E-12
   432    0.5569811431E-12
   433    0.4946970649E-12
   434    0.4173005007E-12
   435    0.2929520170E-12
   436    0.2094970639E-12
   437    0.1653810921E-12
   438    0.1254724227E-12
   439    0.9392917312E-13
   440    0.7713382094E-13
   441    0.6330379816E-13
   442    0.5174166439E-13
   443    0.3466109291E-13
   444    0.2200182731E-13
   445    0.1998192841E-13
   446    0.1558423420E-13
   447    0.1102924148E-13
   448    0.9252115065E-14
   449    0.6892698743E-14
   450    0.4831799155E-14
   451    0.3921057305E-14
   452    0.2742743378E-14
   453    0.2149792458E-14
   454    0.1571343306E-14
   455    0.1045091854E-14
   456    0.5596454012E-15
   457    0.5284894089E-15
   458   -0.3952335845E-15
   459   -0.2653418498E-15
   460    0.1557091425E-15
   461    0.1777051637E-15
   462   -0.6659601154E-16
   463    0.2609067533E-15
   464    0.4538047469E-15
   465    0.2244734892E-15
   466    0.5611837230E-16
   467    0.9729631992E-16
   468    0.1631019581E-15
   469   -0.1473566172E-16
   470    0.5182723580E-16
   471    0.1794902626E-15
   472    0.1558948681E-15
   473    0.3897371703E-16
   474   -0.2123011757E-15
   475   -0.4971645038E-15
   476   -0.9653555033E-16
   477    0.3137726365E-16
   478    0.7844315912E-17
   479    0.5747223021E-16
   480    0.1809015112E-15
   481   -0.6579692465E-16
   482   -0.6825830459E-15
   483   -0.5592238201E-15
   484   -0.2878365256E-16
   485   -0.2292405181E-15
   486   -0.5013993394E-15
   487   -0.1253498348E-15
   488   -0.3133745871E-16
   489    0.4767678655E-16
   490    0.1784526503E-15
   491   -0.1089798865E-16
   492   -0.3357914045E-15
   493   -0.2227257292E-15
   494   -0.3332371885E-15
   495   -0.8330929712E-16
   496   -0.2082732428E-16
   497   -0.5206831070E-17
   498   -0.1301707767E-17
   499    0.8928571429E+00
   500    0.2901785714E+01
   501    0.2511160714E+01
   502    0.6277901786E+00
