    -1   -0.8112594520E+00
     0   -0.2384549512E+01
     1   -0.9216458871E+00
     2    0.1686858669E+01
     3    0.5624698631E+00
     4   -0.1490878486E+01
     5   -0.7034954492E+00
     6    0.1151276246E+01
     7   -0.1370603378E+01
     8   -0.1321136473E+01
     9    0.1441773317E+01
    10    0.1678192419E+00
    11    0.1966702266E+00
    12    0.4483273223E+00
    13   -0.1103260805E+01
    14    0.1480845778E+00
    15    0.1336051759E+01
    16   -0.6606597791E+00
    17   -0.7408075531E+00
    18    0.6660966762E+00
    19   -0.2152259079E+00
    20   -0.2153956123E+01
    21   -0.1448472019E+01
    22    0.7149429329E+00
    23   -0.5431723953E+00
    24   -0.2061854834E+01
    25    0.1411697587E+00
    26   -0.6302747164E-01
    27   -0.1470159397E+01
    28   -0.7890246475E+00
    29   -0.5002631883E+00
    30   -0.1593127360E+01
    31   -0.7710363824E+00
    32    0.1309569785E+00
    33    0.3702035700E+01
    34    0.1753498047E+01
    35   -0.4523401640E+00
    36    0.3057805431E+01
    37    0.6596387274E+00
    38   -0.2718617853E+00
    39    0.8358022302E+00
    40   -0.5683521348E-01
    41    0.6480467725E+00
    42    0.7390955346E-01
    43    0.9142757706E+00
    44   -0.5926900746E+00
    45   -0.9096809604E+00
    46    0.1573740657E+01
    47    0.7858778351E+00
    48   -0.7690747426E+00
    49    0.5106159911E+00
    50   -0.1301749042E+01
    51    0.4540846885E+00
    52    0.1229923187E+01
    53    0.4328280812E-01
    54   -0.3106079097E+00
    55   -0.7677283675E+00
    56    0.8584775267E-01
    57    0.4327826121E+00
    58   -0.8192814613E+00
    59    0.4624542422E+00
    60    0.7051554269E+00
    61   -0.5938510569E-01
    62    0.3081363387E+00
    63   -0.1191029927E+01
    64   -0.1285784654E+01
    65    0.1472344827E+01
    66    0.9436826071E+00
    67   -0.9390188732E+00
    68   -0.7912085374E+00
    69   -0.8043941144E+00
    70   -0.5206541654E+00
    71    0.8381213417E+00
    72   -0.2706503452E+00
    73   -0.1348089005E+01
    74   -0.4526138563E+00
    75   -0.9153881846E+00
    76    0.5928725524E+00
    77   -0.2953366939E+01
    78   -0.2660819604E+01
    79   -0.9184264629E+00
    80   -0.2034460430E+01
    81   -0.6770648426E+00
    82    0.4193631340E+00
    83    0.1698316455E+01
    84    0.1979028995E+01
    85    0.1703362686E+01
    86    0.1399010918E+01
    87    0.1619275724E+01
    88    0.6273056370E+00
    89    0.4195552193E+00
    90    0.1260798241E+01
    91    0.2572133695E+00
    92    0.9770082810E-01
    93    0.2514172660E+00
    94    0.6455182690E+00
    95    0.5830943898E-01
    96    0.3462227049E+00
    97   -0.7515598998E-01
    98    0.3445221239E-01
    99    0.1038324588E+00
   100    0.4038275426E+00
   101   -0.5499978749E-01
   102    0.1049868407E+00
   103   -0.1533086416E+00
   104   -0.2281624971E+00
   105    0.6206937861E+00
   106   -0.2265344938E+00
   107    0.2546032946E+00
   108   -0.3638980632E+00
   109   -0.2892448257E+00
   110    0.5133934679E+00
   111   -0.2984847320E+00
   112    0.3815869432E+00
   113   -0.4917747573E+00
   114   -0.2366612983E+00
   115    0.1539842167E+00
   116   -0.3319628127E+00
   117    0.4994410815E+00
   118   -0.6145989429E+00
   119   -0.6319751673E+00
   120    0.1179547371E+00
   121    0.1963912677E+00
   122   -0.6209863801E+00
   123   -0.8069106921E+00
   124   -0.5680993045E+00
   125    0.1954813868E+00
   126   -0.1538298681E+01
   127   -0.1214498527E+01
   128   -0.1057934064E+01
   129   -0.2840835920E+01
   130   -0.1311832910E+01
   131   -0.1277112674E+01
   132   -0.2973074712E+00
   133    0.4072859317E+00
   134    0.1148845124E+01
   135    0.1832087225E+01
   136    0.1480872281E+01
   137    0.1486562653E+01
   138    0.8381949077E+00
   139    0.1128732272E+01
   140    0.9016564372E+00
   141    0.3938543190E+00
   142    0.4516712539E+00
   143    0.5167831710E+00
   144    0.6087167817E+00
   145    0.5111784436E-02
   146   -0.5279529371E-01
   147    0.3930673535E+00
   148    0.3943964202E+00
   149   -0.1238289455E+00
   150    0.3136743318E+00
   151   -0.2278509929E+00
   152    0.1048515517E+00
   153    0.3915097968E+00
   154   -0.3179267417E+00
   155    0.4097931616E+00
   156   -0.3365976410E+00
   157   -0.1690567013E-01
   158    0.3038152522E+00
   159   -0.3680975096E+00
   160    0.4264301755E+00
   161   -0.4162763797E+00
   162   -0.1224472553E+00
   163    0.2085156131E+00
   164   -0.4045600852E+00
   165    0.5411191328E+00
   166   -0.6708011904E+00
   167   -0.7040752495E+00
   168    0.6766234356E+00
   169   -0.6015250550E+00
   170   -0.8970515764E+00
   171   -0.1085722637E+01
   172   -0.1053546730E+01
   173   -0.8010259589E+00
   174   -0.4952296993E+00
   175   -0.3524188246E+00
   176   -0.3749907674E+00
   177   -0.3356820083E+00
   178   -0.1352510751E+00
   179    0.2813092527E+00
   180   -0.9877486803E+00
   181   -0.7663042099E+00
   182    0.6054359099E+00
   183    0.6430485206E+00
   184   -0.2350908731E+00
   185   -0.2617379109E+00
   186    0.9647035985E+00
   187    0.1369872235E+01
   188    0.6437372748E+00
   189    0.1170028557E+00
   190    0.8951815516E-01
   191    0.1640010941E+00
   192    0.2392345093E+00
   193    0.2917534814E+00
   194    0.2666919941E+00
   195    0.2014319873E+00
   196    0.1796869513E+00
   197    0.2864768645E+00
   198    0.3560128388E+00
   199    0.1588823768E+00
   200   -0.7957620119E-01
   201   -0.3037473749E+00
   202    0.8196806595E-02
   203    0.8034681153E-01
   204    0.2644343582E+00
   205    0.1102527188E+00
   206   -0.1371003909E-01
   207    0.3011725138E-02
   208   -0.4459795860E+00
   209   -0.7662540348E-01
   210   -0.2575922382E+00
   211   -0.2892572317E+00
   212    0.9047747411E-02
   213    0.5030507325E+00
   214    0.1630607823E+00
   215   -0.1260833907E+01
   216   -0.1223382099E+01
   217    0.5782690487E+00
   218    0.1399792008E+01
   219    0.6539711915E-01
   220   -0.9209436136E+00
   221   -0.6754686282E+00
   222    0.4581345727E+00
   223    0.7205659755E+00
   224   -0.1373562677E+00
   225   -0.3980332415E+00
   226   -0.2169368772E+00
   227    0.4812549712E-01
   228    0.3043610289E+00
   229    0.1568866797E+00
   230   -0.2113107269E+00
   231   -0.2674277363E+00
   232   -0.4755618893E-01
   233    0.1067769521E+00
   234    0.7286356375E-01
   235    0.3033929745E-01
   236    0.4911662330E-02
   237   -0.6199211674E-01
   238   -0.4838274534E-01
   239    0.4354875372E-01
   240   -0.2307707598E-02
   241   -0.9473356663E-01
   242   -0.2835556047E-01
   243    0.1125485449E-01
   244   -0.8324059468E-02
   245    0.5742976553E-01
   246    0.7170239160E-01
   247    0.3352725961E-01
   248   -0.2579698170E-01
   249   -0.4916125518E-01
   250   -0.3032529468E-01
   251   -0.2386418328E-02
   252    0.1013708207E-01
   253    0.3185532055E-02
   254   -0.6678965819E-02
   255   -0.1815575566E-04
   256   -0.1034423414E-01
   257   -0.5209319032E-01
   258   -0.3630285846E-01
   259    0.3898423317E-01
   260    0.3362918163E-01
   261    0.3663850895E-01
   262    0.3800090956E-01
   263    0.1093049007E-01
   264   -0.1651537382E-01
   265   -0.1430602752E-01
   266   -0.2536329732E-02
   267    0.1311268585E-02
   268    0.9119981584E-02
   269    0.1234264314E-01
   270    0.2621008179E-02
   271    0.1103001376E-02
   272    0.9386693689E-02
   273    0.6547875860E-02
   274   -0.1311696086E-02
   275   -0.5170904515E-02
   276   -0.1896070237E-01
   277   -0.1563575802E-01
   278    0.2580831135E-01
   279    0.2174725238E-01
   280    0.1038022224E-01
   281    0.1724104942E-02
   282   -0.1967864156E-02
   283   -0.1401678768E-02
   284    0.1265705118E-02
   285    0.4130563045E-02
   286    0.4524677074E-02
   287    0.2251344916E-02
   288    0.6273625589E-03
   289    0.1637960119E-02
   290    0.2266204368E-02
   291    0.1985075019E-02
   292    0.2006028384E-02
   293    0.2223975404E-02
   294    0.1015943249E-02
   295    0.7088398706E-03
   296    0.1911242284E-02
   297    0.2303591700E-02
   298    0.1489094090E-02
   299    0.9195571910E-03
   300    0.1277387883E-02
   301    0.1107321565E-02
   302    0.9505391891E-03
   303    0.1104062818E-02
   304    0.8789734306E-03
   305    0.3880843648E-03
   306    0.3478085330E-03
   307    0.7556726774E-03
   308    0.1001877941E-02
   309    0.6929782667E-03
   310    0.3247594100E-03
   311    0.3645266911E-03
   312    0.3826219203E-03
   313    0.4625399905E-03
   314    0.4780962339E-03
   315    0.2108526225E-03
   316    0.1195307599E-03
   317    0.2615666940E-03
   318    0.2949238587E-03
   319    0.2209772806E-03
   320    0.1058281265E-03
   321    0.1112274473E-03
   322    0.2218530455E-03
   323    0.1705174161E-03
   324    0.9990990276E-04
   325    0.1300049199E-03
   326    0.1001582999E-03
   327    0.3224112674E-04
   328    0.7102082358E-04
   329    0.9371996686E-04
   330    0.4168543836E-04
   331    0.4240849171E-04
   332    0.5209328947E-04
   333    0.4131392666E-04
   334    0.3638716851E-04
   335    0.2849670434E-04
   336    0.2260022619E-04
   337    0.1916951802E-04
   338    0.1847928806E-04
   339    0.1692098621E-04
   340    0.1793285238E-04
   341    0.1948673513E-04
   342    0.1110555367E-04
   343    0.6388553997E-05
   344    0.8944234935E-05
   345    0.6301071615E-05
   346    0.3023798575E-05
   347    0.5296019645E-05
   348    0.6765167444E-05
   349    0.5472589416E-05
   350    0.3095064284E-05
   351    0.2334690355E-05
   352    0.2373537817E-05
   353    0.1997988561E-05
   354    0.1884802779E-05
   355    0.1920253408E-05
   356    0.1646335216E-05
   357    0.9608423096E-06
   358    0.7614079124E-06
   359    0.7453012394E-06
   360    0.7549183091E-06
   361    0.6211774178E-06
   362    0.3627984850E-06
   363    0.3437434627E-06
   364    0.3986695526E-06
   365    0.3641825935E-06
   366    0.2927390905E-06
   367    0.2237121216E-06
   368    0.1433127429E-06
   369    0.1027079875E-06
   370    0.1065139462E-06
   371    0.1212978266E-06
   372    0.1084405424E-06
   373    0.6813607058E-07
   374    0.4101738584E-07
   375    0.3497866185E-07
   376    0.3858205931E-07
   377    0.4148285468E-07
   378    0.3077285766E-07
   379    0.2035764220E-07
   380    0.1837103413E-07
   381    0.1398597199E-07
   382    0.1025489273E-07
   383    0.1067122557E-07
   384    0.8832533067E-08
   385    0.6328925807E-08
   386    0.5319029011E-08
   387    0.4444942654E-08
   388    0.2688119821E-08
   389    0.2987161722E-08
   390    0.3749278598E-08
   391    0.2314735206E-08
   392    0.1086943826E-08
   393    0.1137182407E-08
   394    0.1039645662E-08
   395    0.8461008458E-09
   396    0.7031608534E-09
   397    0.5175468225E-09
   398    0.4611411212E-09
   399    0.3578040909E-09
   400    0.2727743237E-09
   401    0.2751197793E-09
   402    0.1927503899E-09
   403    0.1172697819E-09
   404    0.1102956696E-09
   405    0.1083476940E-09
   406    0.7641713008E-10
   407    0.5014195495E-10
   408    0.4606672208E-10
   409    0.3875000723E-10
   410    0.3359715384E-10
   411    0.2445261380E-10
   412    0.1460674817E-10
   413    0.1476807263E-10
   414    0.1299252297E-10
   415    0.9173862869E-11
   416    0.7261325174E-11
   417    0.5384809340E-11
   418    0.4225843305E-11
   419    0.3547995583E-11
   420    0.2401287590E-11
   421    0.1976665381E-11
   422    0.1922523778E-11
   423    0.1442639195E-11
   424    0.8864059121E-12
   425    0.6134824501E-12
   426    0.5428368496E-12
   427    0.4936659322E-12
   428    0.4168900618E-12
   429    0.2837455785E-12
   430    0.2021092450E-12
   431    0.1624377921E-12
   432    0.1207120393E-12
   433    0.8868676321E-13
   434    0.7673915246E-13
   435    0.6376024255E-13
   436    0.5146719743E-13
   437    0.3351694761E-13
   438    0.2203498011E-13
   439    0.2077431162E-13
   440    0.1505374614E-13
   441    0.1027211902E-13
   442    0.9340390205E-14
   443    0.6887011952E-14
   444    0.5080177638E-14
   445    0.3712535064E-14
   446    0.2815512908E-14
   447    0.2313701613E-14
   448    0.1522114974E-14
   449    0.1490751768E-14
   450    0.1038821757E-14
   451    0.2735832270E-15
   452    0.9615138237E-16
   453    0.2738380261E-15
   454    0.7901044725E-15
   455    0.4750818743E-15
   456   -0.3253187413E-15
   457   -0.3588854415E-15
   458   -0.1452325116E-15
   459   -0.9181927913E-16
   460   -0.3005105759E-15
   461    0.3589465848E-16
   462    0.8973664619E-17
   463    0.5775456739E-16
   464    0.1809720955E-15
   465    0.2117764776E-15
   466   -0.5807818307E-16
   467   -0.6251422093E-15
   468   -0.4893524597E-15
   469   -0.6682696370E-16
   470    0.1498267128E-15
   471    0.1484789807E-15
   472    0.9263089639E-16
   473    0.1896911778E-15
   474    0.2139562481E-15
   475    0.2200225157E-15
   476    0.2215390826E-15
   477    0.1664070731E-15
   478   -0.1804428366E-15
   479   -0.4891999190E-15
   480   -0.6678882852E-16
   481    0.1498362466E-15
   482    0.1484813641E-15
   483    0.9263149226E-16
   484    0.1896913268E-15
   485    0.2139562854E-15
   486    0.1645113738E-15
   487    0.4112784345E-16
   488    0.1028196086E-16
   489    0.2570490216E-17
   490    0.5615377379E-16
   491    0.1805718971E-15
   492    0.1561652767E-15
   493    0.9455247042E-16
   494    0.1901715713E-15
   495    0.1308096197E-15
   496   -0.2280874631E-16
   497    0.1608312671E-15
   498    0.3177635729E-15
   499    0.8928571429E+00
   500    0.2901785714E+01
   501    0.2511160714E+01
   502    0.6277901786E+00
