    -1   -0.1454783723E+01
     0   -0.3614520417E+01
     1   -0.1584182932E+01
     2   -0.3860349828E+00
     3   -0.5896823060E-01
     4    0.3970842056E-01
     5    0.2184001265E-01
     6    0.3572818053E-01
     7    0.5728344064E-01
     8    0.2706588017E-01
     9    0.2241916467E-01
    10    0.3952254075E-01
    11    0.2276831404E-01
    12    0.1156252376E-02
    13    0.1478952670E-01
    14    0.1574030552E-01
    15   -0.2251982761E-01
    16   -0.1190566898E-01
    17   -0.4085840601E-02
    18   -0.5437255288E-01
    19   -0.2299349425E-01
    20   -0.1049443355E-01
    21   -0.2310651068E-01
    22   -0.5175931760E-01
    23   -0.3804393876E-01
    24   -0.3407488832E-01
    25   -0.5973637839E-01
    26   -0.4213360576E-01
    27   -0.3290309414E-01
    28   -0.5599907007E-01
    29   -0.4018544495E-01
    30   -0.2606731267E-01
    31   -0.5680825862E-01
    32   -0.4625272007E-01
    33   -0.2402514383E-02
    34   -0.2273749249E-01
    35    0.1220536632E-01
    36   -0.1200264816E-01
    37   -0.7574147022E-02
    38    0.1856366714E-01
    39    0.8853404869E-02
    40    0.1623285122E-01
    41    0.2614983090E-01
    42    0.2735346356E-01
    43    0.3787305662E-01
    44    0.3147712954E-01
    45    0.4038824633E-01
    46    0.5361209224E-01
    47    0.3318086857E-01
    48    0.4517718789E-01
    49    0.6067749706E-01
    50    0.3000112289E-01
    51    0.4054710246E-01
    52    0.5747370418E-01
    53    0.2168713745E-01
    54    0.2753521598E-01
    55    0.4418333926E-01
    56    0.9880537228E-02
    57    0.8141471338E-02
    58    0.2383145571E-01
    59   -0.3339831308E-02
    60   -0.1474734633E-01
    61    0.1252664815E-02
    62   -0.3124297789E-01
    63   -0.5651414351E-01
    64    0.1023486166E-01
    65   -0.1397217713E-01
    66   -0.5641422662E-01
    67   -0.2882609436E-01
    68   -0.2996082574E-01
    69   -0.6646066541E-01
    70   -0.3898627275E-01
    71   -0.3136517341E-01
    72   -0.6397637756E-01
    73   -0.3823660870E-01
    74   -0.2844393040E-01
    75   -0.5214266174E-01
    76   -0.3895887736E-01
    77   -0.4354352292E-01
    78   -0.2406811428E-01
    79    0.2551055659E-02
    80   -0.1388139400E-01
    81    0.3742337137E-02
    82    0.4527156076E-02
    83   -0.8995122457E-02
    84    0.2860269601E-01
    85    0.2403586678E-01
    86   -0.1630051044E-02
    87    0.4514135175E-01
    88    0.3770524062E-01
    89    0.2506979004E-01
    90    0.5306049106E-01
    91    0.3530542889E-01
    92    0.7685175528E-01
    93    0.3386957840E-01
    94    0.2935320918E-01
    95    0.5080508773E-01
    96    0.2387661584E-01
    97    0.7258898812E-01
    98    0.3566142208E-02
    99    0.4336508775E-01
   100    0.5079951809E-01
   101   -0.7223650923E-02
   102    0.1560255175E-01
   103    0.3164539679E-01
   104   -0.1523076973E-01
   105   -0.1388997947E-01
   106    0.1690637849E-02
   107   -0.3725951384E-01
   108   -0.3939062519E-01
   109   -0.4246007565E-02
   110   -0.5560128007E-02
   111   -0.5296049009E-01
   112   -0.5062586387E-01
   113   -0.1499007049E-01
   114   -0.5927315791E-01
   115   -0.6484713422E-01
   116   -0.1423319773E-01
   117   -0.5440715374E-01
   118   -0.6780974299E-01
   119   -0.9454672541E-02
   120   -0.4056421780E-01
   121   -0.6325633916E-01
   122   -0.2481321211E-01
   123   -0.3842690128E-01
   124   -0.6116056534E-02
   125    0.1241197741E-01
   126   -0.7061948726E-02
   127   -0.1076047578E-01
   128    0.1925564560E-01
   129    0.1759002254E-01
   130    0.2626927013E-02
   131    0.2318576465E-01
   132    0.3278752753E-01
   133    0.2086495013E-01
   134    0.6724807697E-01
   135    0.6795231252E-01
   136    0.2944194450E-02
   137    0.6093093907E-01
   138    0.7249594247E-01
   139    0.8529012323E-02
   140    0.5386233529E-01
   141    0.6252946457E-01
   142   -0.1033977637E-02
   143    0.2795056325E-01
   144    0.4610518346E-01
   145    0.3837012366E-01
   146    0.2011200722E-01
   147    0.1574041474E-02
   148    0.2145766556E-01
   149    0.4218450309E-02
   150   -0.2944358600E-01
   151   -0.5886012606E-02
   152   -0.2361499006E-01
   153   -0.3931295700E-01
   154   -0.1343843485E-01
   155   -0.1341052642E-01
   156   -0.4687645734E-01
   157   -0.5263097014E-01
   158   -0.2443157080E-01
   159   -0.5723249598E-01
   160   -0.6238373396E-01
   161   -0.2575125572E-01
   162   -0.5534110284E-01
   163   -0.6129057834E-01
   164   -0.1964364670E-01
   165   -0.5550426867E-01
   166   -0.6942508590E-01
   167   -0.1702691687E-02
   168   -0.3587693727E-01
   169   -0.6891242250E-02
   170    0.9667985795E-02
   171   -0.3057995590E-01
   172   -0.1872541917E-01
   173   -0.3176834164E-02
   174    0.3332500920E-01
   175    0.3128872822E-01
   176    0.1257996024E-01
   177    0.1904808641E-01
   178    0.6764233498E-01
   179    0.5198156748E-01
   180    0.3500840119E-01
   181    0.3642172897E-01
   182    0.4988361344E-01
   183    0.4368599207E-01
   184    0.3455826713E-01
   185    0.4204487786E-01
   186    0.4022238664E-01
   187    0.2935310263E-01
   188    0.2901759161E-01
   189    0.2556969597E-01
   190    0.6351320015E-02
   191   -0.1088633359E-01
   192    0.5635664556E-02
   193    0.2539095333E-01
   194   -0.1032137227E-01
   195   -0.7099056581E-04
   196   -0.1458566757E-01
   197   -0.4994689056E-01
   198   -0.2833938955E-01
   199   -0.2429024772E-01
   200   -0.5413695976E-01
   201   -0.3080599613E-01
   202   -0.2158639089E-01
   203   -0.4772597414E-01
   204   -0.2862567514E-01
   205   -0.2713050697E-01
   206   -0.4802823334E-01
   207   -0.2619788539E-01
   208   -0.2695125824E-01
   209   -0.4101704248E-01
   210    0.3976809885E-02
   211    0.6950886929E-02
   212   -0.9629688191E-02
   213    0.8005568625E-02
   214   -0.4509859157E-02
   215    0.1487336291E-01
   216    0.5594998329E-01
   217    0.1535375883E-01
   218    0.3270713526E-01
   219    0.3314172203E-01
   220    0.1512027520E-01
   221    0.4855698243E-01
   222    0.4480049893E-01
   223    0.1716281783E-01
   224    0.5527170428E-01
   225    0.5368527505E-01
   226    0.2203522389E-01
   227    0.5495624152E-01
   228    0.3932877569E-01
   229   -0.7887815249E-02
   230    0.4788000155E-01
   231    0.3351769106E-01
   232   -0.2458404475E-01
   233    0.7485743472E-02
   234    0.4822767117E-01
   235    0.2992479313E-01
   236    0.5796993410E-01
   237   -0.2179871367E-01
   238   -0.6713720425E-01
   239   -0.3259150293E-01
   240    0.5738665865E-01
   241    0.1113947051E+00
   242   -0.1693424275E-01
   243   -0.1013941580E+00
   244   -0.9300198440E-01
   245    0.2001023062E-01
   246    0.1015758548E+00
   247    0.3419346594E-01
   248   -0.4855126775E-01
   249   -0.9437380418E-01
   250   -0.8565957422E-01
   251    0.2808988770E-02
   252    0.5207314980E-01
   253    0.2775828390E-01
   254   -0.2539504486E-01
   255   -0.3412198024E-01
   256   -0.3426093601E-01
   257   -0.3322256169E-01
   258   -0.1702371172E-01
   259   -0.2566703417E-01
   260   -0.3093835829E-01
   261   -0.6799074420E-02
   262   -0.7144299972E-02
   263   -0.1985291318E-01
   264   -0.7539765590E-02
   265   -0.9054434154E-02
   266   -0.2868593360E-01
   267   -0.1490965765E-01
   268   -0.5598313973E-02
   269   -0.1745683140E-01
   270   -0.1948544115E-01
   271   -0.1128730581E-01
   272    0.2230950562E-02
   273    0.6887948989E-02
   274   -0.6924040448E-02
   275   -0.1246049895E-01
   276   -0.4173103127E-02
   277   -0.4953232021E-02
   278   -0.7046639479E-02
   279   -0.7714881474E-03
   280   -0.6010569762E-02
   281   -0.8252000445E-02
   282    0.3043345455E-03
   283   -0.4138891288E-02
   284   -0.4037564575E-02
   285    0.9390532985E-02
   286    0.4704040098E-02
   287   -0.1699083300E-01
   288   -0.1662154973E-01
   289    0.1304307192E-01
   290    0.1337305533E-01
   291    0.3863591267E-02
   292    0.1104994651E-02
   293    0.1515885832E-02
   294    0.2814379354E-02
   295    0.3376849688E-02
   296    0.4904624861E-02
   297    0.4633857410E-02
   298    0.1366866873E-02
   299    0.3264453514E-02
   300    0.6588139193E-02
   301    0.4129819003E-02
   302    0.1647357876E-02
   303    0.4017512838E-02
   304    0.4870624220E-02
   305   -0.3896010650E-03
   306   -0.4373910219E-02
   307    0.2042515406E-02
   308    0.1094226716E-01
   309    0.7578143591E-02
   310    0.3805727977E-02
   311    0.1273672145E-02
   312    0.1864640160E-02
   313    0.2902778966E-02
   314    0.3634985993E-02
   315    0.3869775165E-02
   316    0.2448314684E-02
   317    0.1489864121E-02
   318    0.2095623958E-02
   319    0.2718313081E-02
   320    0.2146923608E-02
   321    0.1743672820E-02
   322    0.2220174152E-02
   323    0.1818266280E-02
   324    0.1205234117E-02
   325    0.1580972618E-02
   326    0.1882634213E-02
   327    0.1446805044E-02
   328    0.1156203407E-02
   329    0.1243182220E-02
   330    0.1145891730E-02
   331    0.1032204636E-02
   332    0.1000883468E-02
   333    0.8889982026E-03
   334    0.7484796897E-03
   335    0.6603061693E-03
   336    0.6518457310E-03
   337    0.7094682496E-03
   338    0.6603679034E-03
   339    0.4852779095E-03
   340    0.4348120174E-03
   341    0.4312128515E-03
   342    0.3974265272E-03
   343    0.3962593525E-03
   344    0.3209776535E-03
   345    0.2427297355E-03
   346    0.2515726024E-03
   347    0.2559947539E-03
   348    0.2207468177E-03
   349    0.1767119744E-03
   350    0.1509544604E-03
   351    0.1633079758E-03
   352    0.1518950959E-03
   353    0.1177573025E-03
   354    0.1120906515E-03
   355    0.1028636925E-03
   356    0.7386161917E-04
   357    0.6924424811E-04
   358    0.7495864934E-04
   359    0.5826494846E-04
   360    0.4858492242E-04
   361    0.4748435075E-04
   362    0.4114655561E-04
   363    0.3609317126E-04
   364    0.3087381915E-04
   365    0.2641370758E-04
   366    0.2267484368E-04
   367    0.2014605380E-04
   368    0.1812289081E-04
   369    0.1598898749E-04
   370    0.1492774873E-04
   371    0.1256344743E-04
   372    0.9488199996E-05
   373    0.8546508862E-05
   374    0.7774734404E-05
   375    0.5856699808E-05
   376    0.5348038072E-05
   377    0.5388320809E-05
   378    0.4648531988E-05
   379    0.3607042042E-05
   380    0.2961988310E-05
   381    0.2616016009E-05
   382    0.2198527298E-05
   383    0.1932367782E-05
   384    0.1708104367E-05
   385    0.1495206490E-05
   386    0.1193948926E-05
   387    0.9498098885E-06
   388    0.8308558425E-06
   389    0.7356466746E-06
   390    0.6329102552E-06
   391    0.4981543124E-06
   392    0.4053961257E-06
   393    0.3691996144E-06
   394    0.3320715959E-06
   395    0.2732050754E-06
   396    0.2232982210E-06
   397    0.1788605118E-06
   398    0.1418232400E-06
   399    0.1211961849E-06
   400    0.1083051158E-06
   401    0.9503973139E-07
   402    0.7561231090E-07
   403    0.5791499491E-07
   404    0.4665040475E-07
   405    0.4059437093E-07
   406    0.3631255545E-07
   407    0.3014507497E-07
   408    0.2355668279E-07
   409    0.1925571409E-07
   410    0.1580001746E-07
   411    0.1268442808E-07
   412    0.1081699281E-07
   413    0.8985336774E-08
   414    0.7187770815E-08
   415    0.5858789569E-08
   416    0.4820845994E-08
   417    0.3760562700E-08
   418    0.3075122540E-08
   419    0.2848342276E-08
   420    0.2330115633E-08
   421    0.1633667064E-08
   422    0.1316898826E-08
   423    0.1118594158E-08
   424    0.9064697248E-09
   425    0.7414276881E-09
   426    0.5830742117E-09
   427    0.4783042602E-09
   428    0.3889873014E-09
   429    0.2992237120E-09
   430    0.2556820476E-09
   431    0.2051316519E-09
   432    0.1509315357E-09
   433    0.1219549299E-09
   434    0.1040219606E-09
   435    0.8165788257E-10
   436    0.6201494371E-10
   437    0.4987166804E-10
   438    0.4016662839E-10
   439    0.3268339974E-10
   440    0.2599931780E-10
   441    0.1919502157E-10
   442    0.1537975675E-10
   443    0.1278587745E-10
   444    0.9891350124E-11
   445    0.7707393375E-11
   446    0.6010262506E-11
   447    0.4680572096E-11
   448    0.3740947704E-11
   449    0.2853133323E-11
   450    0.2210766024E-11
   451    0.1823376452E-11
   452    0.1436254311E-11
   453    0.1064547860E-11
   454    0.7984403330E-12
   455    0.6229034281E-12
   456    0.5058485656E-12
   457    0.4053987374E-12
   458    0.3056445987E-12
   459    0.2307876612E-12
   460    0.1783434636E-12
   461    0.1370188716E-12
   462    0.1045804076E-12
   463    0.8108032494E-13
   464    0.6281937865E-13
   465    0.4948338019E-13
   466    0.3755209102E-13
   467    0.2722791898E-13
   468    0.2107334561E-13
   469    0.1705751715E-13
   470    0.1320861353E-13
   471    0.9838591440E-14
   472    0.7185034608E-14
   473    0.5251827816E-14
   474    0.3935858850E-14
   475    0.3010121732E-14
   476    0.1821120094E-14
   477    0.1773669865E-14
   478    0.1560579385E-14
   479    0.9244396768E-15
   480    0.8347936888E-15
   481    0.4910386242E-16
   482    0.2204427827E-15
   483    0.4159331787E-15
   484    0.4648057777E-15
   485    0.3382460493E-15
   486    0.2510949660E-15
   487    0.1737960440E-15
   488    0.4344901099E-16
   489    0.1086225275E-16
   490    0.2715563187E-17
   491    0.6788907968E-18
   492    0.1697226992E-18
   493    0.4243067480E-19
   494    0.1060766870E-19
   495    0.5551380315E-16
   496    0.1804119045E-15
   497    0.1561252786E-15
   498    0.3903131965E-16
   499    0.8928571429E+00
   500    0.2901785714E+01
   501    0.2511160714E+01
   502    0.6277901786E+00
