    -1   -0.5168824675E+00
     0   -0.1712463054E+01
     1   -0.2993104692E+01
     2   -0.2590786189E+01
     3    0.2017115601E+01
     4   -0.4004624392E+00
     5   -0.2704977038E+01
     6    0.1791310383E+01
     7   -0.8215787960E+00
     8   -0.1608186964E+01
     9    0.1220575007E+01
    10   -0.2099458221E+01
    11    0.1056988490E+01
    12   -0.1549780710E+01
    13    0.1221757111E+01
    14   -0.1342404945E+01
    15    0.1528035985E+01
    16   -0.1146038176E+01
    17    0.1984993161E+01
    18   -0.9086380563E+00
    19    0.1706923810E+01
    20   -0.2852767909E+00
    21    0.1317433739E+00
    22    0.1368030643E+01
    23   -0.2292606686E+00
    24    0.4287256619E+00
    25    0.2788460785E+00
    26    0.4643320807E-01
    27    0.6620046829E+00
    28   -0.1225414341E+00
    29    0.7970597334E-01
    30    0.2199415567E+00
    31    0.6182285424E+00
    32   -0.4357874614E+00
    33   -0.1250742511E+00
    34    0.1975381011E+00
    35    0.5009057732E+00
    36   -0.1951214372E+00
    37   -0.2488532144E+00
    38   -0.2846756809E+00
    39    0.4180591322E+00
    40    0.2573764936E+00
    41   -0.4880569138E+00
    42   -0.6325351280E+00
    43    0.5100601442E+00
    44    0.1601909162E+00
    45   -0.6270455015E+00
    46   -0.4877692691E+00
    47    0.3849355587E+00
    48   -0.7089594170E+00
    49   -0.5704700518E-01
    50   -0.4973846696E+00
    51   -0.3556976213E+00
    52   -0.3064936444E+00
    53   -0.5334198604E+00
    54   -0.2840052811E+00
    55   -0.8508292283E+00
    56   -0.2772923586E+00
    57   -0.4408551195E+00
    58   -0.1948922636E+00
    59   -0.2084266701E+00
    60    0.1719915963E+00
    61   -0.1708070028E-01
    62    0.5891934082E+00
    63    0.1379700794E+00
    64    0.4806093685E+00
    65    0.7188902491E+00
    66    0.3699234099E+00
    67    0.4671906427E+00
    68    0.3646976019E+00
    69    0.4005248228E+00
    70    0.2865284049E+00
    71    0.3335315053E+00
    72    0.4863872947E+00
    73   -0.3112233069E+00
    74    0.4509101439E+00
    75    0.2688400003E+00
    76    0.2543283783E+00
    77   -0.1616730303E+00
    78   -0.4815044932E-01
    79    0.3851507493E+00
    80    0.1408273183E+00
    81   -0.1975376288E+00
    82   -0.2397214212E+00
    83    0.4934956921E+00
    84   -0.1464969891E+00
    85   -0.1904309095E+00
    86   -0.5644523324E-01
    87    0.1243328109E+00
    88   -0.2549824925E+00
    89   -0.4457636200E-01
    90   -0.2913631984E+00
    91   -0.5429263195E-01
    92   -0.1882211627E+00
    93    0.8397805784E-01
    94   -0.9834548648E+00
    95    0.6001231930E-01
    96   -0.6363083810E-01
    97   -0.8139896900E+00
    98   -0.3418494913E+00
    99   -0.1342373025E+00
   100   -0.7892513025E+00
   101   -0.3713882679E+00
   102   -0.5400736880E+00
   103   -0.3188478357E+00
   104   -0.3525750611E+00
   105   -0.1001642398E+00
   106    0.2384288134E-01
   107    0.4551130664E-01
   108    0.5090769700E+00
   109    0.1998518714E+00
   110    0.7144733124E+00
   111    0.1892504315E+00
   112    0.7784935699E+00
   113    0.2134701199E+00
   114    0.4629317429E+00
   115    0.6264961987E+00
   116    0.8579613656E-01
   117    0.2917641294E+00
   118    0.2970510621E+00
   119    0.3785481044E+00
   120    0.5396009416E-01
   121    0.2219019152E+00
   122    0.2841856697E-01
   123    0.1430077170E+00
   124    0.2203129559E+00
   125    0.4475721679E-01
   126   -0.5787592194E-01
   127   -0.5616312868E-02
   128    0.1615025582E+00
   129    0.1233600069E+00
   130   -0.3050907657E+00
   131    0.1924106779E-02
   132   -0.2550621275E-01
   133    0.2448181489E+00
   134   -0.5164217153E+00
   135   -0.5139825053E-01
   136   -0.1280931516E+00
   137    0.1554885731E+00
   138   -0.4889249111E+00
   139   -0.4321879730E+00
   140    0.1850345981E+00
   141   -0.5796032831E+00
   142   -0.3400167800E+00
   143   -0.3051106201E+00
   144   -0.5488304244E+00
   145   -0.6006367892E+00
   146   -0.2086390249E+00
   147   -0.6904567852E+00
   148   -0.4301238026E+00
   149   -0.2587477742E+00
   150   -0.2863896075E+00
   151   -0.9769259370E-01
   152   -0.5035395731E-01
   153    0.2230693229E-01
   154    0.3901090864E+00
   155    0.5382064455E+00
   156    0.6012687093E+00
   157    0.3974066154E+00
   158    0.5474959937E+00
   159    0.4485860292E+00
   160    0.3006241653E+00
   161    0.4886612054E+00
   162    0.2644766356E+00
   163    0.9449854620E-01
   164    0.4908261397E+00
   165    0.1973903806E+00
   166    0.6291699866E-01
   167    0.1074418415E+00
   168    0.2390311072E+00
   169    0.1316429110E+00
   170   -0.4929743990E-02
   171    0.3667455215E-02
   172    0.2177560524E+00
   173    0.4637635437E-01
   174   -0.2970148282E+00
   175   -0.1476828088E+00
   176    0.2127913090E+00
   177    0.1098802107E+00
   178   -0.3052870704E+00
   179   -0.2135445846E+00
   180   -0.4595586164E-01
   181   -0.1696475419E+00
   182   -0.4486562749E+00
   183   -0.2048759502E+00
   184   -0.4532534295E+00
   185   -0.4185592215E+00
   186   -0.2328402681E+00
   187   -0.2959187163E+00
   188   -0.3004782011E+00
   189   -0.2275474943E+00
   190   -0.4922786518E+00
   191   -0.9407854591E-01
   192    0.3691558515E+00
   193   -0.1227891456E+00
   194   -0.3896540084E+00
   195   -0.8407572221E-01
   196    0.2406237179E+00
   197   -0.2731314777E-01
   198    0.5329798225E+00
   199    0.4410955085E+00
   200    0.1449013465E+00
   201    0.4854576858E-01
   202    0.1182815623E-01
   203    0.1805427728E+00
   204    0.1359857093E+00
   205    0.1195682901E+00
   206    0.2338288218E+00
   207    0.1424360626E+00
   208    0.9280592069E-01
   209    0.1443468245E+00
   210    0.5070756423E-01
   211    0.1129601156E+00
   212    0.3572123646E-01
   213   -0.3322952313E-01
   214    0.3191108591E-01
   215    0.7912409787E-01
   216    0.2143501285E-01
   217    0.1177259424E-02
   218    0.1122624684E+00
   219   -0.1756539857E+00
   220   -0.9913460680E-01
   221    0.1723611495E+00
   222    0.5332655784E-01
   223   -0.6049595808E-01
   224   -0.3669820031E+00
   225   -0.1906748218E+00
   226    0.2941045219E+00
   227    0.1901549977E+00
   228   -0.1394849288E+00
   229   -0.2137310809E+00
   230   -0.2218016923E+00
   231    0.1490566775E+00
   232    0.2273426874E+00
   233   -0.1113402558E+00
   234   -0.1742206515E+00
   235   -0.1363698101E+00
   236   -0.6624880595E-01
   237    0.6923461867E-01
   238    0.1305154815E+00
   239   -0.9593200092E-02
   240   -0.1400644534E+00
   241   -0.1063217884E+00
   242   -0.1161833838E-01
   243    0.3016011073E-01
   244   -0.7620139044E-04
   245    0.7953736155E-03
   246    0.4273515182E-02
   247   -0.3490483970E-01
   248   -0.1383698774E-01
   249    0.1546853953E-01
   250   -0.3046740874E-01
   251   -0.4539860546E-01
   252    0.1728667371E-02
   253   -0.6086660353E-02
   254   -0.3708378343E-01
   255    0.1200353069E-02
   256    0.5611923082E-01
   257    0.3884864207E-01
   258   -0.9408163962E-02
   259   -0.3534459874E-01
   260   -0.1410588209E-01
   261   -0.3097865159E-02
   262   -0.1940729102E-02
   263    0.4109817805E-02
   264   -0.1072428509E-03
   265   -0.3281898548E-02
   266    0.1053069640E-02
   267   -0.7615030880E-02
   268   -0.1769382120E-01
   269   -0.2658846444E-01
   270   -0.2450073365E-01
   271    0.3353526193E-01
   272    0.4312720057E-01
   273    0.2595459289E-01
   274   -0.1635422874E-03
   275   -0.9769540608E-02
   276   -0.2550641889E-02
   277    0.1028759583E-02
   278    0.2094188777E-02
   279    0.8687888700E-02
   280    0.7686443394E-02
   281    0.8927088172E-03
   282    0.3720781003E-02
   283    0.8518965616E-02
   284    0.4703075134E-02
   285    0.2407100744E-02
   286    0.2470359177E-02
   287   -0.1078081635E-01
   288   -0.1760287895E-01
   289    0.1076413579E-01
   290    0.2168811279E-01
   291    0.1128085508E-01
   292    0.2875097904E-02
   293   -0.1546830050E-02
   294   -0.4513530638E-03
   295    0.2118240692E-02
   296    0.3958958325E-02
   297    0.4999079181E-02
   298    0.2495084077E-02
   299    0.4537105421E-03
   300    0.1547666277E-02
   301    0.2824197342E-02
   302    0.2111331869E-02
   303    0.1519306685E-02
   304    0.2557967398E-02
   305    0.1661838510E-02
   306    0.4949346224E-03
   307    0.1543346633E-02
   308    0.2428607967E-02
   309    0.1587443523E-02
   310    0.9297417002E-03
   311    0.1288080068E-02
   312    0.1173695019E-02
   313    0.9711418645E-03
   314    0.1073947328E-02
   315    0.9474105250E-03
   316    0.5979073528E-03
   317    0.4451718819E-03
   318    0.6160741566E-03
   319    0.8728516437E-03
   320    0.7888789953E-03
   321    0.4284307743E-03
   322    0.3723778412E-03
   323    0.3965224728E-03
   324    0.4059036722E-03
   325    0.4874560731E-03
   326    0.3041788446E-03
   327    0.1501770319E-03
   328    0.2380679693E-03
   329    0.2843572316E-03
   330    0.2352238376E-03
   331    0.1594567946E-03
   332    0.1108370711E-03
   333    0.1788065711E-03
   334    0.1868389782E-03
   335    0.1142023090E-03
   336    0.1150573698E-03
   337    0.1155028855E-03
   338    0.5692277023E-04
   339    0.5562822297E-04
   340    0.8958579464E-04
   341    0.5934080009E-04
   342    0.4062894828E-04
   343    0.4977232648E-04
   344    0.4406753545E-04
   345    0.3757858183E-04
   346    0.3056255129E-04
   347    0.2534126356E-04
   348    0.2084151183E-04
   349    0.1919287256E-04
   350    0.1788399754E-04
   351    0.1661083919E-04
   352    0.1801001684E-04
   353    0.1370836554E-04
   354    0.7952268020E-05
   355    0.8182137075E-05
   356    0.7861846621E-05
   357    0.4360827105E-05
   358    0.4681356258E-05
   359    0.6217836983E-05
   360    0.5541680516E-05
   361    0.3740927091E-05
   362    0.2611561940E-05
   363    0.2506681438E-05
   364    0.2122388512E-05
   365    0.1918187892E-05
   366    0.1841472510E-05
   367    0.1677806559E-05
   368    0.1192620031E-05
   369    0.8484375430E-06
   370    0.7658775403E-06
   371    0.7521873151E-06
   372    0.6806599289E-06
   373    0.4546895992E-06
   374    0.3497101772E-06
   375    0.3825208635E-06
   376    0.3705882388E-06
   377    0.2953361246E-06
   378    0.2424456057E-06
   379    0.1740125449E-06
   380    0.1180903137E-06
   381    0.1116828880E-06
   382    0.1143653992E-06
   383    0.1076546393E-06
   384    0.8040205830E-07
   385    0.5215345647E-07
   386    0.3884606947E-07
   387    0.3814747931E-07
   388    0.4006538188E-07
   389    0.3327997732E-07
   390    0.2319737746E-07
   391    0.1894567694E-07
   392    0.1578573375E-07
   393    0.1166522381E-07
   394    0.1061348337E-07
   395    0.9465201560E-08
   396    0.7119934862E-08
   397    0.5626212377E-08
   398    0.4880568815E-08
   399    0.3411511720E-08
   400    0.2783001824E-08
   401    0.3361676998E-08
   402    0.2758374280E-08
   403    0.1438771255E-08
   404    0.1152565234E-08
   405    0.1126110745E-08
   406    0.8986560209E-09
   407    0.7520768131E-09
   408    0.5732041011E-09
   409    0.4778579352E-09
   410    0.4004087031E-09
   411    0.2869704883E-09
   412    0.2722345784E-09
   413    0.2198273880E-09
   414    0.1402704712E-09
   415    0.1130460054E-09
   416    0.1099568185E-09
   417    0.8604390045E-10
   418    0.5834424766E-10
   419    0.4817187660E-10
   420    0.4070092016E-10
   421    0.3443398477E-10
   422    0.2751744005E-10
   423    0.1775837298E-10
   424    0.1465290955E-10
   425    0.1367163122E-10
   426    0.1017691088E-10
   427    0.7734777100E-11
   428    0.6029071090E-11
   429    0.4580843888E-11
   430    0.3790095284E-11
   431    0.2800236249E-11
   432    0.2099328651E-11
   433    0.1912638699E-11
   434    0.1572062421E-11
   435    0.1053778716E-11
   436    0.7227994555E-12
   437    0.5806021973E-12
   438    0.5103375966E-12
   439    0.4352896493E-12
   440    0.3186406862E-12
   441    0.2261402219E-12
   442    0.1753150413E-12
   443    0.1347560260E-12
   444    0.1008019883E-12
   445    0.8089899845E-13
   446    0.6545246008E-13
   447    0.5311149713E-13
   448    0.3850769252E-13
   449    0.2478146742E-13
   450    0.2096133308E-13
   451    0.1672420268E-13
   452    0.1132811139E-13
   453    0.9826432903E-14
   454    0.8097928970E-14
   455    0.5535562558E-14
   456    0.4325981655E-14
   457    0.3079896858E-14
   458    0.2157752995E-14
   459    0.1316594366E-14
   460    0.1196510330E-14
   461    0.1478739546E-14
   462    0.1257863306E-14
   463    0.1029171899E-14
   464    0.9650601529E-15
   465    0.8518877018E-15
   466    0.8513501646E-15
   467    0.4903932973E-15
   468    0.5111763829E-15
   469    0.5441277300E-15
   470    0.3580765374E-15
   471    0.2005414368E-15
   472    0.5013535920E-16
   473    0.6804499103E-16
   474    0.1835447015E-15
   475    0.1569084778E-15
   476    0.3922711946E-16
   477    0.9806779864E-17
   478    0.5796284620E-16
   479    0.1532685896E-15
   480    0.9382829864E-16
   481    0.7896822589E-16
   482    0.1862755102E-15
   483    0.1575911800E-15
   484    0.3939779500E-16
   485    0.6536059998E-16
   486    0.2106291793E-15
   487    0.2191907485E-15
   488    0.1103088384E-15
   489    0.1385995121E-15
   490    0.3464987801E-16
   491    0.6417362073E-16
   492    0.1270657076E-15
   493    0.8727757814E-16
   494    0.1883528482E-15
   495    0.1581105145E-15
   496    0.2060610823E-15
   497    0.3845821780E-15
   498    0.4063439326E-16
   499    0.8928571429E+00
   500    0.2901785714E+01
   501    0.2511160714E+01
   502    0.6277901786E+00
