    -1   -0.1317711406E+01
     0   -0.3129730275E+01
     1   -0.1148552510E+01
     2   -0.3677340207E+00
     3   -0.2813022065E-01
     4    0.8176317392E-01
     5   -0.1228979723E+00
     6   -0.1535883583E+00
     7   -0.1618328899E+00
     8    0.1658184437E+00
     9   -0.4811139260E-01
    10   -0.9085875162E-01
    11   -0.5645091386E-01
    12   -0.1766400216E+00
    13   -0.1713629689E-01
    14   -0.2216220342E+00
    15   -0.2218365758E+00
    16   -0.3372451569E-01
    17   -0.2378539269E+00
    18   -0.2055558837E+00
    19   -0.1390635244E-01
    20   -0.2127231407E+00
    21   -0.1759231232E+00
    22   -0.1076877027E+00
    23   -0.3475960415E+00
    24   -0.6097437486E-01
    25    0.4646095299E-01
    26    0.7475329463E-01
    27    0.6787231370E-01
    28   -0.1990274828E+00
    29   -0.1466722722E-01
    30    0.1479823492E+00
    31    0.2428687042E+00
    32    0.2649911527E+00
    33    0.8481986411E-01
    34    0.7821749711E-01
    35    0.2489812071E+00
    36    0.1185854911E+00
    37    0.1018277124E+00
    38    0.2592526992E+00
    39    0.1343145906E+00
    40    0.9768340832E-01
    41    0.2334960392E+00
    42    0.1121508310E+00
    43    0.2569674264E-01
    44   -0.2040888194E-01
    45   -0.8620371337E-01
    46    0.1640301202E+00
    47    0.1131574483E+00
    48    0.1916482318E+00
    49    0.1048203445E-01
    50   -0.4766131654E-01
    51   -0.1321733074E+00
    52   -0.2697856880E+00
    53    0.4267894802E-01
    54    0.1035338109E+00
    55   -0.5864901375E-01
    56   -0.8760063200E-01
    57   -0.1020336107E+00
    58   -0.1290868192E+00
    59   -0.1984737524E+00
    60   -0.1276201018E+00
    61   -0.1599096321E+00
    62   -0.2118200606E+00
    63   -0.1052467906E+00
    64   -0.1474208694E+00
    65   -0.1895657932E+00
    66   -0.9124122116E-01
    67   -0.2089369055E+00
    68   -0.2295366377E+00
    69   -0.1149265101E+00
    70   -0.9876684704E-01
    71    0.2203116733E+00
    72   -0.4861644245E-01
    73   -0.1074532067E+00
    74    0.9535008897E-01
    75   -0.3626072676E-01
    76    0.2860473705E+00
    77    0.2284500500E+00
    78    0.7597147460E-01
    79    0.1756797286E+00
    80    0.1516782695E+00
    81    0.1178515089E+00
    82    0.2776551969E+00
    83    0.1219525112E+00
    84    0.7940864060E-01
    85    0.1985325925E+00
    86    0.1796643552E+00
    87    0.3718519077E-01
    88    0.6448263190E-01
    89    0.1111375625E+00
    90    0.5932233399E-02
    91    0.8598248542E-01
    92    0.1359665646E+00
    93   -0.1858986962E-02
    94   -0.2870067480E-01
    95   -0.3845336333E-01
    96    0.4488776251E-02
    97   -0.1077157061E+00
    98    0.4124647907E-01
    99   -0.5502059428E-01
   100   -0.4121572001E-01
   101   -0.1353497275E+00
   102   -0.1279381670E+00
   103   -0.1416479642E+00
   104   -0.1307934965E+00
   105   -0.6886083734E-01
   106   -0.2142730010E+00
   107   -0.1442471913E+00
   108   -0.1159399243E+00
   109   -0.2527800473E+00
   110   -0.1963839806E+00
   111   -0.1530069657E+00
   112   -0.8801001289E-01
   113   -0.1095052358E+00
   114   -0.1511740371E+00
   115   -0.1007068082E+00
   116   -0.1293916704E-01
   117   -0.1228409524E+00
   118    0.2036243648E+00
   119   -0.7254387748E-02
   120    0.3686881360E-01
   121    0.2656190374E+00
   122    0.3186529319E-01
   123    0.1569914847E+00
   124    0.1662459215E+00
   125    0.2025946849E+00
   126    0.2169522468E+00
   127    0.1247805659E+00
   128    0.1514041989E+00
   129    0.1523685594E+00
   130    0.1157675263E+00
   131    0.1688652570E+00
   132    0.7488177747E-01
   133    0.1644576562E+00
   134    0.4157631727E-01
   135    0.5143989626E-01
   136    0.1123867851E+00
   137   -0.9029499267E-01
   138    0.7747517990E-01
   139    0.9901642346E-01
   140   -0.9414828282E-01
   141    0.3644714797E-01
   142   -0.7028876641E-01
   143    0.7257460860E-02
   144   -0.1550833922E+00
   145   -0.8412438421E-01
   146   -0.1326841139E-01
   147   -0.1410089409E+00
   148   -0.7166203812E-01
   149   -0.1269005055E+00
   150   -0.2568461486E+00
   151   -0.1186256257E+00
   152   -0.1287061105E+00
   153   -0.2510142466E+00
   154   -0.1066788924E+00
   155   -0.9534794586E-01
   156   -0.2895643918E+00
   157   -0.2319528003E+00
   158   -0.6065377918E-01
   159   -0.1328923710E+00
   160    0.2140997758E-03
   161    0.3122754154E-01
   162   -0.1034118872E+00
   163   -0.8600181267E-01
   164    0.8402799162E-01
   165    0.1775662083E+00
   166    0.2091048185E+00
   167    0.1693558789E+00
   168    0.1670923515E+00
   169    0.7026657429E-01
   170    0.1971851490E+00
   171    0.1635706088E+00
   172    0.1591474278E+00
   173    0.1765415462E+00
   174    0.1073888711E+00
   175    0.1313869489E+00
   176    0.1634907270E+00
   177    0.1638100653E+00
   178    0.9232105440E-01
   179    0.8494691546E-01
   180   -0.4933106840E-01
   181   -0.1597266280E+00
   182    0.9343694276E-01
   183    0.1022979258E+00
   184   -0.2054780821E-01
   185    0.5180403783E-01
   186    0.1286888161E-01
   187   -0.8306047194E-01
   188   -0.1127056511E+00
   189   -0.1330970353E+00
   190   -0.2043755716E+00
   191   -0.1669992354E+00
   192   -0.4281289230E-01
   193   -0.1153385567E+00
   194   -0.1661924669E+00
   195   -0.1386841290E+00
   196   -0.1773753790E+00
   197   -0.7109153786E-01
   198   -0.3062178521E-01
   199   -0.1203022678E+00
   200   -0.4799072722E-01
   201   -0.1770424732E-01
   202   -0.1070846020E+00
   203    0.1577514529E-01
   204   -0.3155123302E-01
   205   -0.1102772183E+00
   206    0.2208771624E+00
   207    0.1266014203E+00
   208    0.9683215748E-01
   209    0.6819653325E-01
   210    0.1890482240E-01
   211    0.9190644758E-01
   212    0.9733811569E-01
   213    0.6677843936E-01
   214    0.1083049419E+00
   215    0.8013699915E-01
   216    0.6482995205E-01
   217    0.9879246031E-01
   218    0.5852624968E-01
   219    0.5433625343E-01
   220    0.4679143321E-01
   221    0.6745265694E-02
   222    0.4355780860E-01
   223    0.4194985753E-01
   224    0.6243585336E-03
   225   -0.1492034654E-01
   226   -0.9696058742E-02
   227    0.1002630130E+00
   228    0.1284133330E+00
   229   -0.3574868384E-01
   230   -0.2235851542E+00
   231   -0.9129217609E-01
   232    0.1745180811E+00
   233    0.1436440328E+00
   234   -0.1451464239E+00
   235   -0.8928634268E-01
   236   -0.6481492960E-01
   237    0.1478044158E-01
   238    0.3779479356E-01
   239   -0.3748565047E-01
   240   -0.4157796641E-01
   241   -0.7032514606E-01
   242   -0.2898340242E-01
   243    0.1113666088E-01
   244    0.3012005346E-01
   245   -0.7588558684E-02
   246   -0.7258068258E-01
   247   -0.8773502942E-01
   248   -0.3633187769E-01
   249   -0.3681281434E-02
   250   -0.2083280029E-01
   251   -0.1794262791E-02
   252   -0.3833362602E-02
   253   -0.1861498511E-01
   254   -0.1132657026E-01
   255   -0.1157559661E-01
   256   -0.1302526957E-01
   257   -0.1469056452E-01
   258   -0.2886434233E-01
   259   -0.1683636957E-01
   260    0.6531735396E-02
   261   -0.2861966309E-01
   262   -0.2790891490E-01
   263    0.2902467394E-01
   264    0.2602280127E-01
   265   -0.3965677503E-03
   266   -0.1340581799E-01
   267   -0.1683478589E-01
   268   -0.4918842076E-02
   269   -0.2455706893E-02
   270   -0.6065983439E-02
   271   -0.9164137835E-03
   272   -0.1692850431E-02
   273   -0.1381873917E-02
   274    0.3522873481E-02
   275   -0.1133601573E-02
   276   -0.2532773914E-02
   277   -0.1697901356E-01
   278   -0.3554334675E-01
   279    0.1528653786E-01
   280    0.4065767900E-01
   281    0.1217862079E-01
   282   -0.1030618984E-02
   283   -0.2098886320E-02
   284   -0.6802462582E-03
   285    0.3359702906E-02
   286    0.5368303259E-02
   287    0.5217695279E-02
   288    0.3528822352E-02
   289    0.3344554846E-02
   290    0.5236703207E-02
   291    0.5627082392E-02
   292    0.3689158779E-02
   293    0.3481067715E-02
   294    0.4543226068E-02
   295   -0.2479706156E-02
   296   -0.1173115038E-01
   297   -0.9208777737E-03
   298    0.1819541194E-01
   299    0.1120890588E-01
   300    0.4130236986E-02
   301   -0.1264539572E-03
   302    0.1524032170E-03
   303    0.2186451512E-02
   304    0.3885058171E-02
   305    0.4827122299E-02
   306    0.2827178426E-02
   307    0.8871850620E-03
   308    0.1423967086E-02
   309    0.2859974274E-02
   310    0.2365566685E-02
   311    0.1522561578E-02
   312    0.2294993843E-02
   313    0.2040990460E-02
   314    0.8511669696E-03
   315    0.1284424708E-02
   316    0.2216505401E-02
   317    0.1707146892E-02
   318    0.1053742422E-02
   319    0.1186861063E-02
   320    0.1238622742E-02
   321    0.1031795267E-02
   322    0.1002280172E-02
   323    0.9774661799E-03
   324    0.7280673998E-03
   325    0.5391060974E-03
   326    0.6043854645E-03
   327    0.7719876563E-03
   328    0.7739406402E-03
   329    0.5057185549E-03
   330    0.3926284290E-03
   331    0.4182178417E-03
   332    0.3952581367E-03
   333    0.4465850629E-03
   334    0.3534791367E-03
   335    0.2020820304E-03
   336    0.2250107452E-03
   337    0.2770513409E-03
   338    0.2403644981E-03
   339    0.1793759988E-03
   340    0.1312321573E-03
   341    0.1612665424E-03
   342    0.1787306456E-03
   343    0.1248746950E-03
   344    0.1110335823E-03
   345    0.1153957420E-03
   346    0.7315446957E-04
   347    0.5768900062E-04
   348    0.8175907218E-04
   349    0.6530956054E-04
   350    0.4491994652E-04
   351    0.4866964111E-04
   352    0.4403609137E-04
   353    0.3817303836E-04
   354    0.3224542387E-04
   355    0.2650017753E-04
   356    0.2246814217E-04
   357    0.2014637518E-04
   358    0.1835379789E-04
   359    0.1644420661E-04
   360    0.1667358634E-04
   361    0.1431701880E-04
   362    0.9256969125E-05
   363    0.8210000267E-05
   364    0.8316719359E-05
   365    0.5440786869E-05
   366    0.4835344334E-05
   367    0.5802009540E-05
   368    0.5326215856E-05
   369    0.4015723512E-05
   370    0.2884760760E-05
   371    0.2599476907E-05
   372    0.2252339489E-05
   373    0.1966022322E-05
   374    0.1794433759E-05
   375    0.1655196706E-05
   376    0.1295924418E-05
   377    0.9264018140E-06
   378    0.8168097259E-06
   379    0.7543177459E-06
   380    0.6866127407E-06
   381    0.5174067579E-06
   382    0.3815468064E-06
   383    0.3747737383E-06
   384    0.3643391052E-06
   385    0.2996573506E-06
   386    0.2445890709E-06
   387    0.1884364674E-06
   388    0.1367527883E-06
   389    0.1177748892E-06
   390    0.1119803380E-06
   391    0.1053139668E-06
   392    0.8397938976E-07
   393    0.5919127246E-07
   394    0.4416933183E-07
   395    0.3955873774E-07
   396    0.3876390412E-07
   397    0.3372686953E-07
   398    0.2495828950E-07
   399    0.1971532546E-07
   400    0.1664207205E-07
   401    0.1276558259E-07
   402    0.1091436136E-07
   403    0.9684998289E-08
   404    0.7557928030E-08
   405    0.5985242974E-08
   406    0.5053354986E-08
   407    0.3865292010E-08
   408    0.2944425240E-08
   409    0.3091963576E-08
   410    0.2784787061E-08
   411    0.1697546449E-08
   412    0.1252230239E-08
   413    0.1164759491E-08
   414    0.9406519125E-09
   415    0.7832657774E-09
   416    0.6109171551E-09
   417    0.4938457711E-09
   418    0.4191399245E-09
   419    0.3076091830E-09
   420    0.2694580379E-09
   421    0.2287293338E-09
   422    0.1567633435E-09
   423    0.1204040387E-09
   424    0.1103155669E-09
   425    0.8967545573E-10
   426    0.6451494056E-10
   427    0.5058489529E-10
   428    0.4237860704E-10
   429    0.3488694216E-10
   430    0.2849797174E-10
   431    0.2011777300E-10
   432    0.1527418580E-10
   433    0.1382372369E-10
   434    0.1073966010E-10
   435    0.8111019035E-11
   436    0.6391819424E-11
   437    0.4882660697E-11
   438    0.3938768694E-11
   439    0.3032942632E-11
   440    0.2255315895E-11
   441    0.1922852978E-11
   442    0.1603093211E-11
   443    0.1152505313E-11
   444    0.8087654156E-12
   445    0.6245201925E-12
   446    0.5293870290E-12
   447    0.4403781354E-12
   448    0.3363024751E-12
   449    0.2441697789E-12
   450    0.1857204904E-12
   451    0.1441852599E-12
   452    0.1100843129E-12
   453    0.8600207606E-13
   454    0.6785233029E-13
   455    0.5526577692E-13
   456    0.4173855330E-13
   457    0.2786513981E-13
   458    0.2222491265E-13
   459    0.1853195976E-13
   460    0.1251557342E-13
   461    0.9512675745E-14
   462    0.7762750606E-14
   463    0.5146456635E-14
   464    0.4395238628E-14
   465    0.3652322614E-14
   466    0.2522904039E-14
   467    0.1407882127E-14
   468    0.1434437981E-14
   469    0.9345376892E-15
   470    0.7748681468E-15
   471    0.4712727929E-15
   472    0.2288405007E-15
   473    0.5290549106E-15
   474    0.2155304545E-15
   475   -0.5713968884E-16
   476   -0.1808183759E-15
   477    0.3433734646E-15
   478    0.2523768199E-15
   479    0.2018720830E-15
   480    0.1059791720E-15
   481    0.8200594423E-16
   482    0.1870349398E-15
   483    0.2132921886E-15
   484    0.1921009252E-15
   485    0.1312919582E-15
   486    0.1438452920E-15
   487    0.2024947767E-15
   488    0.2171571479E-15
   489    0.1930671650E-15
   490    0.1315335181E-15
   491    0.8839453076E-16
   492    0.7760978392E-16
   493    0.1859358997E-15
   494    0.2130174286E-15
   495    0.1920322352E-15
   496    0.1035192100E-15
   497    0.8139095374E-16
   498    0.2423923434E-15
   499    0.8928571429E+00
   500    0.2901785714E+01
   501    0.2511160714E+01
   502    0.6277901786E+00
