    -1   -0.1665898346E+01
     0   -0.2228689356E+01
     1   -0.4863384842E+00
     2   -0.2407351366E+00
     3   -0.6298216574E-01
     4   -0.1268026872E+00
     5    0.1864832591E+01
     6    0.3743547703E+00
     7   -0.7746938898E+00
     8   -0.5093609309E+00
     9    0.8557676724E+00
    10   -0.6903868062E+00
    11    0.2739603260E-01
    12    0.7302703082E+00
    13   -0.1459310966E+00
    14   -0.1099471638E+00
    15    0.5726529151E+00
    16    0.5202497151E+00
    17   -0.6646422168E+00
    18   -0.9267459959E+00
    19   -0.7971936362E+00
    20    0.9073245692E+00
    21    0.1229618031E+01
    22   -0.1174403061E+01
    23   -0.1003407384E+01
    24    0.5655555828E+00
    25   -0.4120776918E+00
    26   -0.7791320185E+00
    27    0.2319146110E+01
    28   -0.6256333775E+00
    29   -0.2694940193E+01
    30    0.7993110630E+00
    31   -0.7172466241E+00
    32   -0.3032406445E+01
    33   -0.1938319624E+01
    34    0.1811116750E+01
    35   -0.6473252238E+00
    36   -0.2017064168E+01
    37   -0.2096997447E+00
    38    0.1276994235E+01
    39   -0.2151319978E+01
    40    0.3620999847E+00
    41    0.3079782424E+00
    42    0.1225994527E+01
    43    0.1675496001E+01
    44    0.1182593968E+01
    45    0.9518219230E+00
    46    0.1109880422E+01
    47    0.3515490821E+00
    48    0.5445343726E+00
    49    0.7188579212E+00
    50   -0.8940183555E-01
    51    0.4529683984E+00
    52    0.3363156997E+00
    53   -0.1863467888E+00
    54    0.4803540697E+00
    55    0.1196894030E+00
    56    0.3395103884E+00
    57   -0.2622744793E+00
    58   -0.1861942221E+00
    59    0.4257871171E+00
    60    0.3778021029E+00
    61   -0.1706149491E+00
    62   -0.3338878847E+00
    63   -0.2818764159E-01
    64   -0.1036932576E+00
    65    0.1026559443E+01
    66   -0.5403611712E+00
    67   -0.4843546860E+00
    68   -0.3613894289E+00
    69    0.1101292658E+00
    70    0.1131314088E+01
    71   -0.3786011916E+00
    72   -0.1654743483E+01
    73   -0.2045387851E+00
    74    0.1526497571E+01
    75    0.5060068520E-01
    76   -0.2667833368E+01
    77   -0.2106868875E+00
    78    0.2287889110E+01
    79   -0.1240916311E+01
    80   -0.3213407682E+01
    81    0.1345397452E+01
    82   -0.3862273444E+00
    83   -0.2586737053E+01
    84   -0.2085333669E-01
    85   -0.2489971877E+01
    86   -0.6300095879E+00
    87   -0.6735365591E+00
    88   -0.2415241501E+00
    89    0.8570651869E+00
    90    0.1274070274E+01
    91    0.1041343729E+01
    92    0.1610366279E+01
    93    0.7372294235E+00
    94    0.1522969201E+01
    95    0.4302551228E+00
    96    0.5455153954E+00
    97    0.6887906973E+00
    98    0.2020230411E+00
    99    0.4136923281E+00
   100    0.5038322504E+00
   101    0.3109280338E-01
   102    0.4903139735E-01
   103    0.5711770301E+00
   104   -0.1232946379E-01
   105   -0.1043535597E+00
   106    0.5322331631E+00
   107   -0.4153211813E+00
   108    0.3658400211E+00
   109    0.6197120929E-01
   110   -0.2930432329E+00
   111    0.4283205410E+00
   112   -0.2700930414E+00
   113    0.2166899450E+00
   114   -0.4008461765E-01
   115   -0.4242696768E+00
   116    0.3038047069E+00
   117   -0.1493387111E-01
   118   -0.1924461529E+00
   119   -0.1297847870E+00
   120   -0.3340127055E-01
   121   -0.2835974680E+00
   122    0.1073433072E+00
   123   -0.3762286962E+00
   124   -0.5003982310E+00
   125    0.1680810634E+00
   126   -0.4406643020E+00
   127   -0.4303728241E+00
   128   -0.5833543178E+00
   129   -0.6768656797E+00
   130   -0.6104865851E+00
   131   -0.1000127137E+01
   132   -0.1433881284E+01
   133   -0.1389298584E+01
   134   -0.1466582264E+01
   135   -0.8714558455E+00
   136   -0.2465239149E+00
   137    0.1455284928E+00
   138    0.7867022613E+00
   139    0.8435547133E+00
   140    0.1296711503E+01
   141    0.1367277368E+01
   142    0.9433690971E+00
   143    0.8401986449E+00
   144    0.6638693028E+00
   145    0.7563947599E+00
   146    0.7203321132E+00
   147    0.2765945259E+00
   148    0.2058653456E+00
   149    0.1562471684E+00
   150    0.6211656241E+00
   151   -0.6695042578E-01
   152    0.1404864829E+00
   153    0.3613844222E+00
   154    0.6891266726E-01
   155   -0.2875311734E+00
   156    0.4695401905E+00
   157   -0.1877345795E-01
   158   -0.1426368234E+00
   159    0.3373374833E+00
   160   -0.3469377922E+00
   161    0.2046438457E+00
   162    0.5581012704E-01
   163   -0.2722505278E+00
   164    0.2308817344E+00
   165   -0.2793786944E+00
   166   -0.1045018291E+00
   167    0.2007727537E+00
   168   -0.3158333738E+00
   169   -0.5996877570E+00
   170    0.1715130699E+00
   171   -0.1932589226E-01
   172   -0.8225207671E+00
   173   -0.9194132956E+00
   174   -0.9885912376E+00
   175   -0.8057568537E+00
   176   -0.6659196617E+00
   177   -0.5549453818E+00
   178   -0.3930060107E+00
   179   -0.2901863936E+00
   180   -0.2490310415E+00
   181    0.2865810791E+00
   182    0.1485014191E+00
   183   -0.7170092244E+00
   184    0.7128356105E-01
   185    0.5401922567E+00
   186    0.2061335850E+00
   187   -0.7421784211E-02
   188    0.5819419136E+00
   189    0.1225977905E+01
   190    0.4411423316E+00
   191    0.6050365857E-01
   192    0.7649551044E-01
   193    0.1084576237E+00
   194    0.1437932565E+00
   195    0.2011928222E+00
   196    0.2339468470E+00
   197    0.1842429859E+00
   198    0.3316706455E+00
   199    0.2230639215E+00
   200   -0.7776691257E-01
   201   -0.1392651920E-01
   202    0.1240960627E+00
   203   -0.1144809253E+00
   204   -0.1396106493E+00
   205    0.1776929807E+00
   206    0.6664861193E-01
   207    0.6516281576E-01
   208    0.2618338728E-01
   209   -0.3053309430E+00
   210   -0.1710850015E+00
   211   -0.3961678968E-01
   212   -0.3687893483E+00
   213   -0.2566584063E+00
   214    0.1205903793E+00
   215    0.3526532005E+00
   216    0.1390328848E+00
   217   -0.7970211405E+00
   218   -0.6120284428E+00
   219    0.6772203201E+00
   220    0.7532136892E+00
   221   -0.1880777279E+00
   222   -0.7187217755E+00
   223   -0.3358072942E+00
   224    0.4587559133E+00
   225    0.4241785454E+00
   226   -0.2048208736E+00
   227   -0.3427579655E+00
   228   -0.1439443178E+00
   229    0.1285259907E+00
   230    0.2551597276E+00
   231    0.3704311785E-01
   232   -0.2078875099E+00
   233   -0.2067311261E+00
   234   -0.1714822348E-01
   235    0.1102011685E+00
   236    0.4234850539E-01
   237    0.2254784907E-02
   238    0.1185872373E-01
   239   -0.5244760839E-01
   240   -0.4264801060E-01
   241    0.4640099204E-01
   242   -0.1689685596E-01
   243   -0.9298481607E-01
   244   -0.2965827875E-02
   245    0.8379198768E-02
   246   -0.3283659120E-01
   247    0.6250282749E-01
   248    0.7378086292E-01
   249    0.2265681379E-01
   250   -0.3103039912E-01
   251   -0.3939021519E-01
   252   -0.2268805500E-01
   253   -0.3707809285E-02
   254    0.1076155949E-01
   255    0.2397869645E-02
   256   -0.9347183663E-02
   257    0.2190134897E-02
   258   -0.7939385181E-02
   259   -0.4558810847E-01
   260   -0.3382968997E-01
   261    0.2057502498E-01
   262    0.3184977319E-01
   263    0.4113291444E-01
   264    0.3672361257E-01
   265    0.7442019005E-02
   266   -0.1277283328E-01
   267   -0.1182434655E-01
   268   -0.4115564875E-02
   269    0.3008804382E-02
   270    0.9508771552E-02
   271    0.9650043629E-02
   272    0.3229463415E-02
   273    0.1984111119E-02
   274    0.8045895624E-02
   275    0.7443851255E-02
   276   -0.8942322591E-04
   277   -0.3463694446E-02
   278   -0.1667562909E-01
   279   -0.1853353646E-01
   280    0.2250224760E-01
   281    0.2227856613E-01
   282    0.1082940400E-01
   283    0.2633563867E-02
   284   -0.2151824119E-02
   285   -0.1395855713E-02
   286    0.1790363005E-02
   287    0.3746695833E-02
   288    0.4557362088E-02
   289    0.2702221708E-02
   290    0.4759929347E-03
   291    0.1365171897E-02
   292    0.2632421880E-02
   293    0.2057465627E-02
   294    0.1576930756E-02
   295    0.2571853279E-02
   296    0.1291540234E-02
   297    0.3523080795E-03
   298    0.1895594387E-02
   299    0.2453713583E-02
   300    0.1421610281E-02
   301    0.9478581633E-03
   302    0.1335944880E-02
   303    0.1069849567E-02
   304    0.9616246911E-03
   305    0.1129803428E-02
   306    0.8849687308E-03
   307    0.4627983761E-03
   308    0.3649918907E-03
   309    0.6768151968E-03
   310    0.9902262011E-03
   311    0.7433963363E-03
   312    0.3431344789E-03
   313    0.3754963843E-03
   314    0.3764727581E-03
   315    0.4361532356E-03
   316    0.5052788794E-03
   317    0.2371222735E-03
   318    0.1164738432E-03
   319    0.2578466714E-03
   320    0.2915005337E-03
   321    0.2265406625E-03
   322    0.1266856790E-03
   323    0.1051194150E-03
   324    0.2061730249E-03
   325    0.1813802358E-03
   326    0.1057120480E-03
   327    0.1231837875E-03
   328    0.1075156026E-03
   329    0.4115771284E-04
   330    0.6152040326E-04
   331    0.9425984720E-04
   332    0.5014291774E-04
   333    0.3896429518E-04
   334    0.5138923234E-04
   335    0.4392626224E-04
   336    0.3605183163E-04
   337    0.2906048794E-04
   338    0.2435917133E-04
   339    0.1897834855E-04
   340    0.1854106384E-04
   341    0.1766303061E-04
   342    0.1710190058E-04
   343    0.1933535419E-04
   344    0.1242491442E-04
   345    0.6597453058E-05
   346    0.8619641522E-05
   347    0.7021922383E-05
   348    0.3274913603E-05
   349    0.4931960063E-05
   350    0.6702614949E-05
   351    0.5604381104E-05
   352    0.3319724362E-05
   353    0.2416740710E-05
   354    0.2412647596E-05
   355    0.2007307652E-05
   356    0.1907296445E-05
   357    0.1910038348E-05
   358    0.1672010589E-05
   359    0.1046655303E-05
   360    0.7846595941E-06
   361    0.7413670615E-06
   362    0.7541390118E-06
   363    0.6533988394E-06
   364    0.3902988376E-06
   365    0.3351820434E-06
   366    0.3977294385E-06
   367    0.3708416547E-06
   368    0.2915120105E-06
   369    0.2364804958E-06
   370    0.1547516162E-06
   371    0.1023356769E-06
   372    0.1089792019E-06
   373    0.1195447109E-06
   374    0.1084512088E-06
   375    0.7424965301E-07
   376    0.4430785425E-07
   377    0.3492358918E-07
   378    0.3841500014E-07
   379    0.4136363451E-07
   380    0.3197173371E-07
   381    0.2144111592E-07
   382    0.1841931140E-07
   383    0.1468775623E-07
   384    0.1070745001E-07
   385    0.1051936354E-07
   386    0.9137073194E-08
   387    0.6680075607E-08
   388    0.5328081657E-08
   389    0.4622292580E-08
   390    0.2953086748E-08
   391    0.2825443664E-08
   392    0.3662088634E-08
   393    0.2559669255E-08
   394    0.1179128573E-08
   395    0.1109416961E-08
   396    0.1081243668E-08
   397    0.8666918129E-09
   398    0.7173400166E-09
   399    0.5368891293E-09
   400    0.4688409484E-09
   401    0.3732916432E-09
   402    0.2748542563E-09
   403    0.2772202205E-09
   404    0.2041746775E-09
   405    0.1240459542E-09
   406    0.1098826273E-09
   407    0.1098168908E-09
   408    0.8053641413E-10
   409    0.5243359994E-10
   410    0.4665309479E-10
   411    0.3945776957E-10
   412    0.3405294082E-10
   413    0.2586740192E-10
   414    0.1549189508E-10
   415    0.1454948900E-10
   416    0.1341484969E-10
   417    0.9559165240E-11
   418    0.7401310288E-11
   419    0.5630879832E-11
   420    0.4343357802E-11
   421    0.3635133560E-11
   422    0.2537536078E-11
   423    0.2004787810E-11
   424    0.1927104955E-11
   425    0.1507504352E-11
   426    0.9461082495E-12
   427    0.6443813683E-12
   428    0.5506170903E-12
   429    0.4980396053E-12
   430    0.4278922206E-12
   431    0.2974665095E-12
   432    0.2096195473E-12
   433    0.1663970359E-12
   434    0.1251435416E-12
   435    0.9301428556E-13
   436    0.7784878863E-13
   437    0.6378785141E-13
   438    0.5241778921E-13
   439    0.3519788549E-13
   440    0.2235807006E-13
   441    0.2027915591E-13
   442    0.1547119094E-13
   443    0.1122996417E-13
   444    0.9676996007E-14
   445    0.6908713357E-14
   446    0.5154991928E-14
   447    0.4612478162E-14
   448    0.2804576290E-14
   449    0.2026472808E-14
   450    0.1818069150E-14
   451    0.5516618021E-15
   452    0.5473101909E-15
   453    0.2894832136E-15
   454   -0.5382518601E-15
   455   -0.6064077505E-15
   456   -0.6833521078E-16
   457    0.6490500121E-15
   458    0.1900180786E-15
   459    0.4915937295E-15
   460    0.4837209154E-15
   461    0.1764413801E-15
   462    0.4411034502E-16
   463    0.6653873749E-16
   464    0.1831681381E-15
   465   -0.6523026795E-16
   466   -0.6824413818E-15
   467   -0.6146995553E-15
   468   -0.9816373759E-16
   469    0.8648136806E-16
   470    0.7713149325E-16
   471    0.1303051758E-15
   472    0.8808744517E-16
   473    0.1330441638E-15
   474    0.3326104094E-16
   475    0.6382641147E-16
   476    0.1824900566E-15
   477    0.1566448166E-15
   478    0.9467235538E-16
   479    0.2179571182E-15
   480    0.2210227332E-15
   481    0.1107668345E-15
   482    0.1387140111E-15
   483   -0.1318549509E-15
   484   -0.3105194939E-15
   485    0.1166591558E-15
   486    0.1956982427E-15
   487   -0.1176088930E-15
   488   -0.3624691306E-15
   489   -0.3510613143E-16
   490    0.1855124965E-15
   491    0.2684227290E-15
   492    0.2336391360E-15
   493    0.1694320865E-15
   494    0.4235802161E-16
   495    0.6610065663E-16
   496    0.1830586179E-15
   497    0.1567869569E-15
   498    0.3919673923E-16
   499    0.8928571429E+00
   500    0.2901785714E+01
   501    0.2511160714E+01
   502    0.6277901786E+00
