    -1   -0.3587372751E+00
     0   -0.1898652237E+01
     1   -0.2691047053E+01
     2   -0.6310178731E+00
     3   -0.5243805342E-01
     4   -0.2526772939E+00
     5   -0.5377634261E-01
     6    0.1829888695E-02
     7   -0.3019982099E+00
     8   -0.3770883045E+00
     9    0.7203269998E-01
    10    0.6010363666E-01
    11   -0.5457394887E+00
    12   -0.3181597896E+00
    13    0.2418448440E+00
    14   -0.6527996326E+00
    15   -0.2388215559E+00
    16   -0.1822684569E-02
    17   -0.6915538199E+00
    18    0.3264277164E+00
    19   -0.2939416035E+00
    20   -0.5619969599E+00
    21    0.6410463941E+00
    22   -0.5663377024E+00
    23    0.2676455716E+00
    24   -0.3593067193E+00
    25    0.8223150713E+00
    26    0.4116077327E+00
    27   -0.5864680773E+00
    28    0.7278633254E+00
    29   -0.9920431857E-01
    30    0.4808195211E+00
    31    0.6209838818E+00
    32   -0.3150299328E+00
    33    0.3683306954E+00
    34    0.2792616170E+00
    35   -0.4553695986E-01
    36    0.1423280843E+00
    37    0.3874556392E+00
    38    0.2711273274E+00
    39    0.8317603090E-01
    40   -0.7324103236E-02
    41   -0.4181509755E+00
    42    0.5595578509E-01
    43    0.6254042905E+00
    44    0.3515631911E-01
    45   -0.2249822373E+00
    46   -0.6907377857E-01
    47   -0.3548359094E+00
    48    0.2859082386E+00
    49   -0.2140537269E+00
    50    0.4750116763E+00
    51   -0.3187360115E+00
    52   -0.6491761810E+00
    53    0.1238059087E+00
    54   -0.2173758180E+00
    55    0.5947454813E-02
    56   -0.6156193020E+00
    57    0.3822471268E+00
    58   -0.2644802312E+00
    59   -0.7750464127E+00
    60   -0.6822324757E-01
    61   -0.3936128667E+00
    62    0.8176494336E-01
    63    0.1364065902E+00
    64   -0.7446557579E+00
    65   -0.3144381592E+00
    66    0.8763623395E-01
    67    0.2337355018E+00
    68   -0.9192436305E-01
    69   -0.3424309927E+00
    70    0.9112105999E+00
    71   -0.1382385568E+00
    72    0.2634388148E-01
    73    0.3267525498E+00
    74    0.1645140174E+00
    75    0.5179560769E+00
    76    0.1451792203E+00
    77    0.1797299726E+00
    78    0.3555562151E+00
    79    0.1316974142E+00
    80    0.4874555097E-01
    81    0.8692311418E-01
    82    0.3979582887E+00
    83    0.1582397286E+00
    84    0.9695698738E-01
    85    0.1267176930E+00
    86   -0.1669928339E+00
    87    0.4087909470E-01
    88    0.1054812410E-02
    89    0.3326945241E+00
    90   -0.3352359716E-01
    91    0.2317347799E-01
    92   -0.2981563516E+00
    93   -0.3045447237E+00
    94    0.3696777629E+00
    95    0.1301533907E+00
    96   -0.3908980695E+00
    97   -0.2616885411E+00
    98    0.2864111281E+00
    99   -0.4640323330E+00
   100   -0.4557824535E+00
   101    0.2184339975E+00
   102   -0.1699814775E+00
   103   -0.4948207651E+00
   104   -0.8645451120E-01
   105   -0.2368833466E+00
   106   -0.5676108814E+00
   107    0.2288944091E+00
   108   -0.3665098282E+00
   109   -0.3632196099E+00
   110   -0.7109102672E-01
   111   -0.2606901902E+00
   112    0.1934511935E+00
   113   -0.2280822975E+00
   114    0.1534313828E+00
   115    0.3241860636E+00
   116   -0.1126463157E+00
   117    0.3773496205E+00
   118    0.1078021685E+00
   119    0.3063786645E+00
   120    0.3949437848E+00
   121    0.1121212071E+00
   122    0.2984192005E+00
   123    0.2998092908E+00
   124    0.1091931188E+00
   125    0.1706866091E+00
   126    0.2700682899E+00
   127    0.1015069099E+00
   128    0.3277906504E-01
   129    0.3320339342E-01
   130    0.3574317821E+00
   131    0.1380334760E+00
   132   -0.6646539154E-01
   133   -0.1579211004E-01
   134   -0.1306378288E+00
   135    0.1652801077E+00
   136    0.1807996981E+00
   137   -0.1697298847E+00
   138   -0.1444692463E-01
   139   -0.1399259492E+00
   140   -0.2325874556E+00
   141    0.4415812685E-01
   142    0.9048932049E-01
   143   -0.1877987783E+00
   144   -0.3751158017E+00
   145   -0.6736851008E-01
   146   -0.7516851908E-01
   147   -0.4409671542E+00
   148   -0.1924195617E+00
   149   -0.7486122861E-01
   150   -0.4289428070E+00
   151   -0.2409253784E+00
   152   -0.1121758586E+00
   153   -0.4368652750E+00
   154   -0.2250378163E+00
   155   -0.5267249956E-01
   156   -0.4177398394E-01
   157   -0.1229717036E+00
   158   -0.2242590142E+00
   159    0.3153292110E+00
   160    0.3478819275E-02
   161    0.1957190991E+00
   162    0.2487778034E+00
   163    0.3256115520E+00
   164    0.2501034487E+00
   165    0.2212151697E+00
   166    0.2508023578E+00
   167    0.2435170824E+00
   168    0.2070649322E+00
   169    0.2056209008E+00
   170    0.1512605904E+00
   171    0.2077059894E+00
   172    0.1823751867E+00
   173    0.1360044893E-01
   174    0.1073264057E+00
   175    0.2739617085E+00
   176   -0.1783521382E-01
   177   -0.9031945464E-01
   178    0.1562675296E-01
   179    0.2000275515E-01
   180    0.2950216182E-01
   181    0.1958233430E-01
   182    0.8083025352E-02
   183   -0.1393704812E+00
   184   -0.1442352524E+00
   185   -0.1575513176E+00
   186   -0.1379074030E+00
   187   -0.1348581283E+00
   188   -0.2930010396E+00
   189   -0.1207653399E+00
   190   -0.1549248829E+00
   191   -0.2842355856E+00
   192   -0.1144557024E+00
   193   -0.1353598766E+00
   194   -0.2523067791E+00
   195   -0.1527289352E+00
   196   -0.9500870062E-01
   197   -0.5266246922E-02
   198    0.5178532524E-01
   199   -0.6687690834E-01
   200   -0.3280548994E-01
   201   -0.1565037105E+00
   202    0.4562012128E-01
   203    0.4608442266E+00
   204    0.1732718445E+00
   205    0.3218133510E-01
   206    0.4496871452E-01
   207    0.8548042822E-01
   208    0.7215781114E-01
   209    0.9516056896E-01
   210    0.1482531582E+00
   211    0.9153246867E-01
   212    0.7653558920E-01
   213    0.1438681000E+00
   214    0.8445118427E-01
   215    0.4657324669E-01
   216    0.1135078513E+00
   217    0.2918996911E-01
   218   -0.6279361015E-01
   219    0.3765596775E-01
   220    0.6324723760E-01
   221    0.8105542387E-02
   222    0.2315430346E-01
   223   -0.6922510790E-01
   224    0.6927994618E-01
   225    0.1764639226E+00
   226   -0.3555860811E-01
   227   -0.2144388180E+00
   228   -0.1723247042E+00
   229    0.1510809617E+00
   230    0.1312914582E+00
   231   -0.5109954789E-01
   232   -0.1069822559E+00
   233   -0.1574372510E+00
   234   -0.6847376401E-01
   235    0.9340480996E-01
   236    0.9929892815E-01
   237   -0.7891050677E-01
   238   -0.1114087825E+00
   239   -0.4677719527E-01
   240   -0.2300847344E-01
   241   -0.2440339258E-02
   242    0.2558402015E-01
   243   -0.3076614783E-01
   244   -0.9533258315E-01
   245   -0.5028801043E-01
   246   -0.2179162038E-02
   247   -0.6475950689E-02
   248   -0.7503110019E-02
   249   -0.1057213052E-02
   250   -0.8893369911E-02
   251   -0.2471707864E-01
   252   -0.9364973527E-02
   253    0.1430025656E-02
   254   -0.2800937857E-01
   255   -0.3468517323E-01
   256    0.1197858020E-02
   257   -0.3976454195E-02
   258   -0.4104888946E-01
   259   -0.6071097372E-02
   260    0.4746187005E-01
   261    0.2382010361E-01
   262   -0.6275998492E-02
   263   -0.2508763709E-01
   264   -0.1175587322E-01
   265   -0.4094237737E-02
   266   -0.4441180031E-02
   267    0.1485164955E-02
   268   -0.1918831802E-02
   269   -0.1385225126E-02
   270    0.3570274086E-02
   271   -0.2864718646E-02
   272   -0.6633872306E-02
   273   -0.1303475137E-01
   274   -0.3283306137E-01
   275   -0.5672438555E-02
   276    0.4355682278E-01
   277    0.2960837626E-01
   278    0.5660897301E-02
   279   -0.7596118984E-02
   280   -0.2170436332E-02
   281    0.3097445355E-02
   282    0.1844784583E-02
   283    0.5723483169E-02
   284    0.7126830790E-02
   285    0.2742370515E-02
   286    0.2798001050E-02
   287    0.6773723697E-02
   288    0.5973464530E-02
   289    0.2117610100E-02
   290    0.4370796439E-02
   291    0.1152805609E-02
   292   -0.1423736521E-01
   293   -0.9776597546E-02
   294    0.2128171719E-01
   295    0.1402422356E-01
   296    0.6238350062E-02
   297    0.7570898827E-03
   298   -0.1102351371E-02
   299    0.1164751136E-02
   300    0.3589659498E-02
   301    0.4714961909E-02
   302    0.3740058590E-02
   303    0.1371047227E-02
   304    0.7601057316E-03
   305    0.2472337953E-02
   306    0.2717938706E-02
   307    0.1693111277E-02
   308    0.1905778821E-02
   309    0.2363423009E-02
   310    0.1141469228E-02
   311    0.8298521798E-03
   312    0.2038182625E-02
   313    0.2134663922E-02
   314    0.1177185504E-02
   315    0.9841744812E-03
   316    0.1365206720E-02
   317    0.1073224764E-02
   318    0.9418448192E-03
   319    0.1074366927E-02
   320    0.8097680505E-03
   321    0.5030184895E-03
   322    0.5536973105E-03
   323    0.7433711401E-03
   324    0.8266142546E-03
   325    0.6057865354E-03
   326    0.3918881009E-03
   327    0.3984023704E-03
   328    0.3911644972E-03
   329    0.4527034227E-03
   330    0.4102589300E-03
   331    0.2169853617E-03
   332    0.1962129855E-03
   333    0.2743848151E-03
   334    0.2568093863E-03
   335    0.2041528767E-03
   336    0.1317996249E-03
   337    0.1406992189E-03
   338    0.1923107878E-03
   339    0.1432186262E-03
   340    0.1086443665E-03
   341    0.1208274078E-03
   342    0.8773544392E-04
   343    0.5229082272E-04
   344    0.7527027799E-04
   345    0.7742188056E-04
   346    0.4685211048E-04
   347    0.4618585390E-04
   348    0.4730615165E-04
   349    0.4034431340E-04
   350    0.3412125445E-04
   351    0.2785103067E-04
   352    0.2367329665E-04
   353    0.2015122032E-04
   354    0.1883856616E-04
   355    0.1706853576E-04
   356    0.1669442243E-04
   357    0.1622661185E-04
   358    0.1057857959E-04
   359    0.7722963208E-05
   360    0.8728675688E-05
   361    0.6225779300E-05
   362    0.4385381170E-05
   363    0.5608181648E-05
   364    0.5803130928E-05
   365    0.4622642582E-05
   366    0.3053830092E-05
   367    0.2608019962E-05
   368    0.2394030957E-05
   369    0.2004132990E-05
   370    0.1844763894E-05
   371    0.1755656687E-05
   372    0.1460063744E-05
   373    0.9829942577E-06
   374    0.8253130318E-06
   375    0.7743634643E-06
   376    0.7169706353E-06
   377    0.5792031762E-06
   378    0.4012062622E-06
   379    0.3619418569E-06
   380    0.3795105303E-06
   381    0.3327284767E-06
   382    0.2599151660E-06
   383    0.2082015890E-06
   384    0.1503873922E-06
   385    0.1151255803E-06
   386    0.1123672804E-06
   387    0.1123036572E-06
   388    0.9323783088E-07
   389    0.6569323780E-07
   390    0.4657383766E-07
   391    0.3911324879E-07
   392    0.3893379654E-07
   393    0.3713122409E-07
   394    0.2781430257E-07
   395    0.2050333429E-07
   396    0.1795466313E-07
   397    0.1371787416E-07
   398    0.1098751485E-07
   399    0.1038171951E-07
   400    0.8228398676E-08
   401    0.6322745811E-08
   402    0.5330496783E-08
   403    0.4265306217E-08
   404    0.3007878661E-08
   405    0.3043374349E-08
   406    0.3120111403E-08
   407    0.2025428994E-08
   408    0.1274058505E-08
   409    0.1194646856E-08
   410    0.1004688680E-08
   411    0.8312889579E-09
   412    0.6680942197E-09
   413    0.5172757017E-09
   414    0.4476845163E-09
   415    0.3391461387E-09
   416    0.2758227285E-09
   417    0.2500695421E-09
   418    0.1784128940E-09
   419    0.1250965855E-09
   420    0.1123763061E-09
   421    0.9939450736E-10
   422    0.7173115942E-10
   423    0.5267685859E-10
   424    0.4520912704E-10
   425    0.3692219767E-10
   426    0.3119147555E-10
   427    0.2279788401E-10
   428    0.1568049395E-10
   429    0.1454273739E-10
   430    0.1186017488E-10
   431    0.8816245188E-11
   432    0.6949529204E-11
   433    0.5240732689E-11
   434    0.4206657899E-11
   435    0.3362288389E-11
   436    0.2400511775E-11
   437    0.1998335882E-11
   438    0.1762566744E-11
   439    0.1303618043E-11
   440    0.8820152238E-12
   441    0.6566618601E-12
   442    0.5552692810E-12
   443    0.4704131821E-12
   444    0.3779159003E-12
   445    0.2684370453E-12
   446    0.1996837682E-12
   447    0.1577166589E-12
   448    0.1184839830E-12
   449    0.9014202837E-13
   450    0.7330739379E-13
   451    0.5912060571E-13
   452    0.4619946302E-13
   453    0.3176286370E-13
   454    0.2351853274E-13
   455    0.1944517077E-13
   456    0.1429124951E-13
   457    0.1097661217E-13
   458    0.8780990739E-14
   459    0.6400217391E-14
   460    0.4528267575E-14
   461    0.3303940686E-14
   462    0.2303969573E-14
   463    0.1894382235E-14
   464    0.1445040705E-14
   465    0.1402094262E-14
   466    0.9889018046E-15
   467    0.7607036000E-15
   468    0.5787539586E-15
   469    0.6998000020E-15
   470    0.3969946054E-15
   471    0.1547598026E-15
   472   -0.3776436836E-15
   473   -0.2609443746E-15
   474   -0.6523609365E-16
   475    0.1144655220E-16
   476    0.5837278928E-16
   477    0.1459319732E-16
   478    0.3140387495E-16
   479    0.6336211997E-16
   480    0.1584052999E-16
   481    0.3960132498E-17
   482    0.9900331245E-18
   483    0.2475082811E-18
   484    0.6187707028E-19
   485    0.1546926757E-19
   486    0.3867316893E-20
   487    0.9668292231E-21
   488    0.2417073058E-21
   489    0.5551121166E-16
   490    0.1249001054E-15
   491    0.3122502634E-16
   492    0.6331740782E-16
   493    0.1268516544E-15
   494    0.3171291360E-16
   495    0.7928228401E-17
   496    0.1982057100E-17
   497    0.4955142751E-18
   498    0.5563502980E-16
   499    0.8928571429E+00
   500    0.2901785714E+01
   501    0.2511160714E+01
   502    0.6277901786E+00
