    -1   -0.1196327674E+01
     0   -0.3302080384E+01
     1   -0.2043231229E+01
     2   -0.4925952268E+00
     3   -0.9422669429E-01
     4   -0.1000026447E-01
     5    0.1703598996E-01
     6    0.3008304106E-01
     7    0.2370718867E-01
     8    0.2198269167E-01
     9    0.2563163216E-01
    10    0.2167437019E-01
    11    0.1378973761E-01
    12    0.1616461308E-01
    13    0.1495705523E-01
    14    0.1724488912E-02
    15    0.5291276464E-02
    16    0.5112680422E-02
    17   -0.1184171701E-01
    18   -0.5071164106E-02
    19   -0.7792557512E-02
    20   -0.3170481158E-01
    21   -0.1826865823E-01
    22   -0.7018953317E-02
    23   -0.1748594416E-01
    24   -0.2281737784E-01
    25   -0.2844990783E-01
    26   -0.2678526607E-01
    27   -0.2279731977E-01
    28   -0.3206425486E-01
    29   -0.2765941045E-01
    30   -0.1775798118E-01
    31   -0.3079014797E-01
    32   -0.3614271554E-01
    33   -0.2137857879E-01
    34    0.7043108530E-03
    35   -0.2287589333E-01
    36    0.1205730266E-02
    37   -0.1446534229E-02
    38   -0.1291860837E-01
    39    0.8810109175E-02
    40    0.9340786948E-02
    41    0.1471049968E-02
    42    0.1560028471E-01
    43    0.1973957064E-01
    44    0.1531994151E-01
    45    0.1937553180E-01
    46    0.2783732831E-01
    47    0.2662471939E-01
    48    0.1931540841E-01
    49    0.3173504265E-01
    50    0.3385380641E-01
    51    0.1504448160E-01
    52    0.3064231149E-01
    53    0.3537432358E-01
    54    0.7471291970E-02
    55    0.2419611124E-01
    56    0.3134394223E-01
    57   -0.2450022049E-02
    58    0.1323947462E-01
    59    0.2312501289E-01
    60   -0.1346240922E-01
    61   -0.2820932375E-03
    62    0.1264052753E-01
    63   -0.2394907387E-01
    64   -0.1781166775E-01
    65   -0.8802245768E-02
    66   -0.2750608206E-01
    67   -0.8566005220E-02
    68   -0.1559740611E-01
    69   -0.2665576124E-01
    70   -0.2712500624E-01
    71   -0.2506468946E-01
    72   -0.2805258510E-01
    73   -0.2856900105E-01
    74   -0.2639000793E-01
    75   -0.2469914360E-01
    76   -0.2566463379E-01
    77   -0.2956957647E-01
    78   -0.3177999502E-01
    79   -0.1200810817E-01
    80    0.9805058926E-02
    81   -0.1876814671E-01
    82   -0.1224352538E-01
    83    0.1753183250E-01
    84   -0.1120008203E-01
    85    0.1471415928E-02
    86    0.2898520541E-01
    87   -0.3723444304E-02
    88    0.1441119614E-01
    89    0.3914973935E-01
    90    0.2342151119E-02
    91    0.2139644775E-01
    92    0.4645858076E-01
    93    0.1524489219E-01
    94    0.2187685340E-01
    95    0.4442512235E-01
    96    0.1095020907E-01
    97    0.2478252931E-01
    98    0.4394456202E-01
    99    0.9493745925E-02
   100    0.1539725825E-01
   101    0.3330884793E-01
   102    0.8146354422E-02
   103    0.2462386048E-02
   104    0.1748022155E-01
   105    0.5946467064E-02
   106   -0.1214251746E-01
   107   -0.1165497414E-02
   108    0.3569620557E-02
   109   -0.2982511141E-01
   110   -0.2994016004E-01
   111    0.1034190458E-02
   112   -0.1735019982E-01
   113   -0.2089954215E-01
   114   -0.2101203510E-01
   115   -0.3007069019E-01
   116   -0.2892862184E-01
   117   -0.2282241993E-01
   118   -0.3146200679E-01
   119   -0.2858463395E-01
   120   -0.2043528796E-01
   121   -0.2973526546E-01
   122   -0.3270688084E-01
   123   -0.1992363961E-01
   124   -0.1153004329E-01
   125   -0.2211400691E-01
   126    0.1934755017E-01
   127   -0.1808724272E-01
   128   -0.1296114868E-01
   129    0.2601658222E-01
   130   -0.5622406304E-02
   131   -0.4007444545E-03
   132    0.3386297316E-01
   133    0.6824269920E-02
   134    0.3750981863E-02
   135    0.3686442461E-01
   136    0.2899015269E-01
   137    0.1106005593E-01
   138    0.5434806106E-01
   139    0.2415628532E-01
   140    0.6662287670E-02
   141    0.4922087709E-01
   142    0.1861461844E-01
   143   -0.1569976917E-02
   144    0.4539774228E-01
   145    0.2235929045E-01
   146    0.5022273045E-02
   147    0.2704214692E-01
   148    0.1049781127E-01
   149   -0.6504242151E-02
   150    0.1524159659E-01
   151   -0.1397027057E-02
   152   -0.1847459393E-01
   153    0.2376034267E-02
   154   -0.1339223394E-01
   155   -0.3691393597E-01
   156   -0.1640347740E-01
   157   -0.6536482063E-02
   158   -0.3113617311E-01
   159   -0.1771105104E-01
   160   -0.2780371973E-01
   161   -0.3868160311E-01
   162   -0.1995297377E-01
   163   -0.3177083921E-01
   164   -0.3995751058E-01
   165   -0.2770094764E-01
   166   -0.3537318444E-01
   167   -0.1834451384E-01
   168   -0.1539238581E-01
   169   -0.1197828464E-01
   170   -0.2110973780E-01
   171   -0.1069127257E-01
   172   -0.8079163537E-04
   173   -0.1364179574E-01
   174   -0.1849673699E-01
   175    0.6988987267E-02
   176    0.2564312042E-01
   177    0.6940804659E-02
   178    0.3368115309E-01
   179    0.9014970631E-02
   180    0.1093381713E-01
   181    0.4161312251E-01
   182    0.1467001248E-01
   183    0.1200182473E-01
   184    0.3326241806E-01
   185    0.4337908507E-01
   186    0.1027716757E-01
   187    0.1895278467E-01
   188    0.3381497007E-01
   189    0.7629558106E-02
   190    0.1383428706E-01
   191    0.1532546983E-01
   192   -0.1130816146E-01
   193    0.2155475381E-01
   194    0.5649079721E-02
   195   -0.1842057256E-01
   196    0.1165239044E-01
   197    0.4009884797E-02
   198   -0.3277729084E-01
   199   -0.1304742363E-01
   200   -0.8840736125E-02
   201   -0.4298824129E-01
   202   -0.1846776545E-01
   203   -0.5355354980E-02
   204   -0.4266599714E-01
   205   -0.1576367550E-01
   206    0.5007547104E-02
   207   -0.4867481743E-01
   208   -0.3790369699E-01
   209    0.1573167113E-01
   210   -0.1995136348E-01
   211   -0.1296091164E-01
   212    0.1434368317E-01
   213   -0.1074498003E-01
   214   -0.1100533462E-01
   215    0.1933818897E-01
   216    0.5180682934E-02
   217    0.9278667852E-02
   218    0.3729021288E-01
   219    0.1325198780E-01
   220    0.3156857726E-01
   221    0.1997543962E-01
   222    0.2106037736E-01
   223    0.3775132821E-01
   224    0.2447924920E-01
   225    0.2761188452E-01
   226    0.3651423434E-01
   227    0.2892067157E-01
   228    0.3330918335E-01
   229    0.2572998336E-01
   230    0.3299649012E-01
   231    0.3963083493E-01
   232    0.2671131323E-01
   233    0.4252213594E-04
   234   -0.4803072757E-02
   235    0.8402451723E-02
   236    0.2101748832E-01
   237    0.5343522875E-01
   238    0.3464733402E-01
   239   -0.1691918920E-01
   240   -0.5221714205E-01
   241   -0.1399429713E-01
   242    0.3884761537E-01
   243    0.6525651596E-01
   244    0.7514931100E-02
   245   -0.4526640270E-01
   246   -0.8776430409E-01
   247   -0.1628595674E-01
   248    0.7843063151E-01
   249    0.2119259680E-01
   250   -0.1275002241E-01
   251   -0.3379248276E-01
   252   -0.8287158489E-01
   253   -0.4458020713E-01
   254    0.4103906695E-01
   255    0.1879795346E-01
   256   -0.1458416277E-01
   257   -0.1497794459E-01
   258   -0.3038367416E-01
   259   -0.2935428924E-01
   260   -0.1164220766E-01
   261   -0.2539387782E-01
   262   -0.2341179299E-01
   263   -0.9614772834E-02
   264   -0.2270343633E-01
   265   -0.1511410624E-01
   266   -0.2676883832E-02
   267   -0.1527998465E-01
   268   -0.2580197084E-01
   269   -0.9086369838E-02
   270   -0.1013498095E-01
   271   -0.1581694014E-01
   272   -0.1448953625E-01
   273   -0.1979798403E-01
   274   -0.1511693333E-02
   275    0.6527176838E-02
   276   -0.8679800496E-02
   277   -0.1162504233E-01
   278   -0.4878586813E-02
   279   -0.6548120962E-02
   280   -0.5200420472E-02
   281   -0.1807158343E-02
   282   -0.7059254396E-02
   283   -0.5418653942E-02
   284   -0.8120932059E-03
   285   -0.6833090038E-02
   286   -0.4226774609E-02
   287    0.5326150586E-02
   288    0.3169345838E-02
   289   -0.3620505939E-02
   290   -0.1134341082E-01
   291   -0.6603617982E-02
   292    0.1512101517E-01
   293    0.5855083770E-02
   294    0.5635660827E-03
   295    0.2334516369E-02
   296    0.3554963013E-02
   297    0.1789476989E-02
   298    0.3923442576E-02
   299    0.5610035437E-02
   300    0.1910546034E-02
   301    0.1816461334E-02
   302    0.5790112216E-02
   303    0.4971806884E-02
   304    0.2084051233E-02
   305    0.3041050838E-02
   306    0.4842253405E-02
   307    0.2871139351E-02
   308   -0.2029459428E-02
   309   -0.2639131312E-02
   310    0.9691821295E-02
   311    0.7584953404E-02
   312    0.5071039860E-02
   313    0.2408477457E-02
   314    0.2007543793E-02
   315    0.2662656377E-02
   316    0.3190432276E-02
   317    0.3657599285E-02
   318    0.3020153011E-02
   319    0.1945293373E-02
   320    0.1908459461E-02
   321    0.2577672148E-02
   322    0.2363693307E-02
   323    0.1878425761E-02
   324    0.2033419539E-02
   325    0.2019143893E-02
   326    0.1496496018E-02
   327    0.1439007636E-02
   328    0.1754612778E-02
   329    0.1591384738E-02
   330    0.1267331820E-02
   331    0.1208808281E-02
   332    0.1193438150E-02
   333    0.1073755758E-02
   334    0.1006176840E-02
   335    0.9357510612E-03
   336    0.8166865310E-03
   337    0.7153256943E-03
   338    0.6649825455E-03
   339    0.6763976800E-03
   340    0.6716191906E-03
   341    0.5491545065E-03
   342    0.4571177834E-03
   343    0.4427387773E-03
   344    0.4066563153E-03
   345    0.3929707184E-03
   346    0.3527920199E-03
   347    0.2758397018E-03
   348    0.2526845867E-03
   349    0.2558892072E-03
   350    0.2319904284E-03
   351    0.1970823268E-03
   352    0.1619556260E-03
   353    0.1578823125E-03
   354    0.1571376945E-03
   355    0.1278060909E-03
   356    0.1125034482E-03
   357    0.1074149997E-03
   358    0.8597178638E-04
   359    0.7128007485E-04
   360    0.7321383224E-04
   361    0.6491522696E-04
   362    0.5190540862E-04
   363    0.4818683246E-04
   364    0.4345025238E-04
   365    0.3787227410E-04
   366    0.3278402542E-04
   367    0.2822323858E-04
   368    0.2449128728E-04
   369    0.2119122470E-04
   370    0.1902728758E-04
   371    0.1675406279E-04
   372    0.1496542987E-04
   373    0.1345753513E-04
   374    0.1064995980E-04
   375    0.8871660573E-05
   376    0.8304195418E-05
   377    0.6679445253E-05
   378    0.5579077961E-05
   379    0.5398379094E-05
   380    0.4829811533E-05
   381    0.3975288395E-05
   382    0.3201832446E-05
   383    0.2774592312E-05
   384    0.2381191294E-05
   385    0.2039096581E-05
   386    0.1779129709E-05
   387    0.1560733545E-05
   388    0.1312088058E-05
   389    0.1039681245E-05
   390    0.8876500754E-06
   391    0.7761577078E-06
   392    0.6697802434E-06
   393    0.5543999220E-06
   394    0.4443215930E-06
   395    0.3835933264E-06
   396    0.3453467906E-06
   397    0.2916424356E-06
   398    0.2387704324E-06
   399    0.1965294483E-06
   400    0.1576861776E-06
   401    0.1305850657E-06
   402    0.1133678052E-06
   403    0.9921776208E-07
   404    0.8230595018E-07
   405    0.6487367956E-07
   406    0.5162679794E-07
   407    0.4347000882E-07
   408    0.3784761418E-07
   409    0.3228316896E-07
   410    0.2589517715E-07
   411    0.2079527128E-07
   412    0.1728422865E-07
   413    0.1393446056E-07
   414    0.1152008242E-07
   415    0.9743262683E-08
   416    0.7855875315E-08
   417    0.6366287436E-08
   418    0.5233590081E-08
   419    0.4220329625E-08
   420    0.3336765887E-08
   421    0.2902722173E-08
   422    0.2512393723E-08
   423    0.1876022882E-08
   424    0.1442269905E-08
   425    0.1214496216E-08
   426    0.9855086238E-09
   427    0.8060550919E-09
   428    0.6442548459E-09
   429    0.5160481977E-09
   430    0.4254639472E-09
   431    0.3315766147E-09
   432    0.2706172893E-09
   433    0.2246629160E-09
   434    0.1709542063E-09
   435    0.1332518082E-09
   436    0.1111753006E-09
   437    0.8990577267E-10
   438    0.6947339811E-10
   439    0.5451059714E-10
   440    0.4403839265E-10
   441    0.3528186292E-10
   442    0.2843221545E-10
   443    0.2184586206E-10
   444    0.1675390472E-10
   445    0.1383874982E-10
   446    0.1093727545E-10
   447    0.8480396087E-11
   448    0.6663783895E-11
   449    0.5179357757E-11
   450    0.4097250520E-11
   451    0.3203146133E-11
   452    0.2449523236E-11
   453    0.1964327142E-11
   454    0.1575769680E-11
   455    0.1200498631E-11
   456    0.9043566000E-12
   457    0.6940342771E-12
   458    0.5535656662E-12
   459    0.4405455516E-12
   460    0.3410697159E-12
   461    0.2577891481E-12
   462    0.1982361004E-12
   463    0.1528236442E-12
   464    0.1174342016E-12
   465    0.9093429491E-13
   466    0.7027887476E-13
   467    0.5552546834E-13
   468    0.4203245965E-13
   469    0.3031865701E-13
   470    0.2338646457E-13
   471    0.1795498600E-13
   472    0.1314154720E-13
   473    0.1023815849E-13
   474    0.7819221202E-14
   475    0.6027936022E-14
   476    0.4372747188E-14
   477    0.3230366119E-14
   478    0.3139059882E-14
   479    0.2568060704E-14
   480    0.1627338110E-14
   481    0.9758238277E-15
   482    0.7713118936E-15
   483    0.6785505467E-15
   484    0.4749489684E-15
   485   -0.1033073628E-15
   486   -0.3588937481E-15
   487   -0.3421228579E-16
   488   -0.2861088276E-15
   489    0.3949509556E-16
   490    0.9873773890E-17
   491    0.2468443473E-17
   492    0.6171108681E-18
   493    0.1542777170E-18
   494    0.3856942926E-19
   495    0.5552079359E-16
   496    0.1804136521E-15
   497    0.1561257155E-15
   498    0.3903142887E-16
   499    0.8928571429E+00
   500    0.2901785714E+01
   501    0.2511160714E+01
   502    0.6277901786E+00
