    -1   -0.1090030111E+01
     0   -0.2973289501E+01
     1   -0.1771412303E+01
     2   -0.3971764907E+00
     3   -0.1003896104E+00
     4   -0.9135032284E-02
     5    0.1009406102E+00
     6   -0.1251443112E+00
     7    0.1006747673E-01
     8    0.1351814157E-01
     9    0.4965484685E-02
    10   -0.1281944570E-01
    11   -0.2569929437E-01
    12   -0.9538491425E-01
    13   -0.1213907217E+00
    14   -0.8293235785E-01
    15    0.5834483885E-02
    16   -0.1757070309E+00
    17   -0.1510301731E+00
    18   -0.5591829953E-01
    19   -0.1709366602E+00
    20   -0.1173280326E+00
    21   -0.7459118642E-01
    22   -0.1558161791E+00
    23   -0.1501206988E+00
    24   -0.8614971608E-01
    25   -0.1124678638E+00
    26   -0.3169163557E-01
    27   -0.1159966485E+00
    28   -0.2520133018E-02
    29   -0.3521586511E-01
    30    0.5092830610E-02
    31    0.5536489862E-01
    32    0.9423839922E-01
    33   -0.4943752108E-02
    34    0.1515500729E+00
    35    0.1320352828E+00
    36    0.1363735673E+00
    37    0.5724618299E-01
    38    0.1242554189E+00
    39    0.2385276161E+00
    40    0.6676877292E-01
    41    0.6598565947E-01
    42    0.1681483993E+00
    43    0.8080576306E-01
    44    0.1392817372E+00
    45    0.5102412441E-01
    46    0.3025296688E-01
    47    0.1532983712E+00
    48   -0.6395966751E-01
    49    0.2583699486E-01
    50    0.1139619949E+00
    51    0.9924569082E-02
    52    0.4594457062E-01
    53   -0.1042305277E+00
    54    0.1860318952E-01
    55   -0.4361347820E-01
    56   -0.1273428324E+00
    57    0.5354505935E-02
    58   -0.5867612307E-01
    59   -0.1455343548E+00
    60   -0.3342865588E-01
    61   -0.1590277956E+00
    62    0.3992922191E-02
    63   -0.1666802767E+00
    64   -0.2059112723E+00
    65   -0.5114039739E-02
    66   -0.1554743376E+00
    67   -0.1981722917E+00
    68   -0.1122800817E+00
    69   -0.1403397787E+00
    70   -0.6754770427E-01
    71   -0.1022519162E+00
    72   -0.8168120623E-01
    73    0.9864568208E-01
    74    0.3906577720E-01
    75   -0.1109087106E+00
    76   -0.2425553838E-01
    77   -0.1417777448E-01
    78    0.2243667149E+00
    79    0.1058242484E+00
    80    0.2416706826E-01
    81    0.2032853314E+00
    82    0.1839481906E+00
    83    0.2455837074E-01
    84    0.1718433398E+00
    85    0.1875518074E+00
    86    0.3079956044E-01
    87    0.1487417210E+00
    88    0.1379895237E+00
    89   -0.1058265626E-01
    90    0.2176876204E+00
    91   -0.1978647139E-01
    92   -0.9278514354E-01
    93    0.1659997776E+00
    94    0.2448453998E-01
    95    0.1995240730E+00
    96   -0.2079931254E-01
    97   -0.1476071759E-01
    98   -0.1697125651E-01
    99   -0.1280802670E+00
   100    0.6199669141E-01
   101   -0.1823648360E+00
   102   -0.1735320473E+00
   103    0.1205907142E+00
   104   -0.6955346802E-01
   105   -0.5363113647E-01
   106   -0.1109054940E+00
   107   -0.1559094607E+00
   108   -0.1096304266E+00
   109   -0.1053522682E+00
   110   -0.1559235817E+00
   111   -0.1192572535E+00
   112   -0.7621097628E-01
   113   -0.1611902835E+00
   114   -0.2502551668E+00
   115   -0.1404350044E+00
   116    0.2226007749E-01
   117   -0.3794695328E-01
   118    0.6851859170E-01
   119   -0.2071635121E-01
   120    0.5238206240E-01
   121   -0.9751129891E-01
   122   -0.1484795732E+00
   123    0.2372457231E+00
   124    0.1341983975E+00
   125    0.1491300359E+00
   126    0.1593683357E+00
   127    0.8025909028E-01
   128    0.1525172087E+00
   129    0.1357406685E+00
   130    0.9269328661E-01
   131    0.1500538838E+00
   132    0.1337142548E+00
   133    0.9558523389E-01
   134    0.8717137465E-01
   135    0.5831078231E-01
   136    0.3845763020E-01
   137   -0.9610623591E-01
   138    0.1469131848E+00
   139    0.1404434994E+00
   140    0.8870751257E-01
   141    0.3941057159E-01
   142   -0.1173969416E-01
   143   -0.8836621077E-02
   144   -0.8518288813E-01
   145   -0.2103670126E+00
   146   -0.3514985755E-01
   147    0.3149311186E-01
   148   -0.8505676634E-01
   149   -0.3231639560E-01
   150   -0.7284756498E-01
   151   -0.8698751037E-01
   152   -0.1689384629E+00
   153   -0.1205043276E+00
   154   -0.9445791646E-01
   155   -0.1741942933E+00
   156   -0.1140241718E+00
   157   -0.1198708266E+00
   158   -0.2074230496E+00
   159   -0.1183282940E+00
   160   -0.2472909363E+00
   161    0.3913565511E-01
   162    0.1198618095E+00
   163   -0.3975678412E-01
   164   -0.5546585146E-01
   165   -0.3970145743E-01
   166   -0.6832143665E-01
   167   -0.2740819708E-01
   168    0.2419058458E+00
   169    0.1773890542E+00
   170    0.1526347803E+00
   171    0.9548758102E-01
   172    0.1012215241E+00
   173    0.1278058188E+00
   174    0.1136587253E+00
   175    0.1231303577E+00
   176    0.1239685167E+00
   177    0.1164463590E+00
   178    0.1165682302E+00
   179    0.9154000562E-01
   180    0.9259668370E-01
   181    0.5060367917E-01
   182   -0.4622847382E-01
   183   -0.2179952835E-01
   184   -0.7090701917E-02
   185    0.1637799689E+00
   186   -0.4528184970E-01
   187   -0.3026566020E-01
   188    0.6679806885E-01
   189   -0.8109031137E-01
   190   -0.8967044733E-01
   191   -0.5531793816E-01
   192   -0.1410771166E+00
   193   -0.1208475632E+00
   194   -0.5832563717E-01
   195   -0.1401628682E+00
   196   -0.1212719045E+00
   197   -0.4380624396E-01
   198   -0.1197702750E+00
   199   -0.1104241859E+00
   200   -0.2828942400E-01
   201   -0.8125117021E-01
   202   -0.7644770308E-01
   203   -0.2569979328E-01
   204   -0.5350479976E-01
   205    0.6844443986E-02
   206   -0.4824036184E-01
   207   -0.3994361286E-01
   208    0.1608299925E+00
   209    0.1151481534E+00
   210    0.2963234244E-01
   211    0.3427106466E-01
   212    0.3559887395E-01
   213    0.7121566841E-01
   214    0.1021046695E+00
   215    0.6169426867E-01
   216    0.7142273404E-01
   217    0.9319135720E-01
   218    0.5337429526E-01
   219    0.6463621330E-01
   220    0.6047983113E-01
   221    0.2539022411E-01
   222    0.6333316986E-01
   223    0.5805183784E-01
   224    0.1533253044E-01
   225    0.2074994519E-02
   226    0.2507116753E-01
   227   -0.2900679827E-01
   228    0.2208059349E-01
   229    0.1156410559E+00
   230    0.9309707924E-01
   231   -0.1000257123E+00
   232   -0.1906487504E+00
   233   -0.5215892641E-02
   234    0.2072531052E+00
   235    0.6142951855E-01
   236   -0.1527536891E+00
   237   -0.1078741495E+00
   238   -0.2570213523E-01
   239    0.1003221777E+00
   240    0.3155376875E-01
   241   -0.1225570498E+00
   242   -0.5486853944E-01
   243   -0.3773430809E-01
   244   -0.2283958065E-01
   245    0.3151337938E-01
   246    0.5137630312E-01
   247   -0.2273982640E-01
   248   -0.9010351759E-01
   249   -0.6996355334E-01
   250   -0.3735122886E-01
   251   -0.1430553024E-01
   252   -0.1141712960E-01
   253   -0.8496577324E-02
   254   -0.5766598502E-02
   255   -0.1284049488E-01
   256   -0.1738499902E-01
   257   -0.8373058702E-02
   258   -0.1147459304E-01
   259   -0.2457520906E-01
   260   -0.2219382934E-01
   261   -0.1129385623E-01
   262   -0.2722270688E-02
   263   -0.2436944211E-01
   264   -0.2287472519E-01
   265    0.2201774310E-01
   266    0.2300367414E-01
   267   -0.7519798410E-02
   268   -0.1041518934E-01
   269   -0.1107579755E-01
   270   -0.9353478708E-02
   271    0.1131630542E-02
   272   -0.6044651043E-02
   273   -0.7377012268E-02
   274    0.2683679244E-02
   275   -0.2881009103E-02
   276   -0.1398506080E-02
   277    0.6418407711E-02
   278   -0.5247757474E-03
   279   -0.1532770757E-01
   280   -0.2949323116E-01
   281    0.1315581852E-02
   282    0.3845396053E-01
   283    0.1532480826E-01
   284   -0.3965956569E-02
   285   -0.8439115406E-03
   286    0.2642707614E-02
   287    0.7892762184E-03
   288    0.5262804978E-02
   289    0.7211095685E-02
   290    0.1672201906E-02
   291    0.2523590719E-02
   292    0.6612242215E-02
   293    0.5394061213E-02
   294    0.2803460291E-02
   295    0.3334539737E-02
   296    0.5443789596E-02
   297   -0.2139722014E-03
   298   -0.9865050108E-02
   299   -0.3989536936E-02
   300    0.1662196801E-01
   301    0.1092803592E-01
   302    0.5183174718E-02
   303    0.5904856786E-03
   304    0.1571956805E-04
   305    0.2176154885E-02
   306    0.3813888714E-02
   307    0.4543476972E-02
   308    0.3113962306E-02
   309    0.1239085700E-02
   310    0.1277594729E-02
   311    0.2711431807E-02
   312    0.2561594237E-02
   313    0.1594024889E-02
   314    0.2094796056E-02
   315    0.2178505124E-02
   316    0.1079170337E-02
   317    0.1148309826E-02
   318    0.2073202469E-02
   319    0.1849507520E-02
   320    0.1091311412E-02
   321    0.1114221096E-02
   322    0.1306135445E-02
   323    0.1040951343E-02
   324    0.9682386076E-03
   325    0.1016582417E-02
   326    0.7648445288E-03
   327    0.5548728623E-03
   328    0.6270497409E-03
   329    0.7382437764E-03
   330    0.7466083586E-03
   331    0.5593379757E-03
   332    0.4091313330E-03
   333    0.4027192972E-03
   334    0.4046648890E-03
   335    0.4437259701E-03
   336    0.3586587698E-03
   337    0.2225823698E-03
   338    0.2310745415E-03
   339    0.2675157668E-03
   340    0.2408528339E-03
   341    0.1945021132E-03
   342    0.1360965874E-03
   343    0.1541131469E-03
   344    0.1790547730E-03
   345    0.1294322065E-03
   346    0.1105857129E-03
   347    0.1149338597E-03
   348    0.8044791599E-04
   349    0.5901704517E-04
   350    0.7751392548E-04
   351    0.6952257070E-04
   352    0.4661458370E-04
   353    0.4739911287E-04
   354    0.4538331969E-04
   355    0.3852991567E-04
   356    0.3264476254E-04
   357    0.2739050670E-04
   358    0.2321451878E-04
   359    0.2041189395E-04
   360    0.1861662378E-04
   361    0.1670308536E-04
   362    0.1626661307E-04
   363    0.1454376610E-04
   364    0.1000089079E-04
   365    0.8183406202E-05
   366    0.8415326723E-05
   367    0.5988140670E-05
   368    0.4869459710E-05
   369    0.5646478977E-05
   370    0.5351178490E-05
   371    0.4164321711E-05
   372    0.2974692498E-05
   373    0.2655907148E-05
   374    0.2327199987E-05
   375    0.1984990500E-05
   376    0.1800501902E-05
   377    0.1659220889E-05
   378    0.1349049494E-05
   379    0.9600433539E-06
   380    0.8330125717E-06
   381    0.7732763163E-06
   382    0.6855127958E-06
   383    0.5424076568E-06
   384    0.4040857102E-06
   385    0.3685508979E-06
   386    0.3667579820E-06
   387    0.3071964481E-06
   388    0.2439872343E-06
   389    0.1973805732E-06
   390    0.1452916292E-06
   391    0.1187884742E-06
   392    0.1132252501E-06
   393    0.1058366060E-06
   394    0.8532507247E-07
   395    0.6256724950E-07
   396    0.4665747377E-07
   397    0.4001615640E-07
   398    0.3872927986E-07
   399    0.3442503071E-07
   400    0.2570218899E-07
   401    0.2014090697E-07
   402    0.1729598974E-07
   403    0.1316828102E-07
   404    0.1104695620E-07
   405    0.9976490825E-08
   406    0.7743624692E-08
   407    0.6150359515E-08
   408    0.5204430099E-08
   409    0.4027714826E-08
   410    0.3049796859E-08
   411    0.3042251534E-08
   412    0.2803279879E-08
   413    0.1820766494E-08
   414    0.1302525826E-08
   415    0.1187657886E-08
   416    0.9640607125E-09
   417    0.8010990185E-09
   418    0.6352097177E-09
   419    0.5031885879E-09
   420    0.4282566003E-09
   421    0.3216752498E-09
   422    0.2709063549E-09
   423    0.2327851666E-09
   424    0.1663947141E-09
   425    0.1240440624E-09
   426    0.1109065849E-09
   427    0.9263759091E-10
   428    0.6726982137E-10
   429    0.5207396833E-10
   430    0.4347366519E-10
   431    0.3543508444E-10
   432    0.2925834897E-10
   433    0.2115208783E-10
   434    0.1570296864E-10
   435    0.1405256515E-10
   436    0.1103534637E-10
   437    0.8393967843E-11
   438    0.6597698524E-11
   439    0.5018660077E-11
   440    0.4062779871E-11
   441    0.3163025892E-11
   442    0.2320123384E-11
   443    0.1956082896E-11
   444    0.1643409808E-11
   445    0.1195835642E-11
   446    0.8480474628E-12
   447    0.6502030157E-12
   448    0.5401861769E-12
   449    0.4473730977E-12
   450    0.3473493335E-12
   451    0.2527740422E-12
   452    0.1918961147E-12
   453    0.1500729136E-12
   454    0.1131521719E-12
   455    0.8707435214E-13
   456    0.6967471155E-13
   457    0.5582545565E-13
   458    0.4253072901E-13
   459    0.3029056868E-13
   460    0.2310882562E-13
   461    0.1797578189E-13
   462    0.1376430773E-13
   463    0.1044242088E-13
   464    0.7835592330E-14
   465    0.5809984199E-14
   466    0.4318259232E-14
   467    0.3584505507E-14
   468    0.2936161185E-14
   469    0.2434069303E-14
   470    0.1510573533E-14
   471    0.9327548956E-15
   472    0.8160558118E-15
   473    0.3844251945E-15
   474    0.1238618742E-15
   475    0.5583214053E-15
   476    0.4171361075E-15
   477    0.2708174806E-15
   478    0.1219321891E-16
   479    0.1140706072E-15
   480    0.8402880303E-16
   481    0.2152962301E-15
   482    0.2203575112E-15
   483    0.1106005290E-15
   484    0.1386724347E-15
   485    0.3466810868E-16
   486    0.8667027170E-17
   487    0.2166756793E-17
   488    0.5416891981E-18
   489    0.5564657353E-16
   490    0.1249339458E-15
   491    0.3123348646E-16
   492    0.7808371615E-17
   493    0.1952092904E-17
   494    0.4880232260E-18
   495    0.5563315704E-16
   496    0.1249305917E-15
   497   -0.1075452301E-15
   498   -0.3044420637E-15
   499    0.8928571429E+00
   500    0.2901785714E+01
   501    0.2511160714E+01
   502    0.6277901786E+00
