    -1   -0.2133858334E+01
     0   -0.2797366409E+01
     1   -0.2143749938E+01
     2   -0.1298119625E+01
     3    0.2607602351E+00
     4   -0.8787314156E+00
     5   -0.7779254509E+00
     6   -0.6150180453E+00
     7    0.1628785599E+01
     8   -0.6223445752E+00
     9   -0.4807494372E+00
    10   -0.2433678042E+00
    11    0.6905723921E+00
    12   -0.2903649887E+00
    13    0.1240287425E+01
    14    0.1074974567E+01
    15    0.9907636836E+00
    16   -0.7401503554E+00
    17    0.1413149170E+00
    18    0.1583799638E+01
    19    0.2406468659E+00
    20    0.3384047829E+00
    21    0.8236837578E+00
    22   -0.1443761904E+01
    23    0.7450514360E+00
    24    0.1458139899E+01
    25   -0.6782252461E+00
    26   -0.6103298899E+00
    27    0.5339864671E+00
    28    0.7214802884E+00
    29    0.3911257224E+00
    30   -0.1675972502E+01
    31   -0.6851466521E+00
    32    0.1851303877E+01
    33    0.9448081714E+00
    34   -0.1582456669E+01
    35   -0.1175161364E+01
    36    0.1126653166E+01
    37   -0.3820879747E+00
    38    0.1111457776E+01
    39    0.9661517534E+00
    40   -0.2214890138E+01
    41   -0.4030558933E+00
    42   -0.5632347003E+00
    43    0.3955630680E+00
    44   -0.4585418963E+00
    45   -0.1121977682E+00
    46   -0.9453206276E+00
    47   -0.1973784210E+00
    48   -0.1305388656E+00
    49   -0.1139810162E+01
    50   -0.1718611163E+00
    51   -0.1032286169E+01
    52   -0.4178132775E+00
    53   -0.1791785805E+00
    54   -0.3769688528E+00
    55   -0.2338788799E-01
    56    0.4684939050E+00
    57    0.2397423065E+00
    58    0.6589685299E+00
    59    0.5866325873E+00
    60    0.1371353930E+00
    61    0.1168495468E+01
    62    0.4787612562E+00
    63   -0.2355861825E-01
    64    0.9874638506E+00
    65    0.4470180715E+00
    66   -0.2251318915E+00
    67    0.3891843615E+00
    68    0.2861609088E+00
    69    0.6990082458E+00
    70   -0.2970133632E+00
    71    0.5990861549E-01
    72   -0.2069634455E+00
    73    0.1151319492E+01
    74   -0.5398392587E+00
    75    0.1848781518E+00
    76   -0.3910994074E+00
    77    0.5763214194E+00
    78   -0.2939548456E+00
    79    0.9770659794E-01
    80   -0.6887074698E-02
    81    0.1001071934E+00
    82   -0.5752113931E+00
    83   -0.1363572112E+00
    84    0.7159254829E+00
    85   -0.8383645725E-01
    86   -0.1425283525E+01
    87   -0.3083863874E+00
    88    0.1943297589E+01
    89   -0.8528716872E+00
    90   -0.2729493472E+01
    91    0.1326987600E+01
    92    0.1458662759E+01
    93   -0.3500230525E+01
    94    0.6472779212E+00
    95    0.7691124525E+00
    96   -0.3250001437E+01
    97    0.1958903631E+01
    98   -0.2525111804E+01
    99    0.1084887662E+01
   100   -0.1715625066E+01
   101    0.9874769244E+00
   102   -0.4889131011E+00
   103    0.9104518157E-01
   104    0.9454478825E+00
   105    0.3625011754E+00
   106    0.1162818033E+01
   107   -0.4163369361E+00
   108    0.1297164047E+01
   109    0.3892620559E+00
   110    0.2713229206E-01
   111    0.8947989073E+00
   112    0.5390650091E+00
   113   -0.4336715076E+00
   114    0.7589118358E+00
   115    0.1743178847E+00
   116    0.4301918945E+00
   117   -0.4844217262E+00
   118    0.6081375270E+00
   119   -0.2650686637E+00
   120    0.6909973432E+00
   121   -0.2959224159E+00
   122    0.2069133070E+00
   123   -0.6464272605E+00
   124    0.8248677845E+00
   125    0.9542131526E-02
   126   -0.2384615627E+00
   127   -0.5219564507E+00
   128    0.3282407126E+00
   129    0.3088657809E+00
   130   -0.4808536070E+00
   131   -0.8742950715E-01
   132   -0.6137852145E+00
   133    0.7284021935E+00
   134   -0.4787981370E+00
   135   -0.5970813264E+00
   136   -0.3780913355E+00
   137    0.4050985945E+00
   138   -0.3347015525E+00
   139   -0.1810506689E+01
   140    0.8033623553E+00
   141   -0.6603843630E+00
   142   -0.1295673539E+01
   143    0.1070325434E+00
   144   -0.1481402546E+01
   145    0.4945426274E+00
   146   -0.1011754509E+01
   147    0.2186283648E+00
   148   -0.2711337509E+00
   149    0.1636580433E+00
   150    0.3848053386E+00
   151    0.6968768475E+00
   152    0.4596582273E+00
   153    0.1021125303E+01
   154    0.6230361433E+00
   155    0.8682996187E-01
   156    0.6505587718E+00
   157    0.5371735097E+00
   158    0.5729170134E-01
   159    0.5936144522E+00
   160    0.2751040691E+00
   161    0.5410767143E-01
   162   -0.9178980216E-01
   163    0.5482586999E+00
   164    0.2905434112E+00
   165   -0.1235099484E+00
   166   -0.1586008152E+00
   167    0.4256315191E+00
   168    0.6923687511E-01
   169   -0.1474516753E+00
   170   -0.1602305124E+00
   171    0.4151572114E+00
   172   -0.3384057350E+00
   173   -0.2647224320E+00
   174   -0.3105728872E-01
   175    0.4495687316E+00
   176   -0.3343677146E+00
   177   -0.4551924455E+00
   178   -0.4563391871E+00
   179    0.9920489962E-02
   180   -0.5237189808E+00
   181   -0.4131559751E+00
   182   -0.2784512927E+00
   183   -0.5283931348E+00
   184   -0.3543472379E+00
   185   -0.4774068438E+00
   186   -0.4730306480E+00
   187    0.1769491147E+00
   188   -0.8867303622E-02
   189   -0.1202789355E+00
   190   -0.4133185925E+00
   191   -0.1468397319E+00
   192    0.5074872161E+00
   193   -0.4082607542E+00
   194    0.7793439264E-01
   195    0.9928222440E+00
   196    0.4888001822E+00
   197    0.8777733064E-01
   198   -0.1004879692E+00
   199   -0.5719119596E-02
   200    0.1817973758E+00
   201    0.1841996078E+00
   202    0.2596800292E+00
   203    0.1773187696E+00
   204    0.1550491433E+00
   205    0.1643008113E+00
   206    0.1437989151E+00
   207    0.1568186351E+00
   208   -0.3899262672E-01
   209   -0.1229217888E+00
   210    0.1228964835E+00
   211    0.1375097734E+00
   212    0.5718899351E-01
   213   -0.5854021931E-02
   214   -0.1420128142E-02
   215    0.5616944635E-01
   216   -0.1641903144E+00
   217   -0.1611679851E+00
   218    0.9301369670E-01
   219    0.3923084338E-01
   220    0.5253776775E-01
   221   -0.1769600061E+00
   222   -0.4195161757E+00
   223    0.5888653362E-01
   224    0.3772147133E+00
   225    0.1504321919E-01
   226   -0.2276541904E+00
   227   -0.2917355326E+00
   228    0.1693305843E-01
   229    0.2202387348E+00
   230    0.1004930120E-01
   231   -0.1463737793E+00
   232   -0.1929694060E+00
   233   -0.8248516188E-01
   234    0.5367336070E-01
   235    0.1514833422E+00
   236    0.4976487979E-01
   237   -0.1543283630E+00
   238   -0.1438325471E+00
   239   -0.2260635852E-01
   240    0.2828098806E-01
   241    0.2432951521E-01
   242    0.1101022906E-01
   243   -0.1056121000E-01
   244   -0.2138555720E-01
   245   -0.1583328510E-01
   246   -0.4001636553E-02
   247   -0.4914324114E-02
   248   -0.4454788209E-01
   249   -0.2931278631E-01
   250    0.1225673427E-01
   251   -0.2839418923E-01
   252   -0.1943796897E-01
   253    0.7308266369E-01
   254    0.4638336615E-01
   255   -0.1328139788E-01
   256   -0.3101064068E-01
   257   -0.1924965940E-01
   258   -0.8984202050E-02
   259    0.2761433709E-02
   260    0.5556022413E-02
   261   -0.2679133732E-02
   262   -0.3477545115E-02
   263    0.1692961304E-02
   264   -0.1065459974E-01
   265   -0.2511249070E-01
   266   -0.2655492222E-01
   267   -0.1198108685E-01
   268    0.3374393733E-01
   269    0.4398552346E-01
   270    0.2782383480E-01
   271   -0.7570446317E-03
   272   -0.1072686387E-01
   273   -0.3624537986E-02
   274   -0.8580008327E-03
   275    0.2919547030E-02
   276    0.1025338007E-01
   277    0.6672058877E-02
   278    0.1078897037E-02
   279    0.4691975844E-02
   280    0.7595436211E-02
   281    0.5316545571E-02
   282    0.2627188172E-02
   283   -0.3686567997E-03
   284   -0.1322775544E-01
   285   -0.1736813952E-01
   286    0.1588983475E-01
   287    0.2214906092E-01
   288    0.9966014503E-02
   289    0.1981859610E-02
   290   -0.1165642937E-02
   291   -0.8379888873E-03
   292    0.1944956797E-02
   293    0.4560728092E-02
   294    0.4692955412E-02
   295    0.2024115424E-02
   296    0.6622243149E-03
   297    0.1755114640E-02
   298    0.2497094348E-02
   299    0.2106581931E-02
   300    0.1770269602E-02
   301    0.2367196657E-02
   302    0.1444636543E-02
   303    0.6322778757E-03
   304    0.1624603633E-02
   305    0.2354247825E-02
   306    0.1612301592E-02
   307    0.8983452824E-03
   308    0.1233754134E-02
   309    0.1209510602E-02
   310    0.9736280771E-03
   311    0.1026738992E-02
   312    0.9565378112E-03
   313    0.5543770873E-03
   314    0.3850918948E-03
   315    0.6722261430E-03
   316    0.9165179023E-03
   317    0.7459684530E-03
   318    0.3962502780E-03
   319    0.3701874955E-03
   320    0.3973941959E-03
   321    0.4189430347E-03
   322    0.4792614529E-03
   323    0.2822013953E-03
   324    0.1401201313E-03
   325    0.2406245608E-03
   326    0.2916558024E-03
   327    0.2319307688E-03
   328    0.1386162026E-03
   329    0.1113871028E-03
   330    0.1953513930E-03
   331    0.1779134563E-03
   332    0.1071756964E-03
   333    0.1230261880E-03
   334    0.1096633681E-03
   335    0.4727941002E-04
   336    0.6218759994E-04
   337    0.9092668791E-04
   338    0.5224077160E-04
   339    0.4213778229E-04
   340    0.5066384038E-04
   341    0.4205206632E-04
   342    0.3757709626E-04
   343    0.2998967295E-04
   344    0.2421237226E-04
   345    0.2031927067E-04
   346    0.1912653361E-04
   347    0.1751933504E-04
   348    0.1672232031E-04
   349    0.1846702230E-04
   350    0.1288444557E-04
   351    0.7377211208E-05
   352    0.8419554315E-05
   353    0.7444416993E-05
   354    0.3948178011E-05
   355    0.4856127275E-05
   356    0.6351511446E-05
   357    0.5482287920E-05
   358    0.3525894379E-05
   359    0.2508875314E-05
   360    0.2474965263E-05
   361    0.2088298298E-05
   362    0.1885201511E-05
   363    0.1851550011E-05
   364    0.1671951428E-05
   365    0.1111612094E-05
   366    0.8169359604E-06
   367    0.7628485482E-06
   368    0.7525594309E-06
   369    0.6553051666E-06
   370    0.4277055346E-06
   371    0.3504737444E-06
   372    0.3798398491E-06
   373    0.3683469657E-06
   374    0.2964570664E-06
   375    0.2307405986E-06
   376    0.1643746465E-06
   377    0.1167238017E-06
   378    0.1074267416E-06
   379    0.1152919460E-06
   380    0.1090893716E-06
   381    0.7531980536E-07
   382    0.4837829539E-07
   383    0.3837561221E-07
   384    0.3783908896E-07
   385    0.4012435411E-07
   386    0.3253725061E-07
   387    0.2217095438E-07
   388    0.1859243664E-07
   389    0.1524785494E-07
   390    0.1119534724E-07
   391    0.1061684958E-07
   392    0.9213444428E-08
   393    0.6818968106E-08
   394    0.5543115312E-08
   395    0.4748963399E-08
   396    0.3145410768E-08
   397    0.2835719528E-08
   398    0.3473630170E-08
   399    0.2590122979E-08
   400    0.1323826521E-08
   401    0.1155709049E-08
   402    0.1090620419E-08
   403    0.8767563182E-09
   404    0.7365736592E-09
   405    0.5528010817E-09
   406    0.4697474629E-09
   407    0.3861721220E-09
   408    0.2799131413E-09
   409    0.2726739511E-09
   410    0.2098716856E-09
   411    0.1321799015E-09
   412    0.1120978646E-09
   413    0.1090674857E-09
   414    0.8245628695E-10
   415    0.5536367771E-10
   416    0.4771065977E-10
   417    0.3960839071E-10
   418    0.3390442558E-10
   419    0.2663960488E-10
   420    0.1657247198E-10
   421    0.1465298875E-10
   422    0.1339734960E-10
   423    0.9756226308E-11
   424    0.7591108973E-11
   425    0.5796505805E-11
   426    0.4414837461E-11
   427    0.3720005434E-11
   428    0.2668673065E-11
   429    0.2037669201E-11
   430    0.1907937489E-11
   431    0.1523147528E-11
   432    0.9952120595E-12
   433    0.6881668380E-12
   434    0.5661570054E-12
   435    0.5028058236E-12
   436    0.4289033639E-12
   437    0.3053243230E-12
   438    0.2165938821E-12
   439    0.1709439327E-12
   440    0.1302284964E-12
   441    0.9596473660E-13
   442    0.7817006775E-13
   443    0.6434001598E-13
   444    0.5232684686E-13
   445    0.3710416241E-13
   446    0.2357016204E-13
   447    0.2072789568E-13
   448    0.1688094904E-13
   449    0.1140893134E-13
   450    0.9513570984E-14
   451    0.6985818298E-14
   452    0.5222840420E-14
   453    0.3810650804E-14
   454    0.3103719811E-14
   455    0.2732698034E-14
   456    0.1397880581E-14
   457    0.9531539148E-15
   458    0.1161161368E-14
   459    0.6441739311E-15
   460   -0.1581456368E-15
   461   -0.3953640920E-16
   462    0.3786939563E-15
   463    0.2612069428E-15
   464   -0.1012317180E-15
   465    0.4465368560E-15
   466    0.3891899701E-15
   467    0.9729749254E-16
   468    0.2432437313E-16
   469    0.6159224451E-16
   470    0.1819315148E-15
   471    0.1565051812E-15
   472    0.9463744652E-16
   473    0.1901928153E-15
   474   -0.7962947400E-17
   475   -0.5571022492E-15
   476   -0.8054093771E-15
   477   -0.5621748273E-15
   478    0.5374532249E-16
   479    0.6894748185E-16
   480    0.1723687046E-16
   481    0.4309217616E-17
   482    0.2883288002E-16
   483    0.6271937124E-16
   484    0.1567984281E-16
   485    0.5943111193E-16
   486    0.1813912317E-15
   487    0.1563701104E-15
   488    0.6684810321E-16
   489    0.7222317703E-16
   490    0.7356694549E-16
   491    0.1294140388E-15
   492   -0.1896910952E-15
   493   -0.4637564080E-15
   494   -0.6042795078E-16
   495   -0.7061813893E-16
   496    0.3785661650E-16
   497    0.3425310615E-15
   498    0.8563276538E-16
   499    0.8928571429E+00
   500    0.2901785714E+01
   501    0.2511160714E+01
   502    0.6277901786E+00
