    -1   -0.1140712510E+01
     0   -0.3209406363E+01
     1   -0.2080588076E+01
     2   -0.5016446537E+00
     3   -0.8310513805E-01
     4    0.4829321554E-01
     5    0.1831568584E-01
     6    0.4428883882E-01
     7    0.5654704332E-01
     8    0.1833715656E-01
     9    0.4280838321E-01
    10    0.1861533902E-01
    11    0.2203470329E-02
    12    0.3652697973E-01
    13   -0.2196753758E-01
    14   -0.2109793122E-01
    15    0.3064777244E-01
    16   -0.5980499743E-01
    17   -0.5099609333E-01
    18    0.1249634565E-01
    19   -0.8896730382E-01
    20   -0.5058255296E-01
    21    0.2733962043E-01
    22   -0.7945872250E-01
    23   -0.9877406424E-01
    24    0.1740196532E-01
    25   -0.7286235500E-01
    26   -0.1070656936E+00
    27    0.1768018819E-01
    28   -0.6879867850E-01
    29   -0.1155772658E+00
    30    0.4074253416E-01
    31   -0.4948370815E-01
    32   -0.5754025989E-01
    33    0.4792590957E-01
    34   -0.3438061458E-01
    35   -0.3674740284E-01
    36    0.5325846121E-01
    37   -0.4822615174E-02
    38   -0.8374601566E-02
    39    0.5847405268E-01
    40    0.2030515720E-01
    41    0.2151472442E-01
    42    0.6095463315E-01
    43    0.3660181198E-01
    44    0.4981410329E-01
    45    0.5867561078E-01
    46    0.4044998426E-01
    47    0.7221172239E-01
    48    0.5057553547E-01
    49    0.2992456312E-01
    50    0.8512990056E-01
    51    0.3629699361E-01
    52    0.6611911967E-02
    53    0.8712107290E-01
    54    0.1720791847E-01
    55   -0.2533181507E-01
    56    0.7927828256E-01
    57   -0.3986377720E-02
    58   -0.6072147881E-01
    59    0.6503760070E-01
    60   -0.2449088983E-01
    61   -0.9363064728E-01
    62    0.2016043908E-01
    63   -0.5303144186E-01
    64   -0.4259157739E-01
    65   -0.1525870360E-01
    66   -0.5430561925E-01
    67   -0.6092363206E-01
    68   -0.3473255446E-01
    69   -0.6876974551E-01
    70   -0.5760588861E-01
    71   -0.3221759164E-01
    72   -0.7432344775E-01
    73   -0.4370272270E-01
    74   -0.3008388149E-01
    75   -0.8740185481E-01
    76   -0.2797106155E-01
    77    0.2413494520E-01
    78   -0.3218235915E-01
    79   -0.2150941961E-01
    80    0.2721007367E-01
    81   -0.2403431711E-01
    82    0.1666227383E-01
    83    0.4319648275E-01
    84   -0.1407829077E-01
    85    0.4520919293E-01
    86    0.4836501243E-01
    87    0.7322293355E-02
    88    0.8370626929E-01
    89    0.4177095912E-01
    90    0.6536265749E-01
    91    0.6682122409E-01
    92    0.3459418215E-01
    93    0.5370923282E-01
    94    0.6005221444E-01
    95    0.3175880284E-01
    96    0.3149989167E-01
    97    0.6160022073E-01
    98    0.5368163055E-01
    99    0.5278177743E-02
   100    0.3221022001E-01
   101    0.2141275420E-01
   102   -0.3483740605E-02
   103    0.7601875873E-02
   104   -0.1688300605E-01
   105   -0.2101974349E-01
   106   -0.2865813281E-01
   107   -0.3931530538E-01
   108   -0.2550707677E-01
   109   -0.5052588933E-01
   110    0.4633047184E-02
   111   -0.7505447970E-01
   112   -0.6812590471E-01
   113   -0.2258497649E-01
   114   -0.7156339169E-01
   115   -0.6283573830E-01
   116   -0.3689666439E-01
   117   -0.5843025369E-01
   118   -0.4841450302E-01
   119   -0.5380287772E-01
   120   -0.4265143199E-01
   121   -0.1678059305E-01
   122   -0.9097947417E-01
   123    0.4730564743E-01
   124    0.3943563903E-01
   125   -0.1075683982E+00
   126    0.6354958410E-01
   127    0.5877322120E-01
   128   -0.9002181223E-01
   129    0.7035743169E-01
   130    0.6319040323E-01
   131   -0.3434274758E-01
   132    0.9755362752E-01
   133    0.9718969385E-01
   134   -0.2592079135E-01
   135    0.8499573760E-01
   136    0.9757344788E-01
   137   -0.8063894489E-02
   138    0.7281899756E-01
   139    0.9105305395E-01
   140   -0.5554523012E-02
   141    0.4300674970E-01
   142    0.5897969133E-01
   143   -0.8499189709E-02
   144    0.7027234594E-01
   145    0.4830135107E-01
   146   -0.3539580672E-01
   147    0.2949023300E-01
   148    0.1498045405E-01
   149   -0.4184193626E-01
   150   -0.8172792260E-02
   151   -0.5049599431E-01
   152   -0.5769195410E-01
   153    0.5481431766E-01
   154   -0.7980258660E-01
   155   -0.8124077569E-01
   156    0.2351570700E-01
   157   -0.9517407459E-01
   158   -0.9570317471E-01
   159    0.1982794067E-01
   160   -0.9455234389E-01
   161   -0.9920808857E-01
   162    0.2858235742E-01
   163   -0.8039943765E-01
   164   -0.1060683250E+00
   165    0.1259680936E-02
   166   -0.5446153285E-01
   167   -0.1107185143E-01
   168    0.1268128539E-01
   169   -0.3478748290E-01
   170   -0.1490081272E-01
   171   -0.2414638674E-02
   172   -0.3500393032E-01
   173    0.8543741462E-01
   174    0.1518518426E-01
   175   -0.1661693691E-01
   176    0.1268970158E+00
   177    0.5083881562E-01
   178   -0.8787050241E-02
   179    0.8817051076E-01
   180    0.7517234057E-01
   181    0.1541843372E-01
   182    0.7323347499E-01
   183    0.5824904863E-01
   184    0.6848127655E-02
   185    0.6434831053E-01
   186    0.4179586551E-01
   187    0.1288737796E-01
   188    0.4543496660E-01
   189   -0.6479259800E-02
   190   -0.1605101847E-01
   191    0.3541188020E-01
   192   -0.6597602399E-02
   193   -0.2628693583E-02
   194    0.1641807696E-01
   195   -0.7312413193E-01
   196   -0.4387944820E-01
   197    0.2698513333E-02
   198   -0.8130702411E-01
   199   -0.4057247834E-01
   200    0.1443599783E-01
   201   -0.8977743575E-01
   202   -0.5967931978E-01
   203   -0.1599477646E-02
   204   -0.7207671402E-01
   205   -0.4577003464E-01
   206    0.6999862700E-02
   207   -0.5183898308E-01
   208   -0.4726739472E-01
   209    0.9147886354E-02
   210   -0.4167644880E-02
   211   -0.5742492033E-02
   212    0.1575126917E-01
   213   -0.6964460345E-02
   214    0.4277363846E-01
   215    0.4580876917E-01
   216    0.1467985676E-01
   217    0.4251959096E-01
   218    0.3020903338E-01
   219    0.2561311821E-01
   220    0.5319680905E-01
   221    0.4074851860E-01
   222    0.3590694026E-01
   223    0.5933470761E-01
   224    0.4285690503E-01
   225    0.4126204246E-01
   226    0.5895587228E-01
   227    0.1641377747E-01
   228    0.4783173297E-02
   229    0.5046213113E-01
   230    0.1495338023E-01
   231   -0.1494981862E-01
   232    0.2031956403E-01
   233    0.4876068083E-01
   234    0.4303039879E-01
   235    0.3846737515E-01
   236   -0.4737171454E-01
   237   -0.8216627025E-01
   238    0.6621466029E-02
   239    0.1105419643E+00
   240    0.6540815832E-01
   241   -0.7028488702E-01
   242   -0.1173466832E+00
   243   -0.6588397324E-01
   244    0.9215740735E-01
   245    0.9702025522E-01
   246   -0.2172916255E-01
   247   -0.9599241048E-01
   248   -0.1023533610E+00
   249   -0.3111867507E-01
   250    0.3328641555E-01
   251    0.4987973341E-01
   252    0.2711269056E-02
   253   -0.3266781923E-01
   254   -0.4582671897E-01
   255   -0.3862064564E-01
   256   -0.1937241485E-01
   257   -0.2901861135E-01
   258   -0.3184268139E-01
   259   -0.9194097803E-02
   260   -0.4108137140E-02
   261   -0.2062621821E-01
   262   -0.1087709162E-01
   263   -0.1759926736E-02
   264   -0.2653694082E-01
   265   -0.2322636448E-01
   266   -0.5652194642E-02
   267   -0.1514545793E-01
   268   -0.1627184854E-01
   269   -0.1612352456E-01
   270   -0.9284445588E-02
   271    0.1284297704E-01
   272    0.2643363060E-02
   273   -0.1430660884E-01
   274   -0.6879412465E-02
   275   -0.3261521636E-02
   276   -0.9250024109E-02
   277   -0.1174438094E-02
   278   -0.3066208260E-02
   279   -0.1055804861E-01
   280   -0.6564509550E-03
   281   -0.1619755586E-02
   282   -0.7165631578E-02
   283    0.6740987329E-02
   284    0.8838481297E-02
   285   -0.1017605204E-01
   286   -0.2027552151E-01
   287   -0.3659548530E-02
   288    0.2124157022E-01
   289    0.1004192722E-01
   290    0.1618672569E-03
   291   -0.3283694026E-03
   292    0.3855733671E-02
   293    0.2542302124E-02
   294    0.3519349152E-02
   295    0.6608719510E-02
   296    0.2275672601E-02
   297    0.1031161235E-02
   298    0.6543801919E-02
   299    0.5879617481E-02
   300    0.1637833883E-02
   301    0.2933313236E-02
   302    0.5561511140E-02
   303    0.2271844580E-02
   304   -0.4425611092E-02
   305   -0.4265191827E-02
   306    0.1156020270E-01
   307    0.9232708330E-02
   308    0.5371780805E-02
   309    0.1824662733E-02
   310    0.1291734504E-02
   311    0.2253670194E-02
   312    0.3408562594E-02
   313    0.4152923331E-02
   314    0.3141088332E-02
   315    0.1652976729E-02
   316    0.1590840019E-02
   317    0.2644452001E-02
   318    0.2479492217E-02
   319    0.1757521687E-02
   320    0.2040174912E-02
   321    0.2133623211E-02
   322    0.1333492072E-02
   323    0.1310726273E-02
   324    0.1870927714E-02
   325    0.1686734699E-02
   326    0.1250279035E-02
   327    0.1165863081E-02
   328    0.1210074959E-02
   329    0.1093299598E-02
   330    0.1001147944E-02
   331    0.9434539692E-03
   332    0.8269061156E-03
   333    0.6672012912E-03
   334    0.6192210040E-03
   335    0.7120460299E-03
   336    0.7163394414E-03
   337    0.5424936653E-03
   338    0.4478850780E-03
   339    0.4385373986E-03
   340    0.3946709567E-03
   341    0.4116425348E-03
   342    0.3698506374E-03
   343    0.2555120668E-03
   344    0.2385577209E-03
   345    0.2650466704E-03
   346    0.2375944502E-03
   347    0.1956585972E-03
   348    0.1554669167E-03
   349    0.1552557608E-03
   350    0.1652546725E-03
   351    0.1312236859E-03
   352    0.1117816626E-03
   353    0.1112053458E-03
   354    0.8542699388E-04
   355    0.6644224023E-04
   356    0.7480558418E-04
   357    0.6731103807E-04
   358    0.5048041269E-04
   359    0.4833763052E-04
   360    0.4417357289E-04
   361    0.3831433264E-04
   362    0.3333352599E-04
   363    0.2806150494E-04
   364    0.2408800576E-04
   365    0.2105992785E-04
   366    0.1907725924E-04
   367    0.1672796827E-04
   368    0.1548262157E-04
   369    0.1417912545E-04
   370    0.1047156642E-04
   371    0.8644239682E-05
   372    0.8468664767E-05
   373    0.6460495684E-05
   374    0.5312445186E-05
   375    0.5527927665E-05
   376    0.5053599417E-05
   377    0.4092836985E-05
   378    0.3183632294E-05
   379    0.2738386105E-05
   380    0.2365413805E-05
   381    0.2047036843E-05
   382    0.1796449932E-05
   383    0.1604768245E-05
   384    0.1348520029E-05
   385    0.1023166738E-05
   386    0.8738816337E-06
   387    0.7746062611E-06
   388    0.6845485160E-06
   389    0.5595235247E-06
   390    0.4305306585E-06
   391    0.3806971562E-06
   392    0.3544535607E-06
   393    0.3014171231E-06
   394    0.2448403549E-06
   395    0.1982601690E-06
   396    0.1552184590E-06
   397    0.1275721316E-06
   398    0.1131734470E-06
   399    0.1024694944E-06
   400    0.8512906720E-07
   401    0.6475504701E-07
   402    0.5025951869E-07
   403    0.4262773930E-07
   404    0.3814811113E-07
   405    0.3344080851E-07
   406    0.2639557251E-07
   407    0.2071350836E-07
   408    0.1737638762E-07
   409    0.1390137377E-07
   410    0.1143675330E-07
   411    0.9869520154E-08
   412    0.7958907348E-08
   413    0.6358617080E-08
   414    0.5240626086E-08
   415    0.4243037293E-08
   416    0.3251132456E-08
   417    0.2943052852E-08
   418    0.2671907146E-08
   419    0.1900382776E-08
   420    0.1399285072E-08
   421    0.1212679636E-08
   422    0.9912512162E-09
   423    0.8125131322E-09
   424    0.6476701725E-09
   425    0.5181759964E-09
   426    0.4313903873E-09
   427    0.3319264148E-09
   428    0.2731387021E-09
   429    0.2311688261E-09
   430    0.1716744851E-09
   431    0.1315025670E-09
   432    0.1118989297E-09
   433    0.9205329432E-10
   434    0.6999608154E-10
   435    0.5401199359E-10
   436    0.4439892310E-10
   437    0.3572721833E-10
   438    0.2905669245E-10
   439    0.2207100249E-10
   440    0.1649962575E-10
   441    0.1402561169E-10
   442    0.1117238189E-10
   443    0.8550136149E-11
   444    0.6726876832E-11
   445    0.5206191589E-11
   446    0.4122999303E-11
   447    0.3230427766E-11
   448    0.2445650809E-11
   449    0.1977784995E-11
   450    0.1616208654E-11
   451    0.1227462948E-11
   452    0.8976639805E-12
   453    0.6831879045E-12
   454    0.5553504763E-12
   455    0.4487841320E-12
   456    0.3485972094E-12
   457    0.2605800166E-12
   458    0.1980387002E-12
   459    0.1532392000E-12
   460    0.1183152467E-12
   461    0.9019698882E-13
   462    0.7040679846E-13
   463    0.5608480521E-13
   464    0.4365027827E-13
   465    0.3084107286E-13
   466    0.2308685711E-13
   467    0.1897642938E-13
   468    0.1441692545E-13
   469    0.1068190314E-13
   470    0.8651802331E-14
   471    0.5625458641E-14
   472    0.4223555585E-14
   473    0.3567768490E-14
   474    0.2612787811E-14
   475    0.2207509187E-14
   476    0.1967411653E-14
   477    0.1060842213E-14
   478    0.7370553388E-15
   479    0.5867196811E-15
   480    0.5075024033E-15
   481   -0.3965785287E-16
   482   -0.2319590681E-15
   483   -0.2478615805E-17
   484   -0.1671531076E-15
   485    0.3745453573E-15
   486    0.2601697930E-15
   487    0.1205535995E-15
   488    0.1411607023E-15
   489    0.3529017558E-16
   490    0.8822543896E-17
   491    0.2205635974E-17
   492    0.5514089935E-18
   493    0.5564900348E-16
   494    0.1249345533E-15
   495    0.3123363833E-16
   496    0.7808409583E-17
   497    0.1952102396E-17
   498    0.5599917683E-16
   499    0.8928571429E+00
   500    0.2901785714E+01
   501    0.2511160714E+01
   502    0.6277901786E+00
