    -1   -0.1134574915E+00
     0   -0.9881954292E+00
     1   -0.1847130536E+01
     2   -0.5148166856E+00
     3    0.4220689663E+00
     4   -0.3768362482E+00
     5   -0.1114967492E+01
     6    0.1340143683E+01
     7    0.1401837714E+01
     8   -0.1128417541E+01
     9   -0.9515227071E+00
    10    0.6934534919E+00
    11    0.2675893080E+00
    12   -0.6568751261E+00
    13   -0.8253967565E+00
    14    0.8197760810E-01
    15    0.1151415057E+01
    16   -0.8940630014E+00
    17   -0.5756902810E+00
    18    0.1100272997E+01
    19    0.1507978455E+01
    20   -0.1035461988E+01
    21   -0.2664219983E+01
    22   -0.6977246448E-01
    23    0.8107419319E+00
    24    0.8435199997E+00
    25    0.4673453904E+00
    26   -0.9689553049E+00
    27   -0.9926874879E+00
    28   -0.3154958968E+01
    29   -0.1479851013E+00
    30   -0.5184618138E+00
    31   -0.1778843911E+01
    32   -0.1485151300E+01
    33   -0.2456138430E+01
    34   -0.9615279886E+00
    35    0.1571717544E+01
    36    0.1165488637E+01
    37    0.6307206792E+00
    38    0.2139460343E+01
    39    0.8836717220E+00
    40    0.1477243952E+01
    41    0.1325445173E+01
    42    0.1652527770E+00
    43    0.5272053058E+00
    44    0.1407552192E+01
    45   -0.4803445397E+00
    46    0.9397208422E+00
    47   -0.3429263643E+00
    48    0.9001559288E+00
    49   -0.3174730230E+00
    50    0.9094784904E+00
    51   -0.8586259513E+00
    52    0.1158210243E+00
    53    0.8501197547E+00
    54   -0.1008358740E-01
    55    0.1609648838E-01
    56   -0.3065317354E+00
    57   -0.4484832636E+00
    58    0.8679914455E+00
    59    0.5195155638E+00
    60   -0.8354814908E+00
    61   -0.1976320021E+00
    62   -0.6282389858E+00
    63    0.1634403695E+01
    64    0.2458508003E+00
    65   -0.1862099998E+01
    66    0.1636751185E-01
    67   -0.7527543947E-01
    68    0.1597550727E+01
    69   -0.2386576869E+00
    70   -0.1949987970E+01
    71   -0.6111887293E+00
    72    0.9347650715E+00
    73    0.1186495577E+01
    74   -0.1373922647E+01
    75   -0.2595978540E+01
    76    0.1518318327E+01
    77    0.1334259510E+00
    78   -0.2391675462E+01
    79   -0.5036275815E+00
    80   -0.5995478218E+00
    81   -0.2116950121E+01
    82   -0.1407968312E+01
    83   -0.1666766085E+01
    84   -0.1038704594E+01
    85   -0.4195430028E-01
    86    0.1277730622E+01
    87    0.1268722642E+01
    88    0.1208466956E+01
    89    0.2203017841E+01
    90    0.6200782039E+00
    91    0.1460143928E+01
    92    0.6515913596E+00
    93    0.7289566037E+00
    94    0.2090838491E+00
    95    0.7393324737E+00
    96    0.3325708131E+00
    97    0.4919278595E+00
    98   -0.4072981605E+00
    99    0.7304775226E+00
   100   -0.1637349015E+00
   101    0.5361801235E+00
   102   -0.2257621351E-02
   103   -0.2260818204E+00
   104    0.2493885811E+00
   105    0.1381703891E+00
   106    0.2353415776E+00
   107   -0.1823995088E+00
   108   -0.8211688814E-01
   109    0.8501162344E-02
   110    0.1795252471E+00
   111    0.1101617473E+00
   112   -0.2022659541E+00
   113   -0.8798557385E-01
   114   -0.1887053263E+00
   115    0.2352686538E+00
   116    0.5539477905E-02
   117   -0.2808630250E+00
   118   -0.6321591677E-01
   119   -0.5735871176E+00
   120    0.4259115284E+00
   121   -0.4818216884E-01
   122   -0.7214369373E+00
   123   -0.3371951850E-01
   124   -0.4666014954E+00
   125   -0.1547722586E+00
   126   -0.6556894734E+00
   127   -0.5398806656E+00
   128   -0.6165999756E+00
   129   -0.1138363300E+01
   130   -0.1480429659E+01
   131   -0.1479078071E+01
   132   -0.1910378569E+01
   133   -0.1354437978E+01
   134   -0.5479956412E+00
   135    0.1483030327E+00
   136    0.8207777173E+00
   137    0.1447224465E+01
   138    0.1351640450E+01
   139    0.1129183436E+01
   140    0.1457106249E+01
   141    0.9432548213E+00
   142    0.7234614439E+00
   143    0.6823594567E+00
   144    0.5576578685E+00
   145    0.4268287686E+00
   146    0.4660478842E+00
   147    0.1682439277E+00
   148    0.3008557610E+00
   149    0.1449564646E+00
   150    0.2093626393E+00
   151    0.1737019203E+00
   152    0.1086213803E+00
   153   -0.1755916349E+00
   154    0.3836658447E+00
   155    0.1177153054E+00
   156   -0.1490653948E+00
   157    0.4666464693E-01
   158   -0.2031634385E-01
   159    0.2023117865E+00
   160   -0.3304194443E-01
   161   -0.2283629274E+00
   162    0.7053585241E-01
   163   -0.4005806542E-01
   164    0.5985991831E-01
   165   -0.1576766995E+00
   166   -0.2165805324E+00
   167   -0.3842822455E-01
   168   -0.2187042014E+00
   169   -0.2687566521E+00
   170   -0.1171536210E+00
   171   -0.3537619425E+00
   172   -0.9669535143E+00
   173   -0.1096457069E+01
   174   -0.1006777267E+01
   175   -0.6384835362E+00
   176   -0.6872601238E+00
   177   -0.3020854641E+00
   178   -0.4426774471E+00
   179   -0.3421509837E+00
   180    0.2848955136E+00
   181   -0.8003973350E-01
   182   -0.5539298258E+00
   183   -0.4388932020E+00
   184    0.8757236008E+00
   185    0.2224593604E+00
   186   -0.4130186823E-01
   187    0.1818029629E+00
   188    0.1184078875E+01
   189    0.9614711632E+00
   190    0.3301440255E+00
   191    0.5626663062E-01
   192    0.6919904083E-02
   193    0.1931177397E+00
   194    0.2062212330E+00
   195    0.8934616541E-01
   196    0.1907852822E+00
   197    0.3096857565E+00
   198    0.3856874777E+00
   199    0.2851353703E+00
   200    0.1053936236E-01
   201   -0.2785534827E+00
   202    0.2510103827E-01
   203   -0.6327331288E-01
   204    0.2937186662E-01
   205    0.2556973922E+00
   206    0.1213554508E-01
   207    0.2402964099E-01
   208   -0.8732984862E-01
   209   -0.2976124838E+00
   210   -0.1377745532E+00
   211   -0.1080758370E+00
   212   -0.3547947937E+00
   213   -0.2098489860E+00
   214    0.3286574846E+00
   215    0.3933033864E+00
   216   -0.3238566333E+00
   217   -0.1226308644E+01
   218   -0.1666340293E+00
   219    0.1111823066E+01
   220    0.5398293487E+00
   221   -0.5244829318E+00
   222   -0.8439641532E+00
   223    0.8124474434E-02
   224    0.7159807321E+00
   225    0.1840853662E+00
   226   -0.3729357226E+00
   227   -0.2821961677E+00
   228   -0.4967005940E-01
   229    0.2151313462E+00
   230    0.2372383278E+00
   231   -0.7423645343E-01
   232   -0.2673961188E+00
   233   -0.1539716672E+00
   234    0.7574637667E-01
   235    0.9345062032E-01
   236    0.2215327781E-01
   237    0.2173456072E-01
   238   -0.2320388938E-01
   239   -0.7211757792E-01
   240    0.7026276071E-02
   241    0.4285268819E-01
   242   -0.7496741214E-01
   243   -0.6335162562E-01
   244    0.1583822917E-01
   245   -0.1439655091E-01
   246    0.1311822316E-01
   247    0.7831066107E-01
   248    0.5584749052E-01
   249   -0.4368886904E-02
   250   -0.4128117087E-01
   251   -0.3635590771E-01
   252   -0.1640284295E-01
   253    0.6667383554E-02
   254    0.1022559178E-01
   255   -0.5992682891E-02
   256   -0.4886911741E-02
   257    0.2429813678E-02
   258   -0.3052309532E-01
   259   -0.5057518849E-01
   260   -0.3879054155E-02
   261    0.3810021855E-01
   262    0.3563620372E-01
   263    0.4008277535E-01
   264    0.2475121416E-01
   265   -0.3968720114E-02
   266   -0.1729644855E-01
   267   -0.8400441662E-02
   268    0.6001975221E-03
   269    0.5274889249E-02
   270    0.1121386015E-01
   271    0.7906029006E-02
   272    0.4599725336E-03
   273    0.4535386259E-02
   274    0.1036468080E-01
   275    0.2496808700E-02
   276   -0.2834169190E-02
   277   -0.1005502355E-01
   278   -0.2118523680E-01
   279    0.3050359845E-02
   280    0.2685101697E-01
   281    0.1658637181E-01
   282    0.6157882195E-02
   283   -0.8942082095E-03
   284   -0.2136620162E-02
   285    0.2325631967E-03
   286    0.2560498594E-02
   287    0.4799460181E-02
   288    0.3667778948E-02
   289    0.1228692948E-02
   290    0.7323254812E-03
   291    0.2205695936E-02
   292    0.2375892502E-02
   293    0.1595696842E-02
   294    0.2384027645E-02
   295    0.1870625095E-02
   296    0.4898263100E-03
   297    0.1190346267E-02
   298    0.2406928585E-02
   299    0.1929973157E-02
   300    0.1059787156E-02
   301    0.1136194384E-02
   302    0.1232587453E-02
   303    0.9971788839E-03
   304    0.1032134007E-02
   305    0.1047633629E-02
   306    0.6585646774E-03
   307    0.3201484430E-03
   308    0.4978437904E-03
   309    0.9081041264E-03
   310    0.9303059590E-03
   311    0.4769786553E-03
   312    0.3289284244E-03
   313    0.3853848139E-03
   314    0.3800611912E-03
   315    0.5262744970E-03
   316    0.3695626408E-03
   317    0.1184305921E-03
   318    0.1899972043E-03
   319    0.2976172275E-03
   320    0.2595281261E-03
   321    0.1758688585E-03
   322    0.8839648331E-04
   323    0.1602667294E-03
   324    0.2194094240E-03
   325    0.1283030551E-03
   326    0.1075830188E-03
   327    0.1287099762E-03
   328    0.6522367254E-04
   329    0.3847295846E-04
   330    0.9217296453E-04
   331    0.7259680757E-04
   332    0.3464934501E-04
   333    0.4920864758E-04
   334    0.4822215376E-04
   335    0.3899214137E-04
   336    0.3257557437E-04
   337    0.2601916445E-04
   338    0.2052153468E-04
   339    0.1893229505E-04
   340    0.1805041328E-04
   341    0.1656508100E-04
   342    0.1932686696E-04
   343    0.1649866514E-04
   344    0.7949626384E-05
   345    0.7200855822E-05
   346    0.8843499946E-05
   347    0.4217153806E-05
   348    0.3622495209E-05
   349    0.6426848951E-05
   350    0.6318317082E-05
   351    0.4375824600E-05
   352    0.2555065548E-05
   353    0.2412198318E-05
   354    0.2185448452E-05
   355    0.1938788594E-05
   356    0.1896970010E-05
   357    0.1839205420E-05
   358    0.1354664565E-05
   359    0.8184038626E-06
   360    0.7421001183E-06
   361    0.7587861916E-06
   362    0.7266689514E-06
   363    0.4968693720E-06
   364    0.3255227533E-06
   365    0.3744391240E-06
   366    0.3977133186E-06
   367    0.3241559359E-06
   368    0.2659063620E-06
   369    0.1894953847E-06
   370    0.1158796658E-06
   371    0.1036553199E-06
   372    0.1142352703E-06
   373    0.1188528865E-06
   374    0.9120833045E-07
   375    0.5443948301E-07
   376    0.3621761197E-07
   377    0.3606185088E-07
   378    0.4126326457E-07
   379    0.3763023209E-07
   380    0.2521405079E-07
   381    0.1893181110E-07
   382    0.1704147964E-07
   383    0.1189737189E-07
   384    0.1019764615E-07
   385    0.1023896792E-07
   386    0.7663783114E-08
   387    0.5686210545E-08
   388    0.5072069581E-08
   389    0.3657089835E-08
   390    0.2539527514E-08
   391    0.3454557233E-08
   392    0.3342980763E-08
   393    0.1579918185E-08
   394    0.1030075404E-08
   395    0.1169865119E-08
   396    0.9325940500E-09
   397    0.7895495211E-09
   398    0.6130206095E-09
   399    0.4842990599E-09
   400    0.4307008814E-09
   401    0.2995210374E-09
   402    0.2789546279E-09
   403    0.2465411185E-09
   404    0.1515642744E-09
   405    0.1089687956E-09
   406    0.1132014386E-09
   407    0.9578532866E-10
   408    0.6215161832E-10
   409    0.4777267499E-10
   410    0.4278928607E-10
   411    0.3648377782E-10
   412    0.3031537955E-10
   413    0.1917467335E-10
   414    0.1402910020E-10
   415    0.1462832358E-10
   416    0.1117961904E-10
   417    0.8145277683E-11
   418    0.6457678533E-11
   419    0.4748794337E-11
   420    0.3975371055E-11
   421    0.3038207441E-11
   422    0.2110138170E-11
   423    0.1972156742E-11
   424    0.1755695831E-11
   425    0.1172281777E-11
   426    0.7383253882E-12
   427    0.5682258521E-12
   428    0.5257911737E-12
   429    0.4684004814E-12
   430    0.3554094926E-12
   431    0.2408419052E-12
   432    0.1833342097E-12
   433    0.1439772678E-12
   434    0.1055497894E-12
   435    0.8245371010E-13
   436    0.7007386327E-13
   437    0.5870774003E-13
   438    0.4334150573E-13
   439    0.2663523785E-13
   440    0.2096680869E-13
   441    0.1824518935E-13
   442    0.1269368099E-13
   443    0.9466997019E-14
   444    0.7848475439E-14
   445    0.6014432900E-14
   446    0.4993871859E-14
   447    0.3177480470E-14
   448    0.2348682352E-14
   449    0.1919438218E-14
   450    0.1229260096E-14
   451    0.1084471141E-14
   452    0.7984737220E-15
   453    0.5326853379E-15
   454    0.1886824857E-15
   455    0.4357486800E-15
   456    0.1089371700E-15
   457   -0.3058326149E-15
   458   -0.4650362123E-15
   459   -0.3938148092E-15
   460    0.6807975138E-16
   461   -0.1073563777E-16
   462   -0.2802396656E-15
   463   -0.1454876517E-16
   464    0.1628962624E-15
   465    0.1517463681E-15
   466    0.3793659202E-16
   467    0.3723972362E-16
   468    0.1203322334E-15
   469    0.1411053608E-15
   470   -0.1312571135E-15
   471   -0.3103700345E-15
   472    0.8894094506E-16
   473    0.1887686900E-15
   474    0.2137256262E-15
   475   -0.2079744685E-17
   476   -0.2780756923E-15
   477    0.1247701062E-15
   478    0.2532371315E-15
   479    0.2298427366E-15
   480    0.1684829866E-15
   481   -0.1799238583E-15
   482   -0.4890701744E-15
   483   -0.6675639237E-16
   484    0.1498443556E-15
   485    0.2039945426E-15
   486    0.1620209381E-15
   487    0.9601638576E-16
   488    0.1627819745E-15
   489   -0.1258379601E-15
   490   -0.4200375486E-15
   491    0.6012915304E-17
   492   -0.2205413761E-15
   493   -0.3326911002E-15
   494    0.3609164348E-15
   495    0.2567625624E-15
   496   -0.1907608625E-16
   497    0.1062532809E-15
   498    0.1930967739E-15
   499    0.8928571429E+00
   500    0.2901785714E+01
   501    0.2511160714E+01
   502    0.6277901786E+00
