    -1   -0.3734363525E+00
     0   -0.1848645448E+01
     1   -0.3941115893E+01
     2   -0.1715550011E+01
     3    0.3693426791E+01
     4    0.5312068019E-02
     5   -0.3966425907E-01
     6    0.7999826304E+00
     7   -0.1663848486E+01
     8   -0.5923016201E+00
     9   -0.6197995484E+00
    10   -0.2883412704E+01
    11    0.2769742362E+01
    12   -0.5064393026E+00
    13   -0.6982149462E+00
    14   -0.4171193423E+00
    15   -0.1312400336E+01
    16    0.1930561659E+01
    17    0.1700511160E+01
    18   -0.2776426226E+01
    19   -0.2038862762E+01
    20   -0.3602562127E+01
    21    0.1776861456E+01
    22    0.1632470338E+01
    23    0.5569905174E+00
    24    0.3205922332E+00
    25    0.9552054812E+00
    26   -0.3752599866E+00
    27    0.1597851064E+01
    28   -0.5169398385E+00
    29    0.2896911134E+01
    30    0.1005047850E+01
    31    0.9122663255E-01
    32    0.5401338464E+00
    33   -0.5264617629E+00
    34   -0.4837116590E+00
    35    0.1049814471E+01
    36   -0.4425004582E-01
    37   -0.3419123255E+00
    38   -0.8033579107E+00
    39    0.1938760162E+01
    40    0.5111006891E+00
    41   -0.7645326787E+00
    42   -0.6775731572E+00
    43   -0.4010497587E-01
    44    0.4157679664E+00
    45   -0.3106047866E+00
    46    0.1197458031E+01
    47   -0.2249621772E+00
    48   -0.6961396139E+00
    49    0.7235659110E+00
    50   -0.2956328180E+00
    51    0.6547543940E+00
    52    0.3355501721E-01
    53   -0.4147170341E+00
    54   -0.7584046315E+00
    55    0.5910525387E+00
    56    0.1359744686E+00
    57   -0.3086987258E+00
    58    0.5720924593E+00
    59   -0.1578255826E+01
    60   -0.6270704613E+00
    61    0.8165292713E+00
    62   -0.7563046325E+00
    63   -0.1510254733E+01
    64   -0.7338124234E+00
    65   -0.1165315883E+01
    66    0.3473012148E+00
    67    0.2911432955E+01
    68   -0.7246640709E+00
    69   -0.4595068250E+01
    70   -0.3785266251E+00
    71    0.1352214722E+01
    72   -0.1899478170E+01
    73   -0.1521568374E+01
    74   -0.4408720910E+01
    75   -0.2544369874E+01
    76    0.3123194981E+01
    77    0.2976231357E+01
    78    0.4794680748E+01
    79    0.2210123925E+01
    80    0.1025789171E+01
    81    0.7805942677E+00
    82    0.6342085438E+00
    83    0.9245673864E+00
    84   -0.6716977135E+00
    85   -0.5546496963E+00
    86    0.1232692639E+01
    87   -0.1204229959E+00
    88   -0.5184717256E+00
    89    0.1275211475E+00
    90    0.5320743220E+00
    91    0.1075052071E-01
    92    0.1439216852E+01
    93    0.4305789022E+00
    94   -0.6850694356E+00
    95   -0.1285436768E+01
    96    0.2054293188E+00
    97    0.6939160648E+00
    98   -0.2197044910E+00
    99    0.3892614137E+00
   100   -0.1015264747E+00
   101   -0.1166058112E+01
   102   -0.1295371518E-01
   103    0.1087586061E+01
   104   -0.8778814517E+00
   105    0.7754223568E+00
   106    0.4575122987E-01
   107   -0.1042168329E+01
   108   -0.2917168011E+00
   109    0.2447652452E+00
   110    0.1213761243E+01
   111   -0.3341026308E+00
   112   -0.4609607430E+00
   113    0.2438968017E-01
   114    0.1012466281E+01
   115   -0.1223710230E+01
   116   -0.9661850075E+00
   117    0.6669864113E+00
   118   -0.5884964209E+00
   119   -0.9759590852E+00
   120   -0.1235079435E+01
   121   -0.9679097798E+00
   122   -0.3586560849E+00
   123   -0.3518561768E+01
   124   -0.4669648192E+01
   125   -0.2600351594E+01
   126   -0.6769170117E+00
   127    0.1540802125E+01
   128    0.2127645813E+01
   129    0.2813411961E+01
   130    0.1552922854E+01
   131    0.2179265947E+01
   132    0.1452118390E+01
   133    0.1800991258E+00
   134    0.1699092676E+01
   135    0.2072247815E-01
   136    0.4631430216E+00
   137    0.8859760380E+00
   138    0.4566875024E+00
   139   -0.5561352037E+00
   140    0.3133166389E+00
   141    0.4452789252E+00
   142    0.5099458264E+00
   143    0.1439918393E+00
   144   -0.6937766775E+00
   145    0.2965695376E+00
   146    0.2826506540E+00
   147    0.3379063762E+00
   148    0.1907169747E+00
   149   -0.8121643429E+00
   150    0.3303615356E+00
   151   -0.5879658214E-01
   152    0.5633651437E+00
   153    0.7165823294E-01
   154   -0.7266590129E+00
   155    0.1289498914E+00
   156   -0.3027274468E+00
   157    0.7579710416E+00
   158   -0.1103956290E-01
   159   -0.3774318146E+00
   160   -0.3697985494E+00
   161   -0.4349424546E+00
   162    0.6341032490E+00
   163    0.4810860504E-01
   164   -0.1619085425E+00
   165   -0.6455687142E+00
   166   -0.1161075936E+01
   167    0.4009703976E+00
   168   -0.4643555411E+00
   169   -0.2033041631E+01
   170   -0.1654615127E+01
   171   -0.2929468516E-01
   172   -0.9157963853E+00
   173    0.1371998296E+00
   174   -0.1250523740E+01
   175    0.2869753860E+00
   176   -0.7729304785E+00
   177    0.2552353266E-01
   178   -0.9103208605E+00
   179    0.4283005396E+00
   180    0.7470703594E+00
   181    0.1169534915E+00
   182    0.2794644041E+00
   183    0.7299115496E+00
   184    0.1187320274E+01
   185    0.6446371724E+00
   186    0.6351502940E+00
   187    0.2462930795E+00
   188    0.1885124783E+00
   189    0.2383865324E+00
   190    0.1586163481E+00
   191    0.3317186813E-01
   192    0.2416028843E+00
   193    0.2901057495E+00
   194    0.4963022908E+00
   195    0.3247259875E+00
   196   -0.1885333786E+00
   197    0.3080339555E-01
   198    0.1900849763E+00
   199   -0.8884520300E-01
   200   -0.4897989914E+00
   201    0.1582018185E+00
   202    0.3736960325E+00
   203    0.7178656508E-01
   204   -0.2172465411E+00
   205    0.6595430474E-01
   206   -0.1458838020E+00
   207   -0.5815302419E+00
   208   -0.4523904947E+00
   209   -0.1534448174E+00
   210    0.1841179017E-01
   211    0.6287830801E+00
   212    0.1955906799E+00
   213   -0.1506502743E+01
   214   -0.1545650869E+01
   215    0.9928854166E+00
   216    0.1756777623E+01
   217    0.3488741029E-01
   218   -0.1128944292E+01
   219   -0.8703411218E+00
   220    0.5380762589E+00
   221    0.8803175739E+00
   222   -0.1188125432E+00
   223   -0.4371343925E+00
   224   -0.2937985739E+00
   225    0.4028032140E-01
   226    0.3736343513E+00
   227    0.1928379283E+00
   228   -0.2170581162E+00
   229   -0.3195216754E+00
   230   -0.7311596830E-01
   231    0.1418723639E+00
   232    0.1056038545E+00
   233    0.2846956232E-01
   234    0.1012946424E-01
   235   -0.7704307943E-01
   236   -0.7113108881E-01
   237    0.6829862412E-01
   238    0.2242522710E-02
   239   -0.1248420274E+00
   240   -0.3710966674E-01
   241    0.2850388080E-01
   242    0.2378915742E-01
   243    0.6398079958E-01
   244    0.7155095571E-01
   245    0.2069960557E-01
   246   -0.3129273143E-01
   247   -0.5283331290E-01
   248   -0.3755819693E-01
   249    0.1720570846E-02
   250    0.1572203034E-01
   251    0.8980412756E-03
   252   -0.7182385978E-02
   253    0.8002010082E-03
   254   -0.2880275773E-01
   255   -0.6199050636E-01
   256   -0.2945804175E-02
   257    0.5057630159E-01
   258    0.3393953807E-01
   259    0.3726781415E-01
   260    0.3349295655E-01
   261    0.4563631595E-02
   262   -0.2077915802E-01
   263   -0.1450812134E-01
   264   -0.1510454163E-02
   265    0.2775220899E-02
   266    0.1158598303E-01
   267    0.1197310522E-01
   268    0.1081108542E-02
   269    0.1968070122E-02
   270    0.1073969766E-01
   271    0.3555833341E-02
   272   -0.4703397579E-02
   273   -0.1102584237E-01
   274   -0.2116466813E-01
   275    0.1169694508E-02
   276    0.2720105410E-01
   277    0.1864294727E-01
   278    0.7683433935E-02
   279   -0.2345150583E-03
   280   -0.2566611413E-02
   281   -0.7453678002E-03
   282    0.1932150787E-02
   283    0.4548485386E-02
   284    0.3859645142E-02
   285    0.1723483958E-02
   286    0.7100848006E-03
   287    0.1770665331E-02
   288    0.2329553365E-02
   289    0.1823660574E-02
   290    0.2265618496E-02
   291    0.1757632863E-02
   292    0.6484518780E-03
   293    0.1131006393E-02
   294    0.2266784837E-02
   295    0.2068671052E-02
   296    0.1135412564E-02
   297    0.1058662094E-02
   298    0.1263289995E-02
   299    0.9969047217E-03
   300    0.9994333410E-03
   301    0.1096977492E-02
   302    0.6628990840E-03
   303    0.2598125452E-03
   304    0.4796945515E-03
   305    0.9173123319E-03
   306    0.9640365806E-03
   307    0.4998105579E-03
   308    0.3045603224E-03
   309    0.3807650573E-03
   310    0.3816314055E-03
   311    0.5274515459E-03
   312    0.3870344754E-03
   313    0.1130163434E-03
   314    0.1678983707E-03
   315    0.3006953522E-03
   316    0.2715129597E-03
   317    0.1753488823E-03
   318    0.7864603370E-04
   319    0.1586852305E-03
   320    0.2287286055E-03
   321    0.1303685283E-03
   322    0.1071436020E-03
   323    0.1322761064E-03
   324    0.6478800158E-04
   325    0.3444143052E-04
   326    0.9376108794E-04
   327    0.7435605774E-04
   328    0.3338805135E-04
   329    0.4934086128E-04
   330    0.4834102675E-04
   331    0.3996343346E-04
   332    0.3314025547E-04
   333    0.2549747968E-04
   334    0.2064893103E-04
   335    0.1880910280E-04
   336    0.1761352576E-04
   337    0.1675283080E-04
   338    0.1991997427E-04
   339    0.1710170681E-04
   340    0.7906363504E-05
   341    0.6898407765E-05
   342    0.9011622909E-05
   343    0.4107161927E-05
   344    0.3263984087E-05
   345    0.6473499725E-05
   346    0.6579408230E-05
   347    0.4566262979E-05
   348    0.2497215127E-05
   349    0.2351540963E-05
   350    0.2206158768E-05
   351    0.1928552708E-05
   352    0.1908707001E-05
   353    0.1898810380E-05
   354    0.1388333064E-05
   355    0.7965241083E-06
   356    0.7315231360E-06
   357    0.7584591391E-06
   358    0.7350830199E-06
   359    0.5029496606E-06
   360    0.3169889270E-06
   361    0.3706426703E-06
   362    0.4046071083E-06
   363    0.3339680112E-06
   364    0.2706727377E-06
   365    0.1920271694E-06
   366    0.1153340726E-06
   367    0.9880615431E-07
   368    0.1135695686E-06
   369    0.1236278800E-06
   370    0.9332494108E-07
   371    0.5403367075E-07
   372    0.3533094742E-07
   373    0.3484207293E-07
   374    0.4165383037E-07
   375    0.3897987976E-07
   376    0.2546616350E-07
   377    0.1889599904E-07
   378    0.1729865555E-07
   379    0.1177263707E-07
   380    0.1007856104E-07
   381    0.1038221602E-07
   382    0.7735323725E-08
   383    0.5710670245E-08
   384    0.5088904763E-08
   385    0.3642655037E-08
   386    0.2466079042E-08
   387    0.3511632521E-08
   388    0.3492308327E-08
   389    0.1600159587E-08
   390    0.9865252570E-09
   391    0.1168351001E-08
   392    0.9346456113E-09
   393    0.7998920624E-09
   394    0.6198731303E-09
   395    0.4810805864E-09
   396    0.4375653784E-09
   397    0.3014923186E-09
   398    0.2797325187E-09
   399    0.2531537212E-09
   400    0.1532096674E-09
   401    0.1069603989E-09
   402    0.1134705836E-09
   403    0.9803402968E-10
   404    0.6277123374E-10
   405    0.4716987245E-10
   406    0.4306488332E-10
   407    0.3709112836E-10
   408    0.3095908762E-10
   409    0.1925520634E-10
   410    0.1381605192E-10
   411    0.1481002633E-10
   412    0.1138547196E-10
   413    0.8250212028E-11
   414    0.6526107533E-11
   415    0.4740512175E-11
   416    0.4014718772E-11
   417    0.3081087383E-11
   418    0.2086552264E-11
   419    0.1984412412E-11
   420    0.1803834804E-11
   421    0.1197403274E-11
   422    0.7326569872E-12
   423    0.5570596059E-12
   424    0.5279609213E-12
   425    0.4756181342E-12
   426    0.3638197328E-12
   427    0.2425558872E-12
   428    0.1840402610E-12
   429    0.1444313364E-12
   430    0.1050873784E-12
   431    0.8335812475E-13
   432    0.7053588933E-13
   433    0.5954489151E-13
   434    0.4497326685E-13
   435    0.2571091050E-13
   436    0.2064552123E-13
   437    0.1919182378E-13
   438    0.1240298366E-13
   439    0.1009515097E-13
   440    0.8414908667E-14
   441    0.6447474751E-14
   442    0.5102132321E-14
   443    0.3086584389E-14
   444    0.2207997135E-14
   445    0.1343033189E-14
   446    0.1168425566E-14
   447    0.1013751357E-14
   448    0.1252638562E-14
   449    0.8821489405E-15
   450    0.5813597181E-15
   451    0.2008510808E-15
   452   -0.5298381040E-17
   453    0.6648092195E-15
   454    0.3604913342E-15
   455    0.9012283355E-16
   456    0.1335530108E-15
   457   -0.1331452010E-15
   458   -0.3108420564E-15
   459   -0.1887328166E-15
   460   -0.6578058677E-15
   461   -0.4420072231E-15
   462   -0.2215241082E-15
   463   -0.6660036906E-15
   464   -0.4995678300E-15
   465   -0.2914254112E-15
   466   -0.3504121090E-15
   467    0.7893042645E-16
   468    0.1862660603E-15
   469    0.1575888175E-15
   470   -0.1271362493E-15
   471   -0.3648509697E-15
   472   -0.2577461961E-15
   473   -0.3975034564E-15
   474   -0.4386471287E-16
   475    0.1555672755E-15
   476   -0.7213048359E-16
   477   -0.6841664357E-15
   478   -0.5596196675E-15
   479   -0.2888261442E-16
   480   -0.1737541073E-15
   481   -0.3765054342E-15
   482   -0.3161709635E-15
   483   -0.4676207995E-15
   484    0.4962825382E-16
   485    0.1511849415E-15
   486   -0.1287372183E-15
   487   -0.4762735144E-15
   488   -0.6355722738E-16
   489    0.9513299562E-16
   490    0.5153882452E-16
   491    0.6839585736E-16
   492    0.7261011557E-16
   493    0.1291748314E-15
   494    0.4538132223E-17
   495   -0.2209100719E-15
   496   -0.3327832741E-15
   497    0.8333763516E-16
   498    0.7634556002E-16
   499    0.8928571429E+00
   500    0.2901785714E+01
   501    0.2511160714E+01
   502    0.6277901786E+00
