    -1   -0.1086800520E+01
     0   -0.3161085867E+01
     1   -0.2224969014E+01
     2   -0.5480323885E+00
     3   -0.1079901530E+00
     4   -0.2708432529E-01
     5    0.8422097301E-02
     6    0.3036981960E-01
     7    0.3163703941E-02
     8    0.2107592331E-01
     9    0.3063877578E-01
    10   -0.4354859276E-02
    11    0.2228454293E-01
    12    0.2614138940E-01
    13   -0.1533154920E-01
    14    0.1998421939E-01
    15    0.2030696507E-01
    16   -0.2755185884E-01
    17    0.1444961264E-01
    18    0.1455844564E-01
    19   -0.3901639871E-01
    20    0.6681803756E-02
    21    0.1021221189E-01
    22   -0.4811527123E-01
    23   -0.1628044017E-02
    24    0.8032922214E-02
    25   -0.5324383698E-01
    26   -0.9061261664E-02
    27    0.8316101228E-02
    28   -0.5330638986E-01
    29   -0.1419517920E-01
    30    0.1033964483E-01
    31   -0.4780756824E-01
    32   -0.1617154176E-01
    33    0.1341479078E-01
    34   -0.3766654503E-01
    35   -0.1464087221E-01
    36    0.1675987280E-01
    37   -0.2443294265E-01
    38   -0.9972879129E-02
    39    0.1956260350E-01
    40   -0.9911635868E-02
    41   -0.3108913015E-02
    42    0.2104759925E-01
    43    0.4117727459E-02
    44    0.4610605549E-02
    45    0.2047964354E-01
    46    0.1617607009E-01
    47    0.1157026611E-01
    48    0.1746748802E-01
    49    0.2498923831E-01
    50    0.1615449026E-01
    51    0.1205968389E-01
    52    0.2982698521E-01
    53    0.1708098890E-01
    54    0.4576394503E-02
    55    0.3048766412E-01
    56    0.1429822532E-01
    57   -0.4710194443E-02
    58    0.2766195879E-01
    59    0.8111035795E-02
    60   -0.1465015866E-01
    61    0.2254901799E-01
    62   -0.9291469447E-03
    63   -0.2340264761E-01
    64    0.1664369026E-01
    65   -0.1217709552E-01
    66   -0.2861132059E-01
    67    0.1101433444E-01
    68   -0.2441762273E-01
    69   -0.2855100510E-01
    70    0.6564639010E-02
    71   -0.3569866840E-01
    72   -0.2338280337E-01
    73    0.4659298554E-02
    74   -0.4477178952E-01
    75   -0.1349951883E-01
    76    0.5487256388E-02
    77   -0.5074807030E-01
    78    0.2196054027E-03
    79    0.8439986375E-02
    80   -0.5286911128E-01
    81    0.1555932890E-01
    82    0.1321739431E-01
    83   -0.5137428702E-01
    84    0.3024209891E-01
    85    0.1920147296E-01
    86   -0.4686393914E-01
    87    0.4199291003E-01
    88    0.2562878535E-01
    89   -0.4027066035E-01
    90    0.4888739975E-01
    91    0.3149280497E-01
    92   -0.3265332267E-01
    93    0.4984117326E-01
    94    0.3547660026E-01
    95   -0.2523456058E-01
    96    0.4505556970E-01
    97    0.3587354486E-01
    98   -0.1860168357E-01
    99    0.3540849318E-01
   100    0.3167156103E-01
   101   -0.1330874631E-01
   102    0.2265418310E-01
   103    0.2294879158E-01
   104   -0.1007053113E-01
   105    0.9468381437E-02
   106    0.1057082693E-01
   107   -0.8929511476E-02
   108   -0.2023852638E-02
   109   -0.3655438959E-02
   110   -0.9045076187E-02
   111   -0.1058782485E-01
   112   -0.1734446922E-01
   113   -0.9516818077E-02
   114   -0.1520288434E-01
   115   -0.2848106973E-01
   116   -0.1130088366E-01
   117   -0.1403961100E-01
   118   -0.2954381727E-01
   119   -0.1535014612E-01
   120   -0.1100306645E-01
   121   -0.3692674916E-01
   122   -0.2815101042E-02
   123   -0.8734203406E-02
   124   -0.3251024256E-01
   125    0.2505133673E-02
   126   -0.4402898287E-02
   127   -0.2151862412E-01
   128    0.7805223048E-02
   129   -0.2733683097E-03
   130   -0.6528496684E-02
   131    0.1252665819E-01
   132    0.2543329765E-02
   133    0.1018778353E-01
   134    0.1621365288E-01
   135    0.2780885225E-02
   136    0.2646973924E-01
   137    0.1818589280E-01
   138    0.7327817997E-03
   139    0.3747768753E-01
   140    0.1950539392E-01
   141    0.7997422534E-03
   142    0.4094515583E-01
   143    0.1747992679E-01
   144   -0.1515242099E-01
   145    0.5389693522E-01
   146    0.1163078200E-01
   147   -0.2658802266E-01
   148    0.5051218891E-01
   149    0.7147758529E-02
   150   -0.3779242930E-01
   151    0.4176391502E-01
   152    0.2357745246E-02
   153   -0.4701348690E-01
   154    0.2942691327E-01
   155   -0.2952309458E-02
   156   -0.5228353507E-01
   157    0.1616426875E-01
   158   -0.8054842111E-02
   159   -0.5268704655E-01
   160    0.3312343229E-02
   161   -0.1201655597E-01
   162   -0.4674263280E-01
   163   -0.6403895890E-02
   164   -0.1412720061E-01
   165   -0.3778893486E-01
   166   -0.1245079680E-01
   167   -0.1245627828E-01
   168   -0.2531906444E-01
   169   -0.1361955375E-01
   170   -0.8049102456E-02
   171   -0.1389532726E-01
   172   -0.1208613984E-01
   173   -0.1588641042E-02
   174   -0.2201980766E-02
   175   -0.1660502148E-01
   176   -0.9280286385E-02
   177    0.2462328638E-01
   178    0.1280137843E-01
   179    0.9371262912E-02
   180    0.1252432948E-01
   181    0.1360179587E-01
   182    0.1120433488E-01
   183    0.2237435766E-01
   184    0.1761444454E-01
   185    0.4945062863E-02
   186    0.2234215287E-01
   187    0.2106222351E-01
   188    0.2287343126E-02
   189    0.1934928547E-01
   190    0.1808863605E-01
   191   -0.3001278325E-02
   192    0.1666920008E-01
   193    0.1271106626E-01
   194   -0.1548555715E-01
   195    0.7502998854E-02
   196    0.5518264053E-02
   197   -0.1910898547E-01
   198    0.7155948610E-02
   199    0.2980045086E-03
   200   -0.2737522880E-01
   201   -0.6222707354E-02
   202   -0.1445452437E-01
   203   -0.2843238631E-01
   204   -0.4349662195E-02
   205   -0.1990541218E-01
   206   -0.3080983729E-01
   207   -0.2746024343E-02
   208   -0.5342889552E-02
   209   -0.2706259249E-01
   210    0.1105554146E-01
   211   -0.1779845073E-01
   212   -0.1604452100E-01
   213    0.1909181610E-01
   214   -0.1010934641E-01
   215   -0.3285839555E-02
   216    0.1846780723E-01
   217   -0.6160452534E-02
   218    0.1267054545E-01
   219    0.3298549533E-01
   220    0.1179770118E-01
   221    0.2786050055E-01
   222    0.2262895449E-01
   223    0.1106332146E-01
   224    0.3205539550E-01
   225    0.2952320151E-01
   226    0.1507183351E-01
   227    0.3281734366E-01
   228    0.3039665226E-01
   229    0.8389525651E-02
   230    0.3145626945E-01
   231    0.5054379815E-01
   232    0.1760895508E-01
   233    0.2126565374E-01
   234    0.3204758241E-01
   235   -0.4798586506E-02
   236   -0.1337796714E-01
   237    0.1832852860E-01
   238    0.3607403489E-01
   239    0.3049033457E-01
   240    0.2213593654E-01
   241   -0.1656182092E-01
   242   -0.4797790916E-01
   243    0.4116176175E-02
   244    0.5314428166E-01
   245    0.2033159902E-01
   246    0.4320591065E-02
   247   -0.3824386921E-01
   248   -0.6340632497E-01
   249    0.5105150726E-02
   250    0.4424748138E-01
   251    0.7353890605E-02
   252   -0.3343190851E-02
   253   -0.3915835822E-01
   254   -0.5618868444E-01
   255   -0.2653833408E-01
   256    0.1814730965E-01
   257    0.7157210578E-02
   258   -0.4096580157E-02
   259   -0.2951260280E-01
   260   -0.1849342138E-01
   261   -0.1166233921E-01
   262   -0.3230887610E-01
   263   -0.1711707963E-01
   264   -0.6070964680E-02
   265   -0.2624031410E-01
   266   -0.2103831583E-01
   267   -0.5768496151E-02
   268   -0.9715586392E-02
   269   -0.2236008643E-01
   270   -0.1279015018E-01
   271   -0.1350013070E-01
   272   -0.1219586461E-01
   273   -0.8979545220E-02
   274   -0.2096303609E-01
   275   -0.1616590406E-01
   276    0.3189662685E-02
   277   -0.2833710846E-02
   278   -0.8116150667E-02
   279   -0.9272653108E-02
   280   -0.8582787643E-02
   281   -0.3814102125E-02
   282   -0.3950037253E-02
   283   -0.6635129084E-02
   284   -0.3790984536E-02
   285   -0.3107893193E-02
   286   -0.5712474895E-02
   287   -0.4044886416E-02
   288   -0.1291648685E-02
   289    0.4294505025E-04
   290    0.3039399992E-02
   291   -0.1671283042E-02
   292   -0.1189534007E-01
   293   -0.1792309123E-02
   294    0.1258250968E-01
   295    0.2583337994E-02
   296    0.1637034739E-02
   297    0.3807269956E-02
   298    0.2243548008E-02
   299    0.1777071510E-02
   300    0.4878086774E-02
   301    0.4352884789E-02
   302    0.1425092159E-02
   303    0.3147286174E-02
   304    0.5364958507E-02
   305    0.3786845704E-02
   306    0.2646514305E-02
   307    0.3567814045E-02
   308    0.4017858922E-02
   309    0.2874274457E-02
   310   -0.1477361122E-02
   311   -0.1873765241E-02
   312    0.1060124761E-01
   313    0.6432374180E-02
   314    0.4331418367E-02
   315    0.2672471574E-02
   316    0.2324888152E-02
   317    0.2746705229E-02
   318    0.3280295513E-02
   319    0.3426654084E-02
   320    0.2719192301E-02
   321    0.2092746900E-02
   322    0.2159016667E-02
   323    0.2468081062E-02
   324    0.2285240122E-02
   325    0.1941096783E-02
   326    0.2015853868E-02
   327    0.1932935110E-02
   328    0.1530748646E-02
   329    0.1523336947E-02
   330    0.1692992424E-02
   331    0.1516004459E-02
   332    0.1269171702E-02
   333    0.1203510586E-02
   334    0.1175509502E-02
   335    0.1072876030E-02
   336    0.9785846547E-03
   337    0.9154428126E-03
   338    0.8213578301E-03
   339    0.7101647727E-03
   340    0.6712079994E-03
   341    0.6826031490E-03
   342    0.6329363465E-03
   343    0.5252751381E-03
   344    0.4725027314E-03
   345    0.4379802957E-03
   346    0.3968647915E-03
   347    0.3893019021E-03
   348    0.3391164009E-03
   349    0.2720669749E-03
   350    0.2593799648E-03
   351    0.2530577444E-03
   352    0.2224535008E-03
   353    0.1914911462E-03
   354    0.1655231085E-03
   355    0.1578283499E-03
   356    0.1488760317E-03
   357    0.1251422691E-03
   358    0.1118207219E-03
   359    0.1027436935E-03
   360    0.8411522593E-04
   361    0.7306604365E-04
   362    0.7156576046E-04
   363    0.6208225062E-04
   364    0.5180836537E-04
   365    0.4744177405E-04
   366    0.4223022411E-04
   367    0.3689176574E-04
   368    0.3208363409E-04
   369    0.2774021645E-04
   370    0.2389926021E-04
   371    0.2110598743E-04
   372    0.1870523283E-04
   373    0.1621421633E-04
   374    0.1471747661E-04
   375    0.1283507855E-04
   376    0.1027794587E-04
   377    0.8955830700E-05
   378    0.8058360503E-05
   379    0.6509435386E-05
   380    0.5662279075E-05
   381    0.5277837305E-05
   382    0.4600539482E-05
   383    0.3818329472E-05
   384    0.3153180762E-05
   385    0.2720106356E-05
   386    0.2328254179E-05
   387    0.2005027840E-05
   388    0.1732332807E-05
   389    0.1506867541E-05
   390    0.1259529306E-05
   391    0.1022741544E-05
   392    0.8747831985E-06
   393    0.7565929326E-06
   394    0.6513212423E-06
   395    0.5361300603E-06
   396    0.4369340521E-06
   397    0.3795634844E-06
   398    0.3338317025E-06
   399    0.2791085345E-06
   400    0.2305417852E-06
   401    0.1901257505E-06
   402    0.1542134844E-06
   403    0.1288704589E-06
   404    0.1110117430E-06
   405    0.9565488877E-07
   406    0.7864402735E-07
   407    0.6276834758E-07
   408    0.5097021952E-07
   409    0.4278385663E-07
   410    0.3677779799E-07
   411    0.3101967192E-07
   412    0.2489977329E-07
   413    0.2019759757E-07
   414    0.1677475917E-07
   415    0.1359127840E-07
   416    0.1124085562E-07
   417    0.9399823825E-08
   418    0.7611195393E-08
   419    0.6171051718E-08
   420    0.5081055054E-08
   421    0.4090308288E-08
   422    0.3271168683E-08
   423    0.2825420956E-08
   424    0.2372336238E-08
   425    0.1793557315E-08
   426    0.1417088915E-08
   427    0.1181066931E-08
   428    0.9572832576E-09
   429    0.7773356762E-09
   430    0.6216090926E-09
   431    0.5024841433E-09
   432    0.4080871558E-09
   433    0.3207276826E-09
   434    0.2634615552E-09
   435    0.2135261266E-09
   436    0.1646041253E-09
   437    0.1306131288E-09
   438    0.1072242705E-09
   439    0.8609880500E-10
   440    0.6697156974E-10
   441    0.5287283175E-10
   442    0.4255523380E-10
   443    0.3402125027E-10
   444    0.2720045522E-10
   445    0.2094929563E-10
   446    0.1633957497E-10
   447    0.1332605713E-10
   448    0.1046911035E-10
   449    0.8155805558E-11
   450    0.6408865542E-11
   451    0.4998111062E-11
   452    0.3943900268E-11
   453    0.3073860487E-11
   454    0.2375318661E-11
   455    0.1892873871E-11
   456    0.1500653549E-11
   457    0.1148940263E-11
   458    0.8701437871E-12
   459    0.6736641375E-12
   460    0.5352406606E-12
   461    0.4214273175E-12
   462    0.3244107710E-12
   463    0.2471573628E-12
   464    0.1896245831E-12
   465    0.1467433509E-12
   466    0.1131177541E-12
   467    0.8680900860E-13
   468    0.6807488011E-13
   469    0.5221972880E-13
   470    0.3920068443E-13
   471    0.2980500223E-13
   472    0.2244620028E-13
   473    0.1710235838E-13
   474    0.1318512937E-13
   475    0.1011721505E-13
   476    0.8017968840E-14
   477    0.6389873157E-14
   478    0.4615887138E-14
   479    0.3131556547E-14
   480    0.2024951146E-14
   481    0.1137677132E-14
   482    0.1047697612E-14
   483    0.5602968410E-15
   484    0.5980412079E-15
   485    0.3854326947E-15
   486   -0.9793085563E-16
   487    0.1975618910E-15
   488    0.1604127752E-15
   489    0.9561434504E-16
   490   -0.2536521699E-15
   491    0.4760925999E-16
   492    0.1190231500E-16
   493    0.2975578749E-17
   494    0.7438946873E-18
   495    0.1859736718E-18
   496    0.4649341796E-19
   497    0.5552277459E-16
   498    0.1804141473E-15
   499    0.8928571429E+00
   500    0.2901785714E+01
   501    0.2511160714E+01
   502    0.6277901786E+00
