    -1   -0.9938713539E+00
     0   -0.2487513196E+01
     1   -0.1163892463E+01
     2   -0.7023947542E+00
     3   -0.6988988394E+00
     4   -0.1130708764E+00
     5   -0.6325819385E-01
     6    0.1950121142E+00
     7   -0.9958932471E+00
     8    0.2637281252E+00
     9   -0.2975773762E-01
    10   -0.9346345326E+00
    11   -0.8153109932E-01
    12   -0.3693776365E-02
    13   -0.8188411813E+00
    14    0.1006674953E+00
    15   -0.3848577084E+00
    16   -0.4690606596E+00
    17    0.5746240179E-01
    18   -0.1923334790E+00
    19    0.1502254100E+00
    20   -0.2219397520E+00
    21    0.5937794368E+00
    22    0.4472328836E-04
    23    0.3312463977E+00
    24    0.4895158518E+00
    25   -0.5286679115E-01
    26    0.6285338453E+00
    27    0.2287317314E+00
    28    0.1981109180E+00
    29    0.3833244638E+00
    30    0.2807500455E+00
    31    0.2249205521E-01
    32    0.3509772830E+00
    33    0.3310889996E+00
    34   -0.1270543136E+00
    35    0.2553089176E+00
    36    0.2085818896E-01
    37    0.1342249442E+00
    38   -0.2657589414E-02
    39    0.2854651169E+00
    40   -0.2174100312E+00
    41   -0.1028623850E-01
    42    0.1251921034E+00
    43    0.2851002898E-01
    44   -0.1765529473E+00
    45    0.2186272529E-01
    46    0.3963859785E-01
    47   -0.4091952519E+00
    48    0.2395396190E-01
    49   -0.8976444973E-01
    50    0.3098464169E-01
    51   -0.6554130417E+00
    52    0.4940545254E-01
    53    0.8936101920E-01
    54   -0.8472578820E+00
    55   -0.1569011583E+00
    56    0.1382365258E+00
    57   -0.8335981860E+00
    58   -0.1119996098E+00
    59   -0.1990557490E+00
    60   -0.4966937741E+00
    61   -0.1139209110E+00
    62   -0.4714444487E+00
    63    0.2190273050E+00
    64   -0.2935872452E+00
    65    0.5162978477E-01
    66    0.4332749494E+00
    67   -0.3022662868E+00
    68    0.4910344228E+00
    69    0.3477281573E+00
    70    0.4750966454E+00
    71    0.3083414213E+00
    72    0.3061118868E-01
    73    0.3941827599E+00
    74    0.3901759854E+00
    75    0.1087850089E+00
    76    0.3539588083E+00
    77    0.3895405035E+00
    78    0.1328576859E+00
    79    0.1124672191E+00
    80   -0.1136297739E+00
    81   -0.1611689326E-01
    82    0.4700174941E+00
    83    0.2826018096E+00
    84   -0.1374871106E-01
    85   -0.4203427361E+00
    86   -0.1467876161E-01
    87    0.4855188728E+00
    88    0.3887011478E-01
    89   -0.2136588158E+00
    90   -0.3159779519E+00
    91   -0.2116310685E-01
    92    0.1879402426E+00
    93    0.6337528253E-01
    94   -0.2296701505E+00
    95   -0.4988198293E+00
    96   -0.2791123171E+00
    97    0.9644160464E-01
    98   -0.5946575619E-01
    99   -0.4802569816E+00
   100   -0.7624833208E-01
   101   -0.2235598664E+00
   102   -0.6101639530E+00
   103   -0.3049099358E+00
   104   -0.2980583755E+00
   105   -0.2451023123E+00
   106   -0.1169743894E+00
   107   -0.6444939320E+00
   108    0.2171368771E+00
   109   -0.3783267360E+00
   110    0.2511242042E-01
   111    0.2612532763E+00
   112   -0.6298562861E-01
   113    0.2880593809E+00
   114    0.4136775717E+00
   115    0.3081163044E+00
   116    0.1263099874E+00
   117    0.4772157322E+00
   118    0.3578866657E+00
   119    0.1696305776E+00
   120    0.3362531943E+00
   121    0.2806256616E+00
   122    0.1593238960E+00
   123    0.2289478564E+00
   124    0.2689544107E+00
   125    0.2243880848E+00
   126   -0.2720808107E-01
   127   -0.2840351327E-01
   128    0.1396532878E+00
   129    0.2879017808E+00
   130    0.5986541206E-01
   131   -0.1222298305E+00
   132   -0.1658448347E+00
   133    0.2586866634E+00
   134    0.6505562461E-01
   135   -0.5019373024E-01
   136   -0.4461852995E+00
   137    0.1063303946E+00
   138    0.1633161077E+00
   139   -0.2887681424E+00
   140   -0.1061356406E+00
   141   -0.1582608432E+00
   142   -0.2731841975E+00
   143   -0.3331944128E+00
   144   -0.7617911191E-01
   145   -0.1167576241E+00
   146   -0.4178407575E+00
   147   -0.3310386686E+00
   148   -0.3614640692E+00
   149   -0.5396127697E+00
   150   -0.1040338367E+00
   151   -0.1579946248E+00
   152   -0.5056797499E+00
   153   -0.1619741552E+00
   154    0.1087215108E+00
   155   -0.3223423005E+00
   156    0.7478980310E-01
   157    0.2443111645E+00
   158   -0.1320945976E+00
   159    0.7277389235E+00
   160    0.4157629856E+00
   161    0.1971219336E+00
   162    0.2719199253E+00
   163    0.2613302316E+00
   164    0.3249589663E+00
   165    0.2665178027E+00
   166    0.1835596952E+00
   167    0.3005115190E+00
   168    0.2882112991E+00
   169    0.1881403097E+00
   170    0.7950638095E-01
   171    0.1194850101E+00
   172    0.2388843114E-02
   173    0.6144946389E-01
   174    0.3015889057E+00
   175   -0.3158511336E-01
   176   -0.9925657300E-01
   177   -0.9320961437E-01
   178   -0.2013279312E-01
   179    0.9178231831E-01
   180    0.4976244694E-01
   181   -0.1013467577E+00
   182   -0.2225745458E+00
   183   -0.2085718213E+00
   184   -0.3007652515E+00
   185   -0.1193925185E+00
   186   -0.2336038960E+00
   187   -0.2319838489E+00
   188   -0.1987363301E+00
   189   -0.3020110971E+00
   190   -0.2803092317E+00
   191   -0.1451803078E+00
   192   -0.2214478123E+00
   193   -0.9376904012E-01
   194   -0.3907240169E-01
   195   -0.1890832828E+00
   196    0.1716910004E-01
   197    0.6588386605E-01
   198   -0.1349436785E+00
   199   -0.2274616131E+00
   200    0.2398399729E+00
   201    0.6073030901E+00
   202    0.1968719221E+00
   203   -0.1242084511E-01
   204   -0.3220788702E-02
   205    0.9588841638E-01
   206    0.1188800847E+00
   207    0.1228559927E+00
   208    0.1723800869E+00
   209    0.1196467792E+00
   210    0.8485096220E-01
   211    0.1336292691E+00
   212    0.8033933604E-01
   213    0.5961110835E-01
   214    0.1186073566E+00
   215    0.4304699153E-01
   216   -0.6040330833E-01
   217    0.1714450086E-02
   218    0.6341899563E-01
   219    0.4933138835E-01
   220    0.5003018454E-01
   221   -0.1341026232E+00
   222    0.2124653357E-01
   223    0.1950146295E+00
   224    0.1300658793E-01
   225   -0.1492955766E+00
   226   -0.2537235025E+00
   227   -0.4153482693E-01
   228    0.2032858030E+00
   229    0.1221275222E+00
   230   -0.1278585030E+00
   231   -0.2776799321E+00
   232   -0.1124677765E+00
   233    0.1399630074E+00
   234    0.1589239686E+00
   235   -0.5287166516E-01
   236   -0.1398488119E+00
   237   -0.1286728482E+00
   238   -0.6109889700E-01
   239    0.4282608465E-01
   240    0.7565522680E-01
   241   -0.1359676015E-01
   242   -0.1013380333E+00
   243   -0.8475987438E-01
   244   -0.1726574715E-01
   245    0.1503913839E-01
   246   -0.5563522714E-02
   247   -0.3247475779E-02
   248    0.2121998422E-03
   249   -0.3044279663E-01
   250   -0.9586011226E-02
   251    0.6925745450E-02
   252   -0.3031286033E-01
   253   -0.3242169170E-01
   254   -0.7054464849E-02
   255   -0.4123930564E-02
   256   -0.2960051533E-01
   257   -0.1941445630E-01
   258    0.5151304443E-01
   259    0.4105629339E-01
   260   -0.1187511781E-01
   261   -0.2766888411E-01
   262   -0.9612849846E-02
   263   -0.9395014457E-02
   264   -0.3257356233E-02
   265    0.5794386725E-02
   266   -0.2681280319E-02
   267   -0.2656287745E-02
   268    0.4205099927E-02
   269   -0.4195327282E-02
   270   -0.1194740232E-01
   271   -0.1722661596E-01
   272   -0.3077390905E-01
   273    0.3226932845E-02
   274    0.4537897608E-01
   275    0.3081337136E-01
   276    0.4978338883E-02
   277   -0.7783304496E-02
   278   -0.2944165039E-02
   279    0.1555442470E-02
   280    0.1548464430E-02
   281    0.6923999322E-02
   282    0.7746572965E-02
   283    0.1971903221E-02
   284    0.2946813380E-02
   285    0.7593561144E-02
   286    0.5393767927E-02
   287    0.2464248537E-02
   288    0.4589695116E-02
   289   -0.2749084820E-02
   290   -0.1614105701E-01
   291   -0.5308367303E-02
   292    0.2222284062E-01
   293    0.1443535028E-01
   294    0.5515695530E-02
   295   -0.3738371987E-03
   296   -0.8740185613E-03
   297    0.1375201520E-02
   298    0.3357278412E-02
   299    0.5027599261E-02
   300    0.3567858401E-02
   301    0.9920046591E-03
   302    0.8439634130E-03
   303    0.2656135258E-02
   304    0.2590226065E-02
   305    0.1516376376E-02
   306    0.2136029547E-02
   307    0.2306487860E-02
   308    0.8241242420E-03
   309    0.9347617202E-03
   310    0.2296069819E-02
   311    0.1960292706E-02
   312    0.1062968089E-02
   313    0.1140718589E-02
   314    0.1281116529E-02
   315    0.1014532765E-02
   316    0.1031477321E-02
   317    0.1025991066E-02
   318    0.7448237919E-03
   319    0.5071699065E-03
   320    0.5292590019E-03
   321    0.7703323127E-03
   322    0.8613510790E-03
   323    0.5570407224E-03
   324    0.3713129354E-03
   325    0.4019813361E-03
   326    0.3879217034E-03
   327    0.4692417672E-03
   328    0.3911613938E-03
   329    0.1939920680E-03
   330    0.2005023686E-03
   331    0.2764164062E-03
   332    0.2562994163E-03
   333    0.1963018320E-03
   334    0.1199562667E-03
   335    0.1467565410E-03
   336    0.1974451749E-03
   337    0.1372418081E-03
   338    0.1070089993E-03
   339    0.1222024550E-03
   340    0.8167910765E-04
   341    0.4867357913E-04
   342    0.7986468730E-04
   343    0.7529507592E-04
   344    0.4348240944E-04
   345    0.4687013985E-04
   346    0.4721031980E-04
   347    0.3979759415E-04
   348    0.3316162384E-04
   349    0.2724400798E-04
   350    0.2297014212E-04
   351    0.1973517115E-04
   352    0.1856297480E-04
   353    0.1686999864E-04
   354    0.1715736367E-04
   355    0.1599949327E-04
   356    0.9781744897E-05
   357    0.7672001429E-05
   358    0.8721259820E-05
   359    0.5638971380E-05
   360    0.4289081181E-05
   361    0.5810735651E-05
   362    0.5818460692E-05
   363    0.4464235237E-05
   364    0.2921710011E-05
   365    0.2569141127E-05
   366    0.2305841477E-05
   367    0.1989760751E-05
   368    0.1844871555E-05
   369    0.1744584163E-05
   370    0.1418916095E-05
   371    0.9360506316E-06
   372    0.8031679827E-06
   373    0.7639153187E-06
   374    0.7181002380E-06
   375    0.5525829603E-06
   376    0.3746025449E-06
   377    0.3688806184E-06
   378    0.3823928966E-06
   379    0.3205207647E-06
   380    0.2606138777E-06
   381    0.2025237661E-06
   382    0.1375532150E-06
   383    0.1141236051E-06
   384    0.1131395843E-06
   385    0.1109228116E-06
   386    0.9178575194E-07
   387    0.6279859672E-07
   388    0.4324566824E-07
   389    0.3845128967E-07
   390    0.3955019539E-07
   391    0.3650105650E-07
   392    0.2669307063E-07
   393    0.2012202232E-07
   394    0.1746905832E-07
   395    0.1310688572E-07
   396    0.1083719434E-07
   397    0.1020845715E-07
   398    0.7976058901E-08
   399    0.6137477853E-08
   400    0.5202527810E-08
   401    0.4085023531E-08
   402    0.2882418607E-08
   403    0.3101924376E-08
   404    0.3135423336E-08
   405    0.1876879283E-08
   406    0.1202289551E-08
   407    0.1187572000E-08
   408    0.9775913311E-09
   409    0.8123303741E-09
   410    0.6448845774E-09
   411    0.5048897102E-09
   412    0.4404014506E-09
   413    0.3236990153E-09
   414    0.2735554430E-09
   415    0.2470071823E-09
   416    0.1686886577E-09
   417    0.1197471664E-09
   418    0.1123171580E-09
   419    0.9691347785E-10
   420    0.6852898819E-10
   421    0.5087531095E-10
   422    0.4417555385E-10
   423    0.3650063628E-10
   424    0.3039376400E-10
   425    0.2162839875E-10
   426    0.1518064971E-10
   427    0.1438616273E-10
   428    0.1155309277E-10
   429    0.8505058006E-11
   430    0.6727202188E-11
   431    0.5094306936E-11
   432    0.4090989703E-11
   433    0.3225520112E-11
   434    0.2314465351E-11
   435    0.1973722591E-11
   436    0.1727103534E-11
   437    0.1249385752E-11
   438    0.8379815290E-12
   439    0.6303254197E-12
   440    0.5444385679E-12
   441    0.4625152112E-12
   442    0.3650334664E-12
   443    0.2587771432E-12
   444    0.1935911790E-12
   445    0.1508713799E-12
   446    0.1140664946E-12
   447    0.8795518883E-13
   448    0.7085942697E-13
   449    0.5814085263E-13
   450    0.4544798550E-13
   451    0.2977782080E-13
   452    0.2180796558E-13
   453    0.1963509053E-13
   454    0.1367953453E-13
   455    0.1019224408E-13
   456    0.8043664992E-14
   457    0.5619141078E-14
   458    0.4395448542E-14
   459    0.3638497304E-14
   460    0.2685981165E-14
   461    0.1538857029E-14
   462    0.1647592948E-14
   463    0.1522121262E-14
   464    0.1102175281E-14
   465    0.7890219692E-15
   466    0.5580779753E-15
   467    0.1395194938E-15
   468   -0.7614242901E-16
   469   -0.4076136659E-15
   470   -0.6015037775E-15
   471   -0.4834428518E-15
   472   -0.6534956171E-16
   473    0.9468491203E-16
   474    0.2367122801E-16
   475    0.6142895823E-16
   476    0.1263795420E-15
   477    0.3159488551E-16
   478    0.6340987261E-16
   479    0.1268747706E-15
   480    0.3171869265E-16
   481    0.6344082439E-16
   482    0.1268825086E-15
   483    0.3172062714E-16
   484    0.6344130802E-16
   485    0.2101493563E-15
   486    0.2190707928E-15
   487    0.1102788494E-15
   488    0.1385920148E-15
   489    0.3464800370E-16
   490    0.8662000926E-17
   491    0.2165500232E-17
   492    0.5413750579E-18
   493    0.5564649500E-16
   494    0.1249339262E-15
   495    0.3123348155E-16
   496    0.6331952162E-16
   497    0.1823633341E-15
   498    0.2398798628E-15
   499    0.8928571429E+00
   500    0.2901785714E+01
   501    0.2511160714E+01
   502    0.6277901786E+00
