    -1   -0.2951069154E+01
     0   -0.2080584991E+01
     1   -0.4926491116E+00
     2   -0.1122731200E+00
     3   -0.1230819455E-01
     4    0.2172420352E-01
     5    0.1766172032E-01
     6    0.2521800469E-01
     7    0.2479603888E-01
     8    0.1707690327E-01
     9    0.2643511078E-01
    10    0.1599599365E-01
    11    0.1075566199E-01
    12    0.2305727712E-01
    13    0.3950071514E-02
    14    0.2075225761E-02
    15    0.1605183615E-01
    16   -0.8961719748E-02
    17   -0.7362529010E-02
    18    0.6541884023E-02
    19   -0.2016332635E-01
    20   -0.1620527217E-01
    21   -0.6574843503E-02
    22   -0.3366237356E-01
    23   -0.1874270701E-01
    24   -0.4798996004E-02
    25   -0.2497507424E-01
    26   -0.2864037065E-01
    27   -0.1721763561E-01
    28   -0.2709478101E-01
    29   -0.2536248830E-01
    30   -0.2449631491E-01
    31   -0.3075476375E-01
    32   -0.1703659662E-01
    33   -0.1533211299E-01
    34   -0.6979825361E-02
    35   -0.1210852859E-01
    36   -0.1462548754E-01
    37    0.4359188850E-02
    38   -0.3830398982E-02
    39   -0.6172412728E-02
    40    0.1599936485E-01
    41    0.4815571040E-02
    42    0.4043883767E-02
    43    0.2509642427E-01
    44    0.1215465471E-01
    45    0.1407045276E-01
    46    0.3042029464E-01
    47    0.1697250690E-01
    48    0.2166311544E-01
    49    0.3162990953E-01
    50    0.1811417921E-01
    51    0.2518152813E-01
    52    0.2845414260E-01
    53    0.1548269524E-01
    54    0.2379453650E-01
    55    0.2114507401E-01
    56    0.9513348280E-02
    57    0.1780834844E-01
    58    0.1110692960E-01
    59    0.7323828979E-03
    60    0.8758938921E-02
    61   -0.8131434162E-04
    62   -0.9216265137E-02
    63   -0.1733361032E-02
    64   -0.1043831572E-01
    65   -0.1850919145E-01
    66   -0.1833632658E-01
    67   -0.2662379819E-01
    68   -0.7414836578E-02
    69   -0.1279542595E-01
    70   -0.3394389257E-01
    71   -0.1652413434E-01
    72   -0.2210244914E-01
    73   -0.3454698264E-01
    74   -0.1459090868E-01
    75   -0.2620901333E-01
    76   -0.3620240904E-01
    77   -0.1617363276E-01
    78   -0.1703124518E-01
    79   -0.5955072111E-02
    80   -0.6937599212E-02
    81   -0.2063473764E-01
    82    0.4779258434E-02
    83    0.4473840698E-02
    84   -0.1665070322E-01
    85    0.1863486566E-01
    86    0.1650544644E-01
    87   -0.1299746900E-01
    88    0.3135893753E-01
    89    0.2762674688E-01
    90   -0.1045369792E-01
    91    0.3958127186E-01
    92    0.3637536809E-01
    93   -0.7281965003E-02
    94    0.4251655917E-01
    95    0.4002748051E-01
    96   -0.9416138223E-02
    97    0.3875219035E-01
    98    0.4328901715E-01
    99   -0.1290534436E-01
   100    0.2838290409E-01
   101    0.3992464350E-01
   102   -0.1803248842E-01
   103    0.1468814387E-01
   104    0.3265419462E-01
   105   -0.2531929117E-01
   106    0.7179012714E-03
   107    0.2264589280E-01
   108   -0.3384614085E-01
   109   -0.1078055648E-01
   110    0.5275727150E-02
   111   -0.4385764283E-01
   112   -0.7914678478E-02
   113   -0.1182033577E-01
   114   -0.2542688812E-01
   115   -0.1569030361E-01
   116   -0.2835330135E-01
   117   -0.2858532475E-01
   118   -0.1502252450E-01
   119   -0.3227622849E-01
   120   -0.2749531704E-01
   121   -0.1489209569E-01
   122   -0.3472347309E-01
   123   -0.1957675247E-01
   124    0.1801541308E-02
   125   -0.9845997953E-02
   126   -0.2030252389E-01
   127    0.9761774973E-02
   128   -0.5978804784E-02
   129   -0.6351287730E-02
   130    0.1954369173E-01
   131    0.6812039118E-03
   132    0.7962686110E-02
   133    0.2577701847E-01
   134    0.8505987983E-02
   135    0.1481062996E-01
   136    0.2159069078E-01
   137    0.3453370750E-01
   138    0.3215894566E-01
   139    0.1147668055E-01
   140    0.3283505097E-01
   141    0.3062584849E-01
   142   -0.2973950918E-02
   143    0.2811142987E-01
   144    0.4008074363E-01
   145   -0.5577283239E-02
   146    0.2518989649E-01
   147    0.3229752616E-01
   148   -0.2404753395E-01
   149    0.1960100835E-01
   150    0.2488722866E-01
   151   -0.3978566086E-01
   152    0.1028847801E-01
   153    0.1597294805E-01
   154   -0.5216076069E-01
   155   -0.5496541656E-03
   156    0.2193335027E-02
   157   -0.6285459446E-01
   158    0.2738044682E-02
   159   -0.6567890616E-02
   160   -0.5202575320E-01
   161   -0.1028004978E-01
   162   -0.1782393923E-01
   163   -0.5335851920E-01
   164   -0.2027049567E-01
   165   -0.1485455592E-01
   166   -0.4424845552E-01
   167   -0.1110197742E-01
   168    0.1343178061E-02
   169   -0.4216830147E-01
   170   -0.6414228728E-02
   171    0.6348055441E-02
   172   -0.2962755164E-01
   173    0.1229384074E-02
   174    0.3338107413E-03
   175   -0.2802429998E-01
   176    0.3161634749E-01
   177    0.3561396930E-01
   178   -0.8549477367E-02
   179    0.1750372756E-01
   180    0.3512146039E-01
   181    0.3447321888E-02
   182    0.2558897908E-01
   183    0.3136995070E-01
   184    0.4259425559E-02
   185    0.2491820557E-01
   186    0.3013064975E-01
   187    0.1395201407E-01
   188    0.1806330931E-01
   189    0.1720460164E-01
   190    0.1155387860E-01
   191    0.1215063292E-01
   192    0.8438784879E-02
   193    0.1497089113E-02
   194   -0.1111104079E-02
   195   -0.2078017145E-02
   196    0.4122141569E-02
   197   -0.6202468441E-02
   198   -0.1465784369E-01
   199   -0.8389859202E-02
   200   -0.2456574196E-01
   201   -0.2868101870E-01
   202   -0.5743434785E-02
   203   -0.2675252863E-01
   204   -0.3140611668E-01
   205    0.3249881286E-02
   206   -0.2453457906E-01
   207   -0.3999720998E-01
   208    0.1866016499E-03
   209   -0.7851567554E-02
   210   -0.2897615679E-01
   211    0.1273244533E-01
   212   -0.1234469414E-02
   213   -0.1839096451E-01
   214    0.1449123452E-01
   215    0.4011684055E-02
   216   -0.3515890736E-02
   217    0.2379569440E-01
   218    0.2390270675E-01
   219    0.2331761630E-01
   220    0.2200394934E-01
   221    0.2049842117E-01
   222    0.2643562872E-01
   223    0.2593978605E-01
   224    0.2798354540E-01
   225    0.3111501257E-01
   226    0.2466818327E-01
   227    0.3250970251E-01
   228    0.3145407927E-01
   229    0.1813719348E-01
   230    0.4356551976E-01
   231    0.3015275829E-01
   232    0.3299033788E-01
   233    0.4029741921E-02
   234   -0.6089617460E-02
   235    0.4446574554E-02
   236    0.1508383421E-01
   237    0.4968106350E-01
   238    0.4349946406E-01
   239   -0.1630981925E-01
   240   -0.3186636533E-01
   241   -0.2699535412E-01
   242    0.7473013983E-02
   243    0.8262135563E-01
   244    0.1774363332E-01
   245   -0.4148959619E-01
   246   -0.6502130210E-01
   247   -0.3481851180E-01
   248    0.4061005065E-01
   249    0.4376948581E-01
   250    0.2548165994E-02
   251   -0.3882594013E-01
   252   -0.5941174648E-01
   253   -0.4766734192E-01
   254    0.7187045285E-03
   255    0.2770578787E-01
   256    0.1086454502E-01
   257   -0.3505953007E-01
   258   -0.2399330757E-01
   259   -0.8334207253E-02
   260   -0.3561508809E-01
   261   -0.2274549019E-01
   262   -0.2848289283E-02
   263   -0.2788423785E-01
   264   -0.2565505446E-01
   265   -0.3249984931E-02
   266   -0.9442692489E-02
   267   -0.2003651469E-01
   268   -0.1315118292E-01
   269   -0.1744135644E-01
   270   -0.1311119152E-01
   271   -0.6922953155E-02
   272   -0.1816870754E-01
   273   -0.2148964377E-01
   274   -0.2796151171E-02
   275    0.2519043422E-02
   276   -0.4541958815E-02
   277   -0.9605827686E-02
   278   -0.1015371537E-01
   279   -0.4486553329E-02
   280   -0.3175484470E-02
   281   -0.7044591661E-02
   282   -0.3868555723E-02
   283   -0.2848753669E-02
   284   -0.6696208786E-02
   285   -0.3853757210E-02
   286   -0.1830228297E-02
   287   -0.2055537957E-02
   288    0.4128154985E-02
   289    0.3762170506E-02
   290   -0.1273528388E-01
   291   -0.1242362747E-01
   292    0.1621922202E-01
   293    0.5573509196E-02
   294    0.8291011726E-03
   295    0.3384489324E-02
   296    0.3039662455E-02
   297    0.1125735923E-02
   298    0.4100023737E-02
   299    0.5521830954E-02
   300    0.2078366368E-02
   301    0.1933765604E-02
   302    0.5125903225E-02
   303    0.4765659784E-02
   304    0.2900974535E-02
   305    0.3030046563E-02
   306    0.3998765650E-02
   307    0.3583866074E-02
   308   -0.9738973428E-04
   309   -0.2750854430E-02
   310    0.5823080798E-02
   311    0.8595768834E-02
   312    0.5634579757E-02
   313    0.3323293409E-02
   314    0.2009824402E-02
   315    0.2360373664E-02
   316    0.3191970109E-02
   317    0.3535625334E-02
   318    0.3176093362E-02
   319    0.2249730727E-02
   320    0.1915738369E-02
   321    0.2367973997E-02
   322    0.2471506187E-02
   323    0.2049153526E-02
   324    0.1904095294E-02
   325    0.2082690857E-02
   326    0.1673911252E-02
   327    0.1404369105E-02
   328    0.1657304133E-02
   329    0.1678907207E-02
   330    0.1365555953E-02
   331    0.1172640828E-02
   332    0.1217898096E-02
   333    0.1131051538E-02
   334    0.9961513420E-03
   335    0.9545498556E-03
   336    0.8786385135E-03
   337    0.7272339104E-03
   338    0.6680892339E-03
   339    0.6939865636E-03
   340    0.6654885817E-03
   341    0.5751097587E-03
   342    0.4928300937E-03
   343    0.4447729044E-03
   344    0.4081896716E-03
   345    0.4012568697E-03
   346    0.3705953755E-03
   347    0.2909412312E-03
   348    0.2569032404E-03
   349    0.2599512292E-03
   350    0.2376364365E-03
   351    0.2055741812E-03
   352    0.1736246224E-03
   353    0.1571826947E-03
   354    0.1569312817E-03
   355    0.1373643182E-03
   356    0.1154340971E-03
   357    0.1081031360E-03
   358    0.9334986282E-04
   359    0.7448270989E-04
   360    0.7183044590E-04
   361    0.6862046323E-04
   362    0.5504056645E-04
   363    0.4877043653E-04
   364    0.4503494740E-04
   365    0.3915367733E-04
   366    0.3431419791E-04
   367    0.2949332353E-04
   368    0.2534522813E-04
   369    0.2214170930E-04
   370    0.1978413898E-04
   371    0.1714070820E-04
   372    0.1542537759E-04
   373    0.1404956554E-04
   374    0.1122513494E-04
   375    0.9351495585E-05
   376    0.8547608835E-05
   377    0.7086297340E-05
   378    0.5874016703E-05
   379    0.5462122930E-05
   380    0.4955385062E-05
   381    0.4229962100E-05
   382    0.3402611997E-05
   383    0.2861740039E-05
   384    0.2503341113E-05
   385    0.2133702168E-05
   386    0.1840594002E-05
   387    0.1616136259E-05
   388    0.1384988197E-05
   389    0.1108803533E-05
   390    0.9281110337E-06
   391    0.8026082217E-06
   392    0.7008197759E-06
   393    0.5896784086E-06
   394    0.4695445583E-06
   395    0.3994799296E-06
   396    0.3562572572E-06
   397    0.3057822818E-06
   398    0.2518951529E-06
   399    0.2079723960E-06
   400    0.1680136384E-06
   401    0.1374498369E-06
   402    0.1179240297E-06
   403    0.1029606365E-06
   404    0.8706461401E-07
   405    0.6928563344E-07
   406    0.5519118140E-07
   407    0.4562067152E-07
   408    0.3911503917E-07
   409    0.3400354968E-07
   410    0.2761776735E-07
   411    0.2192309791E-07
   412    0.1827320046E-07
   413    0.1487899591E-07
   414    0.1207518187E-07
   415    0.1024335270E-07
   416    0.8383071108E-08
   417    0.6724580825E-08
   418    0.5524047057E-08
   419    0.4535284538E-08
   420    0.3539746684E-08
   421    0.2990881797E-08
   422    0.2641258068E-08
   423    0.2046690781E-08
   424    0.1536671698E-08
   425    0.1277735623E-08
   426    0.1050402081E-08
   427    0.8505889281E-09
   428    0.6876883288E-09
   429    0.5492659953E-09
   430    0.4483957445E-09
   431    0.3568861960E-09
   432    0.2852306399E-09
   433    0.2369492854E-09
   434    0.1852655647E-09
   435    0.1428678594E-09
   436    0.1162408302E-09
   437    0.9597504233E-10
   438    0.7500017495E-10
   439    0.5790825513E-10
   440    0.4698703072E-10
   441    0.3745245914E-10
   442    0.3019034361E-10
   443    0.2369697329E-10
   444    0.1790425752E-10
   445    0.1461269897E-10
   446    0.1173903311E-10
   447    0.9075394889E-11
   448    0.7139299987E-11
   449    0.5568638537E-11
   450    0.4357683294E-11
   451    0.3447166766E-11
   452    0.2647675632E-11
   453    0.2077369998E-11
   454    0.1676756942E-11
   455    0.1304259031E-11
   456    0.9746917431E-12
   457    0.7460696711E-12
   458    0.5918737219E-12
   459    0.4676640893E-12
   460    0.3667717140E-12
   461    0.2791332695E-12
   462    0.2118224756E-12
   463    0.1651297777E-12
   464    0.1271720732E-12
   465    0.9708107104E-13
   466    0.7581931057E-13
   467    0.5837468391E-13
   468    0.4538848212E-13
   469    0.3462710958E-13
   470    0.2542114507E-13
   471    0.1999715168E-13
   472    0.1555334555E-13
   473    0.1152111968E-13
   474    0.9159978903E-14
   475    0.6550475583E-14
   476    0.4829510092E-14
   477    0.4204979689E-14
   478    0.3431285531E-14
   479    0.2086005604E-14
   480    0.8892627779E-15
   481    0.4721158750E-15
   482    0.1221313099E-14
   483    0.5828840310E-15
   484    0.2012321590E-15
   485    0.1058191910E-15
   486    0.1374771002E-15
   487    0.8988042628E-16
   488   -0.4771302545E-15
   489   -0.4523494710E-15
   490   -0.1130873678E-15
   491   -0.2827184194E-16
   492   -0.7067960485E-17
   493    0.5374416111E-16
   494    0.1799694940E-15
   495    0.1560146760E-15
   496    0.3900366899E-16
   497    0.9750917247E-17
   498    0.2437729312E-17
   499    0.8928571429E+00
   500    0.2901785714E+01
   501    0.2511160714E+01
   502    0.6277901786E+00
