    -1   -0.1032359991E+01
     0   -0.3095342568E+01
     1   -0.2301995592E+01
     2   -0.5586369109E+00
     3   -0.1614671474E+00
     4   -0.2144191663E-02
     5    0.1126707027E-01
     6   -0.1501499155E-01
     7    0.3710950495E-01
     8    0.1644081892E-01
     9   -0.1182582692E-01
    10    0.3642696127E-01
    11    0.1215862340E-01
    12   -0.1261968658E-01
    13    0.3039274239E-01
    14    0.7291092038E-02
    15   -0.1405310402E-01
    16    0.2002843474E-01
    17    0.2404862980E-02
    18   -0.1502331614E-01
    19    0.6956916638E-02
    20   -0.2173971972E-02
    21   -0.1470873691E-01
    22   -0.6583311952E-02
    23   -0.6072794213E-02
    24   -0.1261105585E-01
    25   -0.1847225706E-01
    26   -0.8849107939E-02
    27   -0.8335342335E-02
    28   -0.2723683015E-01
    29   -0.1043015946E-01
    30   -0.1307977444E-02
    31   -0.3254473476E-01
    32   -0.1059443872E-01
    33    0.8419474981E-02
    34   -0.3491385490E-01
    35   -0.8933941447E-02
    36    0.1998010476E-01
    37   -0.3520818906E-01
    38   -0.5206160290E-02
    39    0.3181182672E-01
    40   -0.3418730379E-01
    41    0.4649685828E-03
    42    0.4174538955E-01
    43   -0.3157851543E-01
    44    0.6463814879E-02
    45    0.4856360345E-01
    46   -0.2769519489E-01
    47    0.1127489946E-01
    48    0.5168930250E-01
    49   -0.2362187147E-01
    50    0.1424844220E-01
    51    0.5059774728E-01
    52   -0.2031170475E-01
    53    0.1502365911E-01
    54    0.4547728012E-01
    55   -0.1877472540E-01
    56    0.1402553007E-01
    57    0.3670971337E-01
    58   -0.1941231504E-01
    59    0.1218988982E-01
    60    0.2474957892E-01
    61   -0.2144752398E-01
    62    0.9800402220E-02
    63    0.1140697544E-01
    64   -0.2427557472E-01
    65    0.7304018017E-02
    66   -0.1123979877E-02
    67   -0.2736038774E-01
    68    0.5526467143E-02
    69   -0.1136534074E-01
    70   -0.2934449026E-01
    71    0.4586544738E-02
    72   -0.1847927621E-01
    73   -0.2818940253E-01
    74    0.3441502690E-02
    75   -0.2123295356E-01
    76   -0.2339200725E-01
    77    0.1571433184E-02
    78   -0.1875238481E-01
    79   -0.1628164964E-01
    80   -0.1193125655E-03
    81   -0.1211500308E-01
    82   -0.7706531625E-02
    83   -0.1565726725E-02
    84   -0.2445212358E-02
    85    0.1074771453E-02
    86   -0.2599354171E-02
    87    0.8002344442E-02
    88    0.9870675100E-02
    89   -0.3839934102E-02
    90    0.1694120503E-01
    91    0.1886816814E-01
    92   -0.6661542021E-02
    93    0.2341358649E-01
    94    0.2701111572E-01
    95   -0.1125211078E-01
    96    0.2630347183E-01
    97    0.3351195851E-01
    98   -0.1768281468E-01
    99    0.2556384848E-01
   100    0.3701231977E-01
   101   -0.2470939996E-01
   102    0.2109591631E-01
   103    0.3678738882E-01
   104   -0.3069387202E-01
   105    0.1300248038E-01
   106    0.3353541680E-01
   107   -0.3499933540E-01
   108    0.2701504021E-02
   109    0.2816703422E-01
   110   -0.3728831199E-01
   111   -0.7648665911E-02
   112    0.2161416304E-01
   113   -0.3746081959E-01
   114   -0.1570313468E-01
   115    0.1473222636E-01
   116   -0.3579155201E-01
   117   -0.1906339598E-01
   118    0.7481389336E-02
   119   -0.3159805184E-01
   120   -0.1754505797E-01
   121    0.7115213529E-03
   122   -0.2472864554E-01
   123   -0.1223196494E-01
   124   -0.4299593055E-02
   125   -0.1611631270E-01
   126   -0.4257520283E-02
   127   -0.6925228882E-02
   128   -0.6927245198E-02
   129    0.4975497421E-02
   130   -0.7234854757E-02
   131    0.2014090120E-02
   132    0.1370890056E-01
   133   -0.5756204708E-02
   134    0.1018197177E-01
   135    0.1976290821E-01
   136   -0.2420329088E-02
   137    0.1610729771E-01
   138    0.2224138276E-01
   139    0.2065214361E-02
   140    0.1843216053E-01
   141    0.2160375524E-01
   142    0.5725291621E-02
   143    0.1760374635E-01
   144    0.1764122892E-01
   145    0.7368745985E-02
   146    0.1437552571E-01
   147    0.1057526949E-01
   148    0.6592272137E-02
   149    0.9978122818E-02
   150    0.7124881809E-03
   151    0.3774417060E-02
   152    0.5435387518E-02
   153   -0.1085229973E-01
   154    0.2284243417E-03
   155    0.1460287196E-02
   156   -0.2282540052E-01
   157   -0.2946864403E-02
   158   -0.1480397553E-02
   159   -0.3285360299E-01
   160   -0.4973417835E-02
   161   -0.3673588882E-02
   162   -0.3943759010E-01
   163   -0.5356291847E-02
   164   -0.3406361759E-02
   165   -0.4130683933E-01
   166   -0.5219847680E-02
   167   -0.1828341294E-02
   168   -0.3838747418E-01
   169   -0.3106753395E-02
   170    0.1791510465E-02
   171   -0.3105317472E-01
   172   -0.6232935703E-03
   173    0.4683929454E-02
   174   -0.2178950675E-01
   175    0.3424189294E-02
   176    0.2725016536E-02
   177   -0.2253640533E-01
   178    0.1220934511E-01
   179    0.2457041893E-01
   180    0.2024438759E-02
   181    0.3640241106E-02
   182    0.1848443614E-01
   183    0.6997565454E-02
   184    0.8666048479E-02
   185    0.1887088108E-01
   186    0.8988627447E-02
   187    0.6329176735E-02
   188    0.1466837050E-01
   189    0.1195468898E-01
   190    0.5812483319E-02
   191    0.6587232292E-02
   192    0.1018560706E-01
   193    0.5532869649E-02
   194   -0.7827741844E-03
   195    0.4198643889E-02
   196   -0.4752120286E-03
   197   -0.1060655966E-01
   198    0.1598788542E-03
   199    0.1135793004E-02
   200   -0.1385949507E-01
   201   -0.4413053481E-02
   202   -0.4964538611E-02
   203   -0.2514099228E-01
   204   -0.1133743906E-01
   205   -0.4454181544E-02
   206   -0.2989731823E-01
   207   -0.1648803601E-01
   208    0.3342240515E-02
   209   -0.7014430643E-02
   210   -0.6275508856E-02
   211   -0.4310254781E-02
   212   -0.1160055918E-01
   213   -0.5294016378E-02
   214    0.6051252966E-02
   215   -0.3809951586E-03
   216    0.1885303350E-02
   217    0.1019704051E-01
   218    0.4835625368E-03
   219    0.6572108312E-02
   220    0.3393448059E-01
   221    0.1807468893E-01
   222    0.9718484249E-02
   223    0.3179622425E-01
   224    0.2000324536E-01
   225    0.9940168064E-02
   226    0.3292211334E-01
   227    0.2791957657E-01
   228    0.1382218574E-01
   229    0.2332008789E-01
   230    0.2146769340E-01
   231    0.3023491161E-01
   232    0.2842042141E-01
   233    0.3144865344E-01
   234    0.2114372318E-01
   235    0.1700585432E-01
   236    0.1736144849E-01
   237   -0.2090173503E-02
   238   -0.1138587923E-01
   239    0.2872572993E-01
   240    0.4365090871E-01
   241    0.8692736167E-02
   242    0.8474375860E-02
   243   -0.2370033820E-01
   244   -0.2852147542E-01
   245    0.2698099450E-01
   246    0.3632614210E-01
   247    0.4622370118E-02
   248   -0.4998353696E-02
   249   -0.4717291438E-01
   250   -0.3567582625E-01
   251    0.3354940091E-01
   252    0.9836872541E-02
   253    0.1099944825E-02
   254   -0.7347604993E-02
   255   -0.4476539532E-01
   256   -0.3906459517E-01
   257   -0.5380595029E-02
   258    0.8811331736E-02
   259   -0.6507085830E-02
   260   -0.8924417548E-02
   261   -0.2158598340E-01
   262   -0.1828859379E-01
   263   -0.1506143592E-01
   264   -0.2490139368E-01
   265   -0.1534931691E-01
   266   -0.1049480245E-01
   267   -0.2236232757E-01
   268   -0.1668273815E-01
   269   -0.8973333704E-02
   270   -0.1252043695E-01
   271   -0.2149553690E-01
   272   -0.1049733845E-01
   273   -0.1141287756E-01
   274   -0.1258719532E-01
   275   -0.1215210170E-01
   276   -0.2112308259E-01
   277   -0.6107036010E-02
   278    0.3494454185E-04
   279   -0.6804529821E-02
   280   -0.9723114963E-02
   281   -0.7849937793E-02
   282   -0.7074845675E-02
   283   -0.4408285383E-02
   284   -0.4344671752E-02
   285   -0.5918673724E-02
   286   -0.3907337887E-02
   287   -0.3052385165E-02
   288   -0.5094244907E-02
   289   -0.3688902088E-02
   290   -0.3586818260E-03
   291    0.7410910679E-03
   292    0.1362411312E-02
   293   -0.5606850888E-02
   294   -0.1035563287E-01
   295    0.7964624888E-02
   296    0.7175348382E-02
   297    0.1516887869E-02
   298    0.2542072015E-02
   299    0.3543741626E-02
   300    0.1768913528E-02
   301    0.2744268748E-02
   302    0.4804516478E-02
   303    0.3084829922E-02
   304    0.1826534877E-02
   305    0.4119338259E-02
   306    0.4798604477E-02
   307    0.3086299737E-02
   308    0.2905586623E-02
   309    0.3981274003E-02
   310    0.3621111416E-02
   311    0.1056998710E-02
   312   -0.1476243009E-02
   313    0.3711455861E-02
   314    0.8579615105E-02
   315    0.5482509238E-02
   316    0.3519262444E-02
   317    0.2595621103E-02
   318    0.2670075798E-02
   319    0.2960759821E-02
   320    0.3270950186E-02
   321    0.3128987288E-02
   322    0.2429183689E-02
   323    0.2127434935E-02
   324    0.2366624591E-02
   325    0.2405761941E-02
   326    0.2111508133E-02
   327    0.1952590859E-02
   328    0.2024768172E-02
   329    0.1763458452E-02
   330    0.1510691217E-02
   331    0.1621982376E-02
   332    0.1615559391E-02
   333    0.1379354639E-02
   334    0.1241192880E-02
   335    0.1210601464E-02
   336    0.1113018535E-02
   337    0.1031073369E-02
   338    0.9613262396E-03
   339    0.8654119194E-03
   340    0.7786544378E-03
   341    0.7069442277E-03
   342    0.6677761814E-03
   343    0.6570054824E-03
   344    0.5897486377E-03
   345    0.4942830257E-03
   346    0.4585612664E-03
   347    0.4258613789E-03
   348    0.3896277301E-03
   349    0.3654639475E-03
   350    0.3112897297E-03
   351    0.2673643933E-03
   352    0.2572553803E-03
   353    0.2394194001E-03
   354    0.2094835678E-03
   355    0.1795699374E-03
   356    0.1615344772E-03
   357    0.1553210020E-03
   358    0.1371641747E-03
   359    0.1172232857E-03
   360    0.1083748180E-03
   361    0.9509454410E-04
   362    0.7834808386E-04
   363    0.7276285140E-04
   364    0.6811226310E-04
   365    0.5665958584E-04
   366    0.4986591850E-04
   367    0.4535472936E-04
   368    0.3958368736E-04
   369    0.3465863890E-04
   370    0.3009096313E-04
   371    0.2617865904E-04
   372    0.2265643527E-04
   373    0.2001922500E-04
   374    0.1763436618E-04
   375    0.1541162598E-04
   376    0.1379918430E-04
   377    0.1166263146E-04
   378    0.9655949948E-05
   379    0.8592321472E-05
   380    0.7423392548E-05
   381    0.6136703692E-05
   382    0.5487310049E-05
   383    0.4960401115E-05
   384    0.4232479167E-05
   385    0.3481045746E-05
   386    0.2966478122E-05
   387    0.2561749792E-05
   388    0.2173602407E-05
   389    0.1880093288E-05
   390    0.1625324797E-05
   391    0.1392104434E-05
   392    0.1146696644E-05
   393    0.9586371378E-06
   394    0.8238072885E-06
   395    0.7080865598E-06
   396    0.5996516901E-06
   397    0.4910471959E-06
   398    0.4117435609E-06
   399    0.3586869013E-06
   400    0.3075295630E-06
   401    0.2550338893E-06
   402    0.2116930795E-06
   403    0.1739682146E-06
   404    0.1431932108E-06
   405    0.1209932736E-06
   406    0.1036890918E-06
   407    0.8765950992E-07
   408    0.7120196239E-07
   409    0.5741794701E-07
   410    0.4747123557E-07
   411    0.4011970941E-07
   412    0.3408792879E-07
   413    0.2806551254E-07
   414    0.2267839694E-07
   415    0.1868249826E-07
   416    0.1530355810E-07
   417    0.1251274937E-07
   418    0.1044228387E-07
   419    0.8549605094E-08
   420    0.6943662621E-08
   421    0.5677725638E-08
   422    0.4642322905E-08
   423    0.3711108529E-08
   424    0.3059054218E-08
   425    0.2614663780E-08
   426    0.2091961136E-08
   427    0.1613432215E-08
   428    0.1317505915E-08
   429    0.1078162137E-08
   430    0.8745927510E-09
   431    0.7067621745E-09
   432    0.5643505449E-09
   433    0.4597494276E-09
   434    0.3678886418E-09
   435    0.2924272227E-09
   436    0.2409403583E-09
   437    0.1907032883E-09
   438    0.1483391123E-09
   439    0.1200079464E-09
   440    0.9764355950E-10
   441    0.7702259653E-10
   442    0.6031939876E-10
   443    0.4826595633E-10
   444    0.3847578050E-10
   445    0.3082029830E-10
   446    0.2431961765E-10
   447    0.1872128541E-10
   448    0.1499097646E-10
   449    0.1198939453E-10
   450    0.9357663686E-11
   451    0.7348617308E-11
   452    0.5745035290E-11
   453    0.4502757267E-11
   454    0.3550388647E-11
   455    0.2743043514E-11
   456    0.2148472775E-11
   457    0.1711970076E-11
   458    0.1331478139E-11
   459    0.1017051412E-11
   460    0.7811122506E-12
   461    0.6095300287E-12
   462    0.4814456728E-12
   463    0.3761359864E-12
   464    0.2876985255E-12
   465    0.2205626777E-12
   466    0.1698544634E-12
   467    0.1314757469E-12
   468    0.1008423414E-12
   469    0.7735637304E-13
   470    0.6076428987E-13
   471    0.4634670609E-13
   472    0.3485972668E-13
   473    0.2674911693E-13
   474    0.2006546668E-13
   475    0.1523735739E-13
   476    0.1137273370E-13
   477    0.8449809700E-14
   478    0.7601117503E-14
   479    0.5813815538E-14
   480    0.3639205464E-14
   481    0.3046980688E-14
   482    0.2836474449E-14
   483    0.2707520057E-14
   484    0.1377708298E-14
   485    0.1184033237E-14
   486    0.8719365033E-15
   487   -0.8038831205E-16
   488    0.1603141635E-15
   489    0.2066119946E-15
   490    0.1071641499E-15
   491   -0.4728093236E-15
   492   -0.4512692383E-15
   493   -0.1128173096E-15
   494   -0.2820432739E-16
   495    0.4846006938E-16
   496    0.1786484710E-15
   497    0.1556844202E-15
   498    0.3892110506E-16
   499    0.8928571429E+00
   500    0.2901785714E+01
   501    0.2511160714E+01
   502    0.6277901786E+00
