    -1   -0.2375203301E+01
     0   -0.2803721456E+01
     1   -0.2473700616E+00
     2    0.7685927342E+00
     3    0.1077369627E+01
     4   -0.2311478576E+01
     5   -0.2692088304E+01
     6    0.2475765373E+01
     7    0.2414403405E+00
     8    0.7885761985E+00
     9   -0.1334779227E+00
    10   -0.3140286633E+00
    11   -0.1894858658E+01
    12    0.1261502540E+01
    13    0.3355970220E+00
    14   -0.6144013524E+00
    15   -0.1275476547E+01
    16    0.8917411745E+00
    17    0.2469936546E+00
    18    0.6558555969E+00
    19    0.5094323498E+00
    20   -0.9688682146E+00
    21   -0.1570855089E+01
    22   -0.2134255319E+01
    23    0.5062755268E+00
    24    0.1851287284E+01
    25    0.1752595837E+01
    26    0.1805206256E+01
    27   -0.1618876428E+01
    28   -0.2604835906E+01
    29    0.1511506230E+01
    30    0.1623730656E+01
    31    0.7585164437E+00
    32   -0.2066702097E+00
    33    0.8915629403E+00
    34    0.4574307454E+00
    35   -0.8427439293E+00
    36    0.3857455953E+00
    37    0.1174381933E+01
    38    0.6145776796E+00
    39   -0.9790850295E+00
    40    0.4589790331E+00
    41    0.6333785090E+00
    42   -0.5418270903E+00
    43   -0.2770595093E+00
    44    0.1377712889E+00
    45   -0.4180896936E+00
    46    0.7826171793E+00
    47   -0.4299168439E+00
    48   -0.7835466359E-01
    49    0.7995044065E+00
    50   -0.3412628558E+00
    51   -0.4681327402E-01
    52   -0.1912458447E+01
    53    0.8892471638E+00
    54    0.3938973792E+00
    55   -0.1055333277E+01
    56   -0.4486683672E+00
    57    0.6646407434E+00
    58    0.1045571427E+01
    59   -0.9212611153E+00
    60   -0.1019128237E+01
    61   -0.1068505207E+01
    62   -0.3596650728E+00
    63   -0.2319504173E+01
    64    0.5117437181E+00
    65   -0.1755365532E+01
    66   -0.3456404060E+00
    67   -0.5595975668E+00
    68   -0.1665074190E+01
    69   -0.3010958859E+01
    70    0.1000460275E+01
    71    0.2279403957E+01
    72    0.2090329701E+01
    73    0.1010374422E+01
    74    0.2382460711E+01
    75   -0.8262978745E-02
    76    0.5899785965E+00
    77    0.1404565444E+01
    78    0.2418797289E-01
    79    0.8054150428E+00
    80    0.8836412580E+00
    81   -0.3641615520E+00
    82    0.2681400622E+00
    83   -0.8905410647E-01
    84    0.1084738236E+01
    85   -0.1540226698E+00
    86   -0.1976496014E+00
    87    0.1545449574E+00
    88    0.3836533577E+00
    89   -0.4838735084E-01
    90   -0.1748593027E+00
    91   -0.5731440419E-01
    92    0.3918283840E+00
    93    0.3637761384E+00
    94   -0.3448696208E+00
    95   -0.2379773124E+00
    96    0.2317691463E-01
    97    0.2755029279E+00
    98   -0.1133234371E+00
    99    0.2365268162E+00
   100   -0.1783154084E+00
   101   -0.1422833486E+00
   102   -0.3148203449E-01
   103   -0.2722428420E+00
   104    0.3625378443E+00
   105   -0.4591380140E+00
   106    0.7119837800E+00
   107   -0.9076958844E-01
   108   -0.1120316145E+01
   109    0.2764680849E-01
   110   -0.4260177844E+00
   111    0.9826891384E+00
   112    0.5201726852E+00
   113   -0.1706157680E+01
   114   -0.1204733034E+01
   115    0.5054202949E-01
   116    0.1515617676E+01
   117   -0.1179973630E+01
   118   -0.2291111824E+01
   119   -0.5572428484E+00
   120    0.6043042373E-01
   121   -0.4635277563E+01
   122   -0.2515667567E+01
   123   -0.3039792300E+01
   124   -0.1020759055E+01
   125    0.1256800608E+01
   126    0.2305687870E+01
   127    0.2662625599E+01
   128    0.2210642106E+01
   129    0.1775144909E+01
   130    0.1519525605E+01
   131    0.7844697250E+00
   132    0.2529141540E+00
   133    0.1327307391E+01
   134    0.5165490445E+00
   135   -0.5615473235E-01
   136    0.5793632255E-01
   137    0.5412763216E+00
   138    0.1261107350E+00
   139    0.5023617648E+00
   140    0.9869186021E-01
   141   -0.5999043064E+00
   142    0.4993415080E+00
   143    0.2044016771E+00
   144    0.3673995444E+00
   145   -0.1508236243E+00
   146   -0.2717694715E+00
   147   -0.1018005752E+00
   148    0.2940866793E+00
   149    0.5868018810E+00
   150   -0.6709918319E+00
   151    0.3609949552E+00
   152   -0.6082896037E+00
   153    0.1562593415E+00
   154    0.7838224564E+00
   155   -0.7046342119E+00
   156    0.2615844359E+00
   157   -0.8131881347E+00
   158    0.4299076253E+00
   159    0.3964964832E+00
   160   -0.4593082994E+00
   161   -0.4919704340E-01
   162   -0.8125250491E+00
   163    0.4775775927E+00
   164    0.4351102703E-01
   165   -0.9726288308E+00
   166   -0.6179048186E+00
   167   -0.1179236916E+01
   168   -0.1573884144E+01
   169   -0.1228388527E+01
   170   -0.2591355681E+00
   171   -0.8080217606E+00
   172    0.3482823093E+00
   173   -0.1327810673E+01
   174    0.4227060065E-01
   175   -0.2003694828E+00
   176   -0.8686092436E+00
   177   -0.4121667961E+00
   178    0.1065706804E+01
   179    0.3098810951E+00
   180    0.1713321611E+00
   181    0.3344738566E+00
   182    0.9888495617E+00
   183    0.1097924560E+01
   184    0.1025660981E+01
   185    0.1687642734E+00
   186    0.1087142069E+00
   187    0.2704531387E+00
   188    0.2406991433E+00
   189    0.1792403980E+00
   190    0.4040386722E+00
   191    0.1511839508E-01
   192    0.4124352606E-02
   193    0.6763350800E+00
   194    0.2452722683E+00
   195    0.4150431461E-01
   196    0.2368614703E-01
   197    0.1496671949E+00
   198   -0.5425904413E+00
   199   -0.2553389271E+00
   200    0.4876390415E+00
   201    0.3587110240E+00
   202   -0.3913301582E+00
   203   -0.3048874964E+00
   204    0.5019771213E+00
   205   -0.2911110899E+00
   206   -0.8885065818E+00
   207   -0.4793841509E+00
   208    0.5890693975E-02
   209    0.2526132955E+00
   210    0.6307410278E+00
   211   -0.1690165565E+00
   212   -0.1691407865E+01
   213   -0.1244477579E+01
   214    0.1473039668E+01
   215    0.1584421494E+01
   216   -0.3178542419E+00
   217   -0.1210245135E+01
   218   -0.6190626236E+00
   219    0.6944014285E+00
   220    0.7683269406E+00
   221   -0.2468396041E+00
   222   -0.4446664519E+00
   223   -0.2667345760E+00
   224    0.1397757006E+00
   225    0.4053138681E+00
   226    0.9263982966E-01
   227   -0.2666579725E+00
   228   -0.2875721931E+00
   229   -0.3120609563E-01
   230    0.1535980425E+00
   231    0.1141403222E+00
   232    0.1071091926E-01
   233   -0.1570923949E-01
   234   -0.6883388063E-01
   235   -0.5841858206E-01
   236    0.6757347163E-01
   237   -0.1196459500E-01
   238   -0.1327773767E+00
   239   -0.2978663889E-01
   240    0.5206559230E-01
   241    0.3244868380E-01
   242    0.5501069203E-01
   243    0.7900066200E-01
   244    0.8715221540E-02
   245   -0.5531698893E-01
   246   -0.4306327720E-01
   247   -0.2690902116E-01
   248   -0.3448933251E-02
   249    0.2272774002E-01
   250   -0.1917042580E-03
   251   -0.1446065474E-01
   252    0.4677233792E-02
   253   -0.4300544421E-01
   254   -0.6372729696E-01
   255    0.3227983589E-01
   256    0.4266562861E-01
   257    0.3100419483E-01
   258    0.4331240516E-01
   259    0.2685439757E-01
   260   -0.6765867140E-02
   261   -0.1900766499E-01
   262   -0.1101778055E-01
   263   -0.3010260576E-02
   264    0.6618427863E-02
   265    0.1381300094E-01
   266    0.7984485808E-02
   267    0.9833700736E-03
   268    0.4274632696E-02
   269    0.9506114083E-02
   270    0.1729794978E-02
   271   -0.6375046521E-02
   272   -0.1518754160E-01
   273   -0.2010184642E-01
   274    0.1358486786E-01
   275    0.2597630282E-01
   276    0.1545158867E-01
   277    0.5333437462E-02
   278   -0.1234014486E-02
   279   -0.2850866788E-02
   280    0.1467017871E-03
   281    0.2837050501E-02
   282    0.4322345674E-02
   283    0.3537952376E-02
   284    0.1380846160E-02
   285    0.6650774758E-03
   286    0.1963006852E-02
   287    0.2563384966E-02
   288    0.1570744602E-02
   289    0.2230187227E-02
   290    0.1712192093E-02
   291    0.3864526693E-03
   292    0.1407436317E-02
   293    0.2568906295E-02
   294    0.1727559591E-02
   295    0.9246649955E-03
   296    0.1291185514E-02
   297    0.1128414327E-02
   298    0.9379691269E-03
   299    0.1118041164E-02
   300    0.9799091102E-03
   301    0.5107111025E-03
   302    0.2749375555E-03
   303    0.5788045165E-03
   304    0.1017446232E-02
   305    0.8691624533E-03
   306    0.3563973206E-03
   307    0.3525311105E-03
   308    0.3829287953E-03
   309    0.3903225249E-03
   310    0.5514421985E-03
   311    0.2979881085E-03
   312    0.7624305208E-04
   313    0.2262938701E-03
   314    0.3092487225E-03
   315    0.2426450365E-03
   316    0.1412761759E-03
   317    0.8465603222E-04
   318    0.1942806165E-03
   319    0.2085385310E-03
   320    0.1112905087E-03
   321    0.1190399992E-03
   322    0.1204368169E-03
   323    0.4476264028E-04
   324    0.4893708792E-04
   325    0.9843664427E-04
   326    0.5879080620E-04
   327    0.3521486108E-04
   328    0.5086488914E-04
   329    0.4618578431E-04
   330    0.3859423157E-04
   331    0.2995895574E-04
   332    0.2478023756E-04
   333    0.1939211566E-04
   334    0.1817363968E-04
   335    0.1773856762E-04
   336    0.1701345867E-04
   337    0.2044283945E-04
   338    0.1455750702E-04
   339    0.6441568496E-05
   340    0.7938739156E-05
   341    0.8063319181E-05
   342    0.3058289386E-05
   343    0.4083145204E-05
   344    0.6943976631E-05
   345    0.6209079098E-05
   346    0.3776385359E-05
   347    0.2332377490E-05
   348    0.2408162910E-05
   349    0.2047264926E-05
   350    0.1909322929E-05
   351    0.1965657616E-05
   352    0.1800932288E-05
   353    0.1159510295E-05
   354    0.7730154630E-06
   355    0.7219628408E-06
   356    0.7581312868E-06
   357    0.7025121678E-06
   358    0.4211999176E-06
   359    0.3144938723E-06
   360    0.3922411433E-06
   361    0.3950420585E-06
   362    0.3102066827E-06
   363    0.2532613096E-06
   364    0.1700657931E-06
   365    0.9989298994E-07
   366    0.1020439528E-06
   367    0.1210978418E-06
   368    0.1174262565E-06
   369    0.8164629746E-07
   370    0.4691813098E-07
   371    0.3296613111E-07
   372    0.3657654890E-07
   373    0.4295867212E-07
   374    0.3527861735E-07
   375    0.2265022169E-07
   376    0.1859989315E-07
   377    0.1577639835E-07
   378    0.1079857918E-07
   379    0.1034574896E-07
   380    0.9740658900E-08
   381    0.7070706328E-08
   382    0.5433830539E-08
   383    0.4818172705E-08
   384    0.3120198894E-08
   385    0.2625132470E-08
   386    0.3753932435E-08
   387    0.3025407936E-08
   388    0.1261832877E-08
   389    0.1018360261E-08
   390    0.1127659682E-08
   391    0.8956966126E-09
   392    0.7550266485E-09
   393    0.5604914509E-09
   394    0.4751956309E-09
   395    0.4044752930E-09
   396    0.2769224241E-09
   397    0.2851646683E-09
   398    0.2271367258E-09
   399    0.1309544139E-09
   400    0.1065067201E-09
   401    0.1138337896E-09
   402    0.8827525169E-10
   403    0.5474634027E-10
   404    0.4691239606E-10
   405    0.4096632197E-10
   406    0.3570765419E-10
   407    0.2825950463E-10
   408    0.1636976635E-10
   409    0.1411786652E-10
   410    0.1426565635E-10
   411    0.1030641847E-10
   412    0.7731918295E-11
   413    0.5959161739E-11
   414    0.4468484115E-11
   415    0.3823608840E-11
   416    0.2716008160E-11
   417    0.2004289142E-11
   418    0.1985211486E-11
   419    0.1653037302E-11
   420    0.1034942586E-11
   421    0.6604143368E-12
   422    0.5427181904E-12
   423    0.5118022917E-12
   424    0.4564586270E-12
   425    0.3236831304E-12
   426    0.2206978614E-12
   427    0.1733230119E-12
   428    0.1321555338E-12
   429    0.9619669577E-13
   430    0.7967134748E-13
   431    0.6732436002E-13
   432    0.5761096948E-13
   433    0.4000726088E-13
   434    0.2293591346E-13
   435    0.2047218902E-13
   436    0.1721947822E-13
   437    0.1134090797E-13
   438    0.9357787263E-14
   439    0.7446472729E-14
   440    0.5115959423E-14
   441    0.4470881052E-14
   442    0.3698988795E-14
   443    0.1993336860E-14
   444    0.1469779362E-14
   445    0.9225563527E-15
   446    0.9522840542E-15
   447    0.7931825259E-15
   448    0.4689124937E-15
   449    0.9915287553E-15
   450    0.9417715792E-15
   451    0.3742207729E-15
   452    0.3155997981E-15
   453    0.3842112813E-15
   454    0.4846308789E-15
   455    0.1211577197E-15
   456    0.8580058117E-16
   457    0.1324724478E-15
   458   -0.1334153418E-15
   459   -0.3664207428E-15
   460   -0.9160518571E-16
   461    0.3260985480E-16
   462    0.1746859174E-15
   463    0.1546937818E-15
   464    0.3867344545E-16
   465    0.3742393698E-16
   466    0.6486713548E-16
   467    0.7172793510E-16
   468    0.1289542862E-15
   469    0.8774972279E-16
   470    0.1329597332E-15
   471   -0.1332935204E-15
   472   -0.3108791363E-15
   473    0.3330251840E-16
   474    0.8325629600E-17
   475    0.5759255863E-16
   476    0.1254204421E-15
   477    0.8686626176E-16
   478    0.1327388679E-15
   479    0.8869586821E-16
   480    0.1331962695E-15
   481   -0.1332343863E-15
   482   -0.3108643527E-15
   483    0.3330621428E-16
   484    0.6383770480E-16
   485    0.1269817287E-15
   486    0.8725658340E-16
   487    0.1328364483E-15
   488   -0.1333243416E-15
   489   -0.3663979928E-15
   490   -0.3608834697E-16
   491    0.1020002157E-15
   492    0.8101120516E-16
   493    0.1867862550E-15
   494    0.1854744418E-15
   495    0.1018797617E-15
   496   -0.8555236204E-16
   497   -0.1879215442E-15
   498    0.6404191641E-16
   499    0.8928571429E+00
   500    0.2901785714E+01
   501    0.2511160714E+01
   502    0.6277901786E+00
