    -1   -0.7953769933E+00
     0   -0.2991044101E+01
     1   -0.3269236251E+01
     2   -0.5563965955E+00
     3   -0.3211519117E+00
     4   -0.1351398269E+01
     5    0.1512216852E+01
     6   -0.9395814063E+00
     7   -0.1609096415E+01
     8   -0.2323996894E+00
     9    0.2000272440E+00
    10   -0.3960865995E+00
    11   -0.3739534800E+00
    12    0.3724571924E+00
    13    0.1016580322E+01
    14   -0.1021386654E+00
    15    0.2671701064E+00
    16    0.1024074083E+01
    17    0.1254941189E+01
    18    0.4988184889E-01
    19   -0.1057885340E+00
    20    0.3262047376E+00
    21    0.7736654872E+00
    22    0.1793446641E+00
    23    0.3877997942E-02
    24    0.6631057000E+00
    25    0.1304733623E+00
    26   -0.3209813857E-01
    27    0.2940876284E+00
    28   -0.2884929472E+00
    29    0.6033099047E+00
    30    0.3087405327E+00
    31   -0.6475104333E+00
    32    0.1708507635E+00
    33    0.2138773624E+00
    34    0.2158986720E+00
    35   -0.3018775289E+00
    36    0.1288163669E+00
    37    0.1156826761E+00
    38   -0.6769989165E+00
    39   -0.3183361620E+00
    40    0.1340223331E+01
    41   -0.1032481090E+01
    42   -0.1000255996E+01
    43    0.7277241745E+00
    44    0.2437133626E+00
    45   -0.1165524708E+01
    46   -0.6604940741E+00
    47    0.1145594827E+01
    48   -0.1408547476E+01
    49   -0.5012997992E+00
    50    0.1193177473E+00
    51   -0.9254356642E+00
    52   -0.3358980058E+00
    53   -0.1050651703E+01
    54    0.8504688906E-01
    55   -0.9770848788E+00
    56    0.2657569116E+00
    57   -0.6860585833E+00
    58    0.9416843411E+00
    59    0.7793645548E-01
    60    0.3123860879E+00
    61    0.7672038458E+00
    62    0.9458033148E+00
    63   -0.1136649728E+01
    64    0.2676697969E+01
    65   -0.5766358298E+00
    66   -0.1024593812E+00
    67    0.7601667690E+00
    68    0.7442922733E+00
    69    0.4515557758E+00
    70   -0.4374218984E+00
    71   -0.3710169842E+00
    72    0.1730020555E+01
    73   -0.3255236007E+00
    74   -0.3681732918E+00
    75   -0.1266740202E+00
    76    0.9898218762E+00
    77   -0.3738631281E+00
    78    0.1110831557E+00
    79   -0.2293668516E+00
    80    0.1637269928E+00
    81   -0.1661543230E+00
    82    0.4619355771E+00
    83   -0.8619734428E-01
    84   -0.8105374392E+00
    85   -0.1196368977E-01
    86    0.6381754546E+00
    87    0.1591331449E+00
    88   -0.1381532660E+01
    89   -0.8650958323E-01
    90    0.9285515577E+00
    91   -0.3697423601E+00
    92   -0.1930302775E+01
    93    0.9300681982E+00
    94    0.3283384896E+00
    95   -0.1957501405E+01
    96    0.5579231597E-01
    97    0.9319738691E-01
    98   -0.1307830097E+01
    99   -0.8295212124E-01
   100   -0.7166746413E+00
   101   -0.6442601752E+00
   102    0.7514877020E-01
   103   -0.2225860084E+00
   104   -0.2388404958E+00
   105    0.6870239310E+00
   106   -0.1668013636E+00
   107    0.1247046602E+01
   108   -0.3421138319E-01
   109    0.1104264522E+01
   110    0.1215381182E+00
   111    0.5199262716E+00
   112    0.8568281973E+00
   113   -0.3322774053E+00
   114    0.8187306465E+00
   115    0.5411650679E+00
   116   -0.3236592425E+00
   117    0.3447136752E+00
   118    0.5221710091E+00
   119    0.3114605461E+00
   120   -0.7882723183E+00
   121    0.6771554089E+00
   122    0.2928771007E+00
   123    0.2572894946E+00
   124   -0.8138416264E+00
   125    0.4780208739E+00
   126    0.5496431818E-01
   127    0.3387613925E+00
   128   -0.5044724034E+00
   129   -0.1011958438E+00
   130    0.1223913492E+00
   131    0.1004333289E+00
   132   -0.2255075821E+00
   133   -0.3634123293E+00
   134    0.1279961121E+00
   135   -0.1057507250E+00
   136   -0.4332259212E+00
   137   -0.2447958624E+00
   138   -0.2796547679E+00
   139    0.2261500811E+00
   140   -0.1285982229E+01
   141    0.8513496263E-01
   142   -0.2769989473E+00
   143   -0.8323238266E+00
   144   -0.5331254658E+00
   145   -0.9061353178E+00
   146   -0.1539803637E+00
   147   -0.6723780799E+00
   148    0.1529045524E+00
   149   -0.3970966653E+00
   150    0.5947780150E-01
   151    0.8613031712E-01
   152    0.3070626030E+00
   153    0.6498928427E+00
   154    0.5887057154E+00
   155    0.7011409521E+00
   156    0.7021566534E+00
   157    0.9564538931E-01
   158    0.6148143486E+00
   159    0.5253228099E+00
   160   -0.9300402139E-01
   161    0.4488819212E+00
   162    0.5309626183E+00
   163    0.1516532658E+00
   164    0.6428497058E-01
   165   -0.1408885412E+00
   166    0.4349196022E+00
   167    0.3176203333E+00
   168   -0.1247497760E+00
   169   -0.3523288841E+00
   170    0.6578247136E+00
   171    0.5146497568E-01
   172   -0.4699355888E+00
   173   -0.2327053430E+00
   174    0.5485976869E+00
   175   -0.2009791993E+00
   176   -0.4069511222E+00
   177   -0.9831841573E-01
   178    0.3822931523E+00
   179   -0.4759927431E+00
   180   -0.3244214307E+00
   181   -0.4591787412E+00
   182   -0.5040563036E+00
   183   -0.2439177977E+00
   184   -0.4070569312E+00
   185   -0.4768323963E+00
   186   -0.1608560552E+00
   187   -0.1817531545E+00
   188   -0.4598469415E+00
   189   -0.2474440548E+00
   190    0.2782769112E+00
   191   -0.1048166034E+00
   192   -0.3201361867E+00
   193   -0.4692523031E-01
   194    0.1834878465E+00
   195   -0.2504763375E+00
   196    0.4342093284E+00
   197    0.7682678532E+00
   198    0.2828517546E+00
   199   -0.1934928233E-01
   200   -0.3550261550E-01
   201    0.1510040721E+00
   202    0.1418676396E+00
   203    0.1610027318E+00
   204    0.2050090159E+00
   205    0.1755927505E+00
   206    0.1537898805E+00
   207    0.1473794697E+00
   208    0.1195341875E+00
   209    0.5071536129E-01
   210   -0.1786147981E-01
   211   -0.1147132924E-02
   212    0.1000406390E+00
   213    0.6248623836E-01
   214    0.6068364832E-01
   215   -0.6622369108E-01
   216    0.9733128941E-01
   217    0.2849802260E-01
   218   -0.3183923892E+00
   219    0.5400355370E-01
   220    0.1687377030E+00
   221    0.1970469587E-02
   222   -0.1767143706E+00
   223   -0.3049627069E+00
   224   -0.9650077562E-01
   225    0.3293877411E+00
   226    0.1096690971E+00
   227   -0.1439652742E+00
   228   -0.3167794674E+00
   229   -0.9031142619E-01
   230    0.2356686264E+00
   231    0.8882219343E-01
   232   -0.1386180203E+00
   233   -0.1794309660E+00
   234   -0.1270008762E+00
   235   -0.3711825027E-02
   236    0.1237270190E+00
   237    0.1022668242E+00
   238   -0.7856088977E-01
   239   -0.1638423866E+00
   240   -0.6823770421E-01
   241    0.2313324015E-01
   242    0.1851120026E-01
   243    0.4147594031E-02
   244    0.1158980371E-01
   245   -0.2348456739E-01
   246   -0.2722783508E-01
   247    0.6341386231E-02
   248   -0.7789282892E-02
   249   -0.3520689597E-01
   250   -0.3210767502E-01
   251    0.1165991409E-02
   252   -0.1511300353E-01
   253   -0.3295873288E-01
   254    0.3413202494E-01
   255    0.6376022835E-01
   256    0.1536696760E-01
   257   -0.3145242079E-01
   258   -0.2380387289E-01
   259   -0.9807418855E-02
   260   -0.5123657753E-02
   261    0.5673690176E-02
   262    0.2608599624E-02
   263   -0.5326370151E-02
   264    0.4126374875E-03
   265   -0.1226900710E-02
   266   -0.1740363387E-01
   267   -0.2552497054E-01
   268   -0.2501907466E-01
   269    0.7882174931E-02
   270    0.4162543119E-01
   271    0.3822320585E-01
   272    0.1372636171E-01
   273   -0.8871760280E-02
   274   -0.7708193639E-02
   275    0.1697776334E-03
   276    0.6194877805E-04
   277    0.6140752795E-02
   278    0.1036141045E-01
   279    0.2999577879E-02
   280    0.1242772477E-02
   281    0.7479234609E-02
   282    0.7084140645E-02
   283    0.2693278205E-02
   284    0.2955703013E-02
   285   -0.3971158521E-02
   286   -0.1810686060E-01
   287   -0.6549177219E-02
   288    0.2462780723E-01
   289    0.1628969925E-01
   290    0.5815013192E-02
   291   -0.3336038855E-03
   292   -0.1166576562E-02
   293    0.6387752442E-03
   294    0.3023562128E-02
   295    0.5144139430E-02
   296    0.3718036437E-02
   297    0.1064718011E-02
   298    0.7660160099E-03
   299    0.2493470151E-02
   300    0.2483610961E-02
   301    0.1620077915E-02
   302    0.2173444047E-02
   303    0.2221012567E-02
   304    0.8048418691E-03
   305    0.9169726065E-03
   306    0.2242474954E-02
   307    0.2037750945E-02
   308    0.1158009818E-02
   309    0.1064536024E-02
   310    0.1270904754E-02
   311    0.1060337513E-02
   312    0.1005864469E-02
   313    0.1034529360E-02
   314    0.7737309985E-03
   315    0.4569988336E-03
   316    0.4810054504E-03
   317    0.7939835637E-03
   318    0.9035139175E-03
   319    0.5672787484E-03
   320    0.3555225712E-03
   321    0.3946279970E-03
   322    0.3836985433E-03
   323    0.4789987999E-03
   324    0.4066526103E-03
   325    0.1841278291E-03
   326    0.1845921478E-03
   327    0.2775785812E-03
   328    0.2639057922E-03
   329    0.2006001996E-03
   330    0.1108451564E-03
   331    0.1407828457E-03
   332    0.2087868819E-03
   333    0.1405034303E-03
   334    0.1041930141E-03
   335    0.1274045097E-03
   336    0.8222247869E-04
   337    0.4279932300E-04
   338    0.8137029008E-04
   339    0.7854051748E-04
   340    0.4115862389E-04
   341    0.4698530739E-04
   342    0.4836189356E-04
   343    0.3974503396E-04
   344    0.3388375510E-04
   345    0.2731276226E-04
   346    0.2258418274E-04
   347    0.1952525215E-04
   348    0.1852252328E-04
   349    0.1691126647E-04
   350    0.1751617588E-04
   351    0.1677516276E-04
   352    0.9826146318E-05
   353    0.7301202207E-05
   354    0.8835794825E-05
   355    0.5601572167E-05
   356    0.3939197077E-05
   357    0.5818564904E-05
   358    0.6076614946E-05
   359    0.4654137426E-05
   360    0.2884787612E-05
   361    0.2508402510E-05
   362    0.2319423718E-05
   363    0.1982575019E-05
   364    0.1855266379E-05
   365    0.1795243221E-05
   366    0.1458983357E-05
   367    0.9213322816E-06
   368    0.7869208549E-06
   369    0.7637810638E-06
   370    0.7288847723E-06
   371    0.5567725965E-06
   372    0.3667809298E-06
   373    0.3660357197E-06
   374    0.3860167120E-06
   375    0.3309512598E-06
   376    0.2687562483E-06
   377    0.2031633264E-06
   378    0.1362562273E-06
   379    0.1116203747E-06
   380    0.1113522170E-06
   381    0.1142222032E-06
   382    0.9542575025E-07
   383    0.6247442698E-07
   384    0.4186907928E-07
   385    0.3771319245E-07
   386    0.3961102165E-07
   387    0.3762127176E-07
   388    0.2734668172E-07
   389    0.1999063801E-07
   390    0.1761230908E-07
   391    0.1313725869E-07
   392    0.1063296128E-07
   393    0.1036193661E-07
   394    0.8104361563E-08
   395    0.6095990287E-08
   396    0.5234991265E-08
   397    0.4116926013E-08
   398    0.2774265808E-08
   399    0.3139888389E-08
   400    0.3300783608E-08
   401    0.1905226557E-08
   402    0.1158580196E-08
   403    0.1186904600E-08
   404    0.9800537460E-09
   405    0.8177977981E-09
   406    0.6532087015E-09
   407    0.5045376597E-09
   408    0.4450336969E-09
   409    0.3261493418E-09
   410    0.2745089672E-09
   411    0.2536433692E-09
   412    0.1705787280E-09
   413    0.1177261786E-09
   414    0.1124818682E-09
   415    0.9934297411E-10
   416    0.6908433443E-10
   417    0.5030413907E-10
   418    0.4463890102E-10
   419    0.3682207944E-10
   420    0.3106080133E-10
   421    0.2194130507E-10
   422    0.1484844766E-10
   423    0.1457177231E-10
   424    0.1179228539E-10
   425    0.8566674152E-11
   426    0.6828301564E-11
   427    0.5102512101E-11
   428    0.4099931316E-11
   429    0.3280192737E-11
   430    0.2302029389E-11
   431    0.1975200209E-11
   432    0.1775788457E-11
   433    0.1277044594E-11
   434    0.8343213652E-12
   435    0.6194738827E-12
   436    0.5436408183E-12
   437    0.4706424465E-12
   438    0.3749478587E-12
   439    0.2611447190E-12
   440    0.1937806171E-12
   441    0.1524661128E-12
   442    0.1143194610E-12
   443    0.8753270787E-13
   444    0.7189872423E-13
   445    0.5955253333E-13
   446    0.4586335572E-13
   447    0.2917389617E-13
   448    0.2131003973E-13
   449    0.1919835885E-13
   450    0.1377851842E-13
   451    0.1018229559E-13
   452    0.8207711322E-14
   453    0.5465863631E-14
   454    0.4683257194E-14
   455    0.3543916014E-14
   456    0.3023158326E-14
   457    0.2088057211E-14
   458    0.1826526357E-14
   459    0.1566854614E-14
   460    0.1363158800E-14
   461    0.1353868210E-14
   462    0.7548006867E-15
   463    0.5217670791E-15
   464    0.6855532821E-15
   465    0.3379217742E-15
   466    0.2896929232E-16
   467    0.1737757768E-15
   468    0.2099773979E-15
   469    0.2190278032E-15
   470    0.2212904045E-15
   471    0.2496116304E-15
   472    0.2844475125E-15
   473    0.1821341806E-15
   474    0.4553354515E-16
   475    0.6689453752E-16
   476    0.1832570881E-15
   477    0.2123477257E-15
   478    0.2196203851E-15
   479    0.1659273987E-15
   480   -0.1805627552E-15
   481   -0.4892298987E-15
   482   -0.3904074782E-16
   483    0.2122844180E-15
   484    0.1640934070E-15
   485    0.9653450297E-16
   486    0.1906670794E-15
   487    0.2419557992E-15
   488    0.2270224035E-15
   489    0.5675560087E-16
   490    0.1418890022E-16
   491    0.5905837629E-16
   492    0.1257868965E-15
   493   -0.1073311539E-15
   494   -0.3043885446E-15
   495   -0.7609713616E-16
   496    0.3648686719E-16
   497    0.1201440193E-15
   498    0.8554715605E-16
   499    0.8928571429E+00
   500    0.2901785714E+01
   501    0.2511160714E+01
   502    0.6277901786E+00
