    -1   -0.1225621724E+01
     0   -0.3289863511E+01
     1   -0.1889333262E+01
     2   -0.4943058191E+00
     3   -0.1182562013E+00
     4    0.6047765471E-01
     5    0.4284925696E-01
     6    0.3938928155E-01
     7    0.5709454865E-01
     8    0.3313133607E-01
     9    0.1842229742E-01
    10    0.5166811411E-01
    11   -0.5059396066E-02
    12   -0.1047702279E-01
    13    0.4717790914E-01
    14   -0.4389088297E-01
    15   -0.4582155055E-01
    16    0.4587985885E-01
    17   -0.7911787108E-01
    18   -0.9643487056E-01
    19    0.3628457624E-01
    20   -0.6644027013E-01
    21   -0.1180337585E+00
    22    0.5732891112E-01
    23   -0.8318905252E-01
    24   -0.1508913333E+00
    25    0.5611911513E-01
    26   -0.7344723113E-01
    27   -0.1520224131E+00
    28    0.3697442057E-01
    29   -0.8457147950E-01
    30   -0.8337983566E-01
    31    0.7380642709E-01
    32   -0.7270427129E-01
    33   -0.5591272154E-01
    34    0.7227093600E-01
    35   -0.4915106145E-01
    36   -0.1699560038E-01
    37    0.7618086100E-01
    38   -0.2630606807E-01
    39    0.2449766355E-01
    40    0.7880088917E-01
    41   -0.8755186932E-02
    42    0.5491433119E-01
    43    0.8489843584E-01
    44    0.2922937799E-01
    45    0.4894899161E-01
    46    0.9401168038E-01
    47    0.2476203754E-01
    48    0.7877456177E-01
    49    0.6754929707E-01
    50   -0.9638214489E-02
    51    0.1218264846E+00
    52    0.3972465501E-01
    53   -0.3386247254E-01
    54    0.1089890687E+00
    55    0.1890785234E-01
    56   -0.6191213219E-01
    57    0.8578118653E-01
    58   -0.1662706696E-02
    59   -0.9186567997E-01
    60    0.5776416685E-01
    61   -0.2027971394E-01
    62   -0.1228382980E+00
    63   -0.1214740502E-01
    64   -0.2956634652E-01
    65   -0.1426346017E-01
    66   -0.6979693337E-01
    67   -0.7810253857E-01
    68   -0.1918770436E-01
    69   -0.7228525273E-01
    70   -0.9595568371E-01
    71   -0.5835662519E-02
    72   -0.5875610381E-01
    73   -0.1068400081E+00
    74   -0.2192092817E-01
    75   -0.4682170458E-01
    76   -0.2273298369E-01
    77   -0.3899685042E-01
    78    0.2729882749E-01
    79   -0.4066170424E-01
    80   -0.7192384026E-02
    81    0.5372065955E-01
    82   -0.4130873819E-01
    83    0.2921395267E-01
    84    0.8453950241E-01
    85   -0.3863869162E-01
    86    0.4514103868E-01
    87    0.7291232021E-01
    88    0.3558559603E-01
    89    0.1426793218E+00
    90   -0.4482872118E-01
    91    0.9489562703E-01
    92    0.1397268700E+00
    93   -0.4937594270E-01
    94    0.5041310340E-01
    95    0.9130515688E-01
    96    0.6036885851E-01
    97    0.1759620529E-01
    98    0.3654062269E-01
    99    0.5705050789E-01
   100    0.1470326507E-01
   101    0.8166379984E-02
   102   -0.2922361469E-02
   103    0.2344349150E-01
   104   -0.1424452511E-01
   105   -0.6722750837E-01
   106   -0.1085106739E-01
   107   -0.3510852144E-01
   108   -0.8573686163E-02
   109   -0.8012465541E-01
   110   -0.2852757600E-01
   111   -0.2708376319E-01
   112   -0.9977661474E-01
   113   -0.3814389165E-01
   114   -0.4796211277E-01
   115   -0.9175401712E-01
   116   -0.3382557818E-01
   117   -0.4907761767E-01
   118   -0.7675150443E-01
   119   -0.3098587468E-01
   120   -0.7951951702E-01
   121   -0.3610575256E-01
   122    0.6864085844E-01
   123   -0.1529207228E+00
   124    0.8203060692E-01
   125    0.5062201880E-01
   126   -0.1279111613E+00
   127    0.9727306890E-01
   128    0.6660331055E-01
   129   -0.1160870812E+00
   130    0.9003614728E-01
   131    0.1355806372E+00
   132   -0.5237941679E-01
   133    0.6638450052E-01
   134    0.1515753174E+00
   135    0.8295237797E-02
   136    0.2803224064E-01
   137    0.1283950479E+00
   138    0.8487730269E-02
   139    0.3305601948E-01
   140    0.1060080234E+00
   141   -0.1679295371E-01
   142    0.5382024697E-01
   143    0.8009626509E-01
   144   -0.4039554214E-01
   145    0.9477375589E-01
   146    0.1502214891E-01
   147   -0.6138065184E-01
   148    0.6243059967E-01
   149   -0.2417591753E-01
   150   -0.8684697294E-01
   151    0.2710453016E-01
   152   -0.6798299346E-01
   153   -0.6419641466E-01
   154    0.7740813655E-01
   155   -0.1375771632E+00
   156   -0.1007917688E+00
   157    0.6704623688E-01
   158   -0.1432295517E+00
   159   -0.1137817885E+00
   160    0.6636488761E-01
   161   -0.1324074329E+00
   162   -0.1112897368E+00
   163    0.6834438808E-01
   164   -0.1209620446E+00
   165   -0.1169836759E+00
   166    0.5226911745E-01
   167   -0.2904776434E-01
   168   -0.3547219408E-01
   169    0.1813945431E-01
   170   -0.2616060151E-01
   171   -0.3390139531E-01
   172    0.2727477011E-01
   173    0.6583419875E-02
   174    0.8193498206E-01
   175    0.2770952283E-01
   176    0.1525308154E-01
   177    0.1323546278E+00
   178    0.3161207046E-01
   179    0.1775070783E-01
   180    0.1157672986E+00
   181    0.5690558570E-01
   182    0.1170013393E-01
   183    0.9081314397E-01
   184    0.3620879253E-01
   185    0.6197229168E-02
   186    0.9289462808E-01
   187   -0.7722785752E-02
   188    0.1617276292E-01
   189    0.6264822472E-01
   190   -0.6496758155E-01
   191    0.1532786764E-01
   192    0.7551903832E-01
   193   -0.6567944688E-01
   194   -0.2577397520E-01
   195    0.3341303537E-02
   196   -0.9212322650E-01
   197   -0.2613300024E-01
   198    0.8092367173E-02
   199   -0.1009474034E+00
   200   -0.4615194320E-01
   201    0.1205651445E-01
   202   -0.9821237354E-01
   203   -0.6235495280E-01
   204   -0.1065365052E-01
   205   -0.8058790500E-01
   206   -0.2807081318E-01
   207    0.2167034683E-01
   208   -0.7324853476E-01
   209   -0.3041251346E-01
   210    0.4795904188E-01
   211   -0.2751674865E-01
   212    0.5188256847E-03
   213    0.2298066890E-01
   214    0.3246514472E-01
   215    0.6346087030E-01
   216    0.1123864668E-01
   217    0.2815304421E-01
   218    0.5110764221E-01
   219    0.2359318463E-01
   220    0.4366175787E-01
   221    0.6129496547E-01
   222    0.3372203265E-01
   223    0.4962839588E-01
   224    0.6231496455E-01
   225    0.3702623840E-01
   226    0.4657781493E-01
   227    0.2924312653E-01
   228    0.4869143161E-02
   229    0.4375569880E-01
   230    0.9815192245E-02
   231   -0.5874160995E-02
   232    0.1893179804E-01
   233    0.5005626880E-01
   234    0.5872287446E-01
   235    0.1932230167E-01
   236   -0.6959471254E-01
   237   -0.6853637435E-01
   238    0.2345323734E-01
   239    0.1204168034E+00
   240    0.5163362530E-01
   241   -0.1041443803E+00
   242   -0.1255577474E+00
   243   -0.1674119375E-01
   244    0.1003268767E+00
   245    0.8312424545E-01
   246   -0.4687615019E-01
   247   -0.1236664699E+00
   248   -0.8014191196E-01
   249   -0.4169034842E-02
   250    0.2970222857E-01
   251    0.5227607501E-01
   252   -0.3687111219E-03
   253   -0.5921323945E-01
   254   -0.3712198283E-01
   255   -0.2389785166E-01
   256   -0.4452104211E-01
   257   -0.2665055260E-01
   258   -0.7242219455E-02
   259   -0.2020055471E-01
   260   -0.1314960013E-01
   261   -0.1819749477E-02
   262   -0.1821058719E-01
   263   -0.1369943394E-01
   264   -0.1174036051E-01
   265   -0.2802829903E-01
   266   -0.1351462708E-01
   267   -0.2351387533E-02
   268   -0.2283150968E-01
   269   -0.1997161991E-01
   270    0.6783760106E-02
   271    0.4989540889E-02
   272   -0.8945416068E-03
   273   -0.5943042787E-02
   274   -0.1469266578E-01
   275   -0.2267001925E-02
   276   -0.1656491159E-02
   277   -0.9985211426E-02
   278   -0.1638533864E-02
   279   -0.3096211695E-02
   280   -0.9360745121E-02
   281    0.3269494427E-03
   282    0.1945958565E-02
   283   -0.1545977630E-03
   284    0.7858034701E-02
   285   -0.1062525985E-01
   286   -0.2758621256E-01
   287    0.1150906616E-01
   288    0.2214174429E-01
   289    0.2063221315E-02
   290    0.1351501941E-02
   291    0.2902746235E-02
   292    0.2026837706E-03
   293    0.3604352583E-02
   294    0.6695019771E-02
   295    0.3431325710E-02
   296    0.1538048299E-02
   297    0.4187274838E-02
   298    0.5612180023E-02
   299    0.4464919104E-02
   300    0.2717188125E-02
   301    0.3135149172E-02
   302    0.4929967500E-02
   303    0.7223394536E-03
   304   -0.5823070895E-02
   305   -0.2871082041E-03
   306    0.1238003298E-01
   307    0.8268314907E-02
   308    0.4628182909E-02
   309    0.1016426773E-02
   310    0.1250263196E-02
   311    0.2881995593E-02
   312    0.3602105025E-02
   313    0.4080728983E-02
   314    0.2707390777E-02
   315    0.1402021649E-02
   316    0.1863320777E-02
   317    0.2708016674E-02
   318    0.2313274616E-02
   319    0.1710905128E-02
   320    0.2144580068E-02
   321    0.1969447749E-02
   322    0.1200875547E-02
   323    0.1403465720E-02
   324    0.1967855371E-02
   325    0.1597241699E-02
   326    0.1095710856E-02
   327    0.1221088888E-02
   328    0.1226658764E-02
   329    0.1008651641E-02
   330    0.9971897985E-03
   331    0.9561570924E-03
   332    0.7326426648E-03
   333    0.6389450587E-03
   334    0.6710014910E-03
   335    0.6948131204E-03
   336    0.6880021250E-03
   337    0.5279181747E-03
   338    0.4177167231E-03
   339    0.4225325908E-03
   340    0.4100375436E-03
   341    0.4088671798E-03
   342    0.3308400327E-03
   343    0.2425151145E-03
   344    0.2479034541E-03
   345    0.2585546138E-03
   346    0.2282619764E-03
   347    0.1848902175E-03
   348    0.1469863138E-03
   349    0.1606352921E-03
   350    0.1612725222E-03
   351    0.1219724110E-03
   352    0.1113926546E-03
   353    0.1072229945E-03
   354    0.7726191277E-04
   355    0.6613056410E-04
   356    0.7599995439E-04
   357    0.6258996210E-04
   358    0.4807626317E-04
   359    0.4755196974E-04
   360    0.4292676027E-04
   361    0.3703285077E-04
   362    0.3149379375E-04
   363    0.2695290974E-04
   364    0.2306288490E-04
   365    0.2044195793E-04
   366    0.1830556355E-04
   367    0.1634623631E-04
   368    0.1543987467E-04
   369    0.1309398887E-04
   370    0.9812905516E-05
   371    0.8538353681E-05
   372    0.7962397005E-05
   373    0.6016147049E-05
   374    0.5286247495E-05
   375    0.5436287955E-05
   376    0.4901197797E-05
   377    0.3826392280E-05
   378    0.2948120203E-05
   379    0.2671626647E-05
   380    0.2272416841E-05
   381    0.1945019790E-05
   382    0.1751953270E-05
   383    0.1556193770E-05
   384    0.1248266715E-05
   385    0.9638087314E-06
   386    0.8382875403E-06
   387    0.7546251991E-06
   388    0.6546405235E-06
   389    0.5157325786E-06
   390    0.4095869067E-06
   391    0.3724106967E-06
   392    0.3449612852E-06
   393    0.2843416512E-06
   394    0.2317073534E-06
   395    0.1864081800E-06
   396    0.1439948634E-06
   397    0.1222740196E-06
   398    0.1107995378E-06
   399    0.9867628661E-07
   400    0.7913444478E-07
   401    0.6019484764E-07
   402    0.4716785527E-07
   403    0.4077748785E-07
   404    0.3751347882E-07
   405    0.3163246009E-07
   406    0.2431099470E-07
   407    0.1978670413E-07
   408    0.1646615658E-07
   409    0.1290533681E-07
   410    0.1101635511E-07
   411    0.9415173761E-08
   412    0.7385458206E-08
   413    0.6018499467E-08
   414    0.5014692360E-08
   415    0.3865669667E-08
   416    0.3106111630E-08
   417    0.2934634427E-08
   418    0.2486288246E-08
   419    0.1705539227E-08
   420    0.1331630748E-08
   421    0.1156489182E-08
   422    0.9302168478E-09
   423    0.7684584219E-09
   424    0.6068147131E-09
   425    0.4891606712E-09
   426    0.4062119913E-09
   427    0.3095393204E-09
   428    0.2620841138E-09
   429    0.2158840768E-09
   430    0.1578373167E-09
   431    0.1236177525E-09
   432    0.1074428179E-09
   433    0.8596814564E-10
   434    0.6419707036E-10
   435    0.5127296655E-10
   436    0.4159422323E-10
   437    0.3384791632E-10
   438    0.2731021455E-10
   439    0.1999260602E-10
   440    0.1568354158E-10
   441    0.1333739463E-10
   442    0.1032750471E-10
   443    0.8005017281E-11
   444    0.6273947631E-11
   445    0.4830703793E-11
   446    0.3889183742E-11
   447    0.2992985107E-11
   448    0.2262812527E-11
   449    0.1885341974E-11
   450    0.1521439941E-11
   451    0.1113350043E-11
   452    0.8262742067E-12
   453    0.6433233507E-12
   454    0.5210288202E-12
   455    0.4226899497E-12
   456    0.3227765999E-12
   457    0.2397821705E-12
   458    0.1853868666E-12
   459    0.1434565368E-12
   460    0.1094857985E-12
   461    0.8465895770E-13
   462    0.6627448870E-13
   463    0.5266474826E-13
   464    0.4014460656E-13
   465    0.2923607107E-13
   466    0.2213743404E-13
   467    0.1628964406E-13
   468    0.1244765596E-13
   469    0.1040469148E-13
   470    0.7652687633E-14
   471    0.5653235722E-14
   472    0.4313766582E-14
   473    0.3076843090E-14
   474    0.2358217476E-14
   475    0.1526305046E-14
   476    0.1283632469E-14
   477    0.1646236853E-14
   478    0.1237287588E-14
   479    0.6146332287E-15
   480    0.1814138828E-15
   481    0.2673980756E-15
   482    0.1501162458E-15
   483    0.2595736664E-15
   484    0.2314268703E-15
   485    0.1688790200E-15
   486    0.4221975501E-16
   487    0.1055493875E-16
   488    0.2638734688E-17
   489    0.6596836720E-18
   490    0.1649209180E-18
   491    0.4123022950E-19
   492    0.1030755738E-19
   493    0.2576889344E-20
   494    0.6442223359E-21
   495    0.1610555840E-21
   496    0.4026389600E-22
   497    0.1006597400E-22
   498    0.5551115375E-16
   499    0.8928571429E+00
   500    0.2901785714E+01
   501    0.2511160714E+01
   502    0.6277901786E+00
