    -1   -0.3134187221E+01
     0   -0.1757678108E+01
     1   -0.4064254526E+00
     2   -0.8750219746E-01
     3    0.1271983894E-01
     4    0.4110664037E-01
     5    0.2128399550E-01
     6    0.3551168112E-01
     7    0.4813841973E-01
     8    0.1739418633E-01
     9    0.2250552145E-01
    10    0.4117557828E-01
    11    0.9418996501E-02
    12    0.2536425139E-02
    13    0.2831191501E-01
    14    0.1139782270E-03
    15   -0.2006133124E-01
    16    0.1222616268E-01
    17   -0.1646345987E-01
    18   -0.5588207604E-01
    19    0.1649369258E-02
    20    0.2246210784E-02
    21   -0.4945548509E-01
    22   -0.2376798164E-01
    23   -0.1459643502E-01
    24   -0.6303780727E-01
    25   -0.3180646612E-01
    26   -0.1477036733E-01
    27   -0.6487498227E-01
    28   -0.3138918691E-01
    29   -0.1137107277E-01
    30   -0.5813518001E-01
    31   -0.2860904701E-01
    32   -0.2125641682E-01
    33   -0.4927297435E-01
    34    0.4453955679E-02
    35    0.7005256642E-02
    36   -0.1712114830E-01
    37   -0.6585171314E-03
    38    0.1309550178E-01
    39    0.3635562772E-02
    40    0.1174383653E-01
    41    0.2266382913E-01
    42    0.2371631971E-01
    43    0.2278107689E-01
    44    0.2987843797E-01
    45    0.3926795354E-01
    46    0.2854436531E-01
    47    0.3417065732E-01
    48    0.5339359966E-01
    49    0.2547074313E-01
    50    0.3204177617E-01
    51    0.4783656194E-01
    52    0.3016531736E-01
    53    0.2225669262E-01
    54    0.3806998653E-01
    55    0.2259367518E-01
    56    0.9345816420E-02
    57    0.2152939626E-01
    58    0.1204894934E-01
    59   -0.6255082942E-02
    60    0.1092014762E-02
    61    0.6905964621E-04
    62   -0.3183646931E-01
    63   -0.3642598983E-01
    64    0.5262353297E-02
    65   -0.1476208908E-01
    66   -0.3824166885E-01
    67   -0.2256925606E-01
    68   -0.3090993901E-01
    69   -0.4836637761E-01
    70   -0.3160141157E-01
    71   -0.3196191219E-01
    72   -0.4746814351E-01
    73   -0.3330542899E-01
    74   -0.2840437361E-01
    75   -0.3804042668E-01
    76   -0.3019866511E-01
    77   -0.3849046791E-01
    78   -0.3848858267E-01
    79    0.9865702247E-02
    80   -0.5239857945E-02
    81   -0.8813940672E-02
    82    0.2891020745E-02
    83    0.3845733553E-02
    84    0.1023423935E-01
    85    0.1404310839E-01
    86    0.1620055916E-01
    87    0.2941662765E-01
    88    0.2208771401E-01
    89    0.1794566043E-01
    90    0.4351855100E-01
    91    0.5189009404E-01
    92    0.2844138321E-01
    93    0.4262933326E-01
    94    0.4267689163E-01
    95    0.2104683540E-01
    96    0.3401274949E-01
    97    0.3565285943E-01
    98    0.2989874633E-01
    99    0.3695186486E-01
   100    0.1844175498E-01
   101    0.1712385645E-01
   102    0.1673268551E-01
   103    0.8297087149E-02
   104    0.3117530073E-02
   105   -0.6725239099E-02
   106   -0.4367602993E-02
   107   -0.2515925869E-01
   108   -0.3623745897E-01
   109    0.5516820034E-02
   110   -0.2148931174E-01
   111   -0.2928319619E-01
   112   -0.2900851485E-01
   113   -0.3326788793E-01
   114   -0.4555112565E-01
   115   -0.3227174146E-01
   116   -0.3253306646E-01
   117   -0.5060956292E-01
   118   -0.3076056340E-01
   119   -0.2549501240E-01
   120   -0.4642633579E-01
   121   -0.2546235334E-01
   122   -0.2986865178E-01
   123   -0.5469143589E-01
   124    0.1129821421E-01
   125    0.9784770050E-02
   126   -0.2096802745E-01
   127   -0.1100121526E-02
   128    0.2285040350E-01
   129   -0.3414614815E-02
   130    0.6826813870E-02
   131    0.3474915203E-01
   132    0.4053179503E-02
   133    0.2362242684E-01
   134    0.6172011193E-01
   135    0.2053442157E-01
   136    0.4163682459E-01
   137    0.5235170445E-01
   138    0.2303430053E-01
   139    0.3659990774E-01
   140    0.5263402061E-01
   141    0.2348054114E-01
   142    0.1163397149E-01
   143    0.3315420051E-01
   144    0.4569336158E-01
   145    0.8446109475E-03
   146    0.3825302452E-01
   147    0.1982183006E-01
   148   -0.1529468890E-01
   149    0.1492886673E-01
   150    0.5829975498E-02
   151   -0.2780105591E-01
   152   -0.2052546991E-01
   153   -0.2720503400E-01
   154   -0.9678234718E-02
   155   -0.9526328496E-02
   156   -0.5074731121E-01
   157   -0.1734400670E-01
   158   -0.3237705763E-01
   159   -0.6232185891E-01
   160   -0.2004503255E-01
   161   -0.3743778542E-01
   162   -0.6500677769E-01
   163   -0.1746706083E-01
   164   -0.3159946454E-01
   165   -0.6538057802E-01
   166   -0.3578106287E-01
   167   -0.2247211681E-01
   168   -0.9341533385E-02
   169   -0.1196416818E-01
   170   -0.1421134843E-01
   171   -0.7359340773E-02
   172   -0.1524356721E-01
   173   -0.1600920649E-01
   174    0.1741027052E-01
   175    0.3366419858E-01
   176    0.2775608054E-01
   177    0.4737218886E-02
   178    0.2051845112E-01
   179    0.5423318395E-01
   180    0.3241456427E-01
   181    0.4430774311E-01
   182    0.3181905184E-01
   183    0.2754697856E-01
   184    0.4370360061E-01
   185    0.3200557067E-01
   186    0.2013288317E-01
   187    0.3668317782E-01
   188    0.2840955756E-01
   189    0.9998883469E-02
   190    0.1475409522E-01
   191    0.2748755295E-02
   192   -0.6678949287E-02
   193    0.1078709226E-01
   194    0.6164806067E-02
   195    0.3901378677E-02
   196   -0.1658044411E-01
   197   -0.3080817743E-01
   198   -0.2146623797E-01
   199   -0.2785057579E-01
   200   -0.4149787760E-01
   201   -0.2337891288E-01
   202   -0.2194235855E-01
   203   -0.4127911264E-01
   204   -0.1902870632E-01
   205   -0.1497588422E-01
   206   -0.4951001769E-01
   207   -0.3147940032E-01
   208   -0.1715037120E-01
   209   -0.2817299930E-01
   210   -0.1967881557E-02
   211    0.1760406279E-01
   212   -0.1772746909E-01
   213   -0.1029442912E-01
   214    0.2577108333E-01
   215    0.4319178085E-03
   216    0.2439363297E-01
   217    0.4256356134E-01
   218    0.1420904874E-01
   219    0.2182140379E-01
   220    0.4387132026E-01
   221    0.2081235507E-01
   222    0.2500154410E-01
   223    0.5646191094E-01
   224    0.2398354826E-01
   225    0.2409215474E-01
   226    0.6875777313E-01
   227    0.3273580936E-01
   228    0.2159204203E-02
   229    0.4691848249E-01
   230    0.5330957544E-01
   231   -0.1426445925E-01
   232    0.1307523231E-01
   233    0.1095738617E-01
   234    0.3827645252E-03
   235    0.4555111406E-01
   236    0.7356558708E-01
   237   -0.1575376430E-01
   238   -0.4908814592E-01
   239   -0.3844369593E-01
   240    0.1829569377E-01
   241    0.8838652413E-01
   242    0.3932027731E-01
   243   -0.5469585661E-01
   244   -0.1004627856E+00
   245   -0.4613323831E-01
   246    0.7669314203E-01
   247    0.6930179490E-01
   248   -0.1742014807E-01
   249   -0.5639754970E-01
   250   -0.8026591921E-01
   251   -0.5971013498E-01
   252    0.2301772029E-01
   253    0.5531879780E-01
   254   -0.4384575789E-02
   255   -0.3937706311E-01
   256   -0.2006094160E-01
   257   -0.3118445628E-01
   258   -0.3266668574E-01
   259   -0.9766525074E-02
   260   -0.2520769347E-01
   261   -0.3186267254E-01
   262   -0.3500146043E-02
   263   -0.8755211334E-02
   264   -0.1864780472E-01
   265   -0.7930539065E-02
   266   -0.1616380354E-01
   267   -0.2484577456E-01
   268   -0.8052050806E-02
   269   -0.9342562566E-02
   270   -0.2010324715E-01
   271   -0.1815634562E-01
   272   -0.4281776880E-02
   273    0.6158961747E-02
   274   -0.8531455849E-03
   275   -0.1163054866E-01
   276   -0.9848941059E-02
   277   -0.1900759274E-02
   278   -0.6505954812E-02
   279   -0.5746498136E-02
   280   -0.9944978853E-03
   281   -0.7434568888E-02
   282   -0.5933152800E-02
   283   -0.3422440619E-03
   284   -0.5011827775E-02
   285   -0.7869655449E-05
   286    0.9440462074E-02
   287   -0.1589009158E-02
   288   -0.1899570216E-01
   289   -0.8193860465E-02
   290    0.1958585749E-01
   291    0.6031713026E-02
   292    0.1672979408E-02
   293    0.2290510985E-02
   294    0.1930234987E-02
   295    0.2451878235E-02
   296    0.4660361823E-02
   297    0.4877487303E-02
   298    0.2547049037E-02
   299    0.2135686268E-02
   300    0.4953662481E-02
   301    0.5499338694E-02
   302    0.2938909394E-02
   303    0.2307817844E-02
   304    0.4684347655E-02
   305    0.3662202040E-02
   306   -0.2473182518E-02
   307   -0.3596577580E-02
   308    0.8533827118E-02
   309    0.8627573807E-02
   310    0.5946421432E-02
   311    0.2583700978E-02
   312    0.1411324908E-02
   313    0.2465742842E-02
   314    0.3271352469E-02
   315    0.3736015856E-02
   316    0.3270568122E-02
   317    0.2010065733E-02
   318    0.1664572558E-02
   319    0.2466409467E-02
   320    0.2560464062E-02
   321    0.1888297360E-02
   322    0.1912530203E-02
   323    0.2158771133E-02
   324    0.1532325443E-02
   325    0.1290402015E-02
   326    0.1773068408E-02
   327    0.1732942227E-02
   328    0.1259489037E-02
   329    0.1172576245E-02
   330    0.1254618266E-02
   331    0.1071475233E-02
   332    0.9977872155E-03
   333    0.9862001229E-03
   334    0.8226481595E-03
   335    0.6936591142E-03
   336    0.6747659699E-03
   337    0.6742072755E-03
   338    0.6827066930E-03
   339    0.5903912564E-03
   340    0.4575222213E-03
   341    0.4281854227E-03
   342    0.4170150795E-03
   343    0.4042463684E-03
   344    0.3626269885E-03
   345    0.2798486348E-03
   346    0.2492595607E-03
   347    0.2569877190E-03
   348    0.2379658706E-03
   349    0.2048786088E-03
   350    0.1629778966E-03
   351    0.1531732712E-03
   352    0.1632837629E-03
   353    0.1352144104E-03
   354    0.1116298515E-03
   355    0.1102204838E-03
   356    0.9086775083E-04
   357    0.6919430422E-04
   358    0.7275561671E-04
   359    0.6919884119E-04
   360    0.5231458073E-04
   361    0.4807476394E-04
   362    0.4506504024E-04
   363    0.3872689136E-04
   364    0.3370726764E-04
   365    0.2871434113E-04
   366    0.2486932213E-04
   367    0.2165416262E-04
   368    0.1914019857E-04
   369    0.1710328903E-04
   370    0.1551309646E-04
   371    0.1387832066E-04
   372    0.1107811787E-04
   373    0.8999295569E-05
   374    0.8338108556E-05
   375    0.6917572971E-05
   376    0.5589509307E-05
   377    0.5382575066E-05
   378    0.5056392015E-05
   379    0.4202316745E-05
   380    0.3244418514E-05
   381    0.2813646506E-05
   382    0.2453125882E-05
   383    0.2066199382E-05
   384    0.1821064738E-05
   385    0.1613904776E-05
   386    0.1367939193E-05
   387    0.1067872798E-05
   388    0.8954426934E-06
   389    0.7919451971E-06
   390    0.6921920505E-06
   391    0.5728077850E-06
   392    0.4524424529E-06
   393    0.3883112033E-06
   394    0.3544019385E-06
   395    0.3042712330E-06
   396    0.2483625371E-06
   397    0.2035942231E-06
   398    0.1615511599E-06
   399    0.1322868511E-06
   400    0.1154482318E-06
   401    0.1024410807E-06
   402    0.8614664647E-07
   403    0.6742267395E-07
   404    0.5262950197E-07
   405    0.4381499746E-07
   406    0.3876627465E-07
   407    0.3372632059E-07
   408    0.2688916656E-07
   409    0.2140213958E-07
   410    0.1789098669E-07
   411    0.1428860812E-07
   412    0.1174507502E-07
   413    0.1011986915E-07
   414    0.8117767094E-08
   415    0.6541916778E-08
   416    0.5416157840E-08
   417    0.4358583539E-08
   418    0.3396668333E-08
   419    0.2968635788E-08
   420    0.2648262736E-08
   421    0.1981774838E-08
   422    0.1468564266E-08
   423    0.1244768440E-08
   424    0.1016900817E-08
   425    0.8312621502E-09
   426    0.6705689565E-09
   427    0.5307297228E-09
   428    0.4401019789E-09
   429    0.3458650926E-09
   430    0.2772243977E-09
   431    0.2342381397E-09
   432    0.1797652332E-09
   433    0.1361432848E-09
   434    0.1138621196E-09
   435    0.9447986972E-10
   436    0.7223167237E-10
   437    0.5600375901E-10
   438    0.4566364693E-10
   439    0.3649084692E-10
   440    0.2968910754E-10
   441    0.2287830917E-10
   442    0.1717425478E-10
   443    0.1432267318E-10
   444    0.1143488557E-10
   445    0.8818488795E-11
   446    0.6944538991E-11
   447    0.5367126089E-11
   448    0.4242142029E-11
   449    0.3353499937E-11
   450    0.2531680202E-11
   451    0.2023432756E-11
   452    0.1655820259E-11
   453    0.1260160115E-11
   454    0.9352869382E-12
   455    0.7179553011E-12
   456    0.5702456966E-12
   457    0.4583435468E-12
   458    0.3599312974E-12
   459    0.2698042599E-12
   460    0.2052297423E-12
   461    0.1588325355E-12
   462    0.1218299432E-12
   463    0.9375407600E-13
   464    0.7299609926E-13
   465    0.5750234763E-13
   466    0.4439324194E-13
   467    0.3262969827E-13
   468    0.2496342560E-13
   469    0.1981333288E-13
   470    0.1416818432E-13
   471    0.1134830172E-13
   472    0.9318002337E-14
   473    0.6812026046E-14
   474    0.4645097527E-14
   475    0.3638459505E-14
   476    0.2498621580E-14
   477    0.1970800812E-14
   478    0.1547412077E-14
   479    0.1483198256E-14
   480    0.1120200106E-14
   481    0.1126595083E-14
   482    0.8922714342E-15
   483    0.7226682196E-15
   484    0.2916893574E-15
   485    0.1284334906E-15
   486   -0.2454473835E-15
   487    0.4966045658E-16
   488    0.1241511415E-16
   489    0.3103778537E-17
   490    0.7759446341E-18
   491    0.1939861585E-18
   492    0.4849653963E-19
   493    0.1212413491E-19
   494    0.3031033727E-20
   495    0.7577584318E-21
   496    0.1894396079E-21
   497    0.4735990199E-22
   498    0.1183997550E-22
   499    0.8928571429E+00
   500    0.2901785714E+01
   501    0.2511160714E+01
   502    0.6277901786E+00
