    -1   -0.2851461402E+01
     0   -0.2243794103E+01
     1   -0.5368067172E+00
     2   -0.1097529060E+00
     3   -0.4658615873E-01
     4    0.2236759786E-01
     5    0.2762280312E-01
     6   -0.1525068861E-01
     7    0.3620679256E-01
     8    0.2806054355E-01
     9   -0.1944276423E-01
    10    0.3619785315E-01
    11    0.2480545048E-01
    12   -0.2536719486E-01
    13    0.3108283303E-01
    14    0.2038880460E-01
    15   -0.3184957740E-01
    16    0.2231162382E-01
    17    0.1545166880E-01
    18   -0.3761967368E-01
    19    0.1133190983E-01
    20    0.1073964634E-01
    21   -0.4128472926E-01
    22    0.8258304698E-04
    23    0.6575541494E-02
    24   -0.4155913427E-01
    25   -0.9632276956E-02
    26    0.3353896344E-02
    27   -0.3777477213E-01
    28   -0.1663592516E-01
    29    0.1639275846E-02
    30   -0.3013148111E-01
    31   -0.2023207646E-01
    32    0.1506833625E-02
    33   -0.1911603342E-01
    34   -0.2069187314E-01
    35    0.2884363199E-02
    36   -0.5768621373E-02
    37   -0.1891043617E-01
    38    0.5789209400E-02
    39    0.7973567459E-02
    40   -0.1543097823E-01
    41    0.9450617741E-02
    42    0.2024347590E-01
    43   -0.1049699155E-01
    44    0.1216141119E-01
    45    0.3016846032E-01
    46   -0.5333839663E-02
    47    0.1293712763E-01
    48    0.3711577515E-01
    49   -0.1720845515E-02
    50    0.1183129861E-01
    51    0.4024823570E-01
    52   -0.8683399459E-03
    53    0.9026725693E-02
    54    0.3951905303E-01
    55   -0.3589883413E-02
    56    0.4939212083E-02
    57    0.3559311369E-01
    58   -0.1003936763E-01
    59    0.5692040224E-03
    60    0.2902412866E-01
    61   -0.1897778167E-01
    62   -0.3276719597E-02
    63    0.2060133999E-01
    64   -0.2822451096E-01
    65   -0.6251618738E-02
    66    0.1178068224E-01
    67   -0.3616425598E-01
    68   -0.7471188813E-02
    69    0.4157123701E-02
    70   -0.4222281221E-01
    71   -0.5680335949E-02
    72   -0.1297213930E-02
    73   -0.4569800013E-01
    74   -0.8246053630E-03
    75   -0.3728759424E-02
    76   -0.4592595527E-01
    77    0.5882167327E-02
    78   -0.2648149780E-02
    79   -0.4264616567E-01
    80    0.1299963986E-01
    81    0.1545647163E-02
    82   -0.3618794422E-01
    83    0.1948482451E-01
    84    0.7406504479E-02
    85   -0.2675649537E-01
    86    0.2365214111E-01
    87    0.1412836941E-01
    88   -0.1574761592E-01
    89    0.2478891768E-01
    90    0.2027204424E-01
    91   -0.4441310441E-02
    92    0.2246878459E-01
    93    0.2430894199E-01
    94    0.6248442697E-02
    95    0.1607324586E-01
    96    0.2587529747E-01
    97    0.1454543400E-01
    98    0.6571604647E-02
    99    0.2444203570E-01
   100    0.1899523449E-01
   101   -0.3811012549E-02
   102    0.1903085077E-01
   103    0.1972867346E-01
   104   -0.1332860540E-01
   105    0.9719445671E-02
   106    0.1797521734E-01
   107   -0.2160517724E-01
   108   -0.1185396576E-02
   109    0.1429557420E-01
   110   -0.2770779276E-01
   111   -0.1177332745E-01
   112    0.1011332061E-01
   113   -0.3117025100E-01
   114   -0.2040700900E-01
   115    0.6996105394E-02
   116   -0.3193546869E-01
   117   -0.2554684205E-01
   118    0.5630686021E-02
   119   -0.3012114593E-01
   120   -0.2571001518E-01
   121    0.5182311630E-02
   122   -0.2523850059E-01
   123   -0.2108019313E-01
   124    0.5315378670E-02
   125   -0.1804506685E-01
   126   -0.1216612309E-01
   127    0.5729736365E-02
   128   -0.1001676179E-01
   129   -0.2101930058E-03
   130    0.6437541813E-02
   131   -0.2784502269E-02
   132    0.1301529902E-01
   133    0.7399776788E-02
   134    0.2293365261E-02
   135    0.2542012663E-01
   136    0.8320224974E-02
   137    0.4574437907E-02
   138    0.3483995799E-01
   139    0.8741083722E-02
   140    0.3765022492E-02
   141    0.4012051982E-01
   142    0.7498100339E-02
   143    0.8793623692E-03
   144    0.3960851120E-01
   145    0.4963788588E-02
   146   -0.3778382475E-02
   147    0.3369957090E-01
   148    0.1196568111E-02
   149   -0.9364574253E-02
   150    0.2339464582E-01
   151   -0.3644663743E-02
   152   -0.1388293418E-01
   153    0.9816590271E-02
   154   -0.8319803676E-02
   155   -0.1686901509E-01
   156   -0.4882382687E-02
   157   -0.1162575459E-01
   158   -0.1763885224E-01
   159   -0.1819742614E-01
   160   -0.1385817661E-01
   161   -0.1610798885E-01
   162   -0.2726050200E-01
   163   -0.1336836366E-01
   164   -0.1241745245E-01
   165   -0.3275659984E-01
   166   -0.1092530510E-01
   167   -0.6437388098E-02
   168   -0.3301463953E-01
   169   -0.4997354381E-02
   170    0.6280895286E-04
   171   -0.2997070461E-01
   172    0.8671554823E-03
   173    0.5963370093E-02
   174   -0.2221296126E-01
   175   -0.2182896052E-02
   176    0.3314420674E-03
   177    0.5188446854E-02
   178    0.1125607630E-01
   179    0.2186754967E-01
   180    0.2474988938E-02
   181    0.4217868932E-02
   182    0.2538974768E-01
   183    0.1272237725E-01
   184    0.3935486423E-02
   185    0.2243653108E-01
   186    0.1470863457E-01
   187    0.1448033452E-02
   188    0.2143880316E-01
   189    0.1561801257E-01
   190   -0.4585045398E-02
   191    0.1605136439E-01
   192    0.1518956212E-01
   193   -0.8909835754E-02
   194    0.4864009360E-02
   195    0.5996412950E-02
   196   -0.1335878023E-01
   197   -0.7855452912E-03
   198    0.2935484583E-02
   199   -0.1110339615E-01
   200   -0.8310382154E-02
   201   -0.1273542276E-01
   202   -0.1700513572E-01
   203   -0.1362299811E-01
   204   -0.1655465052E-01
   205   -0.1749321835E-01
   206   -0.1848048404E-01
   207   -0.1115403917E-01
   208   -0.6804419535E-02
   209    0.3941047570E-02
   210   -0.1916470511E-01
   211   -0.9663739890E-02
   212    0.4090438801E-02
   213   -0.8943356677E-02
   214    0.4990480714E-02
   215    0.8646101155E-02
   216   -0.5442924007E-02
   217    0.8784399610E-02
   218    0.1439747513E-01
   219    0.1899535979E-01
   220    0.2815041674E-01
   221    0.1492118513E-01
   222    0.1907266029E-01
   223    0.2655478107E-01
   224    0.1933488370E-01
   225    0.2136602304E-01
   226    0.3096308215E-01
   227    0.2623468097E-01
   228    0.1483052956E-01
   229    0.1974436337E-01
   230    0.3715049146E-01
   231    0.3530395953E-01
   232    0.1765670598E-01
   233    0.3228167992E-01
   234    0.2240138546E-01
   235   -0.2262316199E-02
   236    0.3961625270E-02
   237   -0.1074407383E-02
   238    0.1997780482E-01
   239    0.5397516848E-01
   240    0.1661681555E-01
   241   -0.1994399240E-01
   242   -0.2039119178E-01
   243   -0.1630241218E-01
   244    0.2646628098E-01
   245    0.4585084901E-01
   246    0.2285487465E-02
   247   -0.2951528872E-01
   248   -0.4320235613E-01
   249   -0.3183095465E-01
   250    0.4280069520E-01
   251    0.2303660344E-01
   252   -0.1576338922E-01
   253   -0.2057114113E-01
   254   -0.3505612129E-01
   255   -0.5454209980E-01
   256    0.8095588694E-02
   257    0.2570027866E-01
   258   -0.2035438683E-01
   259   -0.2144094227E-01
   260   -0.2082481070E-02
   261   -0.3084358052E-01
   262   -0.2534201779E-01
   263   -0.5254993498E-02
   264   -0.2456813692E-01
   265   -0.1885152100E-01
   266   -0.8879813007E-02
   267   -0.2256602871E-01
   268   -0.1108693390E-01
   269   -0.7778490657E-02
   270   -0.2159767643E-01
   271   -0.1656203894E-01
   272   -0.4280333345E-02
   273   -0.1403725629E-01
   274   -0.1839680260E-01
   275   -0.1567300786E-01
   276   -0.4656228638E-02
   277    0.4473509322E-03
   278   -0.5482619403E-02
   279   -0.1317938569E-01
   280   -0.6445133054E-02
   281   -0.4019781864E-02
   282   -0.7402148325E-02
   283   -0.3604490148E-02
   284   -0.3220515407E-02
   285   -0.6966499381E-02
   286   -0.2868565226E-02
   287   -0.2420402749E-02
   288   -0.6003581857E-02
   289    0.3806436408E-03
   290    0.4638271398E-02
   291   -0.1323485081E-02
   292   -0.9685376729E-02
   293   -0.7592455173E-02
   294    0.1279966233E-01
   295    0.4265359056E-02
   296    0.2150410511E-02
   297    0.2440814614E-02
   298    0.2767013079E-02
   299    0.2268702647E-02
   300    0.3544824661E-02
   301    0.4420352119E-02
   302    0.2630497079E-02
   303    0.2356887807E-02
   304    0.4460477482E-02
   305    0.4563940703E-02
   306    0.3046440012E-02
   307    0.2878067556E-02
   308    0.4046628713E-02
   309    0.3663200265E-02
   310   -0.4875864934E-03
   311   -0.2029116271E-02
   312    0.7606967224E-02
   313    0.7259711252E-02
   314    0.5109383630E-02
   315    0.3122388010E-02
   316    0.2271703098E-02
   317    0.2784645317E-02
   318    0.3140627937E-02
   319    0.3267897819E-02
   320    0.3014431917E-02
   321    0.2290556756E-02
   322    0.2044388180E-02
   323    0.2441178942E-02
   324    0.2392760616E-02
   325    0.1987357178E-02
   326    0.1978849376E-02
   327    0.2005554656E-02
   328    0.1645015605E-02
   329    0.1495347363E-02
   330    0.1652552704E-02
   331    0.1593472061E-02
   332    0.1315888447E-02
   333    0.1203503912E-02
   334    0.1214354437E-02
   335    0.1089652539E-02
   336    0.9881228488E-03
   337    0.9554729877E-03
   338    0.8472848900E-03
   339    0.7259693531E-03
   340    0.6989923474E-03
   341    0.6781400492E-03
   342    0.6323742884E-03
   343    0.5679796821E-03
   344    0.4870241005E-03
   345    0.4371841052E-03
   346    0.4138794023E-03
   347    0.3944083152E-03
   348    0.3490744734E-03
   349    0.2909151885E-03
   350    0.2650671649E-03
   351    0.2537208298E-03
   352    0.2299822985E-03
   353    0.2028460680E-03
   354    0.1718325945E-03
   355    0.1575116741E-03
   356    0.1535118752E-03
   357    0.1317070534E-03
   358    0.1133381589E-03
   359    0.1059085089E-03
   360    0.9023822564E-04
   361    0.7490529162E-04
   362    0.7197727785E-04
   363    0.6563349132E-04
   364    0.5397793609E-04
   365    0.4851756865E-04
   366    0.4379030218E-04
   367    0.3828810600E-04
   368    0.3342363582E-04
   369    0.2876066748E-04
   370    0.2506493025E-04
   371    0.2193282773E-04
   372    0.1926032212E-04
   373    0.1688427950E-04
   374    0.1511773391E-04
   375    0.1330905792E-04
   376    0.1094847917E-04
   377    0.9315681548E-05
   378    0.8312974471E-05
   379    0.6953604971E-05
   380    0.5898521789E-05
   381    0.5361671877E-05
   382    0.4770161219E-05
   383    0.4055844740E-05
   384    0.3304056314E-05
   385    0.2825445738E-05
   386    0.2456628892E-05
   387    0.2085001627E-05
   388    0.1796322201E-05
   389    0.1569316797E-05
   390    0.1329298734E-05
   391    0.1081227100E-05
   392    0.9134412065E-06
   393    0.7895969162E-06
   394    0.6808878545E-06
   395    0.5669153848E-06
   396    0.4629517692E-06
   397    0.3947543003E-06
   398    0.3456061593E-06
   399    0.2936168519E-06
   400    0.2425648739E-06
   401    0.2008797267E-06
   402    0.1638318663E-06
   403    0.1356073312E-06
   404    0.1157761259E-06
   405    0.9959239409E-07
   406    0.8315359226E-07
   407    0.6701812959E-07
   408    0.5409627906E-07
   409    0.4487408950E-07
   410    0.3839937845E-07
   411    0.3264471603E-07
   412    0.2640031229E-07
   413    0.2136551106E-07
   414    0.1777505492E-07
   415    0.1440476351E-07
   416    0.1181163012E-07
   417    0.9945836170E-08
   418    0.8071528040E-08
   419    0.6525718461E-08
   420    0.5385152122E-08
   421    0.4366645155E-08
   422    0.3465402062E-08
   423    0.2937207717E-08
   424    0.2502996460E-08
   425    0.1938185774E-08
   426    0.1507415462E-08
   427    0.1250453558E-08
   428    0.1014731163E-08
   429    0.8232810482E-09
   430    0.6650542115E-09
   431    0.5312593365E-09
   432    0.4330749773E-09
   433    0.3444421862E-09
   434    0.2765081470E-09
   435    0.2271161308E-09
   436    0.1779431115E-09
   437    0.1386372839E-09
   438    0.1132035338E-09
   439    0.9210898114E-10
   440    0.7174409528E-10
   441    0.5637920996E-10
   442    0.4540955883E-10
   443    0.3608439782E-10
   444    0.2900550248E-10
   445    0.2262803390E-10
   446    0.1741823241E-10
   447    0.1415214446E-10
   448    0.1121418056E-10
   449    0.8725446997E-11
   450    0.6872428729E-11
   451    0.5355912517E-11
   452    0.4208863015E-11
   453    0.3312414726E-11
   454    0.2551232266E-11
   455    0.2008260429E-11
   456    0.1608083162E-11
   457    0.1239010990E-11
   458    0.9372438621E-12
   459    0.7253764871E-12
   460    0.5707270921E-12
   461    0.4494155780E-12
   462    0.3511628671E-12
   463    0.2666823405E-12
   464    0.2044631403E-12
   465    0.1582245514E-12
   466    0.1221983642E-12
   467    0.9417230926E-13
   468    0.7211533464E-13
   469    0.5556131079E-13
   470    0.4359573250E-13
   471    0.3134785346E-13
   472    0.2392825833E-13
   473    0.1932555756E-13
   474    0.1458747422E-13
   475    0.1132128521E-13
   476    0.8520214304E-14
   477    0.6029711950E-14
   478    0.5067080560E-14
   479    0.3896610930E-14
   480    0.2341114831E-14
   481    0.2042446428E-14
   482    0.1787368085E-14
   483    0.1099098048E-14
   484    0.1246219659E-14
   485    0.1602189181E-14
   486    0.1011169959E-14
   487    0.7523928508E-15
   488    0.2991205152E-15
   489    0.1302912800E-15
   490   -0.2449829362E-15
   491    0.4977656842E-16
   492    0.1244414211E-16
   493    0.3111035527E-17
   494    0.7777588816E-18
   495    0.5570559095E-16
   496    0.1804598514E-15
   497    0.1561372653E-15
   498    0.3903431633E-16
   499    0.8928571429E+00
   500    0.2901785714E+01
   501    0.2511160714E+01
   502    0.6277901786E+00
