    -1   -0.2671450904E+01
     0   -0.1279046521E+01
     1   -0.1731679094E+00
     2   -0.7147411912E-02
     3   -0.7919962708E-01
     4   -0.2896439737E+00
     5   -0.3073542459E+00
     6    0.1941265183E+00
     7    0.1580622103E+00
     8   -0.1806535775E+00
     9    0.2788965923E-02
    10   -0.1011980304E+00
    11   -0.3683068762E+00
    12   -0.4121468256E-01
    13   -0.8508931744E-01
    14   -0.4398174692E+00
    15   -0.5448435057E-01
    16   -0.2570057479E-01
    17   -0.4416161823E+00
    18   -0.4436050599E-01
    19    0.5580628498E-01
    20   -0.3931133648E+00
    21   -0.2322403313E+00
    22   -0.3011410427E+00
    23   -0.2978256543E-01
    24    0.4659699391E+00
    25   -0.2280816493E+00
    26   -0.2466789737E+00
    27   -0.1837922275E-02
    28    0.3009248081E+00
    29    0.4732482767E+00
    30   -0.3573821042E-01
    31    0.6514949389E-01
    32    0.3881771047E+00
    33    0.2029126139E-01
    34    0.8008612419E-01
    35    0.4008922311E+00
    36    0.8799002703E-01
    37    0.8422092536E-01
    38    0.3542421064E+00
    39    0.1159490228E+00
    40    0.6315500211E-01
    41    0.2536896284E+00
    42   -0.2665160243E-01
    43   -0.2135636663E+00
    44    0.1221090456E+00
    45    0.1077984186E+00
    46    0.2599919589E+00
    47    0.4344530095E-01
    48   -0.5669986232E-01
    49   -0.2028100890E+00
    50   -0.1625366121E+00
    51    0.3626298425E-01
    52   -0.1211337344E-01
    53    0.4196444592E-01
    54   -0.1348400653E-01
    55   -0.2549568533E+00
    56   -0.1718806040E+00
    57   -0.3993033849E-01
    58   -0.2978615131E+00
    59   -0.2423817033E+00
    60   -0.1129993271E-01
    61   -0.2444973587E+00
    62   -0.3172703352E+00
    63    0.7719717596E-01
    64   -0.2668297069E+00
    65   -0.2514612630E+00
    66   -0.7142588013E-01
    67   -0.3193970912E+00
    68   -0.7392523482E-01
    69    0.1227971285E+00
    70   -0.8754754346E-01
    71    0.6678508184E-01
    72   -0.9395691751E-01
    73    0.2129355835E+00
    74    0.2440715732E+00
    75    0.5203521914E-01
    76    0.2804754101E+00
    77    0.1547421776E+00
    78    0.7094918585E-01
    79    0.3634037552E+00
    80    0.1519799702E+00
    81    0.6898108098E-01
    82    0.3053322391E+00
    83    0.1220318987E+00
    84    0.4689103535E-01
    85    0.2245871237E+00
    86    0.1013737808E+00
    87    0.7495002839E-01
    88    0.5176894663E-01
    89    0.6770240547E-01
    90    0.5595864086E-03
    91    0.9446789291E-01
    92   -0.2219160861E-01
    93   -0.2331483991E-01
    94    0.6813576455E-01
    95   -0.5760781607E-01
    96   -0.1071043221E+00
    97   -0.6646658477E-01
    98    0.1000251035E-01
    99   -0.1703088264E+00
   100   -0.1613274845E+00
   101   -0.2599421816E-01
   102   -0.8653687176E-01
   103   -0.2980267505E+00
   104   -0.1122105989E+00
   105   -0.1217911021E+00
   106   -0.3172469250E+00
   107   -0.1165025996E+00
   108   -0.9341938894E-01
   109   -0.3571074551E+00
   110   -0.2023907909E+00
   111   -0.9823390021E-01
   112   -0.1980772415E+00
   113    0.7592645642E-01
   114   -0.1551711329E+00
   115   -0.1684322814E+00
   116    0.1452964174E+00
   117    0.4852873851E-01
   118    0.2098439471E+00
   119    0.8812077630E-01
   120    0.4873403998E-01
   121    0.2385737974E+00
   122    0.2074109936E+00
   123    0.2252217903E+00
   124    0.2353737287E+00
   125    0.1128116587E+00
   126    0.2133034559E+00
   127    0.1789072137E+00
   128    0.1472056681E+00
   129    0.1275959911E+00
   130    0.7669727930E-01
   131    0.1494670635E+00
   132    0.1328600432E+00
   133    0.8015703861E-01
   134    0.9184569653E-01
   135    0.2227353273E-01
   136   -0.3972116748E-01
   137   -0.3679298512E-01
   138    0.9159495049E-01
   139    0.4402301722E-01
   140   -0.1049100096E+00
   141    0.2681452781E-01
   142   -0.1345572241E+00
   143   -0.1068987742E+00
   144   -0.8814678308E-01
   145   -0.7858326980E-01
   146   -0.9784016791E-01
   147   -0.1556946260E+00
   148   -0.1946106372E+00
   149   -0.1110490088E+00
   150   -0.2457134752E+00
   151   -0.2151486473E+00
   152   -0.1218051824E+00
   153   -0.2744230949E+00
   154   -0.1835790596E+00
   155   -0.1625380585E+00
   156   -0.3089348586E+00
   157    0.4382519318E-01
   158   -0.1814462867E+00
   159   -0.1745455020E-01
   160    0.3889452353E-02
   161   -0.1348420121E+00
   162    0.1365021109E+00
   163    0.8827354235E-01
   164    0.2876280073E+00
   165    0.1590898850E+00
   166    0.9489816003E-01
   167    0.2238055907E+00
   168    0.2239244847E+00
   169    0.2003170664E+00
   170    0.1893312551E+00
   171    0.1488821950E+00
   172    0.1646387630E+00
   173    0.1348890708E+00
   174    0.1002934131E+00
   175    0.1612459597E+00
   176    0.1882203707E+00
   177    0.1333660012E+00
   178   -0.2716068260E-01
   179   -0.1335577345E+00
   180    0.8238824518E-01
   181   -0.2299139603E-01
   182    0.6000994454E-01
   183    0.4544280272E-01
   184    0.4059981781E-01
   185   -0.4702477233E-01
   186   -0.1532172826E+00
   187   -0.2637884941E+00
   188   -0.9126397615E-01
   189   -0.8319128566E-01
   190   -0.1450884482E+00
   191   -0.1646551392E+00
   192   -0.1246473032E+00
   193   -0.1063994113E+00
   194   -0.2102495979E+00
   195   -0.1827802204E+00
   196   -0.1664005690E+00
   197   -0.7094796620E-01
   198    0.1338387175E-01
   199   -0.5537477782E-01
   200   -0.6276441497E-01
   201   -0.3318573508E-01
   202   -0.1960959875E-01
   203   -0.9505100945E-01
   204    0.1664277855E-01
   205    0.2781663316E+00
   206    0.1737191004E+00
   207    0.3404731355E-01
   208    0.3474805771E-01
   209    0.8970882922E-01
   210    0.7840510992E-01
   211    0.8420643894E-01
   212    0.1128789412E+00
   213    0.8874712772E-01
   214    0.7875737379E-01
   215    0.9311456908E-01
   216    0.8088729807E-01
   217    0.6830579681E-01
   218    0.6113128806E-01
   219    0.2583541392E-01
   220   -0.1053096454E-01
   221    0.5001994083E-01
   222    0.2949234041E-01
   223    0.2499684148E-01
   224   -0.2805351656E-01
   225   -0.1896272951E-01
   226    0.1359889936E+00
   227    0.1320068867E+00
   228   -0.1445253265E+00
   229   -0.2119872670E+00
   230   -0.1366513495E-01
   231    0.2147901357E+00
   232    0.1757794546E-01
   233   -0.1082044100E+00
   234   -0.8802165073E-01
   235   -0.8748988157E-01
   236    0.2315734432E-01
   237    0.4170458595E-01
   238   -0.1524657761E-01
   239   -0.6933278932E-01
   240   -0.5716574678E-01
   241   -0.3136709600E-01
   242    0.1653923384E-01
   243    0.2324957684E-01
   244   -0.4320399340E-01
   245   -0.7151897132E-01
   246   -0.6487804609E-01
   247   -0.2210117840E-01
   248   -0.1817831840E-01
   249   -0.2053710905E-02
   250   -0.3661514685E-02
   251   -0.1612348333E-01
   252   -0.6552765016E-02
   253   -0.1602097630E-01
   254   -0.1630930451E-01
   255   -0.2757745010E-02
   256   -0.2540295985E-01
   257   -0.3256494639E-01
   258    0.3297284352E-02
   259   -0.5377666909E-02
   260   -0.4272161506E-01
   261   -0.1643999268E-02
   262    0.4447276862E-01
   263    0.1183033066E-01
   264   -0.6472530757E-02
   265   -0.1908459402E-01
   266   -0.1259328360E-01
   267   -0.2198164164E-02
   268   -0.4771967803E-02
   269   -0.1721041553E-02
   270   -0.1374038538E-02
   271   -0.2369267343E-02
   272    0.3534009468E-02
   273   -0.2397400656E-03
   274   -0.4551713277E-02
   275   -0.6502372182E-02
   276   -0.3243114607E-01
   277   -0.1743237460E-01
   278    0.4481504519E-01
   279    0.2647850822E-01
   280    0.4433844558E-02
   281   -0.4053094154E-02
   282   -0.2655783320E-02
   283    0.2755134623E-02
   284    0.3848106715E-02
   285    0.4907811450E-02
   286    0.5617589308E-02
   287    0.3152720627E-02
   288    0.3644953634E-02
   289    0.6061917237E-02
   290    0.5075916165E-02
   291    0.3036901787E-02
   292    0.4355656198E-02
   293    0.2046133024E-02
   294   -0.1010799830E-01
   295   -0.1102581425E-01
   296    0.1609011282E-01
   297    0.1504665440E-01
   298    0.6818871129E-02
   299    0.1259165001E-02
   300   -0.4656515801E-03
   301    0.9340251974E-03
   302    0.3261546101E-02
   303    0.4769497625E-02
   304    0.3954519476E-02
   305    0.1501888872E-02
   306    0.7831963501E-03
   307    0.2437356600E-02
   308    0.2736968400E-02
   309    0.1741342253E-02
   310    0.1874434160E-02
   311    0.2417273113E-02
   312    0.1244883053E-02
   313    0.8691620518E-03
   314    0.1943378431E-02
   315    0.2048638373E-02
   316    0.1318627646E-02
   317    0.1030687259E-02
   318    0.1262611323E-02
   319    0.1134734600E-02
   320    0.9857247946E-03
   321    0.1011137071E-02
   322    0.8661016681E-03
   323    0.5771594366E-03
   324    0.5252554340E-03
   325    0.7197734976E-03
   326    0.8250127902E-03
   327    0.6234608428E-03
   328    0.4092265109E-03
   329    0.4112212954E-03
   330    0.3949138891E-03
   331    0.4299036818E-03
   332    0.4232879214E-03
   333    0.2492267590E-03
   334    0.1915284656E-03
   335    0.2663778399E-03
   336    0.2644197796E-03
   337    0.2081811513E-03
   338    0.1423207193E-03
   339    0.1385742282E-03
   340    0.1858382785E-03
   341    0.1498711278E-03
   342    0.1084902841E-03
   343    0.1198886946E-03
   344    0.9456591194E-04
   345    0.5460182658E-04
   346    0.7248475544E-04
   347    0.7886758263E-04
   348    0.4933113211E-04
   349    0.4652112723E-04
   350    0.4747828105E-04
   351    0.4037869177E-04
   352    0.3520312620E-04
   353    0.2855199757E-04
   354    0.2428016187E-04
   355    0.2066889958E-04
   356    0.1911054464E-04
   357    0.1726961351E-04
   358    0.1641369112E-04
   359    0.1627088230E-04
   360    0.1120967331E-04
   361    0.8053788845E-05
   362    0.8657384830E-05
   363    0.6660783645E-05
   364    0.4649435109E-05
   365    0.5442700601E-05
   366    0.5736422442E-05
   367    0.4729345146E-05
   368    0.3240057929E-05
   369    0.2647351554E-05
   370    0.2438350644E-05
   371    0.2063564703E-05
   372    0.1852121254E-05
   373    0.1744700367E-05
   374    0.1497885189E-05
   375    0.1039472981E-05
   376    0.8501458553E-06
   377    0.7748046370E-06
   378    0.7281519256E-06
   379    0.6017956738E-06
   380    0.4172266612E-06
   381    0.3720005730E-06
   382    0.3744841991E-06
   383    0.3333388917E-06
   384    0.2700778834E-06
   385    0.2124706840E-06
   386    0.1559311781E-06
   387    0.1226929890E-06
   388    0.1124939776E-06
   389    0.1101158131E-06
   390    0.9643951686E-07
   391    0.6882506870E-07
   392    0.4856453234E-07
   393    0.4078313903E-07
   394    0.3883901793E-07
   395    0.3702729503E-07
   396    0.2896052221E-07
   397    0.2130876836E-07
   398    0.1809204659E-07
   399    0.1435644317E-07
   400    0.1136492987E-07
   401    0.1039964961E-07
   402    0.8510834043E-08
   403    0.6547985384E-08
   404    0.5408861860E-08
   405    0.4477389834E-08
   406    0.3151523983E-08
   407    0.2973420911E-08
   408    0.3120655251E-08
   409    0.2155494905E-08
   410    0.1340636091E-08
   411    0.1213738454E-08
   412    0.1035599720E-08
   413    0.8486304652E-09
   414    0.6878388191E-09
   415    0.5331076913E-09
   416    0.4564121567E-09
   417    0.3529773345E-09
   418    0.2782683718E-09
   419    0.2550290582E-09
   420    0.1864701877E-09
   421    0.1303405130E-09
   422    0.1140901740E-09
   423    0.1010156522E-09
   424    0.7506745524E-10
   425    0.5438663483E-10
   426    0.4647233311E-10
   427    0.3768023571E-10
   428    0.3154465275E-10
   429    0.2405614521E-10
   430    0.1634943551E-10
   431    0.1462116187E-10
   432    0.1225126163E-10
   433    0.9059129962E-11
   434    0.7159630906E-11
   435    0.5477985348E-11
   436    0.4276226749E-11
   437    0.3469476828E-11
   438    0.2534167850E-11
   439    0.2025608980E-11
   440    0.1776358607E-11
   441    0.1360439981E-11
   442    0.9294163767E-12
   443    0.6834168924E-12
   444    0.5692161221E-12
   445    0.4783685401E-12
   446    0.3880232457E-12
   447    0.2796791323E-12
   448    0.2061441482E-12
   449    0.1620101669E-12
   450    0.1235402851E-12
   451    0.9318246074E-13
   452    0.7546915845E-13
   453    0.6032718069E-13
   454    0.4784725219E-13
   455    0.3314625614E-13
   456    0.2427377559E-13
   457    0.2069563225E-13
   458    0.1417365346E-13
   459    0.1029495713E-13
   460    0.9110177341E-14
   461    0.6579658556E-14
   462    0.5475184074E-14
   463    0.4421909336E-14
   464    0.3013673158E-14
   465    0.2564469598E-14
   466    0.1598684758E-14
   467    0.8853937629E-15
   468    0.1213610269E-14
   469    0.1122192048E-14
   470    0.2805480120E-15
   471   -0.3739522069E-15
   472    0.1840677044E-15
   473    0.5456172872E-15
   474   -0.1411514344E-15
   475   -0.2018213123E-15
   476    0.3381227305E-15
   477    0.1955529851E-15
   478    0.1043993975E-15
   479    0.1926333031E-15
   480    0.1591806282E-15
   481    0.9530630829E-16
   482    0.1348488795E-15
   483    0.3371221988E-16
   484    0.6393920620E-16
   485    0.1825182552E-15
   486    0.1566518663E-15
   487    0.9467411780E-16
   488    0.1902019831E-15
   489    0.1585727982E-15
   490    0.9515435079E-16
   491    0.1903220414E-15
   492    0.1586028128E-15
   493   -0.1586044803E-16
   494   -0.1704985657E-15
   495   -0.1258913683E-15
   496    0.1350606116E-15
   497    0.2558097578E-15
   498    0.6395243946E-16
   499    0.8928571429E+00
   500    0.2901785714E+01
   501    0.2511160714E+01
   502    0.6277901786E+00
