    -1   -0.5062789243E+00
     0   -0.3582186535E+01
     1   -0.6050923790E+01
     2   -0.1305537170E+01
     3    0.5104490367E+00
     4   -0.2499112582E+00
     5    0.1743129317E+01
     6    0.2265789523E+00
     7    0.1871852157E+00
     8    0.8979925945E+00
     9    0.6270660045E+00
    10    0.9415249765E+00
    11    0.1323790730E+01
    12   -0.3711953941E+00
    13    0.4551205603E+00
    14   -0.3264236916E+00
    15    0.3558820249E+00
    16   -0.1742503701E-01
    17    0.4535568179E+00
    18   -0.4033789312E+00
    19    0.7844781015E+00
    20   -0.5921869401E+00
    21    0.1312485143E+01
    22    0.1076551719E+01
    23   -0.1013743165E+01
    24   -0.1122143860E+01
    25   -0.4569902865E+00
    26    0.1170601786E+01
    27   -0.3095665995E+00
    28   -0.4262116734E+00
    29    0.2449222927E+00
    30   -0.1154723315E+00
    31   -0.2086769030E+00
    32    0.1097829756E+01
    33    0.3606061731E+00
    34   -0.1844898682E+01
    35   -0.1095119564E+01
    36    0.5713422259E+00
    37    0.1927475683E+01
    38   -0.2131246893E+01
    39   -0.2148962324E+01
    40    0.5816472686E+00
    41    0.6377719745E+00
    42   -0.4789867735E+00
    43   -0.4489536643E+00
    44   -0.1902023574E+01
    45   -0.7016078009E+00
    46   -0.1806746697E+01
    47   -0.7578464648E+00
    48    0.1006164903E+01
    49    0.8579957830E+00
    50   -0.1254999869E+01
    51    0.1671958349E+01
    52    0.1080969693E+01
    53   -0.1097421079E+01
    54    0.1899595057E+01
    55    0.1444354175E+01
    56   -0.1404815803E+01
    57    0.1813177208E+01
    58    0.7911483310E+00
    59    0.1653014309E+00
    60   -0.3956255146E+00
    61    0.1397907735E+01
    62   -0.1943719345E+00
    63   -0.1963376836E+00
    64    0.5159159206E+00
    65    0.3750039114E+00
    66    0.1155699666E+00
    67   -0.6568682691E+00
    68    0.1160401624E+01
    69   -0.3394942389E+00
    70   -0.2553125264E+00
    71    0.7002094156E+00
    72   -0.8415755316E+00
    73   -0.1086473623E+00
    74   -0.2555371485E+00
    75    0.1519119600E+01
    76    0.2708881591E+00
    77   -0.1386911614E+01
    78   -0.6224929715E+00
    79    0.1122665089E+01
    80    0.1112366775E+01
    81   -0.2128798479E+01
    82   -0.1542240171E+01
    83    0.1532530662E+01
    84    0.9332027906E+00
    85   -0.1716941690E+01
    86   -0.1540682105E+01
    87    0.7187074832E+00
    88   -0.2913805005E+00
    89   -0.2061989580E-01
    90   -0.1270384288E+01
    91   -0.8896555643E+00
    92   -0.1531958173E+00
    93   -0.1918714501E+01
    94   -0.5631589902E+00
    95   -0.7528070490E+00
    96   -0.2834446151E+00
    97    0.4452928795E+00
    98    0.3242405930E+00
    99    0.1151836177E+01
   100    0.1101494134E+01
   101    0.2035593922E+00
   102    0.2215530913E+01
   103   -0.8150664538E+00
   104    0.8161140127E+00
   105    0.1582447906E+01
   106   -0.1618788857E+00
   107   -0.2310318871E+00
   108    0.9260383310E+00
   109    0.1259529033E+00
   110    0.3985674838E+00
   111    0.1591982533E+00
   112   -0.1754722105E+00
   113   -0.5137892470E+00
   114    0.1666629496E+01
   115   -0.1275385020E+00
   116   -0.1046761506E+01
   117    0.2213077018E-01
   118    0.8263943573E+00
   119    0.4209774844E+00
   120   -0.1888035341E+00
   121   -0.1081777708E+01
   122   -0.1175462844E+00
   123    0.1019933721E+01
   124    0.5942784208E+00
   125   -0.1351897887E+01
   126   -0.4626536155E+00
   127    0.1349173836E+00
   128    0.1228662965E+01
   129   -0.7099424557E+00
   130   -0.1607215360E+01
   131   -0.8535764613E-01
   132    0.1716653756E+01
   133   -0.1579480575E+01
   134   -0.1457654748E+01
   135    0.8035593110E+00
   136   -0.6109212185E+00
   137   -0.1636521390E+01
   138    0.2102052606E-01
   139   -0.1624214069E+01
   140   -0.4561459656E+00
   141   -0.6124712349E+00
   142   -0.5833303085E+00
   143   -0.1510388967E+00
   144    0.3537843580E+00
   145    0.6608367913E-01
   146    0.7904615067E+00
   147    0.1035656044E+01
   148    0.9056350662E+00
   149    0.9213578923E+00
   150    0.5699006616E+00
   151    0.4847192412E+00
   152    0.5610581287E+00
   153    0.7502610903E+00
   154    0.2844159503E+00
   155   -0.1660140113E+00
   156    0.1587184153E+00
   157    0.8396516565E+00
   158    0.2158063652E+00
   159   -0.4932256989E+00
   160    0.2524787313E+00
   161    0.7604292469E+00
   162   -0.3588317820E+00
   163   -0.2629440300E+00
   164    0.3634345732E+00
   165    0.2609274401E+00
   166   -0.3820056570E+00
   167    0.2255891761E+00
   168   -0.2853044930E+00
   169    0.1439988545E+00
   170   -0.1265911318E-01
   171   -0.3467135289E+00
   172   -0.2329895319E+00
   173    0.1939935530E+00
   174   -0.2911926488E-01
   175   -0.8638799630E+00
   176   -0.1876723301E+00
   177   -0.5786962994E+00
   178   -0.8003311212E+00
   179   -0.4225475418E+00
   180   -0.3944575469E+00
   181   -0.6334967215E+00
   182   -0.4342415609E+00
   183   -0.3463786933E+00
   184    0.1425424905E+00
   185    0.1956260998E+00
   186   -0.4110075243E+00
   187   -0.4319393395E+00
   188    0.4598302087E+00
   189    0.8160579699E-01
   190   -0.5015278276E+00
   191    0.4093433636E+00
   192    0.8060931245E+00
   193    0.7828796923E+00
   194    0.9889269982E-01
   195    0.1037838704E+00
   196   -0.1986124376E-01
   197    0.8797062678E-01
   198    0.2906081492E+00
   199    0.1629199903E+00
   200    0.1557615178E+00
   201    0.2649582153E+00
   202    0.1966007920E+00
   203    0.2092825036E+00
   204    0.2346048644E+00
   205   -0.5643776247E-01
   206   -0.2479560728E+00
   207   -0.5726782040E-01
   208    0.6279285426E-01
   209    0.1931970905E+00
   210    0.1987828615E+00
   211    0.5503452947E-01
   212   -0.2418736963E+00
   213   -0.2073976782E-01
   214   -0.1149005443E+00
   215   -0.2876108181E+00
   216   -0.3247126633E-01
   217    0.7833027240E-01
   218    0.2201111410E+00
   219   -0.1454223231E+00
   220   -0.6277303577E+00
   221   -0.1057116427E+00
   222    0.5535950852E+00
   223    0.2305101798E+00
   224   -0.2367116193E+00
   225   -0.4518406557E+00
   226   -0.1654465253E+00
   227    0.3530649320E+00
   228    0.1852228891E+00
   229   -0.1840716992E+00
   230   -0.2589373002E+00
   231   -0.9095239813E-01
   232    0.9797130662E-01
   233    0.1895378050E+00
   234    0.3573882268E-01
   235   -0.1916199101E+00
   236   -0.1800760277E+00
   237    0.5526422453E-03
   238    0.7990658124E-01
   239    0.1275363945E-01
   240    0.1298480070E-01
   241    0.9322134821E-02
   242   -0.5048771069E-01
   243   -0.2500982458E-01
   244    0.3089081726E-01
   245   -0.2157112104E-01
   246   -0.7379240146E-01
   247    0.1591453643E-02
   248    0.1493932134E-02
   249   -0.4334066621E-01
   250    0.4257539405E-01
   251    0.7330667744E-01
   252    0.2730185559E-01
   253   -0.2380049067E-01
   254   -0.3461237364E-01
   255   -0.2043047703E-01
   256   -0.6015410477E-02
   257    0.9560853759E-02
   258    0.3378756280E-02
   259   -0.8934606600E-02
   260    0.1153899591E-02
   261   -0.1730329013E-02
   262   -0.2851089551E-01
   263   -0.3577413590E-01
   264   -0.1409841065E-01
   265    0.3014405929E-01
   266    0.4037896312E-01
   267    0.3813009414E-01
   268    0.1507340353E-01
   269   -0.8721278174E-02
   270   -0.1216798921E-01
   271   -0.3464978580E-02
   272    0.1681672309E-02
   273    0.6723881742E-02
   274    0.1012931080E-01
   275    0.4950667837E-02
   276    0.7852028709E-03
   277    0.6417781135E-02
   278    0.9231538473E-02
   279    0.1786557318E-02
   280   -0.6382925653E-03
   281   -0.8932357248E-02
   282   -0.2077963022E-01
   283    0.4435079900E-02
   284    0.2588924974E-01
   285    0.1451556495E-01
   286    0.5100734996E-02
   287   -0.1137783702E-02
   288   -0.1832930109E-02
   289    0.1090400859E-02
   290    0.3230629132E-02
   291    0.4809402869E-02
   292    0.3382270781E-02
   293    0.1020441054E-02
   294    0.7766152542E-03
   295    0.2458668836E-02
   296    0.2512189312E-02
   297    0.1421626633E-02
   298    0.2364463232E-02
   299    0.2033069804E-02
   300    0.4242994215E-03
   301    0.1168651174E-02
   302    0.2534858653E-02
   303    0.1838498835E-02
   304    0.9438549145E-03
   305    0.1225741205E-02
   306    0.1236830316E-02
   307    0.9539908773E-03
   308    0.1066341425E-02
   309    0.1029123434E-02
   310    0.6319093340E-03
   311    0.3807315707E-03
   312    0.5341176529E-03
   313    0.8798256154E-03
   314    0.8947430630E-03
   315    0.4666560521E-03
   316    0.3473967233E-03
   317    0.3912312763E-03
   318    0.3800245154E-03
   319    0.5196772295E-03
   320    0.3555639658E-03
   321    0.1269111196E-03
   322    0.2079157041E-03
   323    0.2945930267E-03
   324    0.2499454306E-03
   325    0.1744603412E-03
   326    0.9835244396E-04
   327    0.1632257909E-03
   328    0.2085041670E-03
   329    0.1257932864E-03
   330    0.1100371028E-03
   331    0.1239784529E-03
   332    0.6488096159E-04
   333    0.4471241083E-04
   334    0.8926479008E-04
   335    0.6985719360E-04
   336    0.3799122285E-04
   337    0.4796994703E-04
   338    0.4737580424E-04
   339    0.3944745518E-04
   340    0.3129961376E-04
   341    0.2619472689E-04
   342    0.2123203768E-04
   343    0.1866094507E-04
   344    0.1821816993E-04
   345    0.1677007870E-04
   346    0.1857299597E-04
   347    0.1579113018E-04
   348    0.8191361168E-05
   349    0.7430924250E-05
   350    0.8645889639E-05
   351    0.4398112910E-05
   352    0.3941362954E-05
   353    0.6343558361E-05
   354    0.6076399138E-05
   355    0.4203050098E-05
   356    0.2601588233E-05
   357    0.2475733469E-05
   358    0.2175744450E-05
   359    0.1932831218E-05
   360    0.1884919950E-05
   361    0.1790313437E-05
   362    0.1315680750E-05
   363    0.8400696140E-06
   364    0.7572996064E-06
   365    0.7552242800E-06
   366    0.7167350278E-06
   367    0.4946735495E-06
   368    0.3332648336E-06
   369    0.3754964932E-06
   370    0.3934318248E-06
   371    0.3141831565E-06
   372    0.2582157060E-06
   373    0.1897957690E-06
   374    0.1173234956E-06
   375    0.1060578030E-06
   376    0.1158185271E-06
   377    0.1146492264E-06
   378    0.8808521957E-07
   379    0.5544604514E-07
   380    0.3740179287E-07
   381    0.3671425767E-07
   382    0.4103823229E-07
   383    0.3638276717E-07
   384    0.2480318868E-07
   385    0.1909570853E-07
   386    0.1676903321E-07
   387    0.1198344662E-07
   388    0.1038771787E-07
   389    0.1002360426E-07
   390    0.7585986153E-08
   391    0.5729357421E-08
   392    0.5017880664E-08
   393    0.3653329749E-08
   394    0.2646689638E-08
   395    0.3382910179E-08
   396    0.3178828910E-08
   397    0.1578149365E-08
   398    0.1077373698E-08
   399    0.1160183493E-08
   400    0.9320148512E-09
   401    0.7845620673E-09
   402    0.6028269791E-09
   403    0.4867039609E-09
   404    0.4258457074E-09
   405    0.2967913453E-09
   406    0.2777935322E-09
   407    0.2401752601E-09
   408    0.1500744855E-09
   409    0.1113446500E-09
   410    0.1124284887E-09
   411    0.9346384221E-10
   412    0.6195145646E-10
   413    0.4821042489E-10
   414    0.4235487386E-10
   415    0.3605647137E-10
   416    0.2963517826E-10
   417    0.1905946111E-10
   418    0.1430892526E-10
   419    0.1438338590E-10
   420    0.1098009247E-10
   421    0.8074870791E-11
   422    0.6368682531E-11
   423    0.4753260078E-11
   424    0.3949453560E-11
   425    0.2993578029E-11
   426    0.2128429482E-11
   427    0.1960853381E-11
   428    0.1706913697E-11
   429    0.1150219136E-11
   430    0.7452442259E-12
   431    0.5789553069E-12
   432    0.5248514348E-12
   433    0.4591519235E-12
   434    0.3471090877E-12
   435    0.2388292540E-12
   436    0.1818665407E-12
   437    0.1424862497E-12
   438    0.1057043909E-12
   439    0.8366503353E-13
   440    0.6902360982E-13
   441    0.5871579353E-13
   442    0.4298963551E-13
   443    0.2635298127E-13
   444    0.2109053358E-13
   445    0.1813040380E-13
   446    0.1249151226E-13
   447    0.9631560546E-14
   448    0.7625938352E-14
   449    0.5251031450E-14
   450    0.4365871180E-14
   451    0.3256402693E-14
   452    0.2382290696E-14
   453    0.1990290349E-14
   454    0.1732695702E-14
   455    0.1314413451E-14
   456    0.1154331737E-14
   457    0.6910387808E-15
   458    0.3948043001E-15
   459    0.4040124068E-15
   460    0.3785588579E-15
   461    0.1501508657E-15
   462   -0.1289957373E-15
   463    0.3008179731E-15
   464    0.1307156445E-15
   465    0.1437012136E-15
   466    0.9143645463E-16
   467    0.1338814161E-15
   468   -0.1330630997E-15
   469   -0.3108215311E-15
   470    0.3331691969E-16
   471   -0.2137153750E-15
   472   -0.4420069024E-15
   473    0.5205768702E-18
   474    0.8339687106E-16
   475    0.2428938227E-15
   476    0.1717457581E-15
   477   -0.1791081654E-15
   478   -0.4888662512E-15
   479   -0.1222165628E-15
   480   -0.3055414070E-16
   481    0.2011704044E-16
   482    0.6054041134E-16
   483    0.4289067845E-16
   484    0.6623382084E-16
   485    0.7206960644E-16
   486    0.1290397041E-15
   487    0.6001550163E-16
   488    0.7051502664E-16
   489    0.7313990789E-16
   490    0.2125740063E-15
   491    0.2751881065E-15
   492    0.1798193291E-15
   493    0.4495483227E-16
   494    0.1123870807E-16
   495    0.5832082825E-16
   496    0.2088692364E-15
   497    0.3297730652E-15
   498    0.2489767200E-15
   499    0.8928571429E+00
   500    0.2901785714E+01
   501    0.2511160714E+01
   502    0.6277901786E+00
