    -1   -0.9535254573E+00
     0   -0.2583613117E+01
     1   -0.1584946816E+01
     2   -0.4910286149E+00
     3   -0.1641035903E+00
     4   -0.4958473604E+00
     5   -0.2462748937E+00
     6    0.4149571075E+00
     7   -0.6677415918E+00
     8   -0.3690282919E+00
     9    0.1534184482E+00
    10   -0.7428888668E+00
    11   -0.4600244337E+00
    12    0.2500043790E+00
    13   -0.8959992183E+00
    14   -0.4937106961E-01
    15   -0.2959879643E+00
    16   -0.3678861815E+00
    17    0.3410819222E-01
    18   -0.1689132445E+00
    19    0.2507769304E+00
    20   -0.1652736607E+00
    21    0.6687128635E+00
    22    0.2470569686E-01
    23    0.4497035301E+00
    24    0.4611618963E+00
    25   -0.2208302388E+00
    26    0.8773616951E+00
    27    0.4459441883E+00
    28   -0.3576840736E+00
    29    0.7058699853E+00
    30    0.4613003714E+00
    31   -0.3681768166E+00
    32    0.4038244803E+00
    33    0.2284237021E+00
    34    0.4550373355E+00
    35   -0.4326271831E+00
    36    0.1934810574E+00
    37    0.3121649834E+00
    38   -0.1156343163E-01
    39    0.6085194808E-01
    40   -0.3144186663E+00
    41    0.4499361136E+00
    42   -0.2949863008E+00
    43    0.2528131003E+00
    44   -0.5078179201E+00
    45    0.3509781712E+00
    46   -0.4046160590E+00
    47    0.1943441111E+00
    48   -0.3130993418E+00
    49   -0.3360033931E-01
    50   -0.3116723320E+00
    51   -0.2292481004E+00
    52   -0.1100420170E+00
    53   -0.4601399122E+00
    54    0.7675724590E-01
    55   -0.4184013900E+00
    56   -0.5504574073E+00
    57   -0.2328611117E+00
    58   -0.5021037270E+00
    59    0.7581781121E-01
    60   -0.4926981359E+00
    61   -0.5085543306E+00
    62    0.1937168148E+00
    63   -0.3750104755E+00
    64    0.2390238219E+00
    65   -0.1476483108E+00
    66    0.3984633389E+00
    67    0.6222685879E-01
    68    0.4952974139E+00
    69    0.2775006592E+00
    70    0.1632365582E+00
    71    0.6813474162E+00
    72    0.1135306363E+00
    73    0.3234016690E+00
    74    0.4399489648E+00
    75    0.1874923420E+00
    76    0.1250195470E+00
    77    0.1962852084E+00
    78    0.1248754769E+00
    79    0.2103509680E+00
    80    0.3052013192E+00
    81    0.5384796983E-01
    82    0.6163537542E-01
    83   -0.1622744768E+00
    84    0.2081972379E+00
    85    0.1576295676E+00
    86   -0.1467585111E-01
    87   -0.1023916099E+00
    88   -0.2372355221E+00
    89    0.2476917740E+00
    90    0.5504805112E-01
    91   -0.7195162449E-01
    92   -0.5136755439E+00
    93   -0.1196450542E+00
    94    0.2267486825E+00
    95    0.1896850217E-01
    96   -0.6180229866E+00
    97   -0.1347903167E+00
    98    0.1647680267E-02
    99   -0.6045365369E+00
   100   -0.2536654199E+00
   101   -0.2352045061E-01
   102   -0.6104522848E+00
   103   -0.3293781314E+00
   104   -0.3294664851E-01
   105   -0.6861048580E+00
   106   -0.1886028211E+00
   107   -0.1478002825E+00
   108   -0.2712415767E+00
   109   -0.7741932906E-01
   110    0.1617321509E+00
   111    0.7945507962E-01
   112   -0.3344091126E-01
   113    0.8326008902E+00
   114    0.8978124303E-01
   115    0.1716520021E+00
   116    0.3185234024E+00
   117    0.4078165845E+00
   118    0.5445686262E+00
   119    0.2238216922E+00
   120    0.1185227376E+00
   121    0.1657817932E+00
   122    0.2832686197E+00
   123    0.2736153482E+00
   124    0.3141285691E+00
   125    0.2617849440E+00
   126   -0.6553161232E-01
   127   -0.2397189198E+00
   128    0.1089937648E+00
   129    0.5621805651E+00
   130    0.3342963877E-01
   131   -0.3359096426E+00
   132   -0.1757997225E+00
   133    0.3260068800E+00
   134    0.1824631127E+00
   135   -0.1473810625E+00
   136   -0.4222207814E+00
   137   -0.1856416571E+00
   138    0.3089115415E+00
   139    0.3781304234E-01
   140   -0.3478109984E+00
   141   -0.4434305997E+00
   142    0.3240974792E-01
   143   -0.2695722334E+00
   144   -0.3915305973E+00
   145   -0.1189127403E+00
   146   -0.2853330833E+00
   147   -0.5496293955E+00
   148   -0.2184157235E+00
   149   -0.3195029600E+00
   150   -0.4384612578E+00
   151   -0.2038545775E+00
   152   -0.4081991656E+00
   153    0.1368577531E-02
   154   -0.1283859602E+00
   155   -0.8315209529E-01
   156    0.8180753156E-01
   157    0.3309283835E-01
   158    0.4608641247E+00
   159    0.4980008051E+00
   160    0.3274663863E+00
   161    0.1428875429E+00
   162    0.4241575294E+00
   163    0.3952453483E+00
   164    0.2268835326E+00
   165    0.2286706610E+00
   166    0.2045367586E+00
   167    0.2484792480E+00
   168    0.3065193933E+00
   169    0.1450430022E+00
   170    0.1606850914E+00
   171    0.2130056959E+00
   172   -0.1770908180E+00
   173    0.7483877229E-02
   174    0.3623533866E+00
   175    0.3999969142E-01
   176   -0.6956860242E-01
   177   -0.3368493727E+00
   178    0.3299151382E-01
   179    0.2889789753E+00
   180   -0.5834823513E-01
   181   -0.8490877818E-01
   182   -0.3536037873E+00
   183   -0.3264250285E+00
   184   -0.7941138742E-01
   185   -0.2017962078E+00
   186   -0.2084665318E+00
   187   -0.3095038743E+00
   188   -0.2551317903E+00
   189   -0.1975970788E+00
   190   -0.3248339721E+00
   191   -0.2948648444E+00
   192   -0.1154972649E+00
   193   -0.7215094794E-01
   194    0.4741078539E-01
   195   -0.2157336683E+00
   196   -0.5836743017E-01
   197    0.5839221111E-01
   198   -0.1839296891E+00
   199   -0.9162094364E-01
   200    0.4388029907E+00
   201    0.4971073703E+00
   202    0.1364931737E+00
   203   -0.3511802479E-01
   204    0.9166711935E-02
   205    0.1391204152E+00
   206    0.1194919789E+00
   207    0.1308695868E+00
   208    0.1605567819E+00
   209    0.1299787196E+00
   210    0.1013947087E+00
   211    0.1197959616E+00
   212    0.8070211615E-01
   213    0.7233704908E-01
   214    0.9953101007E-01
   215    0.3810446084E-02
   216   -0.2597127013E-01
   217    0.1558525812E-01
   218    0.3155569274E-01
   219    0.7584801396E-01
   220    0.5202294899E-01
   221   -0.1905089279E+00
   222    0.6341712022E-01
   223    0.2139797175E+00
   224   -0.3963625092E-01
   225   -0.1671001992E+00
   226   -0.2679041366E+00
   227    0.7935699635E-02
   228    0.2086280937E+00
   229    0.1149620202E+00
   230   -0.1907298985E+00
   231   -0.2469420569E+00
   232   -0.1019459486E+00
   233    0.1818801997E+00
   234    0.1673554338E+00
   235   -0.1211658886E+00
   236   -0.1706144292E+00
   237   -0.9062035648E-01
   238   -0.4142376354E-01
   239    0.3505476585E-01
   240    0.1047986648E+00
   241   -0.3470144669E-01
   242   -0.1395627160E+00
   243   -0.5485863437E-01
   244   -0.5643325455E-02
   245    0.2804059560E-02
   246    0.7308050634E-02
   247   -0.7068071145E-02
   248   -0.7857671815E-02
   249   -0.1894999236E-01
   250   -0.1806997655E-01
   251    0.7939823707E-02
   252   -0.2305573520E-01
   253   -0.5041650424E-01
   254    0.8046190683E-02
   255   -0.9478333686E-03
   256   -0.5037410840E-01
   257    0.1185053897E-01
   258    0.5512545732E-01
   259    0.1910937948E-01
   260   -0.6030923273E-02
   261   -0.2757846510E-01
   262   -0.1774380382E-01
   263   -0.4589921582E-04
   264   -0.1100062393E-03
   265   -0.1026123145E-02
   266    0.2953948525E-03
   267    0.4835128569E-03
   268   -0.5880334967E-03
   269   -0.6213463255E-02
   270   -0.1022604042E-01
   271   -0.2513097263E-01
   272   -0.3130024337E-01
   273    0.2739058353E-01
   274    0.4250553867E-01
   275    0.2396323740E-01
   276    0.1116177192E-02
   277   -0.8445284057E-02
   278   -0.2303109495E-02
   279    0.2222204501E-02
   280    0.2890047029E-02
   281    0.7009466104E-02
   282    0.6732593653E-02
   283    0.2546251814E-02
   284    0.3192317939E-02
   285    0.7239542782E-02
   286    0.5875034351E-02
   287    0.2098812622E-02
   288    0.3036346995E-02
   289   -0.6331671643E-02
   290   -0.1734107713E-01
   291    0.4790569673E-02
   292    0.2213639476E-01
   293    0.1138428744E-01
   294    0.3778349204E-02
   295   -0.7929746256E-03
   296   -0.8953016246E-03
   297    0.2101618555E-02
   298    0.4142725144E-02
   299    0.4779211031E-02
   300    0.2706532928E-02
   301    0.8110964640E-03
   302    0.1292381976E-02
   303    0.2703144837E-02
   304    0.2399429119E-02
   305    0.1516305079E-02
   306    0.2314396081E-02
   307    0.1932844349E-02
   308    0.6927136438E-03
   309    0.1255514172E-02
   310    0.2345795171E-02
   311    0.1826693399E-02
   312    0.9052820892E-03
   313    0.1163862937E-02
   314    0.1324317270E-02
   315    0.9619894636E-03
   316    0.9877557879E-03
   317    0.1042598366E-02
   318    0.6442453788E-03
   319    0.4344870614E-03
   320    0.6269126238E-03
   321    0.8251723867E-03
   322    0.7968806409E-03
   323    0.4787814372E-03
   324    0.3703480428E-03
   325    0.4045550836E-03
   326    0.3924274935E-03
   327    0.4799249077E-03
   328    0.3415448629E-03
   329    0.1574042541E-03
   330    0.2266141310E-03
   331    0.2895913712E-03
   332    0.2362037808E-03
   333    0.1703589427E-03
   334    0.1178014380E-03
   335    0.1680084457E-03
   336    0.1873989937E-03
   337    0.1205473963E-03
   338    0.1141304788E-03
   339    0.1163398069E-03
   340    0.6444550947E-04
   341    0.5508498755E-04
   342    0.8578130357E-04
   343    0.6376082999E-04
   344    0.4241917593E-04
   345    0.4873086084E-04
   346    0.4428871768E-04
   347    0.3859888564E-04
   348    0.3153434138E-04
   349    0.2564724970E-04
   350    0.2159779882E-04
   351    0.1964944199E-04
   352    0.1799439010E-04
   353    0.1651143844E-04
   354    0.1768796506E-04
   355    0.1438161358E-04
   356    0.8507698618E-05
   357    0.8002650749E-05
   358    0.8249961728E-05
   359    0.4795521706E-05
   360    0.4561262887E-05
   361    0.6067000099E-05
   362    0.5583660575E-05
   363    0.3965823561E-05
   364    0.2679278432E-05
   365    0.2554828591E-05
   366    0.2200247643E-05
   367    0.1913372296E-05
   368    0.1833442897E-05
   369    0.1704652081E-05
   370    0.1254934816E-05
   371    0.8730276956E-06
   372    0.7877755238E-06
   373    0.7544556702E-06
   374    0.6852805705E-06
   375    0.4931536768E-06
   376    0.3601599269E-06
   377    0.3692317007E-06
   378    0.3777624906E-06
   379    0.3045314364E-06
   380    0.2399856333E-06
   381    0.1858288994E-06
   382    0.1279121456E-06
   383    0.1089740949E-06
   384    0.1144691578E-06
   385    0.1097735649E-06
   386    0.8193816914E-07
   387    0.5595456737E-07
   388    0.4124587971E-07
   389    0.3774147983E-07
   390    0.3971170100E-07
   391    0.3445165962E-07
   392    0.2407308737E-07
   393    0.1916785421E-07
   394    0.1648467834E-07
   395    0.1209989414E-07
   396    0.1065718255E-07
   397    0.9708065378E-08
   398    0.7356040575E-08
   399    0.5804835499E-08
   400    0.4991520190E-08
   401    0.3611684755E-08
   402    0.2824271420E-08
   403    0.3262940888E-08
   404    0.2846907813E-08
   405    0.1577253076E-08
   406    0.1179863408E-08
   407    0.1142780198E-08
   408    0.9202017746E-09
   409    0.7735354298E-09
   410    0.5945386682E-09
   411    0.4839622661E-09
   412    0.4137729759E-09
   413    0.2971977911E-09
   414    0.2721535142E-09
   415    0.2270098257E-09
   416    0.1493892227E-09
   417    0.1154012162E-09
   418    0.1103534347E-09
   419    0.8914910823E-10
   420    0.6146701984E-10
   421    0.4929772411E-10
   422    0.4143753878E-10
   423    0.3494020124E-10
   424    0.2850488192E-10
   425    0.1886288767E-10
   426    0.1482410827E-10
   427    0.1387725898E-10
   428    0.1053358752E-10
   429    0.8002497878E-11
   430    0.6222261398E-11
   431    0.4701666785E-11
   432    0.3915065482E-11
   433    0.2932418888E-11
   434    0.2146543532E-11
   435    0.1933407470E-11
   436    0.1616757737E-11
   437    0.1110423117E-11
   438    0.7612536232E-12
   439    0.5956835877E-12
   440    0.5216713385E-12
   441    0.4430982717E-12
   442    0.3311815939E-12
   443    0.2364433262E-12
   444    0.1814574089E-12
   445    0.1399622928E-12
   446    0.1044766568E-12
   447    0.8318462765E-13
   448    0.6757817961E-13
   449    0.5475315004E-13
   450    0.4088875161E-13
   451    0.2662573309E-13
   452    0.2071463232E-13
   453    0.1719682232E-13
   454    0.1250791707E-13
   455    0.9885461930E-14
   456    0.7578391396E-14
   457    0.5745683966E-14
   458    0.4697701126E-14
   459    0.3672427087E-14
   460    0.2708341399E-14
   461    0.1683224966E-14
   462    0.1378373600E-14
   463    0.1336855228E-14
   464    0.9378975767E-15
   465    0.7487983439E-16
   466    0.4842170790E-17
   467    0.2896611831E-16
   468   -0.2148030753E-15
   469    0.3348772898E-15
   470    0.2502527761E-15
   471    0.2290966477E-15
   472    0.1682964644E-15
   473    0.6982969171E-16
   474    0.1284797254E-15
   475    0.1431422338E-15
   476    0.3578555845E-16
   477    0.6445754084E-16
   478    0.1271366877E-15
   479    0.5953974753E-16
   480    0.1259072393E-15
   481    0.1424991123E-15
   482    0.6338035369E-16
   483    0.1268673909E-15
   484    0.1427391502E-15
   485    0.3568478755E-16
   486    0.8921196886E-17
   487    0.2230299222E-17
   488    0.5575748054E-18
   489    0.5565054493E-16
   490    0.1249349387E-15
   491    0.3123373467E-16
   492    0.7808433668E-17
   493    0.1952108417E-17
   494    0.4880271043E-18
   495    0.5563315801E-16
   496    0.1249305920E-15
   497    0.3123264799E-16
   498    0.1188304645E-15
   499    0.8928571429E+00
   500    0.2901785714E+01
   501    0.2511160714E+01
   502    0.6277901786E+00
