    -1    0.1308767627E+00
     0    0.8193581111E+00
     1    0.9978734601E+00
     2    0.9621022959E+00
     3    0.1190320948E+01
     4    0.1117303640E+01
     5    0.1176269563E+01
     6    0.9970064838E+00
     7    0.1237197738E+01
     8    0.9385588812E+00
     9    0.6901525832E+00
    10    0.5883268473E+00
    11    0.9591135465E+00
    12    0.1096727525E+01
    13    0.8461240029E+00
    14    0.1160213494E+01
    15    0.1167129696E+01
    16    0.9605088170E+00
    17    0.9645912755E+00
    18    0.1027219442E+01
    19    0.1016316241E+01
    20    0.8275243215E+00
    21    0.6810319605E+00
    22    0.6783609615E+00
    23    0.6646430098E+00
    24    0.7895586420E+00
    25    0.9793028827E+00
    26    0.1147027883E+01
    27    0.9897431211E+00
    28    0.5606491075E+00
    29    0.6461773776E+00
    30    0.9337638254E+00
    31    0.9618282347E+00
    32    0.8049938926E+00
    33    0.8535053147E+00
    34    0.5580983095E+00
    35    0.8568835872E+00
    36    0.9665559120E+00
    37    0.7868837288E+00
    38    0.6555719098E+00
    39    0.8897267932E+00
    40    0.8994682140E+00
    41    0.8515292616E+00
    42    0.5851703041E+00
    43    0.5899407232E+00
    44    0.8252114648E+00
    45    0.8659679951E+00
    46    0.6514589745E+00
    47    0.6257281687E+00
    48    0.9994136293E+00
    49    0.9352852042E+00
    50    0.4580227449E+00
    51    0.4574473657E+00
    52    0.1149529925E+01
    53    0.1008796730E+01
    54    0.7021335184E+00
    55    0.8485409984E+00
    56    0.7881152961E+00
    57    0.6485602268E+00
    58    0.6094610871E+00
    59    0.5253059529E+00
    60    0.8164752888E+00
    61    0.1294686709E+01
    62    0.7507631761E+00
    63    0.9480457280E+00
    64    0.9809025670E+00
    65    0.7707496036E+00
    66    0.8145037054E+00
    67    0.4894508400E+00
    68    0.5601900734E+00
    69    0.6501632346E+00
    70    0.5897308179E+00
    71    0.1014116390E+01
    72    0.8520667165E+00
    73    0.3781376900E+00
    74    0.6736291158E+00
    75    0.8819113858E+00
    76    0.8343504415E+00
    77    0.1640901028E+01
    78    0.1091738083E+01
    79    0.7962862092E+00
    80    0.9367485513E+00
    81    0.7902323795E+00
    82    0.8464600068E+00
    83    0.8551606371E+00
    84    0.7315963682E+00
    85    0.7739181057E+00
    86    0.9617029457E+00
    87    0.8685898555E+00
    88    0.8197972667E+00
    89    0.7782580227E+00
    90    0.9745329138E+00
    91    0.6687065970E+00
    92    0.5413843700E+00
    93    0.6418950748E+00
    94    0.1131854784E+01
    95    0.1008166423E+01
    96    0.1460016839E+01
    97    0.9943879026E+00
    98    0.1054980546E+01
    99    0.1099169574E+01
   100    0.1164889706E+01
   101    0.9018093450E+00
   102    0.9992914719E+00
   103    0.9626276693E+00
   104    0.9971998953E+00
   105    0.1182000606E+01
   106    0.8653126794E+00
   107    0.1119639624E+01
   108    0.1083284051E+01
   109    0.8800480408E+00
   110    0.1069156244E+01
   111    0.9121682395E+00
   112    0.1030856790E+01
   113    0.1253941375E+01
   114    0.1078469605E+01
   115    0.7162125564E+00
   116    0.9542149715E+00
   117    0.1449461492E+01
   118    0.1105210431E+01
   119    0.1124024030E+01
   120    0.1373808089E+01
   121    0.1315773978E+01
   122    0.1097963376E+01
   123    0.1205193579E+01
   124    0.1103115892E+01
   125    0.1095783363E+01
   126    0.9620055251E+00
   127    0.9626303118E+00
   128    0.1056402264E+01
   129    0.1064812616E+01
   130    0.1455956886E+01
   131    0.1683940518E+01
   132    0.1938407536E+01
   133    0.1612804623E+01
   134    0.1371849394E+01
   135    0.1143636670E+01
   136    0.1230332448E+01
   137    0.1137820481E+01
   138    0.8082029740E+00
   139    0.9681591740E+00
   140    0.1539825758E+01
   141    0.1624517812E+01
   142    0.1429724344E+01
   143    0.1460595594E+01
   144    0.1273810097E+01
   145    0.1367095263E+01
   146    0.1213297443E+01
   147    0.1421005040E+01
   148    0.1550230321E+01
   149    0.1495084696E+01
   150    0.1239197633E+01
   151    0.9870780332E+00
   152    0.1207914525E+01
   153    0.9029775586E+00
   154    0.7990953709E+00
   155    0.9449629161E+00
   156    0.1191195690E+01
   157    0.1259564208E+01
   158    0.9384883378E+00
   159    0.1254513520E+01
   160    0.9823204501E+00
   161    0.7559263813E+00
   162    0.8115022746E+00
   163    0.1077736595E+01
   164    0.1196968933E+01
   165    0.1187009701E+01
   166    0.1178413419E+01
   167    0.8356908398E+00
   168    0.4943565800E+00
   169    0.9115612510E+00
   170    0.1090822349E+01
   171    0.1193737248E+01
   172    0.9650330468E+00
   173    0.8703273881E+00
   174    0.1019010987E+01
   175    0.7465685934E+00
   176    0.4903092712E+00
   177    0.4963177739E+00
   178    0.9938251829E+00
   179    0.1112750929E+01
   180    0.1241650889E+01
   181    0.9459364860E+00
   182    0.6856282482E+00
   183    0.6519092274E+00
   184    0.5424197657E+00
   185    0.9073142609E+00
   186    0.8642389667E+00
   187    0.1061817586E+01
   188    0.7144668424E+00
   189    0.8178245021E+00
   190    0.9091759491E+00
   191    0.9379543919E+00
   192    0.8793759165E+00
   193    0.8637328735E+00
   194    0.7458258507E+00
   195    0.6563310333E+00
   196    0.8748019498E+00
   197    0.1077809486E+01
   198    0.8953207354E+00
   199    0.5272314934E+00
   200    0.6217698491E+00
   201    0.8730997921E+00
   202    0.7835800205E+00
   203    0.6157426660E+00
   204    0.8158696606E+00
   205    0.1144768116E+01
   206    0.1006582683E+01
   207    0.6872245731E+00
   208    0.4679184576E+00
   209    0.7458739704E+00
   210    0.6213203576E+00
   211    0.6179776870E+00
   212    0.1111771110E+01
   213    0.1072262080E+01
   214    0.6334202764E+00
   215    0.1023128949E+01
   216    0.1071048980E+01
   217    0.9634167679E+00
   218    0.1209924722E+01
   219    0.8860182802E+00
   220    0.5631655883E+00
   221    0.3619365678E+00
   222    0.4683636796E+00
   223    0.7108885678E+00
   224    0.9981737652E+00
   225    0.7988919123E+00
   226    0.6120920545E+00
   227    0.5944214896E+00
   228    0.5961767729E+00
   229    0.5510878058E+00
   230    0.9097462020E+00
   231    0.1117067739E+01
   232    0.9733371396E+00
   233    0.8520066924E+00
   234    0.8540402000E+00
   235    0.9208095632E+00
   236    0.5877233230E+00
   237    0.8605921709E+00
   238    0.8518156603E+00
   239    0.7841669993E+00
   240    0.7929842349E+00
   241    0.1005200385E+01
   242    0.8578756631E+00
   243    0.9136634876E+00
   244    0.7972126781E+00
   245    0.8803990836E+00
   246    0.8068720479E+00
   247    0.8553691614E+00
   248    0.8454894683E+00
   249    0.9915040952E+00
   250    0.8485772763E+00
   251    0.7448766320E+00
   252    0.8602813740E+00
   253    0.8845177451E+00
   254    0.9435731394E+00
   255    0.6991005794E+00
   256    0.1009044390E+01
   257    0.1011415894E+01
   258    0.8870951831E+00
   259    0.1353636424E+01
   260    0.1402400938E+01
   261    0.9121539817E+00
   262    0.9808763285E+00
   263    0.1022640419E+01
   264    0.1141101016E+01
   265    0.1145415205E+01
   266    0.1194873491E+01
   267    0.9176670720E+00
   268    0.1041679906E+01
   269    0.7352080223E+00
   270    0.9662170639E+00
   271    0.1345972458E+01
   272    0.1455706320E+01
   273    0.9046325506E+00
   274    0.1054883329E+01
   275    0.1325271228E+01
   276    0.1227759215E+01
   277    0.9786237959E+00
   278    0.1347591332E+01
   279    0.1484301416E+01
   280    0.1388398593E+01
   281    0.1126071694E+01
   282    0.1130306167E+01
   283    0.1250503850E+01
   284    0.1538635325E+01
   285    0.1172718797E+01
   286    0.1166542168E+01
   287    0.1184160654E+01
   288    0.1158448424E+01
   289    0.1128207529E+01
   290    0.1214723880E+01
   291    0.1378757460E+01
   292    0.1297155600E+01
   293    0.1093604336E+01
   294    0.1433067862E+01
   295    0.1048512005E+01
   296    0.1037271851E+01
   297    0.1482601470E+01
   298    0.8528546541E+00
   299    0.8730619840E+00
   300    0.1329380004E+01
   301    0.1379324101E+01
   302    0.1108743457E+01
   303    0.9201976931E+00
   304    0.1401928019E+01
   305    0.1187772396E+01
   306    0.1210319853E+01
   307    0.1045542689E+01
   308    0.1166749301E+01
   309    0.1309916535E+01
   310    0.1002262498E+01
   311    0.9666459739E+00
   312    0.1169774538E+01
   313    0.9384944599E+00
   314    0.1171136222E+01
   315    0.1330528987E+01
   316    0.1003508264E+01
   317    0.8601732812E+00
   318    0.1064101238E+01
   319    0.1150014165E+01
   320    0.1099262695E+01
   321    0.1242612561E+01
   322    0.1246146536E+01
   323    0.9299198859E+00
   324    0.1004526698E+01
   325    0.8360257348E+00
   326    0.8355369979E+00
   327    0.9213955285E+00
   328    0.1223711634E+01
   329    0.6007315242E+00
   330    0.7875419357E+00
   331    0.1016923470E+01
   332    0.5224082129E+00
   333    0.9837672233E+00
   334    0.1239147599E+01
   335    0.1794525687E+01
   336    0.1583695254E+01
   337    0.9292099204E+00
   338    0.5451526783E+00
   339    0.9429207240E+00
   340    0.6934551585E+00
   341    0.6642554629E+00
   342    0.5813976526E+00
   343    0.7770276639E+00
   344    0.1041029541E+01
   345    0.1136861227E+01
   346    0.8305276562E+00
   347    0.7162902268E+00
   348    0.7547548610E+00
   349    0.6374897636E+00
   350    0.7610145197E+00
   351    0.1027630118E+01
   352    0.1398945377E+01
   353    0.8326629169E+00
   354    0.9350014828E+00
   355    0.7692629061E+00
   356    0.6146805808E+00
   357    0.7491124398E+00
   358    0.8207599942E+00
   359    0.8524922531E+00
   360    0.8467458172E+00
   361    0.8805925730E+00
   362    0.6495159338E+00
   363    0.8932354225E+00
   364    0.1025675693E+01
   365    0.5102219907E+00
   366    0.7302781053E+00
   367    0.8416402881E+00
   368    0.8060217859E+00
   369    0.1149911330E+01
   370    0.1063204303E+01
   371    0.7019882172E+00
   372    0.9048093608E+00
   373    0.7210355930E+00
   374    0.9191868480E+00
   375    0.7118878109E+00
   376    0.5502800952E+00
   377    0.5917864748E+00
   378    0.9343714035E+00
   379    0.8039985419E+00
   380    0.5922252053E+00
   381    0.8813667536E+00
   382    0.6004086764E+00
   383    0.9904133055E+00
   384    0.1277681721E+01
   385    0.8790179739E+00
   386    0.8254785662E+00
   387    0.4506490645E+00
   388    0.8057536120E+00
   389    0.8252362836E+00
   390    0.8451833367E+00
   391    0.9531195573E+00
   392    0.1183555647E+01
   393    0.9814156926E+00
   394    0.7744376573E+00
   395    0.7222971244E+00
   396    0.5410903756E+00
   397    0.9115237994E+00
   398    0.7734253975E+00
   399    0.1089329890E+01
   400    0.5213127099E+00
   401    0.6397993198E+00
   402    0.1138391085E+01
   403    0.1072138523E+01
   404    0.6707869227E+00
   405    0.8966148047E+00
   406    0.7740464572E+00
   407    0.8998730384E+00
   408    0.9499106766E+00
   409    0.1268706779E+01
   410    0.1068198346E+01
   411    0.1230373518E+01
   412    0.1082974477E+01
   413    0.9338903334E+00
   414    0.9782793033E+00
   415    0.1259597066E+01
   416    0.5487789751E+00
   417    0.7362314117E+00
   418    0.1002292871E+01
   419    0.1057002284E+01
   420    0.1059844850E+01
   421    0.1036642370E+01
   422    0.1130959489E+01
   423    0.1314799003E+01
   424    0.1086983688E+01
   425    0.7299452281E+00
   426    0.8898345693E+00
   427    0.1265605225E+01
   428    0.1561692538E+01
   429    0.1366279069E+01
   430    0.1334102659E+01
   431    0.1496006647E+01
   432    0.1152216061E+01
   433    0.1050837933E+01
   434    0.1239020152E+01
   435    0.1033038502E+01
   436    0.1066645774E+01
   437    0.1467295839E+01
   438    0.1346857051E+01
   439    0.9151355484E+00
   440    0.7981945814E+00
   441    0.6894321919E+00
   442    0.1034535182E+01
   443    0.1067953465E+01
   444    0.1294079105E+01
   445    0.1279979535E+01
   446    0.1196687337E+01
   447    0.1190976676E+01
   448    0.1582440527E+01
   449    0.1627778068E+01
   450    0.1416019249E+01
   451    0.1322533596E+01
   452    0.1358094792E+01
   453    0.1066829207E+01
   454    0.7706979086E+00
   455    0.8142197812E+00
   456    0.1364801829E+01
   457    0.1230924251E+01
   458    0.1081709392E+01
   459    0.1207551032E+01
   460    0.9579404569E+00
   461    0.1150950746E+01
   462    0.1177330319E+01
   463    0.1279408195E+01
   464    0.1256436355E+01
   465    0.1126510140E+01
   466    0.7558621191E+00
   467    0.9682025273E+00
   468    0.1427273165E+01
   469    0.1108748223E+01
   470    0.1035795974E+01
   471    0.1182314338E+01
   472    0.1107711901E+01
   473    0.1169804564E+01
   474    0.1204826355E+01
   475    0.1159813717E+01
   476    0.1151422946E+01
   477    0.1039910045E+01
   478    0.1150932797E+01
   479    0.6476839096E+00
   480    0.7581446199E+00
   481    0.1235145993E+01
   482    0.1367815806E+01
   483    0.9590409213E+00
   484    0.1030964596E+01
   485    0.9421046995E+00
   486    0.8899537528E+00
   487    0.9753906552E+00
   488    0.5906272361E+00
   489    0.9978748662E+00
   490    0.8944380707E+00
   491    0.6852284096E+00
   492    0.9537622245E+00
   493    0.9343654994E+00
   494    0.9875639771E+00
   495    0.9769487086E+00
   496    0.1011196015E+01
   497    0.1253753689E+01
   498    0.1303746283E+01
   499    0.6600998583E+00
   500    0.6806020897E+00
   501    0.7122123914E+00
   502    0.8589173490E+00
   503    0.1190378593E+01
   504    0.9325641687E+00
   505    0.1068821299E+01
   506    0.6731341509E+00
   507    0.9728537617E+00
   508    0.5739209244E+00
   509    0.9895621781E+00
   510    0.7892593424E+00
   511    0.8080670007E+00
   512    0.4996086547E+00
   513    0.8752134721E+00
   514    0.7778130271E+00
   515    0.6123141437E+00
   516    0.7884215755E+00
   517    0.1050586791E+01
   518    0.7490174607E+00
   519    0.5947522167E+00
   520    0.4718803057E+00
   521    0.9421360959E+00
   522    0.1021709476E+01
   523    0.1102444575E+01
   524    0.1259213033E+01
   525    0.8656338305E+00
   526    0.7101466506E+00
   527    0.9338447212E+00
   528    0.8505943096E+00
   529    0.6851525681E+00
   530    0.7267554552E+00
   531    0.7980716441E+00
   532    0.1191054195E+01
   533    0.9028630287E+00
   534    0.1004556595E+01
   535    0.8452031434E+00
   536    0.7983616263E+00
   537    0.7691849995E+00
   538    0.6182851855E+00
   539    0.6810515292E+00
   540    0.5318291174E+00
   541    0.7656351976E+00
   542    0.9775536774E+00
   543    0.1212778937E+01
   544    0.1007608510E+01
   545    0.9137539612E+00
   546    0.8747563698E+00
   547    0.7999794748E+00
   548    0.7149238543E+00
   549    0.8465027902E+00
   550    0.1164233322E+01
   551    0.1021697971E+01
   552    0.9255302574E+00
   553    0.8505498223E+00
   554    0.9626255033E+00
   555    0.6308294224E+00
   556    0.6784506474E+00
   557    0.1087857743E+01
   558    0.8575816067E+00
   559    0.1095907174E+01
   560    0.9754049914E+00
   561    0.1022988889E+01
   562    0.6777529972E+00
   563    0.8486903448E+00
   564    0.1111530272E+01
   565    0.9633260347E+00
   566    0.6824264586E+00
   567    0.1150490992E+01
   568    0.9471073464E+00
   569    0.7009185311E+00
   570    0.1043036796E+01
   571    0.8067130558E+00
   572    0.8754924571E+00
   573    0.8749438378E+00
   574    0.8638142279E+00
   575    0.1040947005E+01
   576    0.1319106875E+01
   577    0.1239732521E+01
   578    0.7319737891E+00
   579    0.9241444066E+00
   580    0.9926040766E+00
   581    0.9186786223E+00
   582    0.1056536587E+01
   583    0.1269971294E+01
   584    0.1110686502E+01
   585    0.1021405049E+01
   586    0.1352990468E+01
   587    0.1172392379E+01
   588    0.1067895998E+01
   589    0.1340400228E+01
   590    0.1265469723E+01
   591    0.1255322231E+01
   592    0.1341857447E+01
   593    0.9775696430E+00
   594    0.1181927010E+01
   595    0.1259560824E+01
   596    0.1163992762E+01
   597    0.1119662933E+01
   598    0.8296752196E+00
   599    0.1491977988E+01
   600    0.1232803144E+01
   601    0.1201572589E+01
   602    0.1237028915E+01
   603    0.1114052022E+01
   604    0.1279024612E+01
   605    0.1294226692E+01
   606    0.8522752185E+00
   607    0.1206407259E+01
   608    0.1039759343E+01
   609    0.9698879287E+00
   610    0.1151011120E+01
   611    0.1172275945E+01
   612    0.8612168414E+00
   613    0.1072365243E+01
   614    0.1533857137E+01
   615    0.1444241302E+01
   616    0.1383709097E+01
   617    0.1300795367E+01
   618    0.1013868439E+01
   619    0.1451297608E+01
   620    0.1305622521E+01
   621    0.1228145582E+01
   622    0.1155683111E+01
   623    0.7643877610E+00
   624    0.8129411085E+00
   625    0.1296077145E+01
   626    0.1136095711E+01
   627    0.1054004102E+01
   628    0.1087780866E+01
   629    0.1271303643E+01
   630    0.1389821025E+01
   631    0.9343326889E+00
   632    0.8979951408E+00
   633    0.9146627519E+00
   634    0.1247998997E+01
   635    0.9845003576E+00
   636    0.5961217861E+00
   637    0.1077151252E+01
   638    0.1247278454E+01
   639    0.1004341100E+01
   640    0.1255054542E+01
   641    0.1107521123E+01
   642    0.6848590236E+00
   643    0.1023643184E+01
   644    0.1144453732E+01
   645    0.1067106794E+01
   646    0.8452060565E+00
   647    0.9131683604E+00
   648    0.1233115758E+01
   649    0.9036544566E+00
   650    0.7243264637E+00
   651    0.7286576093E+00
   652    0.1106832978E+01
   653    0.1272673924E+01
   654    0.8298395183E+00
   655    0.9127184693E+00
   656    0.9347601962E+00
   657    0.8692445746E+00
   658    0.1249916019E+01
   659    0.1061071770E+01
   660    0.7117904026E+00
   661    0.8266467207E+00
   662    0.1136718091E+01
   663    0.8138336275E+00
   664    0.6489180884E+00
   665    0.8122557325E+00
   666    0.8987044038E+00
   667    0.9285403814E+00
   668    0.1045654973E+01
   669    0.5418961053E+00
   670    0.8787602531E+00
   671    0.1123362302E+01
   672    0.9293301800E+00
   673    0.7918536920E+00
   674    0.6177054847E+00
   675    0.1352211936E+01
   676    0.8871322097E+00
   677    0.7581619220E+00
   678    0.7274722464E+00
   679    0.8773475480E+00
   680    0.9031610164E+00
   681    0.8195553110E+00
   682    0.7618398357E+00
   683    0.5441724644E+00
   684    0.8789473694E+00
   685    0.5980339294E+00
   686    0.7174899182E+00
   687    0.8114471628E+00
   688    0.8962973366E+00
   689    0.1039865695E+01
   690    0.8952741244E+00
   691    0.9209894220E+00
   692    0.8716338916E+00
   693    0.6801691908E+00
   694    0.8451672167E+00
   695    0.9630686725E+00
   696    0.5937852755E+00
   697    0.6023470405E+00
   698    0.7126489142E+00
   699    0.6972991759E+00
   700    0.8665224783E+00
   701    0.9478713812E+00
   702    0.9380098278E+00
   703    0.7688392013E+00
   704    0.8119065810E+00
   705    0.9439563376E+00
   706    0.8297160859E+00
   707    0.8602211453E+00
   708    0.1366953019E+01
   709    0.1442398583E+01
   710    0.7343104176E+00
   711    0.6962399298E+00
   712    0.6045449597E+00
   713    0.8627142383E+00
   714    0.1050451795E+01
   715    0.8821147872E+00
   716    0.9062402038E+00
   717    0.1024121892E+01
   718    0.9377076854E+00
   719    0.7065177329E+00
   720    0.7078234185E+00
   721    0.9766858475E+00
   722    0.1112856235E+01
   723    0.1055831878E+01
   724    0.8721845402E+00
   725    0.7735398603E+00
   726    0.6603152029E+00
   727    0.1132156421E+01
   728    0.1044668239E+01
   729    0.1039924123E+01
   730    0.1045858761E+01
   731    0.9134910673E+00
   732    0.7279986341E+00
   733    0.8324196876E+00
   734    0.1100307617E+01
   735    0.1268390961E+01
   736    0.1112435811E+01
   737    0.1182464756E+01
   738    0.1065602943E+01
   739    0.1678145874E+01
   740    0.1229529356E+01
   741    0.9342635471E+00
   742    0.5078381348E+00
   743    0.1165128339E+01
   744    0.1644789553E+01
   745    0.1610627649E+01
   746    0.1325642170E+01
   747    0.6317610114E+00
   748    0.6311842483E+00
   749    0.1182375712E+01
   750    0.1648050784E+01
   751    0.1193467280E+01
   752    0.1084275074E+01
   753    0.1172710419E+01
   754    0.1016483445E+01
   755    0.1084439273E+01
   756    0.1218490195E+01
   757    0.1057030838E+01
   758    0.1211577748E+01
   759    0.1512287763E+01
   760    0.9549470497E+00
   761    0.1286635224E+01
   762    0.1605548154E+01
   763    0.1059527138E+01
   764    0.1001721490E+01
   765    0.1242903540E+01
   766    0.1297516625E+01
   767    0.1341725734E+01
   768    0.1078557209E+01
   769    0.1043641888E+01
   770    0.9491028891E+00
   771    0.7829488691E+00
   772    0.9642530232E+00
   773    0.1286490388E+01
   774    0.1289993822E+01
   775    0.9666245576E+00
   776    0.1282684370E+01
   777    0.1223905700E+01
   778    0.1089050194E+01
   779    0.1175336603E+01
   780    0.1016431230E+01
   781    0.9901359220E+00
   782    0.1249315717E+01
   783    0.1085832999E+01
   784    0.1055697729E+01
   785    0.9307354513E+00
   786    0.1056285874E+01
   787    0.9080446493E+00
   788    0.1215393873E+01
   789    0.9775422154E+00
   790    0.8537521066E+00
   791    0.1039414760E+01
   792    0.1290932105E+01
   793    0.1238432786E+01
   794    0.9126048369E+00
   795    0.1034365075E+01
   796    0.7569177010E+00
   797    0.9235251876E+00
   798    0.1167843621E+01
   799    0.1201305872E+01
   800    0.1025779702E+01
   801    0.6983546587E+00
   802    0.9938280229E+00
   803    0.1215316280E+01
   804    0.8060853014E+00
   805    0.8480272648E+00
   806    0.8808893082E+00
   807    0.1107242647E+01
   808    0.1124865894E+01
   809    0.1120822617E+01
   810    0.1093682267E+01
   811    0.6240108773E+00
   812    0.7514050231E+00
   813    0.1019644855E+01
   814    0.9951082429E+00
   815    0.1080782925E+01
   816    0.1060751348E+01
   817    0.6721115700E+00
   818    0.6387723950E+00
   819    0.1037270822E+01
   820    0.1198567822E+01
   821    0.1096027633E+01
   822    0.8865711119E+00
   823    0.9220503209E+00
   824    0.8135435961E+00
   825    0.9931320358E+00
   826    0.8888817339E+00
   827    0.5953785692E+00
   828    0.9220755028E+00
   829    0.1090110416E+01
   830    0.1104312323E+01
   831    0.6598214569E+00
   832    0.6286855482E+00
   833    0.5714152768E+00
   834    0.5411877601E+00
   835    0.8751581590E+00
   836    0.9407721792E+00
   837    0.8362987535E+00
   838    0.1037836490E+01
   839    0.7753702831E+00
   840    0.9046566016E+00
   841    0.5252809579E+00
   842    0.7324413716E+00
   843    0.9848473579E+00
   844    0.1142930502E+01
   845    0.1063394297E+01
   846    0.1169603719E+01
   847    0.1061020364E+01
   848    0.1104632231E+01
   849    0.7235991476E+00
   850    0.8298767720E+00
   851    0.8380267181E+00
   852    0.7363379009E+00
   853    0.8455701355E+00
   854    0.1056785283E+01
   855    0.6873261320E+00
   856    0.6891708502E+00
   857    0.9456913453E+00
   858    0.1010878556E+01
   859    0.9321393112E+00
   860    0.6257244238E+00
   861    0.8194503455E+00
   862    0.1105316680E+01
   863    0.7752852184E+00
   864    0.9087950872E+00
   865    0.1095289477E+01
   866    0.9666881071E+00
   867    0.9260993828E+00
   868    0.8659159650E+00
   869    0.9530479721E+00
   870    0.1086140406E+01
   871    0.8145620375E+00
   872    0.9225179975E+00
   873    0.1009810730E+01
   874    0.8211590114E+00
   875    0.1023983688E+01
   876    0.1018583838E+01
   877    0.1173083455E+01
   878    0.1231703943E+01
   879    0.1231660509E+01
   880    0.1032795451E+01
   881    0.1107972770E+01
   882    0.8007725219E+00
   883    0.8040360639E+00
   884    0.7687781099E+00
   885    0.7580517433E+00
   886    0.1050449048E+01
   887    0.1234175748E+01
   888    0.1262504545E+01
   889    0.8741902835E+00
   890    0.1039166435E+01
   891    0.9183508029E+00
   892    0.7245854950E+00
   893    0.5815308270E+00
   894    0.1087658782E+01
   895    0.8510823698E+00
   896    0.1130453892E+01
   897    0.1378290012E+01
   898    0.1126152137E+01
   899    0.1291271483E+01
   900    0.1468894699E+01
   901    0.1290420088E+01
   902    0.7366316647E+00
   903    0.8235380538E+00
   904    0.1072896187E+01
   905    0.1396958711E+01
   906    0.1068280797E+01
   907    0.1159073156E+01
   908    0.1704339481E+01
   909    0.1066319785E+01
   910    0.9538514747E+00
   911    0.1029233007E+01
   912    0.8649555639E+00
   913    0.9953804602E+00
   914    0.1123829893E+01
   915    0.1525552840E+01
   916    0.1318527756E+01
   917    0.1193464748E+01
   918    0.8591996255E+00
   919    0.1116722941E+01
   920    0.8811063555E+00
   921    0.6744092487E+00
   922    0.7394120272E+00
   923    0.1191910506E+01
   924    0.1433587797E+01
   925    0.1433682555E+01
   926    0.1340929939E+01
   927    0.7770834830E+00
   928    0.6788844889E+00
   929    0.9850496801E+00
   930    0.1224111856E+01
   931    0.8517301783E+00
   932    0.9132931865E+00
   933    0.9088617902E+00
   934    0.1081528559E+01
   935    0.1244810918E+01
   936    0.1286916193E+01
   937    0.1067023328E+01
   938    0.9735853813E+00
   939    0.7672540298E+00
   940    0.9113756657E+00
   941    0.8359758138E+00
   942    0.9072932000E+00
   943    0.1277785543E+01
   944    0.7944408357E+00
   945    0.7874612438E+00
   946    0.7855264288E+00
   947    0.9188910630E+00
   948    0.9172285992E+00
   949    0.9131699046E+00
   950    0.1075563790E+01
   951    0.1241730930E+01
   952    0.1296617506E+01
   953    0.1012563061E+01
   954    0.8694863827E+00
   955    0.9490073348E+00
   956    0.1339109238E+01
   957    0.1261837650E+01
   958    0.1107245800E+01
   959    0.8251431089E+00
   960    0.5983445089E+00
   961    0.5341128689E+00
   962    0.9252147289E+00
   963    0.7097909797E+00
   964    0.6859528046E+00
   965    0.8865161253E+00
   966    0.9677637285E+00
   967    0.7820154008E+00
   968    0.1229993995E+01
   969    0.1251362996E+01
   970    0.8071766162E+00
   971    0.1135967491E+01
   972    0.9692101666E+00
   973    0.9098528898E+00
   974    0.9984264912E+00
   975    0.1043296125E+01
   976    0.9975995040E+00
   977    0.7425665749E+00
   978    0.6850846719E+00
   979    0.7278431347E+00
   980    0.7206897438E+00
   981    0.8033224502E+00
   982    0.7748496685E+00
   983    0.7865028983E+00
   984    0.7915941745E+00
   985    0.8479169148E+00
   986    0.8314205429E+00
   987    0.9878638463E+00
   988    0.9977950351E+00
   989    0.8991687474E+00
   990    0.8256338359E+00
   991    0.1005588823E+01
   992    0.9421224193E+00
   993    0.1089785548E+01
   994    0.1075799877E+01
   995    0.1075874466E+01
   996    0.1143780353E+01
   997    0.1168518465E+01
   998    0.1138461507E+01
   999    0.9613969262E+00
  1000    0.8218940701E+00
  1001    0.7370944925E+00
  1002    0.9193151583E+00
  1003    0.1210117566E+01
  1004    0.1253749371E+01
  1005    0.1180551514E+01
  1006    0.9619252499E+00
  1007    0.1008154103E+01
  1008    0.1078018652E+01
  1009    0.1013962838E+01
  1010    0.9704188527E+00
  1011    0.9779366947E+00
  1012    0.1013556748E+01
  1013    0.1051991194E+01
  1014    0.9444083384E+00
  1015    0.8969182153E+00
  1016    0.8501527279E+00
  1017    0.8719387590E+00
  1018    0.8464535630E+00
  1019    0.8307511368E+00
  1020    0.8172692107E+00
  1021    0.8853360729E+00
  1022    0.9553585567E+00
  1023    0.9208246759E+00
  1024    0.8559615286E+00
  1025    0.7922943889E+00
  1026    0.1047549843E+01
  1027    0.1125104465E+01
  1028    0.8375602931E+00
  1029    0.8172015429E+00
  1030    0.7745076543E+00
  1031    0.7344063433E+00
  1032    0.8253568595E+00
  1033    0.8602671602E+00
  1034    0.1014580911E+01
  1035    0.1071171873E+01
  1036    0.9043973849E+00
  1037    0.8549714221E+00
  1038    0.9029000927E+00
  1039    0.1125841268E+01
  1040    0.1229445663E+01
  1041    0.1123417348E+01
  1042    0.9831470060E+00
  1043    0.8964123962E+00
  1044    0.1085276296E+01
  1045    0.1213601322E+01
  1046    0.1140193491E+01
  1047    0.1025911512E+01
  1048    0.1020560198E+01
  1049    0.1016112744E+01
  1050    0.9947989323E+00
  1051    0.8409237351E+00
  1052    0.8867748013E+00
  1053    0.8232213890E+00
  1054    0.1063453564E+01
  1055    0.1019029504E+01
  1056    0.8554753027E+00
  1057    0.8093218794E+00
  1058    0.7948999832E+00
  1059    0.8343596294E+00
  1060    0.9797111693E+00
  1061    0.9405244859E+00
  1062    0.1002150761E+01
  1063    0.1169267583E+01
  1064    0.1158644417E+01
  1065    0.1009888567E+01
  1066    0.9843795391E+00
  1067    0.1025207077E+01
  1068    0.1069733133E+01
  1069    0.1057907568E+01
  1070    0.1041881490E+01
  1071    0.1039194977E+01
  1072    0.1021869836E+01
  1073    0.9896756724E+00
  1074    0.9772346940E+00
  1075    0.1022671436E+01
  1076    0.1134123954E+01
  1077    0.1203242839E+01
  1078    0.1098655640E+01
  1079    0.9829044438E+00
  1080    0.8888969031E+00
  1081    0.8544754819E+00
  1082    0.9015661253E+00
  1083    0.1015183982E+01
  1084    0.9803488662E+00
  1085    0.9120078820E+00
  1086    0.1004823065E+01
  1087    0.1137654117E+01
  1088    0.1122246661E+01
  1089    0.1041190275E+01
  1090    0.1040693050E+01
  1091    0.1074036039E+01
  1092    0.1091208058E+01
  1093    0.1140675500E+01
  1094    0.1185820959E+01
  1095    0.1184422095E+01
  1096    0.1184346756E+01
  1097    0.1208654550E+01
  1098    0.1164155706E+01
  1099    0.1050558979E+01
  1100    0.9882532349E+00
  1101    0.9471174894E+00
  1102    0.9465921606E+00
  1103    0.1008898178E+01
  1104    0.1042373391E+01
  1105    0.9740040127E+00
  1106    0.8894715408E+00
  1107    0.8769518096E+00
  1108    0.9215654296E+00
  1109    0.9852226628E+00
  1110    0.9877755323E+00
  1111    0.9387546041E+00
  1112    0.9260405607E+00
  1113    0.9530166421E+00
  1114    0.9761372676E+00
  1115    0.9659733010E+00
  1116    0.9179202644E+00
  1117    0.8827555147E+00
  1118    0.8845727301E+00
  1119    0.8552322396E+00
  1120    0.8253834131E+00
  1121    0.8780337363E+00
  1122    0.9463059978E+00
  1123    0.9852593008E+00
  1124    0.1003154268E+01
  1125    0.1029478278E+01
  1126    0.1000209165E+01
  1127    0.9635425940E+00
  1128    0.9970469883E+00
  1129    0.1044296488E+01
  1130    0.1022630810E+01
  1131    0.9363112756E+00
  1132    0.8520527463E+00
  1133    0.8362988951E+00
  1134    0.8668566686E+00
  1135    0.9157978661E+00
  1136    0.9556563279E+00
  1137    0.9486857471E+00
  1138    0.9337871482E+00
  1139    0.9834667699E+00
  1140    0.9945053655E+00
  1141    0.9350121531E+00
  1142    0.8611395821E+00
  1143    0.8621449477E+00
  1144    0.9265600237E+00
  1145    0.9867794785E+00
  1146    0.9901422387E+00
  1147    0.9611084203E+00
  1148    0.9472492368E+00
  1149    0.9623982051E+00
  1150    0.1006981338E+01
  1151    0.1050584599E+01
  1152    0.1051748265E+01
  1153    0.1056544954E+01
  1154    0.1102476938E+01
  1155    0.1105354931E+01
  1156    0.1044425701E+01
  1157    0.9659759575E+00
  1158    0.9612339650E+00
  1159    0.9836916291E+00
  1160    0.9517564092E+00
  1161    0.9587221827E+00
  1162    0.9831985019E+00
  1163    0.9423291274E+00
  1164    0.8950481730E+00
  1165    0.8895004776E+00
  1166    0.9250139817E+00
  1167    0.1009919864E+01
  1168    0.1092895768E+01
  1169    0.1124893054E+01
  1170    0.1155486344E+01
  1171    0.1143987257E+01
  1172    0.1104778432E+01
  1173    0.1190346103E+01
  1174    0.1190586126E+01
  1175    0.1077544023E+01
  1176    0.1012180358E+01
  1177    0.1008237615E+01
  1178    0.1026333694E+01
  1179    0.1048655030E+01
  1180    0.1068631471E+01
  1181    0.1103897277E+01
  1182    0.1121353218E+01
  1183    0.1023579947E+01
  1184    0.9293719811E+00
  1185    0.9234027351E+00
  1186    0.9256653972E+00
  1187    0.9349873466E+00
  1188    0.9794687137E+00
  1189    0.1014737684E+01
  1190    0.9780811253E+00
  1191    0.9510307763E+00
  1192    0.9859334673E+00
  1193    0.1022659286E+01
  1194    0.1015021391E+01
  1195    0.9897081653E+00
  1196    0.9592980998E+00
  1197    0.9372718567E+00
  1198    0.9540598372E+00
  1199    0.9861931110E+00
  1200    0.1004395048E+01
  1201    0.1000278459E+01
  1202    0.9698720967E+00
  1203    0.9250301282E+00
  1204    0.9107913289E+00
  1205    0.9330338764E+00
  1206    0.9648086588E+00
  1207    0.1004907742E+01
  1208    0.1014892241E+01
  1209    0.9776685700E+00
  1210    0.9666111960E+00
  1211    0.1006107111E+01
  1212    0.1061418609E+01
  1213    0.1059534495E+01
  1214    0.1020990599E+01
  1215    0.9659298289E+00
  1216    0.9320682590E+00
  1217    0.9569890138E+00
  1218    0.9992557938E+00
  1219    0.1007658055E+01
  1220    0.1021164522E+01
  1221    0.1017919113E+01
  1222    0.9751832017E+00
  1223    0.9557787950E+00
  1224    0.9787739859E+00
  1225    0.1005496230E+01
  1226    0.9878576021E+00
  1227    0.9634650424E+00
  1228    0.9840976243E+00
  1229    0.1051362100E+01
  1230    0.1088324916E+01
  1231    0.1096722183E+01
  1232    0.1142200868E+01
  1233    0.1212671576E+01
  1234    0.1185050117E+01
  1235    0.1061395935E+01
  1236    0.9915653852E+00
  1237    0.9768429276E+00
  1238    0.1002110839E+01
  1239    0.1019203990E+01
  1240    0.1007197552E+01
  1241    0.9944865575E+00
  1242    0.9960101020E+00
  1243    0.1007817570E+01
  1244    0.1010605496E+01
  1245    0.1010924784E+01
  1246    0.1024568198E+01
  1247    0.1037265842E+01
  1248    0.1024647957E+01
  1249    0.9996431644E+00
  1250    0.9836425210E+00
  1251    0.9872132024E+00
  1252    0.1004556645E+01
  1253    0.1012698117E+01
  1254    0.1010986887E+01
  1255    0.1008359054E+01
  1256    0.1007240143E+01
  1257    0.9999812640E+00
  1258    0.9953109861E+00
  1259    0.1002814645E+01
  1260    0.1018341250E+01
  1261    0.1027696211E+01
  1262    0.1020581657E+01
  1263    0.1002313872E+01
  1264    0.1001176446E+01
  1265    0.1019812757E+01
  1266    0.1018468375E+01
  1267    0.9896819783E+00
  1268    0.9695821731E+00
  1269    0.9860343788E+00
  1270    0.1035188486E+01
  1271    0.1065819787E+01
  1272    0.1045158207E+01
  1273    0.1007802633E+01
  1274    0.9865321444E+00
  1275    0.9848583101E+00
  1276    0.1003632649E+01
  1277    0.1029364368E+01
  1278    0.1028569726E+01
  1279    0.1005751247E+01
  1280    0.1000592450E+01
  1281    0.1013256666E+01
  1282    0.1010554052E+01
  1283    0.9922035749E+00
  1284    0.9938243162E+00
  1285    0.1014277588E+01
  1286    0.1022491031E+01
  1287    0.1004407223E+01
  1288    0.9819130450E+00
  1289    0.9780138982E+00
  1290    0.9975092023E+00
  1291    0.1018709799E+01
  1292    0.1017107213E+01
  1293    0.1009143140E+01
  1294    0.1000008957E+01
  1295    0.9853115367E+00
  1296    0.9890746839E+00
  1297    0.1009045418E+01
  1298    0.1012085016E+01
  1299    0.9918222108E+00
  1300    0.9797762364E+00
  1301    0.9909471272E+00
  1302    0.1013415735E+01
  1303    0.1019391892E+01
  1304    0.1010087148E+01
  1305    0.9992452344E+00
  1306    0.9910153270E+00
  1307    0.9936394637E+00
  1308    0.9997276603E+00
  1309    0.9940033482E+00
  1310    0.9925845992E+00
  1311    0.1003918368E+01
  1312    0.1005992564E+01
  1313    0.9918238393E+00
  1314    0.9817006946E+00
  1315    0.9910262960E+00
  1316    0.1008019784E+01
  1317    0.1005822175E+01
  1318    0.9909491193E+00
  1319    0.9841663811E+00
  1320    0.9897826940E+00
  1321    0.1002458333E+01
  1322    0.1008343864E+01
  1323    0.1002096096E+01
  1324    0.9923561997E+00
  1325    0.9927882316E+00
  1326    0.1003263675E+01
  1327    0.1004540430E+01
  1328    0.9909854589E+00
  1329    0.9823565442E+00
  1330    0.9898289489E+00
  1331    0.1006707038E+01
  1332    0.1012069212E+01
  1333    0.9983372200E+00
  1334    0.9870339297E+00
  1335    0.9875194604E+00
  1336    0.9957947884E+00
  1337    0.1005734504E+01
  1338    0.1007405234E+01
  1339    0.1000094998E+01
  1340    0.9948401052E+00
  1341    0.9933767321E+00
  1342    0.9952278551E+00
  1343    0.9995263204E+00
  1344    0.1000275518E+01
  1345    0.9960963872E+00
  1346    0.9949901110E+00
  1347    0.1000718931E+01
  1348    0.1004439932E+01
  1349    0.1002212425E+01
  1350    0.1000762229E+01
  1351    0.1002300946E+01
  1352    0.1001030645E+01
  1353    0.9973972863E+00
  1354    0.9957301692E+00
  1355    0.9964670128E+00
  1356    0.9997001338E+00
  1357    0.1003442172E+01
  1358    0.1002088729E+01
  1359    0.9987013446E+00
  1360    0.9986861286E+00
  1361    0.1002242903E+01
  1362    0.1007212217E+01
  1363    0.1005935731E+01
  1364    0.1001715368E+01
  1365    0.1001024119E+01
  1366    0.1001217028E+01
  1367    0.1001676691E+01
  1368    0.1003771464E+01
  1369    0.1005331634E+01
  1370    0.1004878132E+01
  1371    0.1004949008E+01
  1372    0.1006185518E+01
  1373    0.1007161554E+01
  1374    0.1007897588E+01
  1375    0.1007428939E+01
  1376    0.1006604684E+01
  1377    0.1006442990E+01
  1378    0.1007525722E+01
  1379    0.1007758650E+01
  1380    0.1006157174E+01
  1381    0.1005225182E+01
  1382    0.1006905049E+01
  1383    0.1008775613E+01
  1384    0.1008077192E+01
  1385    0.1006709975E+01
  1386    0.1007423532E+01
  1387    0.1008597799E+01
  1388    0.1007444878E+01
  1389    0.1007263679E+01
  1390    0.1010660222E+01
  1391    0.1011815875E+01
  1392    0.1008955958E+01
  1393    0.1006649617E+01
  1394    0.1006670236E+01
  1395    0.1008629926E+01
  1396    0.1011279825E+01
  1397    0.1010929464E+01
  1398    0.1008047685E+01
  1399    0.1007491858E+01
  1400    0.1009850650E+01
  1401    0.1010662281E+01
  1402    0.1008403695E+01
  1403    0.1008193322E+01
  1404    0.1009918807E+01
  1405    0.1010843924E+01
  1406    0.1009869038E+01
  1407    0.1008146221E+01
  1408    0.1008039590E+01
  1409    0.1008511121E+01
  1410    0.1008630433E+01
  1411    0.1010183981E+01
  1412    0.1010971390E+01
  1413    0.1008337666E+01
  1414    0.1006293215E+01
  1415    0.1006727603E+01
  1416    0.1006710032E+01
  1417    0.1005353079E+01
  1418    0.1003695512E+01
  1419    0.1002106473E+01
  1420    0.1000857688E+01
  1421    0.1000253186E+01
  1422    0.1000064149E+01
  1423    0.1000016036E+01
  1424    0.1000004009E+01
  1425    0.1000001002E+01
  1426    0.1000000251E+01
  1427    0.1000000063E+01
  1428    0.1000000016E+01
  1429    0.1000000004E+01
  1430    0.1000000001E+01
  1431    0.1000000000E+01
  1432    0.1000000000E+01
  1433    0.1000000000E+01
  1434    0.1000000000E+01
  1435    0.1000000000E+01
  1436    0.1000000000E+01
  1437    0.1000000000E+01
  1438    0.1000000000E+01
  1439    0.1000000000E+01
  1440    0.1000000000E+01
  1441    0.1000000000E+01
  1442    0.1000000000E+01
  1443    0.1000000000E+01
  1444    0.1000000000E+01
  1445    0.1000000000E+01
  1446    0.1000000000E+01
  1447    0.1000000000E+01
  1448    0.1000000000E+01
  1449    0.1000000000E+01
  1450    0.1000000000E+01
  1451    0.1000000000E+01
  1452    0.1000000000E+01
  1453    0.1000000000E+01
  1454    0.1000000000E+01
  1455    0.1000000000E+01
  1456    0.1000000000E+01
  1457    0.1000000000E+01
  1458    0.1000000000E+01
  1459    0.1000000000E+01
  1460    0.1000000000E+01
  1461    0.1000000000E+01
  1462    0.1000000000E+01
  1463    0.1000000000E+01
  1464    0.1000000000E+01
  1465    0.1000000000E+01
  1466    0.1000000000E+01
  1467    0.1000000000E+01
  1468    0.1000000000E+01
  1469    0.1000000000E+01
  1470    0.1000000000E+01
  1471    0.1000000000E+01
  1472    0.1000000000E+01
  1473    0.1000000000E+01
  1474    0.1000000000E+01
  1475    0.1000000000E+01
  1476    0.1000000000E+01
  1477    0.1000000000E+01
  1478    0.1000000000E+01
  1479    0.1000000000E+01
  1480    0.1000000000E+01
  1481    0.1000000000E+01
  1482    0.1000000000E+01
  1483    0.1000000000E+01
  1484    0.1000000000E+01
  1485    0.1000000000E+01
  1486    0.1000000000E+01
  1487    0.1000000000E+01
  1488    0.1000000000E+01
  1489    0.1000000000E+01
  1490    0.1000000000E+01
  1491    0.1000000000E+01
  1492    0.1000000000E+01
  1493    0.1000000000E+01
  1494    0.1000000000E+01
  1495    0.1000000000E+01
  1496    0.1000000000E+01
  1497    0.1000000000E+01
  1498    0.1000000000E+01
  1499    0.1000000000E+01
  1500    0.8337500000E+00
  1501    0.1662500000E+00
  1502    0.0000000000E+00
