    -1    0.0000000000E+00
     0    0.2809211345E+00
     1    0.1588470412E+01
     2    0.1422047238E+01
     3    0.1479273992E+01
     4    0.1596078586E+01
     5    0.1379909461E+01
     6    0.1129823970E+01
     7    0.1522326884E+01
     8    0.1334123450E+01
     9    0.1117858467E+01
    10    0.1531107854E+01
    11    0.1231598936E+01
    12    0.1095066443E+01
    13    0.1521513047E+01
    14    0.1257689896E+01
    15    0.1186824167E+01
    16    0.1129933467E+01
    17    0.1337723546E+01
    18    0.1471524178E+01
    19    0.1410318158E+01
    20    0.1047477223E+01
    21    0.1151138619E+01
    22    0.1097522671E+01
    23    0.1774806575E+01
    24    0.1318391509E+01
    25    0.9751162171E+00
    26    0.1035234936E+01
    27    0.9308446109E+00
    28    0.7614399162E+00
    29    0.1118971160E+01
    30    0.1143048618E+01
    31    0.7333371285E+00
    32    0.9175977365E+00
    33    0.8125794540E+00
    34    0.9859683590E+00
    35    0.9660779330E+00
    36    0.8736155634E+00
    37    0.7674520257E+00
    38    0.1048304199E+01
    39    0.8105755439E+00
    40    0.7316998029E+00
    41    0.7274224049E+00
    42    0.7326047766E+00
    43    0.7647257045E+00
    44    0.7312160326E+00
    45    0.8965629986E+00
    46    0.4982371857E+00
    47    0.5376513715E+00
    48    0.8487096511E+00
    49    0.6462564151E+00
    50    0.5667946880E+00
    51    0.6368901296E+00
    52    0.6527297341E+00
    53    0.6694802738E+00
    54    0.6963166644E+00
    55    0.5621132321E+00
    56    0.7539293420E+00
    57    0.7022336635E+00
    58    0.6271990205E+00
    59    0.5186792333E+00
    60    0.5525165885E+00
    61    0.5404961876E+00
    62    0.7418593111E+00
    63    0.5994861052E+00
    64    0.4188270699E+00
    65    0.5042331715E+00
    66    0.5411164767E+00
    67    0.5860887844E+00
    68    0.5585867965E+00
    69    0.5380226785E+00
    70    0.6569890908E+00
    71    0.4220243451E+00
    72    0.3963283756E+00
    73    0.6618339245E+00
    74    0.6417615482E+00
    75    0.5924013475E+00
    76    0.4830968387E+00
    77    0.3916609286E+00
    78    0.4389429477E+00
    79    0.4602858998E+00
    80    0.4091963467E+00
    81    0.5548323609E+00
    82    0.5796436560E+00
    83    0.4752023272E+00
    84    0.4852805557E+00
    85    0.7074124858E+00
    86    0.7315426158E+00
    87    0.5278500826E+00
    88    0.7012949911E+00
    89    0.7470124503E+00
    90    0.3781219830E+00
    91    0.4336275306E+00
    92    0.6598303615E+00
    93    0.3947233100E+00
    94    0.5927329591E+00
    95    0.4252933816E+00
    96    0.5205203023E+00
    97    0.4761685077E+00
    98    0.6429966471E+00
    99    0.5321005135E+00
   100    0.4486932266E+00
   101    0.4005796547E+00
   102    0.4219110702E+00
   103    0.4244451450E+00
   104    0.6074733859E+00
   105    0.7862254462E+00
   106    0.5364191864E+00
   107    0.4737261450E+00
   108    0.5882151788E+00
   109    0.5903965410E+00
   110    0.4360946348E+00
   111    0.4616584426E+00
   112    0.5206694956E+00
   113    0.6315628112E+00
   114    0.5571242704E+00
   115    0.2995972736E+00
   116    0.3544053395E+00
   117    0.3221657371E+00
   118    0.6534911042E+00
   119    0.6994573028E+00
   120    0.5597145545E+00
   121    0.3784396424E+00
   122    0.4099285816E+00
   123    0.5514184782E+00
   124    0.8562713458E+00
   125    0.8222457471E+00
   126    0.3951742120E+00
   127    0.4752414944E+00
   128    0.7059261787E+00
   129    0.9384659224E+00
   130    0.6258467645E+00
   131    0.5985324436E+00
   132    0.6682735460E+00
   133    0.4063863116E+00
   134    0.6944257905E+00
   135    0.8456286483E+00
   136    0.4351689117E+00
   137    0.8037451099E+00
   138    0.8171246359E+00
   139    0.8000452496E+00
   140    0.6618440171E+00
   141    0.4972348209E+00
   142    0.4940806585E+00
   143    0.6713535846E+00
   144    0.8065020698E+00
   145    0.6638782473E+00
   146    0.4263908381E+00
   147    0.3876229636E+00
   148    0.7745608701E+00
   149    0.8270038065E+00
   150    0.5562223890E+00
   151    0.4668213253E+00
   152    0.6336877229E+00
   153    0.5831340462E+00
   154    0.7835962705E+00
   155    0.9408918633E+00
   156    0.9726330061E+00
   157    0.1314526431E+01
   158    0.1007933681E+01
   159    0.5200203446E+00
   160    0.7576490533E+00
   161    0.9418990758E+00
   162    0.6997870465E+00
   163    0.6775151156E+00
   164    0.6895118558E+00
   165    0.7546842733E+00
   166    0.1011414020E+01
   167    0.1129135631E+01
   168    0.1551318622E+01
   169    0.1081674557E+01
   170    0.1439905722E+01
   171    0.1184706298E+01
   172    0.1463318818E+01
   173    0.1609475478E+01
   174    0.1661373411E+01
   175    0.1632287217E+01
   176    0.1016616228E+01
   177    0.1029495456E+01
   178    0.1642370233E+01
   179    0.1681024242E+01
   180    0.1311213346E+01
   181    0.1872070655E+01
   182    0.1568972405E+01
   183    0.1607647568E+01
   184    0.1477519746E+01
   185    0.1619951614E+01
   186    0.1740182099E+01
   187    0.1885165979E+01
   188    0.1968467311E+01
   189    0.2191035001E+01
   190    0.2556019311E+01
   191    0.2436170472E+01
   192    0.1890812703E+01
   193    0.2551812439E+01
   194    0.2240140721E+01
   195    0.2478395673E+01
   196    0.1902199600E+01
   197    0.1790081445E+01
   198    0.1523277525E+01
   199    0.1246952618E+01
   200    0.9801670773E+00
   201    0.1319217253E+01
   202    0.1414900021E+01
   203    0.1235223039E+01
   204    0.1193059459E+01
   205    0.1017594687E+01
   206    0.1440598971E+01
   207    0.1277449492E+01
   208    0.1247854468E+01
   209    0.9362886573E+00
   210    0.1045159091E+01
   211    0.7908664744E+00
   212    0.6932731700E+00
   213    0.8735026327E+00
   214    0.1060082957E+01
   215    0.1166378623E+01
   216    0.5131253533E+00
   217    0.8288122127E+00
   218    0.8204467978E+00
   219    0.9009177275E+00
   220    0.8965579766E+00
   221    0.8305231247E+00
   222    0.9018431108E+00
   223    0.7791281957E+00
   224    0.5968692539E+00
   225    0.7547026044E+00
   226    0.8993924684E+00
   227    0.6749554935E+00
   228    0.7676468918E+00
   229    0.6351531009E+00
   230    0.6989825507E+00
   231    0.5989769029E+00
   232    0.5370951159E+00
   233    0.4293711638E+00
   234    0.5810447590E+00
   235    0.4738135684E+00
   236    0.7356436012E+00
   237    0.6969574032E+00
   238    0.6550898883E+00
   239    0.4944034583E+00
   240    0.6187359512E+00
   241    0.6083894887E+00
   242    0.4733177343E+00
   243    0.5381791818E+00
   244    0.5588958849E+00
   245    0.6311634625E+00
   246    0.3941903453E+00
   247    0.4590304925E+00
   248    0.3694610771E+00
   249    0.4632120554E+00
   250    0.6074607077E+00
   251    0.3849671164E+00
   252    0.4184168995E+00
   253    0.5331515889E+00
   254    0.4107794644E+00
   255    0.5372275694E+00
   256    0.6671228788E+00
   257    0.4718530074E+00
   258    0.4524012312E+00
   259    0.5402430953E+00
   260    0.5625810426E+00
   261    0.4049896499E+00
   262    0.5902167003E+00
   263    0.4336192667E+00
   264    0.6629777421E+00
   265    0.2681399184E+00
   266    0.4348190487E+00
   267    0.3197889630E+00
   268    0.4576394387E+00
   269    0.3258634284E+00
   270    0.2976984006E+00
   271    0.4864363078E+00
   272    0.2998047619E+00
   273    0.3739380905E+00
   274    0.5355276975E+00
   275    0.4435000760E+00
   276    0.4263263217E+00
   277    0.2660940219E+00
   278    0.3832753083E+00
   279    0.3892717021E+00
   280    0.7374833837E+00
   281    0.4625315559E+00
   282    0.4365480281E+00
   283    0.2886003395E+00
   284    0.3470210494E+00
   285    0.3308233962E+00
   286    0.3144845437E+00
   287    0.4247199895E+00
   288    0.5046976405E+00
   289    0.4503858903E+00
   290    0.4476904396E+00
   291    0.3774577706E+00
   292    0.4059020961E+00
   293    0.3861526244E+00
   294    0.5371430545E+00
   295    0.5341808192E+00
   296    0.3692460757E+00
   297    0.2919752723E+00
   298    0.4228782985E+00
   299    0.4831306439E+00
   300    0.2486354601E+00
   301    0.4235170699E+00
   302    0.4014061923E+00
   303    0.3718458915E+00
   304    0.5442881204E+00
   305    0.5546404978E+00
   306    0.3284045763E+00
   307    0.6606160997E+00
   308    0.5573018688E+00
   309    0.4043670791E+00
   310    0.5029286646E+00
   311    0.5452576681E+00
   312    0.4759788997E+00
   313    0.4699859577E+00
   314    0.5720389106E+00
   315    0.4186216104E+00
   316    0.2679480317E+00
   317    0.3327637667E+00
   318    0.4325523260E+00
   319    0.7684612644E+00
   320    0.4952305378E+00
   321    0.4347140441E+00
   322    0.5232936761E+00
   323    0.5229603929E+00
   324    0.6225912670E+00
   325    0.6581126718E+00
   326    0.3761293363E+00
   327    0.2992789665E+00
   328    0.6427028137E+00
   329    0.7699367501E+00
   330    0.7313464781E+00
   331    0.7388521652E+00
   332    0.7591940643E+00
   333    0.5536398708E+00
   334    0.8999292765E+00
   335    0.1101204872E+01
   336    0.9607973674E+00
   337    0.7684643826E+00
   338    0.9962017159E+00
   339    0.1059748672E+01
   340    0.5983340346E+00
   341    0.5524367132E+00
   342    0.5251657761E+00
   343    0.7779045646E+00
   344    0.1148258513E+01
   345    0.1373103185E+01
   346    0.8695998142E+00
   347    0.6472396749E+00
   348    0.9526878341E+00
   349    0.1297028897E+01
   350    0.1383274028E+01
   351    0.9906740617E+00
   352    0.7676844114E+00
   353    0.1193186723E+01
   354    0.1472227041E+01
   355    0.1098183697E+01
   356    0.1117315404E+01
   357    0.9305498844E+00
   358    0.1337874925E+01
   359    0.1267257828E+01
   360    0.1834927128E+01
   361    0.2086958911E+01
   362    0.1962690057E+01
   363    0.1845427064E+01
   364    0.1621236388E+01
   365    0.1617460964E+01
   366    0.1763460801E+01
   367    0.2003387246E+01
   368    0.2313215727E+01
   369    0.2675503161E+01
   370    0.2361987675E+01
   371    0.2448092534E+01
   372    0.2761997653E+01
   373    0.2861695343E+01
   374    0.2816833681E+01
   375    0.2870761302E+01
   376    0.2472401030E+01
   377    0.1884286025E+01
   378    0.1328250341E+01
   379    0.9617138231E+00
   380    0.8928044883E+00
   381    0.9078133498E+00
   382    0.1239529602E+01
   383    0.1423613847E+01
   384    0.1501678928E+01
   385    0.2172191822E+01
   386    0.1537490714E+01
   387    0.1138020484E+01
   388    0.1195008462E+01
   389    0.1169849319E+01
   390    0.1293867954E+01
   391    0.8495056843E+00
   392    0.9845846736E+00
   393    0.5798623022E+00
   394    0.9109161258E+00
   395    0.9471934409E+00
   396    0.7474346904E+00
   397    0.5660241818E+00
   398    0.7975892225E+00
   399    0.5829976092E+00
   400    0.8250484742E+00
   401    0.7752717107E+00
   402    0.7060667078E+00
   403    0.4585470193E+00
   404    0.7249425994E+00
   405    0.6423860181E+00
   406    0.5954292012E+00
   407    0.6346922922E+00
   408    0.6314888745E+00
   409    0.4882011597E+00
   410    0.5208635016E+00
   411    0.5066274781E+00
   412    0.5240945425E+00
   413    0.6148396694E+00
   414    0.4755066194E+00
   415    0.4750106648E+00
   416    0.4371065674E+00
   417    0.3829336326E+00
   418    0.3488900536E+00
   419    0.3706544912E+00
   420    0.4714367294E+00
   421    0.4949699422E+00
   422    0.4937363311E+00
   423    0.3690117473E+00
   424    0.3252523959E+00
   425    0.4027055762E+00
   426    0.3704887084E+00
   427    0.3800912467E+00
   428    0.3868215937E+00
   429    0.3122845929E+00
   430    0.3383901313E+00
   431    0.3339401406E+00
   432    0.2928354432E+00
   433    0.2999696449E+00
   434    0.5289482440E+00
   435    0.3086187704E+00
   436    0.2046109548E+00
   437    0.2120874315E+00
   438    0.3463538371E+00
   439    0.3165707022E+00
   440    0.3780227128E+00
   441    0.2692283353E+00
   442    0.3383575227E+00
   443    0.1879399679E+00
   444    0.2605932935E+00
   445    0.2340190952E+00
   446    0.3000126736E+00
   447    0.3141674488E+00
   448    0.3652906710E+00
   449    0.3463140471E+00
   450    0.1898704723E+00
   451    0.2488106094E+00
   452    0.3312495663E+00
   453    0.3036616955E+00
   454    0.3060461151E+00
   455    0.2540896649E+00
   456    0.2190324260E+00
   457    0.3756248221E+00
   458    0.2966740305E+00
   459    0.2055864884E+00
   460    0.2415644838E+00
   461    0.4173818353E+00
   462    0.2573156633E+00
   463    0.2621829833E+00
   464    0.3078989408E+00
   465    0.2774701487E+00
   466    0.2780250204E+00
   467    0.2129158841E+00
   468    0.1994474462E+00
   469    0.3830699944E+00
   470    0.2304051538E+00
   471    0.2690478982E+00
   472    0.2847671389E+00
   473    0.2388160600E+00
   474    0.1449558888E+00
   475    0.1967234084E+00
   476    0.2482751713E+00
   477    0.2904313907E+00
   478    0.2234097025E+00
   479    0.1400746861E+00
   480    0.2159296954E+00
   481    0.3325649150E+00
   482    0.2443492758E+00
   483    0.2363028979E+00
   484    0.1587945098E+00
   485    0.2589990256E+00
   486    0.4027876941E+00
   487    0.3807836414E+00
   488    0.2737505484E+00
   489    0.3102523295E+00
   490    0.3908925262E+00
   491    0.2643884993E+00
   492    0.1995513541E+00
   493    0.2629501842E+00
   494    0.4086337813E+00
   495    0.1505605175E+00
   496    0.2245019497E+00
   497    0.2363279042E+00
   498    0.2773449244E+00
   499    0.1746448478E+00
   500    0.1810055718E+00
   501    0.1708538224E+00
   502    0.2005046978E+00
   503    0.2748063848E+00
   504    0.3016889240E+00
   505    0.3222110226E+00
   506    0.3733284788E+00
   507    0.3674853260E+00
   508    0.2860588095E+00
   509    0.2257779486E+00
   510    0.2633005154E+00
   511    0.3151641403E+00
   512    0.2855901083E+00
   513    0.2495603994E+00
   514    0.2372963958E+00
   515    0.1173266237E+00
   516    0.1069503377E+00
   517    0.2927064489E+00
   518    0.3375771502E+00
   519    0.1839999498E+00
   520    0.2541003256E+00
   521    0.3764953259E+00
   522    0.4351131260E+00
   523    0.2705049013E+00
   524    0.2113776527E+00
   525    0.2490950660E+00
   526    0.4280633734E+00
   527    0.3636532037E+00
   528    0.3137628712E+00
   529    0.3118625902E+00
   530    0.3392191904E+00
   531    0.4074095518E+00
   532    0.4946802376E+00
   533    0.3979389142E+00
   534    0.3721826474E+00
   535    0.2943383496E+00
   536    0.2608291246E+00
   537    0.4874617575E+00
   538    0.5195426199E+00
   539    0.5015257830E+00
   540    0.9471018753E-01
   541    0.1079303702E+00
   542    0.2827307032E+00
   543    0.4229774171E+00
   544    0.5193849488E+00
   545    0.5252026338E+00
   546    0.4082000974E+00
   547    0.2146003325E+00
   548    0.4217684424E+00
   549    0.5683015636E+00
   550    0.4706424237E+00
   551    0.3105279208E+00
   552    0.3943904210E+00
   553    0.3761056905E+00
   554    0.5028021258E+00
   555    0.8145890506E+00
   556    0.6973460562E+00
   557    0.4068293868E+00
   558    0.4585240179E+00
   559    0.5160655303E+00
   560    0.4219827639E+00
   561    0.6424348585E+00
   562    0.6658688661E+00
   563    0.7318736915E+00
   564    0.8541237204E+00
   565    0.1001162646E+01
   566    0.5665993502E+00
   567    0.5361140781E+00
   568    0.9295134920E+00
   569    0.1161548361E+01
   570    0.1840047349E+01
   571    0.1476835121E+01
   572    0.1591150295E+01
   573    0.1337111483E+01
   574    0.1724301644E+01
   575    0.1946677676E+01
   576    0.1716324837E+01
   577    0.2088925039E+01
   578    0.2766639196E+01
   579    0.2570360609E+01
   580    0.2264953834E+01
   581    0.3130536911E+01
   582    0.2954810515E+01
   583    0.2757702751E+01
   584    0.2561534717E+01
   585    0.2702731662E+01
   586    0.3019380256E+01
   587    0.3003064595E+01
   588    0.2466799194E+01
   589    0.2276624705E+01
   590    0.1962836130E+01
   591    0.1930912759E+01
   592    0.1869587634E+01
   593    0.2443398892E+01
   594    0.2486708823E+01
   595    0.2391571626E+01
   596    0.2173436760E+01
   597    0.1702349575E+01
   598    0.1475510993E+01
   599    0.1294526168E+01
   600    0.1424861832E+01
   601    0.1033773816E+01
   602    0.1161797315E+01
   603    0.1407305057E+01
   604    0.1007853529E+01
   605    0.9274037131E+00
   606    0.8248471057E+00
   607    0.1009414379E+01
   608    0.1266988752E+01
   609    0.1317714322E+01
   610    0.9375291057E+00
   611    0.6823975334E+00
   612    0.8034683005E+00
   613    0.7755228464E+00
   614    0.7145230828E+00
   615    0.6864827185E+00
   616    0.7822898542E+00
   617    0.1072673088E+01
   618    0.8561711396E+00
   619    0.5593148772E+00
   620    0.7946235454E+00
   621    0.8839304738E+00
   622    0.7233070201E+00
   623    0.5773279271E+00
   624    0.7161891935E+00
   625    0.5133958480E+00
   626    0.5267616204E+00
   627    0.5782632299E+00
   628    0.5890838069E+00
   629    0.6047623400E+00
   630    0.6585467757E+00
   631    0.6112005753E+00
   632    0.6903617841E+00
   633    0.4944242410E+00
   634    0.3927808848E+00
   635    0.6033197600E+00
   636    0.4011081758E+00
   637    0.6229395073E+00
   638    0.5188497131E+00
   639    0.4151012784E+00
   640    0.3869927042E+00
   641    0.4158577067E+00
   642    0.6415459339E+00
   643    0.4734962979E+00
   644    0.3083965121E+00
   645    0.5667234793E+00
   646    0.3915005327E+00
   647    0.3808601468E+00
   648    0.2415062179E+00
   649    0.2928180492E+00
   650    0.4375196817E+00
   651    0.4458523888E+00
   652    0.7256867435E+00
   653    0.3017712567E+00
   654    0.3856454470E+00
   655    0.4407406826E+00
   656    0.4374756648E+00
   657    0.4412647565E+00
   658    0.2351510557E+00
   659    0.3210640821E+00
   660    0.5952290301E+00
   661    0.3692897461E+00
   662    0.5022833109E+00
   663    0.2578051947E+00
   664    0.6248279077E+00
   665    0.3211558946E+00
   666    0.3303573979E+00
   667    0.3913175404E+00
   668    0.3232720129E+00
   669    0.5432882148E+00
   670    0.2954227823E+00
   671    0.3494502818E+00
   672    0.4416077727E+00
   673    0.6141911531E+00
   674    0.3682922590E+00
   675    0.2141324702E+00
   676    0.4083563987E+00
   677    0.5600896352E+00
   678    0.3110295789E+00
   679    0.3757895317E+00
   680    0.3715611326E+00
   681    0.3762745808E+00
   682    0.3105712864E+00
   683    0.4764673292E+00
   684    0.3135526516E+00
   685    0.3072681607E+00
   686    0.3882261177E+00
   687    0.5054695969E+00
   688    0.5225498711E+00
   689    0.3825074560E+00
   690    0.1225593494E+00
   691    0.2722773474E+00
   692    0.5225996933E+00
   693    0.6119999020E+00
   694    0.4606385291E+00
   695    0.4991984068E+00
   696    0.3891891840E+00
   697    0.3308765343E+00
   698    0.3892378989E+00
   699    0.6752813774E+00
   700    0.4793526992E+00
   701    0.5727015657E+00
   702    0.3953397060E+00
   703    0.3376519824E+00
   704    0.4358040816E+00
   705    0.2494138093E+00
   706    0.4266343821E+00
   707    0.4749110686E+00
   708    0.4727049056E+00
   709    0.5425583512E+00
   710    0.3474824989E+00
   711    0.3654083526E+00
   712    0.5574034843E+00
   713    0.4309032146E+00
   714    0.4802532468E+00
   715    0.4126280072E+00
   716    0.5166523722E+00
   717    0.7117978058E+00
   718    0.3210651008E+00
   719    0.5143976633E+00
   720    0.4848825828E+00
   721    0.3047650344E+00
   722    0.4754763658E+00
   723    0.5612089568E+00
   724    0.8428456190E+00
   725    0.6824481557E+00
   726    0.8571857027E+00
   727    0.5944490339E+00
   728    0.6913066505E+00
   729    0.7386890751E+00
   730    0.4035316135E+00
   731    0.7953269510E+00
   732    0.1062068500E+01
   733    0.7061103117E+00
   734    0.7016534757E+00
   735    0.9896027075E+00
   736    0.1029593819E+01
   737    0.7518752100E+00
   738    0.7012789060E+00
   739    0.7844878719E+00
   740    0.9598026077E+00
   741    0.8072173872E+00
   742    0.1217928651E+01
   743    0.9436284029E+00
   744    0.1478417574E+01
   745    0.1464389273E+01
   746    0.1198965753E+01
   747    0.9424731073E+00
   748    0.1054554103E+01
   749    0.1536688957E+01
   750    0.1205862251E+01
   751    0.1196793023E+01
   752    0.1339802291E+01
   753    0.1327587603E+01
   754    0.1250354614E+01
   755    0.1368880493E+01
   756    0.1579960581E+01
   757    0.1473141345E+01
   758    0.1919045200E+01
   759    0.1489849912E+01
   760    0.1576623259E+01
   761    0.1840396214E+01
   762    0.2102799792E+01
   763    0.1585474112E+01
   764    0.1472677141E+01
   765    0.1534990585E+01
   766    0.1884873293E+01
   767    0.1475416505E+01
   768    0.1531042875E+01
   769    0.2038798096E+01
   770    0.1750139697E+01
   771    0.1667918262E+01
   772    0.1822346552E+01
   773    0.2204175427E+01
   774    0.2122408680E+01
   775    0.1740330864E+01
   776    0.1473170007E+01
   777    0.2024637383E+01
   778    0.1739724882E+01
   779    0.1668808241E+01
   780    0.1875957305E+01
   781    0.1641262054E+01
   782    0.1440150445E+01
   783    0.1315974451E+01
   784    0.1679415083E+01
   785    0.1533013553E+01
   786    0.1423771189E+01
   787    0.9711141704E+00
   788    0.1197225586E+01
   789    0.1524559370E+01
   790    0.1417796114E+01
   791    0.1284332001E+01
   792    0.1049530901E+01
   793    0.1156409900E+01
   794    0.1063241429E+01
   795    0.8979528048E+00
   796    0.7770321980E+00
   797    0.1181327640E+01
   798    0.1465964637E+01
   799    0.1084252574E+01
   800    0.1115121757E+01
   801    0.1053139921E+01
   802    0.9550949149E+00
   803    0.9541682946E+00
   804    0.1075063654E+01
   805    0.1130508334E+01
   806    0.1050277966E+01
   807    0.8249765042E+00
   808    0.8616990800E+00
   809    0.8005656726E+00
   810    0.6922798983E+00
   811    0.5903074649E+00
   812    0.7919613750E+00
   813    0.1015629170E+01
   814    0.1015056181E+01
   815    0.7474848004E+00
   816    0.7570634152E+00
   817    0.7408583661E+00
   818    0.1098905460E+01
   819    0.7247530804E+00
   820    0.6298009228E+00
   821    0.6264983396E+00
   822    0.8156549189E+00
   823    0.5931880595E+00
   824    0.6961884451E+00
   825    0.8974530035E+00
   826    0.7385403563E+00
   827    0.7080876660E+00
   828    0.5622703936E+00
   829    0.7989457605E+00
   830    0.7554347135E+00
   831    0.5853955447E+00
   832    0.8290495209E+00
   833    0.6858836924E+00
   834    0.7110398810E+00
   835    0.6634455380E+00
   836    0.6211725480E+00
   837    0.6357343384E+00
   838    0.4688400311E+00
   839    0.7731875796E+00
   840    0.6284613901E+00
   841    0.5566384671E+00
   842    0.4539300546E+00
   843    0.6447884028E+00
   844    0.6896876194E+00
   845    0.6008829252E+00
   846    0.5456117855E+00
   847    0.7068659074E+00
   848    0.6333080425E+00
   849    0.6731432887E+00
   850    0.6648383766E+00
   851    0.6005426679E+00
   852    0.5430078905E+00
   853    0.5586690974E+00
   854    0.6884912011E+00
   855    0.5821566205E+00
   856    0.5238859083E+00
   857    0.5790733177E+00
   858    0.5439949589E+00
   859    0.6387036808E+00
   860    0.7498151969E+00
   861    0.6853252505E+00
   862    0.6614757729E+00
   863    0.6590241735E+00
   864    0.7565273662E+00
   865    0.6683238629E+00
   866    0.5513852718E+00
   867    0.6133697608E+00
   868    0.6093803214E+00
   869    0.8949300636E+00
   870    0.8424016762E+00
   871    0.6334286402E+00
   872    0.6091138811E+00
   873    0.7216531475E+00
   874    0.7413773294E+00
   875    0.6389109221E+00
   876    0.6368612578E+00
   877    0.5841644888E+00
   878    0.6065703775E+00
   879    0.7003963425E+00
   880    0.5916135637E+00
   881    0.5618553095E+00
   882    0.5305601088E+00
   883    0.6649025437E+00
   884    0.9008082892E+00
   885    0.8181455750E+00
   886    0.7523356654E+00
   887    0.7307092368E+00
   888    0.6567535148E+00
   889    0.5294703372E+00
   890    0.7106185158E+00
   891    0.8214908062E+00
   892    0.7851293398E+00
   893    0.1005826039E+01
   894    0.8875097788E+00
   895    0.1075063280E+01
   896    0.7300529554E+00
   897    0.6435583704E+00
   898    0.7173445077E+00
   899    0.8698677707E+00
   900    0.1082074449E+01
   901    0.1140337633E+01
   902    0.9749113278E+00
   903    0.9060228617E+00
   904    0.9223865219E+00
   905    0.9801823549E+00
   906    0.1284712274E+01
   907    0.1271053542E+01
   908    0.1026789019E+01
   909    0.1070672160E+01
   910    0.9912113061E+00
   911    0.1192234836E+01
   912    0.1127111779E+01
   913    0.8695728334E+00
   914    0.1018254726E+01
   915    0.8587309945E+00
   916    0.1168550512E+01
   917    0.1189411065E+01
   918    0.1389291602E+01
   919    0.1414814798E+01
   920    0.1160481203E+01
   921    0.1140675968E+01
   922    0.1206968787E+01
   923    0.1015089303E+01
   924    0.7511943112E+00
   925    0.1137007090E+01
   926    0.1288116373E+01
   927    0.1133205181E+01
   928    0.9239807985E+00
   929    0.9851204322E+00
   930    0.1224448769E+01
   931    0.1347390632E+01
   932    0.1291449324E+01
   933    0.1269913975E+01
   934    0.1281004285E+01
   935    0.1173420789E+01
   936    0.1207629006E+01
   937    0.1215716506E+01
   938    0.1134960695E+01
   939    0.1247944279E+01
   940    0.1225816024E+01
   941    0.1069190813E+01
   942    0.1160708361E+01
   943    0.1217770518E+01
   944    0.1488408563E+01
   945    0.1415319753E+01
   946    0.1441861414E+01
   947    0.1499130719E+01
   948    0.1221243418E+01
   949    0.1144222184E+01
   950    0.1105653729E+01
   951    0.1209620826E+01
   952    0.1409035014E+01
   953    0.1400412868E+01
   954    0.1171572401E+01
   955    0.1290235805E+01
   956    0.1280277398E+01
   957    0.1168048479E+01
   958    0.1106680334E+01
   959    0.1202723027E+01
   960    0.1257605767E+01
   961    0.1168121397E+01
   962    0.1098628539E+01
   963    0.1076001301E+01
   964    0.1182741923E+01
   965    0.1197442753E+01
   966    0.1154645994E+01
   967    0.1167677127E+01
   968    0.1171002272E+01
   969    0.1161945437E+01
   970    0.1109974724E+01
   971    0.9565128900E+00
   972    0.8647839247E+00
   973    0.9575087435E+00
   974    0.1148560164E+01
   975    0.1080745394E+01
   976    0.1093154294E+01
   977    0.1034093591E+01
   978    0.9885908785E+00
   979    0.9920680595E+00
   980    0.1086043058E+01
   981    0.1117862624E+01
   982    0.1006560290E+01
   983    0.9174389538E+00
   984    0.9551303104E+00
   985    0.9093573655E+00
   986    0.9456213234E+00
   987    0.9261896772E+00
   988    0.8962454028E+00
   989    0.9673418877E+00
   990    0.1022634572E+01
   991    0.1029767673E+01
   992    0.1054286947E+01
   993    0.1036257613E+01
   994    0.1016648659E+01
   995    0.1000990090E+01
   996    0.1027724275E+01
   997    0.9749558014E+00
   998    0.9123804322E+00
   999    0.9159462591E+00
  1000    0.9127469370E+00
  1001    0.9427486700E+00
  1002    0.9618494047E+00
  1003    0.9344383432E+00
  1004    0.8609203571E+00
  1005    0.8492882494E+00
  1006    0.8620839699E+00
  1007    0.8973014897E+00
  1008    0.9156854318E+00
  1009    0.9156689480E+00
  1010    0.9230767471E+00
  1011    0.9258342245E+00
  1012    0.9173459850E+00
  1013    0.8755953078E+00
  1014    0.8349765628E+00
  1015    0.8403290145E+00
  1016    0.8437925696E+00
  1017    0.8570673802E+00
  1018    0.8950547714E+00
  1019    0.9328113296E+00
  1020    0.8903749857E+00
  1021    0.8289899875E+00
  1022    0.8095634008E+00
  1023    0.7962373464E+00
  1024    0.8023207275E+00
  1025    0.8454779068E+00
  1026    0.8528358109E+00
  1027    0.8289941890E+00
  1028    0.8106780470E+00
  1029    0.7980620720E+00
  1030    0.8155162970E+00
  1031    0.8630909132E+00
  1032    0.9025852814E+00
  1033    0.8853593432E+00
  1034    0.8788986318E+00
  1035    0.9181547230E+00
  1036    0.9261827224E+00
  1037    0.8682820962E+00
  1038    0.8109398221E+00
  1039    0.8256494628E+00
  1040    0.8767412605E+00
  1041    0.8915088061E+00
  1042    0.8881677831E+00
  1043    0.9098897850E+00
  1044    0.9505987151E+00
  1045    0.9489564109E+00
  1046    0.8827902895E+00
  1047    0.8089722897E+00
  1048    0.8176717819E+00
  1049    0.8615763995E+00
  1050    0.8856785759E+00
  1051    0.8823208533E+00
  1052    0.8507582667E+00
  1053    0.8410370541E+00
  1054    0.8384929309E+00
  1055    0.8222990809E+00
  1056    0.8395516194E+00
  1057    0.8409378856E+00
  1058    0.8310780188E+00
  1059    0.8302680507E+00
  1060    0.8447072275E+00
  1061    0.8474513043E+00
  1062    0.8648401581E+00
  1063    0.8543394629E+00
  1064    0.8163032880E+00
  1065    0.7794900400E+00
  1066    0.7914441774E+00
  1067    0.8642346937E+00
  1068    0.9213405028E+00
  1069    0.9177571946E+00
  1070    0.9233300727E+00
  1071    0.9775514297E+00
  1072    0.1016721425E+01
  1073    0.9975493592E+00
  1074    0.9730904811E+00
  1075    0.9678719407E+00
  1076    0.9836866167E+00
  1077    0.1007136519E+01
  1078    0.1008252364E+01
  1079    0.9861267745E+00
  1080    0.9417224828E+00
  1081    0.8970945215E+00
  1082    0.8817157247E+00
  1083    0.9196157279E+00
  1084    0.1020755465E+01
  1085    0.1098865632E+01
  1086    0.1101485636E+01
  1087    0.1107704855E+01
  1088    0.1082905180E+01
  1089    0.1051258117E+01
  1090    0.1063342095E+01
  1091    0.1136486227E+01
  1092    0.1233738592E+01
  1093    0.1192105702E+01
  1094    0.1134930601E+01
  1095    0.1137323396E+01
  1096    0.1194606289E+01
  1097    0.1234612661E+01
  1098    0.1135840058E+01
  1099    0.1086250521E+01
  1100    0.1139554699E+01
  1101    0.1209981611E+01
  1102    0.1200142020E+01
  1103    0.1132554196E+01
  1104    0.1108284337E+01
  1105    0.1134376815E+01
  1106    0.1140906645E+01
  1107    0.1098832639E+01
  1108    0.1059894173E+01
  1109    0.1059267953E+01
  1110    0.1080004000E+01
  1111    0.1089599688E+01
  1112    0.1066313323E+01
  1113    0.1024891909E+01
  1114    0.9959319130E+00
  1115    0.1005766271E+01
  1116    0.1048816224E+01
  1117    0.1083103451E+01
  1118    0.1057022953E+01
  1119    0.1008359804E+01
  1120    0.9947838193E+00
  1121    0.1003103169E+01
  1122    0.1017413403E+01
  1123    0.1037836422E+01
  1124    0.1066108520E+01
  1125    0.1077112968E+01
  1126    0.1058885095E+01
  1127    0.1047659152E+01
  1128    0.1039922606E+01
  1129    0.1022407023E+01
  1130    0.1008925219E+01
  1131    0.1020350133E+01
  1132    0.1042988194E+01
  1133    0.1047788149E+01
  1134    0.1035817371E+01
  1135    0.1015544253E+01
  1136    0.9958308659E+00
  1137    0.9803834685E+00
  1138    0.9707193566E+00
  1139    0.9812001800E+00
  1140    0.1007918958E+01
  1141    0.1018881122E+01
  1142    0.1010312398E+01
  1143    0.1007100898E+01
  1144    0.1018497625E+01
  1145    0.1037695643E+01
  1146    0.1040588163E+01
  1147    0.1023597542E+01
  1148    0.1007393464E+01
  1149    0.1000646880E+01
  1150    0.9946750686E+00
  1151    0.9855443236E+00
  1152    0.9787576658E+00
  1153    0.9670009098E+00
  1154    0.9635530204E+00
  1155    0.9698026132E+00
  1156    0.9780242914E+00
  1157    0.9849710987E+00
  1158    0.9819756011E+00
  1159    0.9788478262E+00
  1160    0.9805048372E+00
  1161    0.9830295554E+00
  1162    0.9758960571E+00
  1163    0.9643984179E+00
  1164    0.9663994569E+00
  1165    0.9878318854E+00
  1166    0.1013896147E+01
  1167    0.1019273623E+01
  1168    0.1006828095E+01
  1169    0.9853392655E+00
  1170    0.9672044527E+00
  1171    0.9591290239E+00
  1172    0.9558318021E+00
  1173    0.9568312072E+00
  1174    0.9735939653E+00
  1175    0.1004556329E+01
  1176    0.1024272729E+01
  1177    0.1013139750E+01
  1178    0.9946504299E+00
  1179    0.9880830612E+00
  1180    0.9878014109E+00
  1181    0.9870894179E+00
  1182    0.9885318723E+00
  1183    0.9870063720E+00
  1184    0.9906896004E+00
  1185    0.9967287528E+00
  1186    0.9923968342E+00
  1187    0.9854781735E+00
  1188    0.9859381979E+00
  1189    0.9960603159E+00
  1190    0.1007571211E+01
  1191    0.1009185514E+01
  1192    0.1002176176E+01
  1193    0.9993251681E+00
  1194    0.1008431122E+01
  1195    0.1018057403E+01
  1196    0.1018876168E+01
  1197    0.1011489048E+01
  1198    0.1002272521E+01
  1199    0.1000064401E+01
  1200    0.1006445755E+01
  1201    0.1006321350E+01
  1202    0.9989320508E+00
  1203    0.9960035360E+00
  1204    0.9970366123E+00
  1205    0.1002491450E+01
  1206    0.1015981356E+01
  1207    0.1027543409E+01
  1208    0.1019064063E+01
  1209    0.1003972115E+01
  1210    0.1004353667E+01
  1211    0.1016283640E+01
  1212    0.1026964673E+01
  1213    0.1035464025E+01
  1214    0.1046424143E+01
  1215    0.1046632696E+01
  1216    0.1032293360E+01
  1217    0.1016909579E+01
  1218    0.1014855234E+01
  1219    0.1022657699E+01
  1220    0.1024165653E+01
  1221    0.1017888246E+01
  1222    0.1007563190E+01
  1223    0.9991159510E+00
  1224    0.9940960130E+00
  1225    0.9954208621E+00
  1226    0.1003646978E+01
  1227    0.1011742947E+01
  1228    0.1013859680E+01
  1229    0.1007531645E+01
  1230    0.9981730134E+00
  1231    0.9901594142E+00
  1232    0.9871390921E+00
  1233    0.9892040803E+00
  1234    0.9951080331E+00
  1235    0.1005529742E+01
  1236    0.1017524294E+01
  1237    0.1023257956E+01
  1238    0.1018588689E+01
  1239    0.1008684425E+01
  1240    0.1003470675E+01
  1241    0.1003091153E+01
  1242    0.1005008318E+01
  1243    0.1009589119E+01
  1244    0.1011018973E+01
  1245    0.1008918135E+01
  1246    0.1008218982E+01
  1247    0.1007249603E+01
  1248    0.1006042514E+01
  1249    0.1008230865E+01
  1250    0.1013729748E+01
  1251    0.1016865612E+01
  1252    0.1014273086E+01
  1253    0.1009270503E+01
  1254    0.1006045752E+01
  1255    0.1006295148E+01
  1256    0.1009251401E+01
  1257    0.1011499854E+01
  1258    0.1011710831E+01
  1259    0.1010025498E+01
  1260    0.1008572445E+01
  1261    0.1006941918E+01
  1262    0.1004818224E+01
  1263    0.1004039144E+01
  1264    0.1005543612E+01
  1265    0.1007456010E+01
  1266    0.1007308637E+01
  1267    0.1006373393E+01
  1268    0.1006141341E+01
  1269    0.1006270898E+01
  1270    0.1007712531E+01
  1271    0.1010604090E+01
  1272    0.1013384730E+01
  1273    0.1015133395E+01
  1274    0.1013593588E+01
  1275    0.1009956714E+01
  1276    0.1007483353E+01
  1277    0.1007053635E+01
  1278    0.1007225955E+01
  1279    0.1006964745E+01
  1280    0.1006306055E+01
  1281    0.1006647153E+01
  1282    0.1008269511E+01
  1283    0.1008417044E+01
  1284    0.1007162759E+01
  1285    0.1006399561E+01
  1286    0.1005844699E+01
  1287    0.1004509944E+01
  1288    0.1003013301E+01
  1289    0.1002307638E+01
  1290    0.1002640819E+01
  1291    0.1003119852E+01
  1292    0.1002622518E+01
  1293    0.1001532370E+01
  1294    0.1000948792E+01
  1295    0.1000715953E+01
  1296    0.1000708095E+01
  1297    0.1000586341E+01
  1298    0.1000269238E+01
  1299    0.1000079193E+01
  1300    0.1000019834E+01
  1301    0.1000004958E+01
  1302    0.1000001240E+01
  1303    0.1000000310E+01
  1304    0.1000000077E+01
  1305    0.1000000019E+01
  1306    0.1000000005E+01
  1307    0.1000000001E+01
  1308    0.1000000000E+01
  1309    0.1000000000E+01
  1310    0.1000000000E+01
  1311    0.1000000000E+01
  1312    0.1000000000E+01
  1313    0.1000000000E+01
  1314    0.1000000000E+01
  1315    0.1000000000E+01
  1316    0.1000000000E+01
  1317    0.1000000000E+01
  1318    0.1000000000E+01
  1319    0.1000000000E+01
  1320    0.1000000000E+01
  1321    0.1000000000E+01
  1322    0.1000000000E+01
  1323    0.1000000000E+01
  1324    0.1000000000E+01
  1325    0.1000000000E+01
  1326    0.1000000000E+01
  1327    0.1000000000E+01
  1328    0.1000000000E+01
  1329    0.1000000000E+01
  1330    0.1000000000E+01
  1331    0.1000000000E+01
  1332    0.1000000000E+01
  1333    0.1000000000E+01
  1334    0.1000000000E+01
  1335    0.1000000000E+01
  1336    0.1000000000E+01
  1337    0.1000000000E+01
  1338    0.1000000000E+01
  1339    0.1000000000E+01
  1340    0.1000000000E+01
  1341    0.1000000000E+01
  1342    0.1000000000E+01
  1343    0.1000000000E+01
  1344    0.1000000000E+01
  1345    0.1000000000E+01
  1346    0.1000000000E+01
  1347    0.1000000000E+01
  1348    0.1000000000E+01
  1349    0.1000000000E+01
  1350    0.1000000000E+01
  1351    0.1000000000E+01
  1352    0.1000000000E+01
  1353    0.1000000000E+01
  1354    0.1000000000E+01
  1355    0.1000000000E+01
  1356    0.1000000000E+01
  1357    0.1000000000E+01
  1358    0.1000000000E+01
  1359    0.1000000000E+01
  1360    0.1000000000E+01
  1361    0.1000000000E+01
  1362    0.1000000000E+01
  1363    0.1000000000E+01
  1364    0.1000000000E+01
  1365    0.1000000000E+01
  1366    0.1000000000E+01
  1367    0.1000000000E+01
  1368    0.1000000000E+01
  1369    0.1000000000E+01
  1370    0.1000000000E+01
  1371    0.1000000000E+01
  1372    0.1000000000E+01
  1373    0.1000000000E+01
  1374    0.1000000000E+01
  1375    0.1000000000E+01
  1376    0.1000000000E+01
  1377    0.1000000000E+01
  1378    0.1000000000E+01
  1379    0.1000000000E+01
  1380    0.1000000000E+01
  1381    0.1000000000E+01
  1382    0.1000000000E+01
  1383    0.1000000000E+01
  1384    0.1000000000E+01
  1385    0.1000000000E+01
  1386    0.1000000000E+01
  1387    0.1000000000E+01
  1388    0.1000000000E+01
  1389    0.1000000000E+01
  1390    0.1000000000E+01
  1391    0.1000000000E+01
  1392    0.1000000000E+01
  1393    0.1000000000E+01
  1394    0.1000000000E+01
  1395    0.1000000000E+01
  1396    0.1000000000E+01
  1397    0.1000000000E+01
  1398    0.1000000000E+01
  1399    0.1000000000E+01
  1400    0.1000000000E+01
  1401    0.1000000000E+01
  1402    0.1000000000E+01
  1403    0.1000000000E+01
  1404    0.1000000000E+01
  1405    0.1000000000E+01
  1406    0.1000000000E+01
  1407    0.1000000000E+01
  1408    0.1000000000E+01
  1409    0.1000000000E+01
  1410    0.1000000000E+01
  1411    0.1000000000E+01
  1412    0.1000000000E+01
  1413    0.1000000000E+01
  1414    0.1000000000E+01
  1415    0.1000000000E+01
  1416    0.1000000000E+01
  1417    0.1000000000E+01
  1418    0.1000000000E+01
  1419    0.1000000000E+01
  1420    0.1000000000E+01
  1421    0.1000000000E+01
  1422    0.1000000000E+01
  1423    0.1000000000E+01
  1424    0.1000000000E+01
  1425    0.1000000000E+01
  1426    0.1000000000E+01
  1427    0.1000000000E+01
  1428    0.1000000000E+01
  1429    0.1000000000E+01
  1430    0.1000000000E+01
  1431    0.1000000000E+01
  1432    0.1000000000E+01
  1433    0.1000000000E+01
  1434    0.1000000000E+01
  1435    0.1000000000E+01
  1436    0.1000000000E+01
  1437    0.1000000000E+01
  1438    0.1000000000E+01
  1439    0.1000000000E+01
  1440    0.1000000000E+01
  1441    0.1000000000E+01
  1442    0.1000000000E+01
  1443    0.1000000000E+01
  1444    0.1000000000E+01
  1445    0.1000000000E+01
  1446    0.1000000000E+01
  1447    0.1000000000E+01
  1448    0.1000000000E+01
  1449    0.1000000000E+01
  1450    0.1000000000E+01
  1451    0.1000000000E+01
  1452    0.1000000000E+01
  1453    0.1000000000E+01
  1454    0.1000000000E+01
  1455    0.1000000000E+01
  1456    0.1000000000E+01
  1457    0.1000000000E+01
  1458    0.1000000000E+01
  1459    0.1000000000E+01
  1460    0.1000000000E+01
  1461    0.1000000000E+01
  1462    0.1000000000E+01
  1463    0.1000000000E+01
  1464    0.1000000000E+01
  1465    0.1000000000E+01
  1466    0.1000000000E+01
  1467    0.1000000000E+01
  1468    0.1000000000E+01
  1469    0.1000000000E+01
  1470    0.1000000000E+01
  1471    0.1000000000E+01
  1472    0.1000000000E+01
  1473    0.1000000000E+01
  1474    0.1000000000E+01
  1475    0.1000000000E+01
  1476    0.1000000000E+01
  1477    0.1000000000E+01
  1478    0.1000000000E+01
  1479    0.1000000000E+01
  1480    0.1000000000E+01
  1481    0.1000000000E+01
  1482    0.1000000000E+01
  1483    0.1000000000E+01
  1484    0.1000000000E+01
  1485    0.1000000000E+01
  1486    0.1000000000E+01
  1487    0.1000000000E+01
  1488    0.1000000000E+01
  1489    0.1000000000E+01
  1490    0.1000000000E+01
  1491    0.1000000000E+01
  1492    0.1000000000E+01
  1493    0.1000000000E+01
  1494    0.1000000000E+01
  1495    0.1000000000E+01
  1496    0.1000000000E+01
  1497    0.1000000000E+01
  1498    0.1000000000E+01
  1499    0.1000000000E+01
  1500    0.8337500000E+00
  1501    0.1662500000E+00
  1502    0.0000000000E+00
