    -1    0.1568298823E+00
     0    0.7496055592E+00
     1    0.8621204329E+00
     2    0.1078834383E+01
     3    0.8753856394E+00
     4    0.7372802152E+00
     5    0.1119840556E+01
     6    0.9857371339E+00
     7    0.7501501804E+00
     8    0.5236612653E+00
     9    0.8575094894E+00
    10    0.1361981858E+01
    11    0.1235977812E+01
    12    0.1133975669E+01
    13    0.9558381443E+00
    14    0.1103276538E+01
    15    0.7290602522E+00
    16    0.9659130532E+00
    17    0.7192988724E+00
    18    0.8164955778E+00
    19    0.8577639683E+00
    20    0.1030957406E+01
    21    0.1018822432E+01
    22    0.1099322332E+01
    23    0.1237473598E+01
    24    0.9047396999E+00
    25    0.8571363219E+00
    26    0.7139675059E+00
    27    0.1115508950E+01
    28    0.1027014641E+01
    29    0.1378942540E+01
    30    0.1173396956E+01
    31    0.7228020960E+00
    32    0.9952121537E+00
    33    0.1012933621E+01
    34    0.9569100487E+00
    35    0.1313354408E+01
    36    0.1003077725E+01
    37    0.1100435237E+01
    38    0.1387433662E+01
    39    0.1148396145E+01
    40    0.1168471670E+01
    41    0.1239468555E+01
    42    0.1425575602E+01
    43    0.1547044792E+01
    44    0.1454771611E+01
    45    0.1617323528E+01
    46    0.1484643001E+01
    47    0.9467816360E+00
    48    0.1118167210E+01
    49    0.1163258396E+01
    50    0.1367405883E+01
    51    0.1623769162E+01
    52    0.2017207068E+01
    53    0.1589427355E+01
    54    0.1260636875E+01
    55    0.1043374620E+01
    56    0.1134235774E+01
    57    0.1560379954E+01
    58    0.1894626036E+01
    59    0.1484073680E+01
    60    0.1340237298E+01
    61    0.1848988257E+01
    62    0.1601288460E+01
    63    0.1925485723E+01
    64    0.1445085202E+01
    65    0.1349222677E+01
    66    0.1528139817E+01
    67    0.1687255370E+01
    68    0.1093359632E+01
    69    0.1186871680E+01
    70    0.1199004032E+01
    71    0.1068861290E+01
    72    0.1515969484E+01
    73    0.1089977243E+01
    74    0.1486261827E+01
    75    0.1460920200E+01
    76    0.7799475719E+00
    77    0.6524324008E+00
    78    0.9961290110E+00
    79    0.1063001483E+01
    80    0.1191249265E+01
    81    0.1068234808E+01
    82    0.7425747820E+00
    83    0.9925739319E+00
    84    0.6565630097E+00
    85    0.7415175537E+00
    86    0.1023382927E+01
    87    0.1014322340E+01
    88    0.1068831246E+01
    89    0.9394510179E+00
    90    0.1010080233E+01
    91    0.7590100532E+00
    92    0.6715524959E+00
    93    0.9394920332E+00
    94    0.1118038532E+01
    95    0.9339242329E+00
    96    0.6434962544E+00
    97    0.1013641371E+01
    98    0.8765567483E+00
    99    0.8510046811E+00
   100    0.9110004311E+00
   101    0.8603777636E+00
   102    0.9519133072E+00
   103    0.9875219601E+00
   104    0.8882385971E+00
   105    0.3965571071E+00
   106    0.5225026017E+00
   107    0.8481810405E+00
   108    0.9040829279E+00
   109    0.7405127375E+00
   110    0.7427189701E+00
   111    0.5671894752E+00
   112    0.8662543422E+00
   113    0.1021095655E+01
   114    0.6366697151E+00
   115    0.5431723246E+00
   116    0.8261364060E+00
   117    0.7412813231E+00
   118    0.7364613696E+00
   119    0.6207893682E+00
   120    0.4977727394E+00
   121    0.5927847948E+00
   122    0.7873535901E+00
   123    0.1022135626E+01
   124    0.8473124717E+00
   125    0.7523920705E+00
   126    0.8178389524E+00
   127    0.5619961942E+00
   128    0.6148412390E+00
   129    0.7109154333E+00
   130    0.4986501777E+00
   131    0.6050754235E+00
   132    0.8495716057E+00
   133    0.5732277489E+00
   134    0.5471318324E+00
   135    0.9898935414E+00
   136    0.1005775044E+01
   137    0.6104085702E+00
   138    0.8205241934E+00
   139    0.8590659223E+00
   140    0.8048915786E+00
   141    0.4592533890E+00
   142    0.4222953152E+00
   143    0.6785568751E+00
   144    0.8702563875E+00
   145    0.6182965455E+00
   146    0.9712329860E+00
   147    0.7211766250E+00
   148    0.5919031051E+00
   149    0.7842602101E+00
   150    0.6648743411E+00
   151    0.6333488600E+00
   152    0.7065614142E+00
   153    0.7690170732E+00
   154    0.7179134211E+00
   155    0.9281465474E+00
   156    0.1008581771E+01
   157    0.8388544604E+00
   158    0.8187539942E+00
   159    0.6926737485E+00
   160    0.7931500645E+00
   161    0.8480972295E+00
   162    0.8934878798E+00
   163    0.6390004475E+00
   164    0.8598574889E+00
   165    0.7026158450E+00
   166    0.5040225908E+00
   167    0.8274884887E+00
   168    0.9999216668E+00
   169    0.7538157447E+00
   170    0.6778132062E+00
   171    0.7994397431E+00
   172    0.1107167019E+01
   173    0.8692059161E+00
   174    0.9011098607E+00
   175    0.1041138843E+01
   176    0.1008581512E+01
   177    0.8590777614E+00
   178    0.7747485584E+00
   179    0.8725126145E+00
   180    0.8816143892E+00
   181    0.6877425819E+00
   182    0.9139435235E+00
   183    0.1270203425E+01
   184    0.9506972469E+00
   185    0.7475837356E+00
   186    0.6675263310E+00
   187    0.9380978784E+00
   188    0.1253151270E+01
   189    0.1118123234E+01
   190    0.8857287927E+00
   191    0.8980829885E+00
   192    0.1318272131E+01
   193    0.1130222413E+01
   194    0.9316421861E+00
   195    0.1307567570E+01
   196    0.1087218858E+01
   197    0.1046878493E+01
   198    0.1437055583E+01
   199    0.1024131889E+01
   200    0.1059147382E+01
   201    0.1102621916E+01
   202    0.1243434215E+01
   203    0.1436008593E+01
   204    0.1268449388E+01
   205    0.1077159715E+01
   206    0.1670923312E+01
   207    0.1029689064E+01
   208    0.1162143899E+01
   209    0.1256711948E+01
   210    0.1454899271E+01
   211    0.1402544361E+01
   212    0.1623260917E+01
   213    0.1632756680E+01
   214    0.1570604698E+01
   215    0.1210536237E+01
   216    0.1184070765E+01
   217    0.1425188243E+01
   218    0.1387325901E+01
   219    0.1439598397E+01
   220    0.1430378976E+01
   221    0.1599743122E+01
   222    0.1225751678E+01
   223    0.1492138039E+01
   224    0.1057600893E+01
   225    0.1204518979E+01
   226    0.1441216809E+01
   227    0.1406217462E+01
   228    0.1175188560E+01
   229    0.1574362798E+01
   230    0.1393341802E+01
   231    0.1040391976E+01
   232    0.1522758192E+01
   233    0.1265308333E+01
   234    0.1168418344E+01
   235    0.1100259674E+01
   236    0.1056038843E+01
   237    0.1062250940E+01
   238    0.1141390783E+01
   239    0.8347683185E+00
   240    0.1113417834E+01
   241    0.1168255335E+01
   242    0.1422974903E+01
   243    0.1274018537E+01
   244    0.1232176660E+01
   245    0.8848748004E+00
   246    0.1232392458E+01
   247    0.1070516131E+01
   248    0.8995225069E+00
   249    0.1125192180E+01
   250    0.8675480980E+00
   251    0.8909540087E+00
   252    0.9088634432E+00
   253    0.1362238539E+01
   254    0.1048519646E+01
   255    0.9964340929E+00
   256    0.1150588322E+01
   257    0.8089115594E+00
   258    0.1022475437E+01
   259    0.1062769309E+01
   260    0.1064188349E+01
   261    0.1120433762E+01
   262    0.6107433820E+00
   263    0.5843439082E+00
   264    0.6514406713E+00
   265    0.8400209729E+00
   266    0.7046509972E+00
   267    0.8135668141E+00
   268    0.9497957272E+00
   269    0.9413772124E+00
   270    0.8988412104E+00
   271    0.8182735495E+00
   272    0.7158426777E+00
   273    0.7261378399E+00
   274    0.6430956108E+00
   275    0.9650831963E+00
   276    0.9406613873E+00
   277    0.7694869097E+00
   278    0.5692617017E+00
   279    0.9051928728E+00
   280    0.9389394121E+00
   281    0.9601250294E+00
   282    0.7442013623E+00
   283    0.6064380794E+00
   284    0.9347635613E+00
   285    0.7992248033E+00
   286    0.6706549334E+00
   287    0.6722235021E+00
   288    0.4896452982E+00
   289    0.5428920592E+00
   290    0.5779099193E+00
   291    0.9160667807E+00
   292    0.8178220723E+00
   293    0.6594230613E+00
   294    0.8704824352E+00
   295    0.6961197144E+00
   296    0.6362103247E+00
   297    0.6593608858E+00
   298    0.8386574994E+00
   299    0.7153944820E+00
   300    0.8976998833E+00
   301    0.6276520857E+00
   302    0.6114957080E+00
   303    0.8087259993E+00
   304    0.6215979701E+00
   305    0.4344095001E+00
   306    0.7142990479E+00
   307    0.8858496428E+00
   308    0.5130722182E+00
   309    0.7010069737E+00
   310    0.8795073657E+00
   311    0.6999042207E+00
   312    0.6820903527E+00
   313    0.6558131762E+00
   314    0.7720775541E+00
   315    0.6729643757E+00
   316    0.6201610907E+00
   317    0.6679077577E+00
   318    0.4433393683E+00
   319    0.7386025446E+00
   320    0.1021118664E+01
   321    0.1012315921E+01
   322    0.5878977701E+00
   323    0.5957309238E+00
   324    0.7600173550E+00
   325    0.1054162712E+01
   326    0.6155323183E+00
   327    0.5172095439E+00
   328    0.9048973635E+00
   329    0.1334225437E+01
   330    0.8338559283E+00
   331    0.5341827301E+00
   332    0.6886687714E+00
   333    0.8501407868E+00
   334    0.8603816292E+00
   335    0.7212874193E+00
   336    0.7651329595E+00
   337    0.8461001602E+00
   338    0.8827584965E+00
   339    0.5493801230E+00
   340    0.7564409887E+00
   341    0.8586970608E+00
   342    0.1055923736E+01
   343    0.9841590660E+00
   344    0.8390854060E+00
   345    0.1004418492E+01
   346    0.1169180322E+01
   347    0.8152571729E+00
   348    0.1045873973E+01
   349    0.9671499887E+00
   350    0.9852864803E+00
   351    0.1453634037E+01
   352    0.1273803883E+01
   353    0.9576001892E+00
   354    0.9904260614E+00
   355    0.7314356425E+00
   356    0.1280847090E+01
   357    0.1464480367E+01
   358    0.1072592974E+01
   359    0.9337558855E+00
   360    0.1086907419E+01
   361    0.1194865400E+01
   362    0.9538117291E+00
   363    0.1027415695E+01
   364    0.1389904477E+01
   365    0.9652347954E+00
   366    0.9073675714E+00
   367    0.1292738287E+01
   368    0.1558802981E+01
   369    0.1324351372E+01
   370    0.1135918795E+01
   371    0.1345028600E+01
   372    0.1270176576E+01
   373    0.1638525055E+01
   374    0.1575023968E+01
   375    0.1486550146E+01
   376    0.1468410547E+01
   377    0.1576065488E+01
   378    0.1622954181E+01
   379    0.1631057630E+01
   380    0.1368337497E+01
   381    0.1119550941E+01
   382    0.1218283081E+01
   383    0.1460164625E+01
   384    0.1593860511E+01
   385    0.1273516751E+01
   386    0.1271509323E+01
   387    0.1323310633E+01
   388    0.9141712165E+00
   389    0.1385127118E+01
   390    0.1854340746E+01
   391    0.1429435402E+01
   392    0.1091513232E+01
   393    0.1535882373E+01
   394    0.1608052039E+01
   395    0.1154639792E+01
   396    0.9592004495E+00
   397    0.1568390472E+01
   398    0.1227095633E+01
   399    0.1116922382E+01
   400    0.1369444784E+01
   401    0.7329102145E+00
   402    0.1085440610E+01
   403    0.1304525261E+01
   404    0.1257294189E+01
   405    0.1138750799E+01
   406    0.1031803359E+01
   407    0.1274325661E+01
   408    0.9994762973E+00
   409    0.7659913241E+00
   410    0.9356240518E+00
   411    0.1302011897E+01
   412    0.9284755933E+00
   413    0.1130461279E+01
   414    0.1031456632E+01
   415    0.8372290702E+00
   416    0.1137688547E+01
   417    0.8022812419E+00
   418    0.9107982888E+00
   419    0.1004297235E+01
   420    0.1041519956E+01
   421    0.7846023917E+00
   422    0.8935949464E+00
   423    0.8178417835E+00
   424    0.1017538336E+01
   425    0.9959994137E+00
   426    0.9954904454E+00
   427    0.9135088776E+00
   428    0.7067392480E+00
   429    0.8284680077E+00
   430    0.7787404026E+00
   431    0.5126461141E+00
   432    0.7635779079E+00
   433    0.1110453968E+01
   434    0.6738444746E+00
   435    0.7031930489E+00
   436    0.8528002386E+00
   437    0.7894809038E+00
   438    0.6168460664E+00
   439    0.8669524675E+00
   440    0.7318091331E+00
   441    0.5785304962E+00
   442    0.9096421348E+00
   443    0.5131397987E+00
   444    0.6746384672E+00
   445    0.7502639360E+00
   446    0.6330871046E+00
   447    0.7709954006E+00
   448    0.7095095240E+00
   449    0.7603637989E+00
   450    0.9434311415E+00
   451    0.5712539917E+00
   452    0.6109002125E+00
   453    0.8789654666E+00
   454    0.6901892946E+00
   455    0.7744109521E+00
   456    0.7410411621E+00
   457    0.6074051792E+00
   458    0.7428618006E+00
   459    0.6977966172E+00
   460    0.7653988747E+00
   461    0.4221165112E+00
   462    0.5564790983E+00
   463    0.8061752111E+00
   464    0.1057043261E+01
   465    0.6032449908E+00
   466    0.5705417004E+00
   467    0.4809972024E+00
   468    0.7573985668E+00
   469    0.8853080261E+00
   470    0.8455325456E+00
   471    0.7882282248E+00
   472    0.6891629422E+00
   473    0.4905509726E+00
   474    0.8459948156E+00
   475    0.7336781547E+00
   476    0.6685288423E+00
   477    0.7917539705E+00
   478    0.7294173128E+00
   479    0.6311364955E+00
   480    0.4730982255E+00
   481    0.6748881801E+00
   482    0.9374885659E+00
   483    0.9985229755E+00
   484    0.8326721459E+00
   485    0.7127151321E+00
   486    0.4790851385E+00
   487    0.7138356586E+00
   488    0.8650390040E+00
   489    0.8909804053E+00
   490    0.9866921147E+00
   491    0.8114212845E+00
   492    0.5866311749E+00
   493    0.6016310279E+00
   494    0.6257488492E+00
   495    0.7341865591E+00
   496    0.9033701351E+00
   497    0.5769896350E+00
   498    0.9181704066E+00
   499    0.1030045190E+01
   500    0.9410706795E+00
   501    0.1031003001E+01
   502    0.1025177606E+01
   503    0.9069992209E+00
   504    0.7875255744E+00
   505    0.9628742804E+00
   506    0.9452041177E+00
   507    0.6723629255E+00
   508    0.9769784328E+00
   509    0.8243298527E+00
   510    0.8706649505E+00
   511    0.1050746158E+01
   512    0.8926661220E+00
   513    0.1198729559E+01
   514    0.1671563848E+01
   515    0.1215376997E+01
   516    0.1198516490E+01
   517    0.1020825773E+01
   518    0.1254240580E+01
   519    0.1176052919E+01
   520    0.1082063296E+01
   521    0.1034961925E+01
   522    0.8476258624E+00
   523    0.1234674673E+01
   524    0.1679999901E+01
   525    0.1528028968E+01
   526    0.1004187206E+01
   527    0.8373554997E+00
   528    0.1325614941E+01
   529    0.1220811032E+01
   530    0.1288317546E+01
   531    0.1379387873E+01
   532    0.1434510085E+01
   533    0.1343246263E+01
   534    0.1078045982E+01
   535    0.1158214412E+01
   536    0.1166676772E+01
   537    0.1587704663E+01
   538    0.1701373010E+01
   539    0.1381507318E+01
   540    0.1111906191E+01
   541    0.1760700077E+01
   542    0.1470837409E+01
   543    0.1197829406E+01
   544    0.1671153551E+01
   545    0.1510353437E+01
   546    0.1309049702E+01
   547    0.1575832921E+01
   548    0.1304016726E+01
   549    0.1122534910E+01
   550    0.1219937121E+01
   551    0.1371340460E+01
   552    0.1530978166E+01
   553    0.1550999489E+01
   554    0.9695041546E+00
   555    0.1116721018E+01
   556    0.1638489486E+01
   557    0.1316802866E+01
   558    0.1597476298E+01
   559    0.1553207804E+01
   560    0.1155298452E+01
   561    0.1151096641E+01
   562    0.1112063040E+01
   563    0.1106556661E+01
   564    0.8153353484E+00
   565    0.1103241138E+01
   566    0.7609750581E+00
   567    0.1223998332E+01
   568    0.1642735528E+01
   569    0.9735300415E+00
   570    0.9234737224E+00
   571    0.1037024730E+01
   572    0.1024109971E+01
   573    0.1205084121E+01
   574    0.9147885424E+00
   575    0.1069524595E+01
   576    0.9933307221E+00
   577    0.1047181936E+01
   578    0.1201269511E+01
   579    0.1016819646E+01
   580    0.6011185562E+00
   581    0.8810077074E+00
   582    0.8001124866E+00
   583    0.7136089690E+00
   584    0.8637123728E+00
   585    0.1054286153E+01
   586    0.7561568898E+00
   587    0.8519702068E+00
   588    0.1220516504E+01
   589    0.9833428432E+00
   590    0.5286360470E+00
   591    0.8230795494E+00
   592    0.7059618283E+00
   593    0.1005517893E+01
   594    0.8028734247E+00
   595    0.9066260135E+00
   596    0.7359966670E+00
   597    0.6302802683E+00
   598    0.1024075340E+01
   599    0.8609535452E+00
   600    0.6050362031E+00
   601    0.5712625413E+00
   602    0.8330372905E+00
   603    0.1052687877E+01
   604    0.8067405992E+00
   605    0.5544499411E+00
   606    0.9076911263E+00
   607    0.8466014567E+00
   608    0.6046617258E+00
   609    0.6135544473E+00
   610    0.6206518547E+00
   611    0.5752735677E+00
   612    0.5331329770E+00
   613    0.5963887825E+00
   614    0.9589513897E+00
   615    0.7029557968E+00
   616    0.5874926370E+00
   617    0.8788827662E+00
   618    0.8717716935E+00
   619    0.7550370891E+00
   620    0.6923430582E+00
   621    0.6956911054E+00
   622    0.8096185676E+00
   623    0.7510269251E+00
   624    0.7253689978E+00
   625    0.5930505728E+00
   626    0.8102524218E+00
   627    0.5788500703E+00
   628    0.5786438260E+00
   629    0.5804009308E+00
   630    0.4506340107E+00
   631    0.5556445179E+00
   632    0.8722905822E+00
   633    0.8818764080E+00
   634    0.5990426128E+00
   635    0.6257989425E+00
   636    0.7414811752E+00
   637    0.6026545561E+00
   638    0.7159102323E+00
   639    0.9605242800E+00
   640    0.7521466442E+00
   641    0.6660563847E+00
   642    0.5899514440E+00
   643    0.5898996110E+00
   644    0.6204342826E+00
   645    0.6077617386E+00
   646    0.6961783673E+00
   647    0.5402210837E+00
   648    0.1052502768E+01
   649    0.7800833010E+00
   650    0.8616973990E+00
   651    0.9129039243E+00
   652    0.8242598254E+00
   653    0.6146722530E+00
   654    0.6504056219E+00
   655    0.6685229711E+00
   656    0.6714771395E+00
   657    0.9964984474E+00
   658    0.8123902888E+00
   659    0.8174630366E+00
   660    0.6568023510E+00
   661    0.7287107791E+00
   662    0.7029416445E+00
   663    0.9298586989E+00
   664    0.9939480802E+00
   665    0.7621158557E+00
   666    0.8745562207E+00
   667    0.1052070457E+01
   668    0.9390054115E+00
   669    0.8242783543E+00
   670    0.1011741027E+01
   671    0.7058161867E+00
   672    0.9677354659E+00
   673    0.9068275598E+00
   674    0.1066309039E+01
   675    0.1364813583E+01
   676    0.1025566230E+01
   677    0.1477150277E+01
   678    0.1019111822E+01
   679    0.8597261722E+00
   680    0.1143880790E+01
   681    0.8625951439E+00
   682    0.1089240754E+01
   683    0.1219900366E+01
   684    0.1064731212E+01
   685    0.1081001017E+01
   686    0.1448732923E+01
   687    0.1248387829E+01
   688    0.1307153788E+01
   689    0.1570134279E+01
   690    0.9798231360E+00
   691    0.1161837162E+01
   692    0.1285702080E+01
   693    0.1711966313E+01
   694    0.1709251019E+01
   695    0.1405305425E+01
   696    0.1569625713E+01
   697    0.1502677340E+01
   698    0.1656719200E+01
   699    0.1197181688E+01
   700    0.1515943063E+01
   701    0.1587237782E+01
   702    0.1153751916E+01
   703    0.1546614476E+01
   704    0.1455212956E+01
   705    0.1447522187E+01
   706    0.1129247213E+01
   707    0.9832845509E+00
   708    0.1526910585E+01
   709    0.1482110987E+01
   710    0.1566223163E+01
   711    0.1428352762E+01
   712    0.1621728979E+01
   713    0.1438535381E+01
   714    0.1206033712E+01
   715    0.1225209000E+01
   716    0.1397391951E+01
   717    0.1233449231E+01
   718    0.1281252797E+01
   719    0.1115941743E+01
   720    0.1035127835E+01
   721    0.7985840834E+00
   722    0.1055867777E+01
   723    0.1061759390E+01
   724    0.1232328127E+01
   725    0.1041492362E+01
   726    0.9557900538E+00
   727    0.9365862164E+00
   728    0.1056207576E+01
   729    0.1436287451E+01
   730    0.1468173768E+01
   731    0.1119990791E+01
   732    0.9459074902E+00
   733    0.8288978032E+00
   734    0.1003714438E+01
   735    0.1207786683E+01
   736    0.9040338841E+00
   737    0.7931099676E+00
   738    0.9727291074E+00
   739    0.5972407492E+00
   740    0.1048748294E+01
   741    0.1020995901E+01
   742    0.5737844920E+00
   743    0.6911651596E+00
   744    0.8950261477E+00
   745    0.8458979357E+00
   746    0.9819653831E+00
   747    0.9215778048E+00
   748    0.8833950520E+00
   749    0.1021558467E+01
   750    0.7714668817E+00
   751    0.5917204316E+00
   752    0.6742939056E+00
   753    0.1109065597E+01
   754    0.7815829462E+00
   755    0.7454842613E+00
   756    0.1140109863E+01
   757    0.1111661138E+01
   758    0.6006884883E+00
   759    0.1041044277E+01
   760    0.6719939208E+00
   761    0.4153386423E+00
   762    0.7662926877E+00
   763    0.9557373957E+00
   764    0.8201693486E+00
   765    0.9421944273E+00
   766    0.7145161934E+00
   767    0.6575115076E+00
   768    0.5466771713E+00
   769    0.7298938094E+00
   770    0.6658948799E+00
   771    0.5553752135E+00
   772    0.6530131202E+00
   773    0.7471432232E+00
   774    0.1057830045E+01
   775    0.6085326420E+00
   776    0.9304513384E+00
   777    0.1016292079E+01
   778    0.5661439426E+00
   779    0.5943962147E+00
   780    0.6231539248E+00
   781    0.7177586690E+00
   782    0.5686527178E+00
   783    0.8163680060E+00
   784    0.6429521797E+00
   785    0.4750380582E+00
   786    0.8443145795E+00
   787    0.1021958989E+01
   788    0.6991534319E+00
   789    0.8458712442E+00
   790    0.4902569911E+00
   791    0.6724459104E+00
   792    0.7714894493E+00
   793    0.7523426633E+00
   794    0.7315368308E+00
   795    0.1127957410E+01
   796    0.9326660844E+00
   797    0.6997866047E+00
   798    0.6759268471E+00
   799    0.1012496826E+01
   800    0.7604887091E+00
   801    0.7590596604E+00
   802    0.9024290756E+00
   803    0.9307494592E+00
   804    0.8018097082E+00
   805    0.1028833484E+01
   806    0.9436012916E+00
   807    0.6620198412E+00
   808    0.5578561897E+00
   809    0.7907757083E+00
   810    0.8838785771E+00
   811    0.1055686473E+01
   812    0.1218823136E+01
   813    0.1014811266E+01
   814    0.1038675239E+01
   815    0.9271287285E+00
   816    0.1021905014E+01
   817    0.1184808977E+01
   818    0.1100179980E+01
   819    0.9127631595E+00
   820    0.8566475892E+00
   821    0.7138583353E+00
   822    0.7360117913E+00
   823    0.1380138427E+01
   824    0.1038523056E+01
   825    0.1111540994E+01
   826    0.1112672591E+01
   827    0.1252749326E+01
   828    0.1165581409E+01
   829    0.7637024305E+00
   830    0.6862501301E+00
   831    0.1206398608E+01
   832    0.1520213123E+01
   833    0.1133500527E+01
   834    0.9609166219E+00
   835    0.1092856249E+01
   836    0.1162773114E+01
   837    0.1311194054E+01
   838    0.1237340375E+01
   839    0.1313966239E+01
   840    0.1233326488E+01
   841    0.1398184476E+01
   842    0.1250756700E+01
   843    0.1527426520E+01
   844    0.1085205707E+01
   845    0.1099528432E+01
   846    0.1361390287E+01
   847    0.1599701234E+01
   848    0.9518255742E+00
   849    0.9648109267E+00
   850    0.1085474276E+01
   851    0.9706777301E+00
   852    0.9883906090E+00
   853    0.1393776591E+01
   854    0.1453296402E+01
   855    0.1656015114E+01
   856    0.1210086928E+01
   857    0.1112869771E+01
   858    0.1070355874E+01
   859    0.8022058622E+00
   860    0.8194643574E+00
   861    0.8879042454E+00
   862    0.1041214038E+01
   863    0.1356343395E+01
   864    0.1509057119E+01
   865    0.1184252592E+01
   866    0.1166488403E+01
   867    0.9247876409E+00
   868    0.7923538758E+00
   869    0.9273817345E+00
   870    0.1233342834E+01
   871    0.1256114188E+01
   872    0.1702493581E+01
   873    0.1247319751E+01
   874    0.1218855230E+01
   875    0.9494064939E+00
   876    0.7647459596E+00
   877    0.4630566837E+00
   878    0.8949506484E+00
   879    0.9820419005E+00
   880    0.9448784918E+00
   881    0.9474362025E+00
   882    0.1148665080E+01
   883    0.8046476958E+00
   884    0.7025708443E+00
   885    0.7549221753E+00
   886    0.1169064708E+01
   887    0.1047002898E+01
   888    0.9769737993E+00
   889    0.7929663386E+00
   890    0.1255239748E+01
   891    0.1566202354E+01
   892    0.1017335096E+01
   893    0.1273659506E+01
   894    0.9562054461E+00
   895    0.1137889227E+01
   896    0.9094448883E+00
   897    0.8359314471E+00
   898    0.7079781275E+00
   899    0.7687152331E+00
   900    0.8260646197E+00
   901    0.6802223295E+00
   902    0.9450172477E+00
   903    0.8834199940E+00
   904    0.5571291132E+00
   905    0.8074841616E+00
   906    0.9682369033E+00
   907    0.9617704754E+00
   908    0.9990424948E+00
   909    0.8446119724E+00
   910    0.7403345402E+00
   911    0.8657450132E+00
   912    0.6963468005E+00
   913    0.7701299385E+00
   914    0.7531743738E+00
   915    0.9172964686E+00
   916    0.8718283377E+00
   917    0.6939317879E+00
   918    0.1050171091E+01
   919    0.9296808650E+00
   920    0.7654585319E+00
   921    0.6397371092E+00
   922    0.1073029996E+01
   923    0.9077204848E+00
   924    0.1291623685E+01
   925    0.1221438283E+01
   926    0.9834203574E+00
   927    0.7405304018E+00
   928    0.6610710512E+00
   929    0.7969221293E+00
   930    0.1312759537E+01
   931    0.8895148563E+00
   932    0.5428019062E+00
   933    0.9505586999E+00
   934    0.8702007784E+00
   935    0.1087476806E+01
   936    0.1084245827E+01
   937    0.6702817048E+00
   938    0.8426087604E+00
   939    0.5585326752E+00
   940    0.7716957672E+00
   941    0.1109131358E+01
   942    0.1273656972E+01
   943    0.1001738263E+01
   944    0.9260770447E+00
   945    0.8410601730E+00
   946    0.6093608080E+00
   947    0.7010772250E+00
   948    0.8572854102E+00
   949    0.1116526825E+01
   950    0.1115829476E+01
   951    0.1166371120E+01
   952    0.1237649263E+01
   953    0.9973425330E+00
   954    0.1085925791E+01
   955    0.8916212079E+00
   956    0.9068271280E+00
   957    0.8787695455E+00
   958    0.9037053198E+00
   959    0.1040094647E+01
   960    0.1027662667E+01
   961    0.8014801561E+00
   962    0.7981754584E+00
   963    0.6160717510E+00
   964    0.6529097564E+00
   965    0.1100780390E+01
   966    0.1170450484E+01
   967    0.1341416014E+01
   968    0.1495245704E+01
   969    0.1106102491E+01
   970    0.9916216492E+00
   971    0.7999377271E+00
   972    0.8929336570E+00
   973    0.1215005954E+01
   974    0.1184605738E+01
   975    0.8991967038E+00
   976    0.9511642409E+00
   977    0.8359395107E+00
   978    0.1174200590E+01
   979    0.1128084159E+01
   980    0.8746598930E+00
   981    0.1007625948E+01
   982    0.1173695373E+01
   983    0.1444349811E+01
   984    0.1360489473E+01
   985    0.1094937079E+01
   986    0.1000253422E+01
   987    0.9386055359E+00
   988    0.1060834696E+01
   989    0.7290915245E+00
   990    0.6839691163E+00
   991    0.7252389128E+00
   992    0.8552194462E+00
   993    0.8544542058E+00
   994    0.9377357501E+00
   995    0.9230145944E+00
   996    0.9208741272E+00
   997    0.1000040521E+01
   998    0.9137633964E+00
   999    0.1156873296E+01
  1000    0.1107703502E+01
  1001    0.8894389159E+00
  1002    0.1015881892E+01
  1003    0.9595278255E+00
  1004    0.1035085225E+01
  1005    0.1055802187E+01
  1006    0.1027171957E+01
  1007    0.9433930980E+00
  1008    0.8202204590E+00
  1009    0.9172385757E+00
  1010    0.8755481282E+00
  1011    0.9356506096E+00
  1012    0.9525019784E+00
  1013    0.1022556397E+01
  1014    0.1213577424E+01
  1015    0.1264617421E+01
  1016    0.1231298223E+01
  1017    0.1197664700E+01
  1018    0.1103593159E+01
  1019    0.1099691500E+01
  1020    0.1076420179E+01
  1021    0.1036293781E+01
  1022    0.1047318886E+01
  1023    0.1101722073E+01
  1024    0.1207753867E+01
  1025    0.1263629596E+01
  1026    0.1151216446E+01
  1027    0.9530626220E+00
  1028    0.9399855235E+00
  1029    0.9098719155E+00
  1030    0.8682064068E+00
  1031    0.8832824419E+00
  1032    0.8959528161E+00
  1033    0.9528876250E+00
  1034    0.9756862167E+00
  1035    0.1070806452E+01
  1036    0.1135956417E+01
  1037    0.1053846864E+01
  1038    0.9705544604E+00
  1039    0.9257472830E+00
  1040    0.8801585009E+00
  1041    0.1001743018E+01
  1042    0.1111543162E+01
  1043    0.1216140470E+01
  1044    0.1156402539E+01
  1045    0.1113072382E+01
  1046    0.1141815073E+01
  1047    0.1224495314E+01
  1048    0.1162748841E+01
  1049    0.1050837827E+01
  1050    0.1068450932E+01
  1051    0.1137480267E+01
  1052    0.1118510031E+01
  1053    0.1017797068E+01
  1054    0.9493121164E+00
  1055    0.9423763889E+00
  1056    0.9988141463E+00
  1057    0.1103931657E+01
  1058    0.1106820549E+01
  1059    0.9505788290E+00
  1060    0.9252640935E+00
  1061    0.1039879978E+01
  1062    0.1115217918E+01
  1063    0.1061765594E+01
  1064    0.9954417681E+00
  1065    0.9742994746E+00
  1066    0.9403184739E+00
  1067    0.8831988764E+00
  1068    0.8648478865E+00
  1069    0.9013280602E+00
  1070    0.9563397575E+00
  1071    0.9819785048E+00
  1072    0.9855723764E+00
  1073    0.1008487138E+01
  1074    0.1005747938E+01
  1075    0.9148853021E+00
  1076    0.8169741958E+00
  1077    0.7878482527E+00
  1078    0.7925811250E+00
  1079    0.8188688430E+00
  1080    0.8851035978E+00
  1081    0.9384615892E+00
  1082    0.9346036686E+00
  1083    0.9222242561E+00
  1084    0.9080600018E+00
  1085    0.8826856701E+00
  1086    0.8448917085E+00
  1087    0.8286675663E+00
  1088    0.8145606878E+00
  1089    0.8007141604E+00
  1090    0.7947187478E+00
  1091    0.8741697045E+00
  1092    0.9515044686E+00
  1093    0.9635601037E+00
  1094    0.9121950530E+00
  1095    0.8532044766E+00
  1096    0.8240019136E+00
  1097    0.8335861166E+00
  1098    0.8648288456E+00
  1099    0.9275897144E+00
  1100    0.9905399918E+00
  1101    0.1012289541E+01
  1102    0.9819482631E+00
  1103    0.9317100296E+00
  1104    0.9171281709E+00
  1105    0.9063772398E+00
  1106    0.8876489408E+00
  1107    0.9018427874E+00
  1108    0.9572311479E+00
  1109    0.9917100453E+00
  1110    0.9675200131E+00
  1111    0.9380670759E+00
  1112    0.9344014369E+00
  1113    0.9266797028E+00
  1114    0.9068973542E+00
  1115    0.8898621247E+00
  1116    0.8849158557E+00
  1117    0.9314251296E+00
  1118    0.9789495021E+00
  1119    0.9801623064E+00
  1120    0.9739550454E+00
  1121    0.1004356617E+01
  1122    0.1129741428E+01
  1123    0.1306611367E+01
  1124    0.1274517097E+01
  1125    0.1182812255E+01
  1126    0.1129112731E+01
  1127    0.1036065577E+01
  1128    0.9720506116E+00
  1129    0.1014278256E+01
  1130    0.1068146782E+01
  1131    0.1087603239E+01
  1132    0.1050471532E+01
  1133    0.1022763289E+01
  1134    0.1069944295E+01
  1135    0.1116435336E+01
  1136    0.1085319822E+01
  1137    0.1025030432E+01
  1138    0.1032513482E+01
  1139    0.1064862980E+01
  1140    0.1026063093E+01
  1141    0.9790259944E+00
  1142    0.9831487203E+00
  1143    0.9974873755E+00
  1144    0.1017704609E+01
  1145    0.1013339936E+01
  1146    0.9747488950E+00
  1147    0.9600919332E+00
  1148    0.9507737606E+00
  1149    0.9277841921E+00
  1150    0.9407648250E+00
  1151    0.9740719259E+00
  1152    0.9531425622E+00
  1153    0.8972413778E+00
  1154    0.8665010798E+00
  1155    0.8695044168E+00
  1156    0.8889275102E+00
  1157    0.9160269726E+00
  1158    0.9605366978E+00
  1159    0.9940255488E+00
  1160    0.9925198539E+00
  1161    0.9589786346E+00
  1162    0.9084129636E+00
  1163    0.8862999569E+00
  1164    0.9205767454E+00
  1165    0.9551945285E+00
  1166    0.9458066238E+00
  1167    0.9282219022E+00
  1168    0.9389157385E+00
  1169    0.9568982629E+00
  1170    0.9616729321E+00
  1171    0.9653627259E+00
  1172    0.9793582735E+00
  1173    0.9901972754E+00
  1174    0.1001264673E+01
  1175    0.1006912838E+01
  1176    0.1014561289E+01
  1177    0.1046623423E+01
  1178    0.1074438724E+01
  1179    0.1065713484E+01
  1180    0.1038280097E+01
  1181    0.1032164808E+01
  1182    0.1034756506E+01
  1183    0.1014668828E+01
  1184    0.1014439274E+01
  1185    0.1044393029E+01
  1186    0.1043120278E+01
  1187    0.1013049559E+01
  1188    0.1025315745E+01
  1189    0.1093020499E+01
  1190    0.1174818943E+01
  1191    0.1184959223E+01
  1192    0.1148607573E+01
  1193    0.1139787938E+01
  1194    0.1137326975E+01
  1195    0.1120551091E+01
  1196    0.1113108063E+01
  1197    0.1115343198E+01
  1198    0.1090492230E+01
  1199    0.1103263866E+01
  1200    0.1105267832E+01
  1201    0.1071037010E+01
  1202    0.1034557294E+01
  1203    0.1014397658E+01
  1204    0.1013686561E+01
  1205    0.1027025037E+01
  1206    0.1041858881E+01
  1207    0.1044004125E+01
  1208    0.1026939877E+01
  1209    0.1012734019E+01
  1210    0.1017962514E+01
  1211    0.1021692677E+01
  1212    0.1005094137E+01
  1213    0.9834651089E+00
  1214    0.9808702436E+00
  1215    0.9917491749E+00
  1216    0.9967229513E+00
  1217    0.9873450447E+00
  1218    0.9711888410E+00
  1219    0.9643479599E+00
  1220    0.9784025217E+00
  1221    0.1011438564E+01
  1222    0.1039488880E+01
  1223    0.1041324482E+01
  1224    0.1029328796E+01
  1225    0.1014425310E+01
  1226    0.9907812232E+00
  1227    0.9669310168E+00
  1228    0.9570855206E+00
  1229    0.9591523094E+00
  1230    0.9713607496E+00
  1231    0.9883781879E+00
  1232    0.1000726184E+01
  1233    0.1012270925E+01
  1234    0.1023916766E+01
  1235    0.1019579102E+01
  1236    0.1007078979E+01
  1237    0.1011591410E+01
  1238    0.1021507346E+01
  1239    0.1013237294E+01
  1240    0.9980792880E+00
  1241    0.9929333274E+00
  1242    0.9859157425E+00
  1243    0.9676542224E+00
  1244    0.9541612819E+00
  1245    0.9551544422E+00
  1246    0.9695098502E+00
  1247    0.9936673973E+00
  1248    0.1013828495E+01
  1249    0.1009759861E+01
  1250    0.9971165067E+00
  1251    0.1001371018E+01
  1252    0.1015163509E+01
  1253    0.1020261012E+01
  1254    0.1013277605E+01
  1255    0.9953406320E+00
  1256    0.9781795657E+00
  1257    0.9751686190E+00
  1258    0.9900101807E+00
  1259    0.1008108906E+01
  1260    0.1005726279E+01
  1261    0.9909596406E+00
  1262    0.9863733055E+00
  1263    0.9968592364E+00
  1264    0.1013129048E+01
  1265    0.1028105485E+01
  1266    0.1030425147E+01
  1267    0.1008829866E+01
  1268    0.9832661736E+00
  1269    0.9726246616E+00
  1270    0.9790288952E+00
  1271    0.9946876571E+00
  1272    0.1004459849E+01
  1273    0.9975824713E+00
  1274    0.9848418902E+00
  1275    0.9801551428E+00
  1276    0.9901286148E+00
  1277    0.1005824643E+01
  1278    0.1005508237E+01
  1279    0.9994123381E+00
  1280    0.1007061815E+01
  1281    0.1016995787E+01
  1282    0.1011930123E+01
  1283    0.9957228558E+00
  1284    0.9871049295E+00
  1285    0.9896754843E+00
  1286    0.9975987965E+00
  1287    0.1001763898E+01
  1288    0.9960340586E+00
  1289    0.9920865649E+00
  1290    0.9952502841E+00
  1291    0.1002781270E+01
  1292    0.1011183311E+01
  1293    0.1015658504E+01
  1294    0.1014801135E+01
  1295    0.1009464863E+01
  1296    0.1000278749E+01
  1297    0.9943540093E+00
  1298    0.9967689672E+00
  1299    0.1003668335E+01
  1300    0.1003745761E+01
  1301    0.9983878054E+00
  1302    0.9951110182E+00
  1303    0.9990351462E+00
  1304    0.1006896478E+01
  1305    0.1007487071E+01
  1306    0.1003270633E+01
  1307    0.1003771128E+01
  1308    0.1004567633E+01
  1309    0.9979317585E+00
  1310    0.9912228608E+00
  1311    0.9912229074E+00
  1312    0.9976668340E+00
  1313    0.1006069613E+01
  1314    0.1007261584E+01
  1315    0.9987920029E+00
  1316    0.9937488134E+00
  1317    0.9976966176E+00
  1318    0.1005677832E+01
  1319    0.1011216956E+01
  1320    0.1011262162E+01
  1321    0.1005306244E+01
  1322    0.1000394809E+01
  1323    0.1001343642E+01
  1324    0.1005405462E+01
  1325    0.1008769878E+01
  1326    0.1008374625E+01
  1327    0.1005323818E+01
  1328    0.1003314679E+01
  1329    0.1006739513E+01
  1330    0.1012347970E+01
  1331    0.1011138679E+01
  1332    0.1007304690E+01
  1333    0.1007854450E+01
  1334    0.1008186297E+01
  1335    0.1005291733E+01
  1336    0.1003525856E+01
  1337    0.1005883955E+01
  1338    0.1008878706E+01
  1339    0.1008792404E+01
  1340    0.1007122258E+01
  1341    0.1007103677E+01
  1342    0.1007617389E+01
  1343    0.1006676388E+01
  1344    0.1007380209E+01
  1345    0.1010771593E+01
  1346    0.1012374547E+01
  1347    0.1010468910E+01
  1348    0.1006938595E+01
  1349    0.1004609174E+01
  1350    0.1005186432E+01
  1351    0.1008825967E+01
  1352    0.1011570038E+01
  1353    0.1010507796E+01
  1354    0.1008542562E+01
  1355    0.1008487939E+01
  1356    0.1009496683E+01
  1357    0.1009545173E+01
  1358    0.1009077521E+01
  1359    0.1010080653E+01
  1360    0.1011343444E+01
  1361    0.1010304179E+01
  1362    0.1007700077E+01
  1363    0.1006648069E+01
  1364    0.1007462114E+01
  1365    0.1008429347E+01
  1366    0.1009249756E+01
  1367    0.1009841684E+01
  1368    0.1008538555E+01
  1369    0.1006333028E+01
  1370    0.1005091881E+01
  1371    0.1005086813E+01
  1372    0.1005089665E+01
  1373    0.1003933648E+01
  1374    0.1002425690E+01
  1375    0.1001792931E+01
  1376    0.1001387661E+01
  1377    0.1000689386E+01
  1378    0.1000218200E+01
  1379    0.1000055502E+01
  1380    0.1000013875E+01
  1381    0.1000003469E+01
  1382    0.1000000867E+01
  1383    0.1000000217E+01
  1384    0.1000000054E+01
  1385    0.1000000014E+01
  1386    0.1000000003E+01
  1387    0.1000000001E+01
  1388    0.1000000000E+01
  1389    0.1000000000E+01
  1390    0.1000000000E+01
  1391    0.1000000000E+01
  1392    0.1000000000E+01
  1393    0.1000000000E+01
  1394    0.1000000000E+01
  1395    0.1000000000E+01
  1396    0.1000000000E+01
  1397    0.1000000000E+01
  1398    0.1000000000E+01
  1399    0.1000000000E+01
  1400    0.1000000000E+01
  1401    0.1000000000E+01
  1402    0.1000000000E+01
  1403    0.1000000000E+01
  1404    0.1000000000E+01
  1405    0.1000000000E+01
  1406    0.1000000000E+01
  1407    0.1000000000E+01
  1408    0.1000000000E+01
  1409    0.1000000000E+01
  1410    0.1000000000E+01
  1411    0.1000000000E+01
  1412    0.1000000000E+01
  1413    0.1000000000E+01
  1414    0.1000000000E+01
  1415    0.1000000000E+01
  1416    0.1000000000E+01
  1417    0.1000000000E+01
  1418    0.1000000000E+01
  1419    0.1000000000E+01
  1420    0.1000000000E+01
  1421    0.1000000000E+01
  1422    0.1000000000E+01
  1423    0.1000000000E+01
  1424    0.1000000000E+01
  1425    0.1000000000E+01
  1426    0.1000000000E+01
  1427    0.1000000000E+01
  1428    0.1000000000E+01
  1429    0.1000000000E+01
  1430    0.1000000000E+01
  1431    0.1000000000E+01
  1432    0.1000000000E+01
  1433    0.1000000000E+01
  1434    0.1000000000E+01
  1435    0.1000000000E+01
  1436    0.1000000000E+01
  1437    0.1000000000E+01
  1438    0.1000000000E+01
  1439    0.1000000000E+01
  1440    0.1000000000E+01
  1441    0.1000000000E+01
  1442    0.1000000000E+01
  1443    0.1000000000E+01
  1444    0.1000000000E+01
  1445    0.1000000000E+01
  1446    0.1000000000E+01
  1447    0.1000000000E+01
  1448    0.1000000000E+01
  1449    0.1000000000E+01
  1450    0.1000000000E+01
  1451    0.1000000000E+01
  1452    0.1000000000E+01
  1453    0.1000000000E+01
  1454    0.1000000000E+01
  1455    0.1000000000E+01
  1456    0.1000000000E+01
  1457    0.1000000000E+01
  1458    0.1000000000E+01
  1459    0.1000000000E+01
  1460    0.1000000000E+01
  1461    0.1000000000E+01
  1462    0.1000000000E+01
  1463    0.1000000000E+01
  1464    0.1000000000E+01
  1465    0.1000000000E+01
  1466    0.1000000000E+01
  1467    0.1000000000E+01
  1468    0.1000000000E+01
  1469    0.1000000000E+01
  1470    0.1000000000E+01
  1471    0.1000000000E+01
  1472    0.1000000000E+01
  1473    0.1000000000E+01
  1474    0.1000000000E+01
  1475    0.1000000000E+01
  1476    0.1000000000E+01
  1477    0.1000000000E+01
  1478    0.1000000000E+01
  1479    0.1000000000E+01
  1480    0.1000000000E+01
  1481    0.1000000000E+01
  1482    0.1000000000E+01
  1483    0.1000000000E+01
  1484    0.1000000000E+01
  1485    0.1000000000E+01
  1486    0.1000000000E+01
  1487    0.1000000000E+01
  1488    0.1000000000E+01
  1489    0.1000000000E+01
  1490    0.1000000000E+01
  1491    0.1000000000E+01
  1492    0.1000000000E+01
  1493    0.1000000000E+01
  1494    0.1000000000E+01
  1495    0.1000000000E+01
  1496    0.1000000000E+01
  1497    0.1000000000E+01
  1498    0.1000000000E+01
  1499    0.1000000000E+01
  1500    0.8337500000E+00
  1501    0.1662500000E+00
  1502    0.0000000000E+00
