    -1    0.0000000000E+00
     0    0.1252393596E+00
     1    0.4866586519E+00
     2    0.4590607988E+00
     3    0.3400079142E+00
     4    0.4642418745E+00
     5    0.4699021367E+00
     6    0.5806180849E+00
     7    0.5448770664E+00
     8    0.4730665227E+00
     9    0.6420695927E+00
    10    0.3939205872E+00
    11    0.3254049088E+00
    12    0.5098448162E+00
    13    0.5096648061E+00
    14    0.5877957851E+00
    15    0.4166843224E+00
    16    0.3519050165E+00
    17    0.4631635074E+00
    18    0.4727975356E+00
    19    0.6610981578E+00
    20    0.5663099025E+00
    21    0.5057400022E+00
    22    0.4494141028E+00
    23    0.4182767256E+00
    24    0.4419782254E+00
    25    0.5666881997E+00
    26    0.5067255113E+00
    27    0.3412638982E+00
    28    0.4016115376E+00
    29    0.2289171300E+00
    30    0.5256947686E+00
    31    0.5339106802E+00
    32    0.4761157108E+00
    33    0.7379175755E+00
    34    0.5615180879E+00
    35    0.4100021977E+00
    36    0.5233676146E+00
    37    0.5367767107E+00
    38    0.4562003104E+00
    39    0.3900528216E+00
    40    0.5567802812E+00
    41    0.3232243143E+00
    42    0.5312285998E+00
    43    0.4771494624E+00
    44    0.6643882012E+00
    45    0.4508749786E+00
    46    0.4095213698E+00
    47    0.2475279706E+00
    48    0.4657928067E+00
    49    0.5391259340E+00
    50    0.5639385736E+00
    51    0.6795825285E+00
    52    0.5855892768E+00
    53    0.7387980146E+00
    54    0.6565377215E+00
    55    0.4773609982E+00
    56    0.4786129099E+00
    57    0.4864730618E+00
    58    0.5178588032E+00
    59    0.5083204421E+00
    60    0.7397912986E+00
    61    0.7040566216E+00
    62    0.5054675403E+00
    63    0.8690623956E+00
    64    0.9030306891E+00
    65    0.7743017008E+00
    66    0.5343912473E+00
    67    0.6192731069E+00
    68    0.7561472320E+00
    69    0.6847720896E+00
    70    0.6571747305E+00
    71    0.8802447082E+00
    72    0.6285320993E+00
    73    0.5302443048E+00
    74    0.5314707255E+00
    75    0.6471300989E+00
    76    0.7407957558E+00
    77    0.5492417784E+00
    78    0.6679076458E+00
    79    0.6846145804E+00
    80    0.8513052648E+00
    81    0.8872747240E+00
    82    0.1039943565E+01
    83    0.1142507368E+01
    84    0.6836541849E+00
    85    0.9730912186E+00
    86    0.7583803565E+00
    87    0.7385626768E+00
    88    0.7956726807E+00
    89    0.1134291627E+01
    90    0.1161230194E+01
    91    0.1107410144E+01
    92    0.9216924398E+00
    93    0.7867231840E+00
    94    0.1310905795E+01
    95    0.9905161548E+00
    96    0.1085303756E+01
    97    0.1362233316E+01
    98    0.1364448682E+01
    99    0.1480699680E+01
   100    0.1654478158E+01
   101    0.1128674852E+01
   102    0.1446894967E+01
   103    0.1608575666E+01
   104    0.1585638021E+01
   105    0.1638842383E+01
   106    0.1722329036E+01
   107    0.2407849477E+01
   108    0.1926732373E+01
   109    0.1872591162E+01
   110    0.1768416125E+01
   111    0.2356475532E+01
   112    0.1963975366E+01
   113    0.2136074093E+01
   114    0.2469898647E+01
   115    0.2346987189E+01
   116    0.2107855310E+01
   117    0.1996278193E+01
   118    0.1360624962E+01
   119    0.1759824036E+01
   120    0.1877472092E+01
   121    0.1233900376E+01
   122    0.1640618279E+01
   123    0.1143118275E+01
   124    0.1498583254E+01
   125    0.1512228708E+01
   126    0.1863922161E+01
   127    0.1663012720E+01
   128    0.1261751752E+01
   129    0.1309677582E+01
   130    0.2100454602E+01
   131    0.1818974652E+01
   132    0.1457054367E+01
   133    0.9792550451E+00
   134    0.9544653115E+00
   135    0.1161911978E+01
   136    0.9787532383E+00
   137    0.8007204050E+00
   138    0.1108812922E+01
   139    0.1094728173E+01
   140    0.7598300045E+00
   141    0.7251313706E+00
   142    0.9616770699E+00
   143    0.7884748140E+00
   144    0.6841185263E+00
   145    0.7110891733E+00
   146    0.1008732982E+01
   147    0.6924813912E+00
   148    0.7078302374E+00
   149    0.6038124993E+00
   150    0.6615140063E+00
   151    0.4364806622E+00
   152    0.7683840312E+00
   153    0.7394250432E+00
   154    0.5385782714E+00
   155    0.5758543736E+00
   156    0.7148557251E+00
   157    0.6780831121E+00
   158    0.7024375657E+00
   159    0.6134697021E+00
   160    0.6162892298E+00
   161    0.4950641146E+00
   162    0.3902192676E+00
   163    0.5349298934E+00
   164    0.4305845742E+00
   165    0.3768797563E+00
   166    0.5880320546E+00
   167    0.6502918172E+00
   168    0.6049100097E+00
   169    0.4915350073E+00
   170    0.4529044927E+00
   171    0.5038934202E+00
   172    0.3776112662E+00
   173    0.6336291618E+00
   174    0.3791523640E+00
   175    0.4779091199E+00
   176    0.5551147788E+00
   177    0.6488271677E+00
   178    0.3511895299E+00
   179    0.4752169644E+00
   180    0.4662791181E+00
   181    0.4999032789E+00
   182    0.6289702812E+00
   183    0.5335642826E+00
   184    0.4836028447E+00
   185    0.4072555051E+00
   186    0.4688650901E+00
   187    0.5017297401E+00
   188    0.4401146335E+00
   189    0.3738660644E+00
   190    0.3462501536E+00
   191    0.4567006701E+00
   192    0.3575524847E+00
   193    0.5659119641E+00
   194    0.6202840995E+00
   195    0.6004569646E+00
   196    0.4958334255E+00
   197    0.5114424788E+00
   198    0.4024314778E+00
   199    0.3927469948E+00
   200    0.5058253106E+00
   201    0.5985051869E+00
   202    0.5178722287E+00
   203    0.3684953355E+00
   204    0.4786987495E+00
   205    0.4268385486E+00
   206    0.8042784486E+00
   207    0.5090404642E+00
   208    0.5001424596E+00
   209    0.5260634784E+00
   210    0.3545748731E+00
   211    0.4439327731E+00
   212    0.4143895652E+00
   213    0.4017314121E+00
   214    0.4738511362E+00
   215    0.3149558539E+00
   216    0.5269297998E+00
   217    0.5583469689E+00
   218    0.5380172604E+00
   219    0.5032731413E+00
   220    0.5773467309E+00
   221    0.4918578769E+00
   222    0.4356414774E+00
   223    0.5414043215E+00
   224    0.6840771823E+00
   225    0.5623615561E+00
   226    0.3423986105E+00
   227    0.4986288485E+00
   228    0.3285196144E+00
   229    0.4196137274E+00
   230    0.4918118085E+00
   231    0.6766866079E+00
   232    0.7237366757E+00
   233    0.5998340511E+00
   234    0.4236974753E+00
   235    0.4901046973E+00
   236    0.7308680566E+00
   237    0.4652809524E+00
   238    0.5380693624E+00
   239    0.5442039118E+00
   240    0.4611584787E+00
   241    0.4233620832E+00
   242    0.6612829107E+00
   243    0.7732615310E+00
   244    0.7458279476E+00
   245    0.6119531638E+00
   246    0.5315162236E+00
   247    0.4534769165E+00
   248    0.6936966647E+00
   249    0.7872530431E+00
   250    0.8158128599E+00
   251    0.9249399740E+00
   252    0.5390789791E+00
   253    0.5360658366E+00
   254    0.5894984569E+00
   255    0.9535394912E+00
   256    0.6758783835E+00
   257    0.8525785122E+00
   258    0.1112836313E+01
   259    0.1041813000E+01
   260    0.8398770090E+00
   261    0.6215870169E+00
   262    0.8666231302E+00
   263    0.8627920033E+00
   264    0.5553195440E+00
   265    0.1168202641E+01
   266    0.1421053690E+01
   267    0.1024729778E+01
   268    0.1088420739E+01
   269    0.5070496178E+00
   270    0.1103610718E+01
   271    0.1386562835E+01
   272    0.1199429463E+01
   273    0.1289181517E+01
   274    0.1331580989E+01
   275    0.1133110817E+01
   276    0.1558758734E+01
   277    0.1529202045E+01
   278    0.1082276957E+01
   279    0.1713871660E+01
   280    0.1900910347E+01
   281    0.1927659302E+01
   282    0.1995432939E+01
   283    0.1524872849E+01
   284    0.1746016911E+01
   285    0.1735814014E+01
   286    0.1863464198E+01
   287    0.1930525850E+01
   288    0.1719316795E+01
   289    0.1911594052E+01
   290    0.2497627225E+01
   291    0.2714968175E+01
   292    0.2507820305E+01
   293    0.2840523034E+01
   294    0.2589940181E+01
   295    0.2227494154E+01
   296    0.2548280480E+01
   297    0.2758937496E+01
   298    0.2538580634E+01
   299    0.2114472145E+01
   300    0.2092628420E+01
   301    0.1395675542E+01
   302    0.1280141105E+01
   303    0.1236184956E+01
   304    0.1150174902E+01
   305    0.9122927848E+00
   306    0.7455142169E+00
   307    0.1099100559E+01
   308    0.1332485139E+01
   309    0.1120479757E+01
   310    0.1282447406E+01
   311    0.8257211399E+00
   312    0.8828472838E+00
   313    0.1091641333E+01
   314    0.8226458915E+00
   315    0.6889161776E+00
   316    0.1029761860E+01
   317    0.1270090419E+01
   318    0.8835693628E+00
   319    0.6061968898E+00
   320    0.8946813582E+00
   321    0.8092855766E+00
   322    0.8907525187E+00
   323    0.7912834605E+00
   324    0.6721823865E+00
   325    0.5828469855E+00
   326    0.5788682166E+00
   327    0.7693972998E+00
   328    0.1017096936E+01
   329    0.8458957752E+00
   330    0.6849115849E+00
   331    0.5821753580E+00
   332    0.6368396008E+00
   333    0.5893059337E+00
   334    0.6648278514E+00
   335    0.6627141061E+00
   336    0.6067443150E+00
   337    0.6380064797E+00
   338    0.4397846040E+00
   339    0.6868595520E+00
   340    0.7759370582E+00
   341    0.6094553150E+00
   342    0.6725247726E+00
   343    0.6418633649E+00
   344    0.4015782769E+00
   345    0.4348387720E+00
   346    0.4882129063E+00
   347    0.4852084388E+00
   348    0.5558032697E+00
   349    0.6935557395E+00
   350    0.5758696160E+00
   351    0.5323844604E+00
   352    0.3057015956E+00
   353    0.4436255107E+00
   354    0.4462062267E+00
   355    0.5782756936E+00
   356    0.4825810095E+00
   357    0.4187497395E+00
   358    0.4670206460E+00
   359    0.6716370532E+00
   360    0.3369527746E+00
   361    0.5771348939E+00
   362    0.5611433824E+00
   363    0.3761133259E+00
   364    0.5331120459E+00
   365    0.4012702757E+00
   366    0.3424389875E+00
   367    0.3444248606E+00
   368    0.4953316191E+00
   369    0.4745620486E+00
   370    0.4444080321E+00
   371    0.4068245755E+00
   372    0.5447920239E+00
   373    0.4076494091E+00
   374    0.4180406876E+00
   375    0.5843537420E+00
   376    0.3002705080E+00
   377    0.2199707048E+00
   378    0.4654921997E+00
   379    0.4780818690E+00
   380    0.5185969304E+00
   381    0.4159493709E+00
   382    0.3732061039E+00
   383    0.4771224819E+00
   384    0.2411244966E+00
   385    0.4133371356E+00
   386    0.5644470214E+00
   387    0.3907063180E+00
   388    0.4177097374E+00
   389    0.4175618508E+00
   390    0.4593601836E+00
   391    0.6433278942E+00
   392    0.5224820849E+00
   393    0.5025645995E+00
   394    0.4735557017E+00
   395    0.4335302392E+00
   396    0.3427479983E+00
   397    0.4932825652E+00
   398    0.4251634967E+00
   399    0.4964150897E+00
   400    0.5182429616E+00
   401    0.5842074216E+00
   402    0.5529038133E+00
   403    0.7807649565E+00
   404    0.6174109540E+00
   405    0.2905815591E+00
   406    0.4361936493E+00
   407    0.4503078213E+00
   408    0.6843732901E+00
   409    0.6296697084E+00
   410    0.6657760887E+00
   411    0.4688471846E+00
   412    0.5409327058E+00
   413    0.6706129721E+00
   414    0.4780930526E+00
   415    0.4679629408E+00
   416    0.3025474389E+00
   417    0.5113316176E+00
   418    0.6957705179E+00
   419    0.8866531441E+00
   420    0.6632218718E+00
   421    0.6063872484E+00
   422    0.8902103642E+00
   423    0.8684415491E+00
   424    0.8197798968E+00
   425    0.8335931625E+00
   426    0.8375861166E+00
   427    0.7489052302E+00
   428    0.3493854871E+00
   429    0.6815384652E+00
   430    0.9284700915E+00
   431    0.8219323720E+00
   432    0.9002012371E+00
   433    0.8214101380E+00
   434    0.9131235758E+00
   435    0.9437830419E+00
   436    0.1168520512E+01
   437    0.8868791072E+00
   438    0.8348449612E+00
   439    0.7534646422E+00
   440    0.1225910339E+01
   441    0.9935891690E+00
   442    0.9782334182E+00
   443    0.9784616962E+00
   444    0.1078339206E+01
   445    0.6955841473E+00
   446    0.1124455932E+01
   447    0.1229267948E+01
   448    0.1323463619E+01
   449    0.1250353097E+01
   450    0.1284221471E+01
   451    0.1484106899E+01
   452    0.1337132252E+01
   453    0.1519805739E+01
   454    0.1926937816E+01
   455    0.1454109182E+01
   456    0.1688558692E+01
   457    0.1887501925E+01
   458    0.2309568667E+01
   459    0.1970297460E+01
   460    0.1998357805E+01
   461    0.2079645749E+01
   462    0.2594911380E+01
   463    0.2512421151E+01
   464    0.2591939593E+01
   465    0.2508154167E+01
   466    0.2138420107E+01
   467    0.2304277662E+01
   468    0.2458358342E+01
   469    0.2039861998E+01
   470    0.1939188507E+01
   471    0.1689183210E+01
   472    0.1343855599E+01
   473    0.1668173313E+01
   474    0.1859567487E+01
   475    0.1354506040E+01
   476    0.1297146045E+01
   477    0.1278474664E+01
   478    0.1075992830E+01
   479    0.9440229360E+00
   480    0.1394352259E+01
   481    0.1498472183E+01
   482    0.1151566659E+01
   483    0.1221127078E+01
   484    0.9337759980E+00
   485    0.1316799240E+01
   486    0.1257279340E+01
   487    0.1261745536E+01
   488    0.8757104006E+00
   489    0.9540057927E+00
   490    0.1114425994E+01
   491    0.1029154938E+01
   492    0.6652468990E+00
   493    0.9526589673E+00
   494    0.9440306051E+00
   495    0.6814107279E+00
   496    0.8196072580E+00
   497    0.8818345339E+00
   498    0.7327138144E+00
   499    0.6528556015E+00
   500    0.7368179180E+00
   501    0.9024101708E+00
   502    0.5713321699E+00
   503    0.5992419042E+00
   504    0.6310863177E+00
   505    0.6269628022E+00
   506    0.1069272833E+01
   507    0.5473221665E+00
   508    0.5550154100E+00
   509    0.6706616087E+00
   510    0.5913629889E+00
   511    0.4441510465E+00
   512    0.5220411652E+00
   513    0.6833520410E+00
   514    0.7593449849E+00
   515    0.5983845836E+00
   516    0.4124722957E+00
   517    0.3389716777E+00
   518    0.6538868011E+00
   519    0.6511603170E+00
   520    0.3489946141E+00
   521    0.5332471958E+00
   522    0.4858219428E+00
   523    0.5422372671E+00
   524    0.5443426364E+00
   525    0.6373812513E+00
   526    0.4448622317E+00
   527    0.3626264546E+00
   528    0.4965649517E+00
   529    0.5017380148E+00
   530    0.3573013299E+00
   531    0.4992960371E+00
   532    0.5206434998E+00
   533    0.4446376687E+00
   534    0.4431524813E+00
   535    0.4584024364E+00
   536    0.5782524511E+00
   537    0.4647647492E+00
   538    0.5623761427E+00
   539    0.4592585458E+00
   540    0.3227523539E+00
   541    0.3502718854E+00
   542    0.3201257673E+00
   543    0.3013024801E+00
   544    0.5998604615E+00
   545    0.5364797301E+00
   546    0.3854194577E+00
   547    0.4867539981E+00
   548    0.5547450997E+00
   549    0.3791531658E+00
   550    0.3022195039E+00
   551    0.5355579037E+00
   552    0.5779258057E+00
   553    0.3645510105E+00
   554    0.4587845000E+00
   555    0.4477885387E+00
   556    0.3569263251E+00
   557    0.3468202555E+00
   558    0.4879549478E+00
   559    0.5059997018E+00
   560    0.6314838859E+00
   561    0.4758179681E+00
   562    0.4220208712E+00
   563    0.3563495347E+00
   564    0.5087885644E+00
   565    0.5292629997E+00
   566    0.2877755738E+00
   567    0.4402512535E+00
   568    0.4923376871E+00
   569    0.5898636716E+00
   570    0.5840288440E+00
   571    0.4972438833E+00
   572    0.2989786699E+00
   573    0.3523395755E+00
   574    0.4816332475E+00
   575    0.5390794825E+00
   576    0.4670671904E+00
   577    0.4086479565E+00
   578    0.4528066121E+00
   579    0.5320738674E+00
   580    0.5251845511E+00
   581    0.5489691277E+00
   582    0.5093544134E+00
   583    0.3686663509E+00
   584    0.7019842426E+00
   585    0.8338829315E+00
   586    0.5380671435E+00
   587    0.7892721290E+00
   588    0.6334919112E+00
   589    0.4764468619E+00
   590    0.3463870859E+00
   591    0.3088433468E+00
   592    0.3770936241E+00
   593    0.3057662190E+00
   594    0.6069520123E+00
   595    0.4625511080E+00
   596    0.5131689201E+00
   597    0.8599824076E+00
   598    0.9888554603E+00
   599    0.6684873934E+00
   600    0.7079937770E+00
   601    0.6317433845E+00
   602    0.5217352361E+00
   603    0.5582689050E+00
   604    0.3997463006E+00
   605    0.3379999933E+00
   606    0.8456518443E+00
   607    0.9525502953E+00
   608    0.6684562546E+00
   609    0.7411481173E+00
   610    0.1086897217E+01
   611    0.8935899379E+00
   612    0.1100227878E+01
   613    0.1041104679E+01
   614    0.6661569150E+00
   615    0.1112714682E+01
   616    0.9510090570E+00
   617    0.8705526355E+00
   618    0.1287638046E+01
   619    0.1025355790E+01
   620    0.1225128268E+01
   621    0.1425591036E+01
   622    0.1702352914E+01
   623    0.1785170285E+01
   624    0.1793353340E+01
   625    0.1908228748E+01
   626    0.2021134959E+01
   627    0.1723845504E+01
   628    0.1302839283E+01
   629    0.1616925486E+01
   630    0.1574465067E+01
   631    0.1689701150E+01
   632    0.2094123438E+01
   633    0.1622839163E+01
   634    0.1570369666E+01
   635    0.1907966847E+01
   636    0.1905405524E+01
   637    0.1282430770E+01
   638    0.1417571688E+01
   639    0.1485266829E+01
   640    0.1906446415E+01
   641    0.1624505150E+01
   642    0.1750967071E+01
   643    0.2160834180E+01
   644    0.1563737130E+01
   645    0.1606776442E+01
   646    0.2302363532E+01
   647    0.2248854879E+01
   648    0.1237499428E+01
   649    0.1587541474E+01
   650    0.1775342095E+01
   651    0.1369710451E+01
   652    0.1154785305E+01
   653    0.1061291367E+01
   654    0.1213215915E+01
   655    0.1659279132E+01
   656    0.1499633845E+01
   657    0.1319713810E+01
   658    0.1242249907E+01
   659    0.1757638222E+01
   660    0.9325318376E+00
   661    0.9372061527E+00
   662    0.1159498549E+01
   663    0.8085806040E+00
   664    0.1097987698E+01
   665    0.9989556456E+00
   666    0.1005472539E+01
   667    0.1400523063E+01
   668    0.1163316812E+01
   669    0.9341153177E+00
   670    0.6467299488E+00
   671    0.7650032959E+00
   672    0.8880487703E+00
   673    0.9856089431E+00
   674    0.8114405407E+00
   675    0.1097632749E+01
   676    0.1101914417E+01
   677    0.7350959062E+00
   678    0.7311343184E+00
   679    0.1097809667E+01
   680    0.7723464329E+00
   681    0.5189377504E+00
   682    0.7334492710E+00
   683    0.6006899345E+00
   684    0.8900719579E+00
   685    0.8014670682E+00
   686    0.5157968188E+00
   687    0.8212444452E+00
   688    0.9071386344E+00
   689    0.7144877442E+00
   690    0.8547065250E+00
   691    0.5944915243E+00
   692    0.7688559705E+00
   693    0.7333983568E+00
   694    0.5718683384E+00
   695    0.5182990459E+00
   696    0.6857639920E+00
   697    0.6828681006E+00
   698    0.6009408500E+00
   699    0.5926452376E+00
   700    0.6090493089E+00
   701    0.6736242192E+00
   702    0.6284450134E+00
   703    0.6232703963E+00
   704    0.7479760280E+00
   705    0.7009141586E+00
   706    0.5205869292E+00
   707    0.5581015366E+00
   708    0.8998805122E+00
   709    0.6900296737E+00
   710    0.3651392592E+00
   711    0.4338634558E+00
   712    0.6494967675E+00
   713    0.5647159533E+00
   714    0.7402468746E+00
   715    0.6823191223E+00
   716    0.4440347043E+00
   717    0.5584349026E+00
   718    0.5239405682E+00
   719    0.3077407415E+00
   720    0.4635602458E+00
   721    0.7120792360E+00
   722    0.5180829095E+00
   723    0.5865167846E+00
   724    0.9951798632E+00
   725    0.5973710004E+00
   726    0.3718435823E+00
   727    0.6269272038E+00
   728    0.6413667834E+00
   729    0.8050758852E+00
   730    0.6101638218E+00
   731    0.4697061456E+00
   732    0.5813153181E+00
   733    0.6953323894E+00
   734    0.5637212813E+00
   735    0.4583512773E+00
   736    0.6607882503E+00
   737    0.8546523552E+00
   738    0.5716131575E+00
   739    0.4256531093E+00
   740    0.6269545611E+00
   741    0.5122867404E+00
   742    0.7525562565E+00
   743    0.7248059827E+00
   744    0.7363653222E+00
   745    0.6909062896E+00
   746    0.5221735079E+00
   747    0.4402121769E+00
   748    0.4761133571E+00
   749    0.5316253850E+00
   750    0.7540172427E+00
   751    0.6693529132E+00
   752    0.4673252260E+00
   753    0.9220400331E+00
   754    0.5458520008E+00
   755    0.3368092716E+00
   756    0.6579154646E+00
   757    0.9000873677E+00
   758    0.9568853114E+00
   759    0.1103855678E+01
   760    0.7277849646E+00
   761    0.4792511708E+00
   762    0.5181475669E+00
   763    0.6801606529E+00
   764    0.9204513539E+00
   765    0.1175281431E+01
   766    0.9740292923E+00
   767    0.9657012769E+00
   768    0.9263102637E+00
   769    0.7796050853E+00
   770    0.1107593101E+01
   771    0.1388078985E+01
   772    0.1127462975E+01
   773    0.6981290036E+00
   774    0.9677479904E+00
   775    0.1304643436E+01
   776    0.1495960894E+01
   777    0.1244655561E+01
   778    0.1252204470E+01
   779    0.1098113756E+01
   780    0.1025688207E+01
   781    0.8680919612E+00
   782    0.8415969068E+00
   783    0.1013380534E+01
   784    0.1809890750E+01
   785    0.1307798123E+01
   786    0.1077192236E+01
   787    0.1489376828E+01
   788    0.1072680920E+01
   789    0.1147045874E+01
   790    0.1260044707E+01
   791    0.9987784274E+00
   792    0.8976687714E+00
   793    0.1086825766E+01
   794    0.1615363870E+01
   795    0.1653749981E+01
   796    0.1763011615E+01
   797    0.1482157320E+01
   798    0.1373018282E+01
   799    0.9902842323E+00
   800    0.9069794823E+00
   801    0.1519577689E+01
   802    0.1441279069E+01
   803    0.1523766267E+01
   804    0.1373261795E+01
   805    0.1213915759E+01
   806    0.1126198002E+01
   807    0.1202214934E+01
   808    0.1165208044E+01
   809    0.1338776762E+01
   810    0.1210307576E+01
   811    0.9631561554E+00
   812    0.1231537247E+01
   813    0.1250461633E+01
   814    0.1313406419E+01
   815    0.1312188164E+01
   816    0.1088854687E+01
   817    0.1493787874E+01
   818    0.1492917810E+01
   819    0.1361491491E+01
   820    0.1351447205E+01
   821    0.1478688580E+01
   822    0.1440961805E+01
   823    0.1228388011E+01
   824    0.1034123025E+01
   825    0.9366839286E+00
   826    0.1260106553E+01
   827    0.1282797660E+01
   828    0.1231399472E+01
   829    0.1053460644E+01
   830    0.1375137514E+01
   831    0.1115355001E+01
   832    0.1136782639E+01
   833    0.1270405296E+01
   834    0.1244194330E+01
   835    0.1108794819E+01
   836    0.1239896719E+01
   837    0.1337519010E+01
   838    0.1166305114E+01
   839    0.8841712542E+00
   840    0.9866573709E+00
   841    0.9360785998E+00
   842    0.1303650824E+01
   843    0.9630955518E+00
   844    0.8925490073E+00
   845    0.1036987702E+01
   846    0.8589134379E+00
   847    0.7508548508E+00
   848    0.1117613936E+01
   849    0.9756264441E+00
   850    0.9845815605E+00
   851    0.8989686763E+00
   852    0.7352321947E+00
   853    0.7601654811E+00
   854    0.8945266808E+00
   855    0.8755402845E+00
   856    0.8563063547E+00
   857    0.1145878969E+01
   858    0.9638986786E+00
   859    0.8470862203E+00
   860    0.8428069216E+00
   861    0.8103551548E+00
   862    0.8798326134E+00
   863    0.7096069743E+00
   864    0.7673250949E+00
   865    0.1085221226E+01
   866    0.8388607281E+00
   867    0.7129076369E+00
   868    0.8656194214E+00
   869    0.8347526229E+00
   870    0.8758554797E+00
   871    0.7300235221E+00
   872    0.6663268181E+00
   873    0.8154806095E+00
   874    0.8980062127E+00
   875    0.7901361532E+00
   876    0.1015727777E+01
   877    0.1023294270E+01
   878    0.9881475335E+00
   879    0.1031392350E+01
   880    0.8772352428E+00
   881    0.8181487406E+00
   882    0.8393696414E+00
   883    0.7098232299E+00
   884    0.9400187590E+00
   885    0.8445677378E+00
   886    0.6898051980E+00
   887    0.7622464348E+00
   888    0.9274474054E+00
   889    0.7245390467E+00
   890    0.8590301291E+00
   891    0.6593422768E+00
   892    0.6348162466E+00
   893    0.1025650040E+01
   894    0.9757418030E+00
   895    0.8061649691E+00
   896    0.7813931484E+00
   897    0.8261665448E+00
   898    0.8179835268E+00
   899    0.7909726549E+00
   900    0.8656663180E+00
   901    0.8013899429E+00
   902    0.9674531903E+00
   903    0.9210963661E+00
   904    0.8669540000E+00
   905    0.7256301879E+00
   906    0.9004011956E+00
   907    0.8902640827E+00
   908    0.8791865078E+00
   909    0.7097448954E+00
   910    0.8947228830E+00
   911    0.7004384843E+00
   912    0.7098335533E+00
   913    0.1000643246E+01
   914    0.9067365917E+00
   915    0.9179804639E+00
   916    0.9125179443E+00
   917    0.7830651035E+00
   918    0.8474335404E+00
   919    0.9081283660E+00
   920    0.9011607753E+00
   921    0.1030054656E+01
   922    0.7147478770E+00
   923    0.9157176993E+00
   924    0.9333851492E+00
   925    0.1058610604E+01
   926    0.8915069716E+00
   927    0.7608757914E+00
   928    0.1002530734E+01
   929    0.9800827122E+00
   930    0.8530614223E+00
   931    0.8595751656E+00
   932    0.7874487596E+00
   933    0.8704012451E+00
   934    0.1003186959E+01
   935    0.9942345632E+00
   936    0.1013013301E+01
   937    0.8556388373E+00
   938    0.1056762327E+01
   939    0.1081572656E+01
   940    0.9805193147E+00
   941    0.1018892441E+01
   942    0.1052624161E+01
   943    0.1150922001E+01
   944    0.1132681678E+01
   945    0.1023526010E+01
   946    0.1068109189E+01
   947    0.1011728815E+01
   948    0.1048665328E+01
   949    0.8367383611E+00
   950    0.9475801676E+00
   951    0.1271575182E+01
   952    0.9413864527E+00
   953    0.1214550506E+01
   954    0.1060934395E+01
   955    0.1001053037E+01
   956    0.9559110385E+00
   957    0.9239235489E+00
   958    0.9860149832E+00
   959    0.1092612426E+01
   960    0.9176614796E+00
   961    0.1055731136E+01
   962    0.1187859903E+01
   963    0.1312803235E+01
   964    0.1003805628E+01
   965    0.9812135867E+00
   966    0.1128732088E+01
   967    0.1212872911E+01
   968    0.1107646175E+01
   969    0.8994548247E+00
   970    0.8996624530E+00
   971    0.9426092932E+00
   972    0.8753357042E+00
   973    0.8189802465E+00
   974    0.9779361733E+00
   975    0.1150866243E+01
   976    0.1041464595E+01
   977    0.1091855351E+01
   978    0.1190025961E+01
   979    0.1141822215E+01
   980    0.1164651405E+01
   981    0.1081442215E+01
   982    0.1072886197E+01
   983    0.9763042629E+00
   984    0.9949421513E+00
   985    0.1046582747E+01
   986    0.1024080195E+01
   987    0.1068880335E+01
   988    0.1011031933E+01
   989    0.1175202308E+01
   990    0.1266780976E+01
   991    0.1246867539E+01
   992    0.1245363622E+01
   993    0.1039510075E+01
   994    0.1054757593E+01
   995    0.9494287625E+00
   996    0.9453505387E+00
   997    0.1012193415E+01
   998    0.1076351709E+01
   999    0.1197482328E+01
  1000    0.1355364124E+01
  1001    0.1330725194E+01
  1002    0.1165228039E+01
  1003    0.1004566514E+01
  1004    0.9475511698E+00
  1005    0.1023936124E+01
  1006    0.1104665916E+01
  1007    0.1051343976E+01
  1008    0.1071418997E+01
  1009    0.1133516952E+01
  1010    0.1160594865E+01
  1011    0.1191964745E+01
  1012    0.1162208077E+01
  1013    0.1051152354E+01
  1014    0.9732425399E+00
  1015    0.8566242131E+00
  1016    0.8787911226E+00
  1017    0.9129263621E+00
  1018    0.8583496358E+00
  1019    0.9397426649E+00
  1020    0.9369679314E+00
  1021    0.1010128719E+01
  1022    0.1074641063E+01
  1023    0.1068854091E+01
  1024    0.1059811169E+01
  1025    0.1111861102E+01
  1026    0.1080708534E+01
  1027    0.1037016042E+01
  1028    0.1083488470E+01
  1029    0.1114584427E+01
  1030    0.1044523261E+01
  1031    0.9713052041E+00
  1032    0.9194848624E+00
  1033    0.9097574339E+00
  1034    0.9319234094E+00
  1035    0.9796205055E+00
  1036    0.1010162865E+01
  1037    0.9448931594E+00
  1038    0.8581816297E+00
  1039    0.8686176164E+00
  1040    0.8810230939E+00
  1041    0.8861072367E+00
  1042    0.9084991198E+00
  1043    0.9400039263E+00
  1044    0.9564076139E+00
  1045    0.9471442843E+00
  1046    0.9152034357E+00
  1047    0.8733760835E+00
  1048    0.9144123087E+00
  1049    0.9707152657E+00
  1050    0.9610495690E+00
  1051    0.9131168200E+00
  1052    0.9025032904E+00
  1053    0.8920312175E+00
  1054    0.8820807231E+00
  1055    0.9078215955E+00
  1056    0.9467351203E+00
  1057    0.9557307345E+00
  1058    0.9625531316E+00
  1059    0.9899427055E+00
  1060    0.1005703578E+01
  1061    0.9668618836E+00
  1062    0.8958905312E+00
  1063    0.8369262008E+00
  1064    0.8545609190E+00
  1065    0.8762658836E+00
  1066    0.8598875859E+00
  1067    0.8331501253E+00
  1068    0.8327463183E+00
  1069    0.8478821335E+00
  1070    0.8431680245E+00
  1071    0.8640008474E+00
  1072    0.8847485906E+00
  1073    0.8962530681E+00
  1074    0.9149483776E+00
  1075    0.9373882095E+00
  1076    0.9519067096E+00
  1077    0.9457686151E+00
  1078    0.9252927387E+00
  1079    0.9001894030E+00
  1080    0.8711495330E+00
  1081    0.8909268622E+00
  1082    0.9502433005E+00
  1083    0.1012876285E+01
  1084    0.9908079710E+00
  1085    0.9185635187E+00
  1086    0.8965745010E+00
  1087    0.9450409649E+00
  1088    0.1059362351E+01
  1089    0.1137059151E+01
  1090    0.1072304760E+01
  1091    0.9545938439E+00
  1092    0.8857988952E+00
  1093    0.8609848751E+00
  1094    0.8566611300E+00
  1095    0.8702334399E+00
  1096    0.9066513089E+00
  1097    0.9361775295E+00
  1098    0.9396838968E+00
  1099    0.9587944929E+00
  1100    0.9627016549E+00
  1101    0.9302903836E+00
  1102    0.9267888713E+00
  1103    0.9840260595E+00
  1104    0.1053434388E+01
  1105    0.1071409468E+01
  1106    0.1018812693E+01
  1107    0.9320620338E+00
  1108    0.8783051690E+00
  1109    0.8759943172E+00
  1110    0.9249149416E+00
  1111    0.1027455707E+01
  1112    0.1099326015E+01
  1113    0.1037211044E+01
  1114    0.9588448381E+00
  1115    0.9708771235E+00
  1116    0.1028755789E+01
  1117    0.1051675165E+01
  1118    0.1045484816E+01
  1119    0.1033989089E+01
  1120    0.1004856254E+01
  1121    0.9783664691E+00
  1122    0.9567941227E+00
  1123    0.9505777096E+00
  1124    0.9737257687E+00
  1125    0.9913346634E+00
  1126    0.9881470423E+00
  1127    0.1005845394E+01
  1128    0.1052390475E+01
  1129    0.1085394990E+01
  1130    0.1078724434E+01
  1131    0.1051691148E+01
  1132    0.1031845869E+01
  1133    0.1034840973E+01
  1134    0.1044715213E+01
  1135    0.1030806513E+01
  1136    0.1011225316E+01
  1137    0.1030191430E+01
  1138    0.1055635672E+01
  1139    0.1039494041E+01
  1140    0.1011165122E+01
  1141    0.1009026576E+01
  1142    0.1033931990E+01
  1143    0.1060442136E+01
  1144    0.1067815956E+01
  1145    0.1081926129E+01
  1146    0.1133099811E+01
  1147    0.1157854974E+01
  1148    0.1095452227E+01
  1149    0.1052271424E+01
  1150    0.1060570635E+01
  1151    0.1087444927E+01
  1152    0.1114689456E+01
  1153    0.1122228911E+01
  1154    0.1095632219E+01
  1155    0.1065462482E+01
  1156    0.1069926233E+01
  1157    0.1078275108E+01
  1158    0.1060532801E+01
  1159    0.1051489238E+01
  1160    0.1068837056E+01
  1161    0.1091941689E+01
  1162    0.1109790694E+01
  1163    0.1104479537E+01
  1164    0.1070299544E+01
  1165    0.1043594913E+01
  1166    0.1028825974E+01
  1167    0.1031893015E+01
  1168    0.1051323523E+01
  1169    0.1045485339E+01
  1170    0.1015757243E+01
  1171    0.9994413501E+00
  1172    0.1006145120E+01
  1173    0.1014976792E+01
  1174    0.1015889444E+01
  1175    0.1018805264E+01
  1176    0.1008918178E+01
  1177    0.9813259610E+00
  1178    0.9694053794E+00
  1179    0.9773558651E+00
  1180    0.9789596924E+00
  1181    0.9708208167E+00
  1182    0.9683390076E+00
  1183    0.9799875766E+00
  1184    0.1010898933E+01
  1185    0.1043773516E+01
  1186    0.1039807748E+01
  1187    0.1016745467E+01
  1188    0.1018329648E+01
  1189    0.1020977054E+01
  1190    0.9940060708E+00
  1191    0.9634646091E+00
  1192    0.9608138225E+00
  1193    0.9714394268E+00
  1194    0.9825125228E+00
  1195    0.9865004584E+00
  1196    0.9707310211E+00
  1197    0.9581668118E+00
  1198    0.9536636634E+00
  1199    0.9508123017E+00
  1200    0.9627915334E+00
  1201    0.9856501618E+00
  1202    0.9903597425E+00
  1203    0.9738210824E+00
  1204    0.9697611835E+00
  1205    0.9912855644E+00
  1206    0.1014519419E+01
  1207    0.1013465966E+01
  1208    0.9920704505E+00
  1209    0.9759469412E+00
  1210    0.9763308239E+00
  1211    0.9871493058E+00
  1212    0.9917225153E+00
  1213    0.9868812165E+00
  1214    0.9888002165E+00
  1215    0.1000719379E+01
  1216    0.1010484893E+01
  1217    0.1003741110E+01
  1218    0.9911105924E+00
  1219    0.9884629690E+00
  1220    0.9940414892E+00
  1221    0.1002286447E+01
  1222    0.1010008840E+01
  1223    0.1007284439E+01
  1224    0.9982460334E+00
  1225    0.9893989638E+00
  1226    0.9851343350E+00
  1227    0.9921204005E+00
  1228    0.1002383294E+01
  1229    0.1002151893E+01
  1230    0.9982103428E+00
  1231    0.9981211539E+00
  1232    0.1006312214E+01
  1233    0.1017881497E+01
  1234    0.1016912239E+01
  1235    0.1002399351E+01
  1236    0.9902418344E+00
  1237    0.9853662504E+00
  1238    0.9887646914E+00
  1239    0.1000537387E+01
  1240    0.1016462226E+01
  1241    0.1024545208E+01
  1242    0.1016394054E+01
  1243    0.1002775672E+01
  1244    0.1001231623E+01
  1245    0.1008564765E+01
  1246    0.1008745348E+01
  1247    0.1001910116E+01
  1248    0.1002726533E+01
  1249    0.1008311852E+01
  1250    0.1010189219E+01
  1251    0.1009217752E+01
  1252    0.1010369472E+01
  1253    0.1016495633E+01
  1254    0.1024138006E+01
  1255    0.1026069404E+01
  1256    0.1017369757E+01
  1257    0.1006833814E+01
  1258    0.1000379315E+01
  1259    0.9985266217E+00
  1260    0.9993993191E+00
  1261    0.1002647016E+01
  1262    0.1008485493E+01
  1263    0.1010193206E+01
  1264    0.1002999791E+01
  1265    0.9958650905E+00
  1266    0.9950001242E+00
  1267    0.9963296274E+00
  1268    0.9969135253E+00
  1269    0.9953407349E+00
  1270    0.9930665852E+00
  1271    0.9954220469E+00
  1272    0.1002196776E+01
  1273    0.1008492813E+01
  1274    0.1012059043E+01
  1275    0.1011851034E+01
  1276    0.1006978166E+01
  1277    0.1005169704E+01
  1278    0.1007575797E+01
  1279    0.1008800258E+01
  1280    0.1007638819E+01
  1281    0.1008825961E+01
  1282    0.1010192267E+01
  1283    0.1006376063E+01
  1284    0.1002337886E+01
  1285    0.1002190895E+01
  1286    0.1007094753E+01
  1287    0.1014576975E+01
  1288    0.1016907909E+01
  1289    0.1013496336E+01
  1290    0.1007838437E+01
  1291    0.1003716343E+01
  1292    0.1003873265E+01
  1293    0.1006095243E+01
  1294    0.1008171606E+01
  1295    0.1009872036E+01
  1296    0.1008773670E+01
  1297    0.1006939273E+01
  1298    0.1007444813E+01
  1299    0.1008632646E+01
  1300    0.1008958823E+01
  1301    0.1009188064E+01
  1302    0.1008820055E+01
  1303    0.1007764597E+01
  1304    0.1006327989E+01
  1305    0.1004857371E+01
  1306    0.1004604739E+01
  1307    0.1006262705E+01
  1308    0.1009207247E+01
  1309    0.1011824911E+01
  1310    0.1012526293E+01
  1311    0.1010951815E+01
  1312    0.1010312653E+01
  1313    0.1010648127E+01
  1314    0.1010088147E+01
  1315    0.1009497316E+01
  1316    0.1009115143E+01
  1317    0.1007742556E+01
  1318    0.1006409459E+01
  1319    0.1006736310E+01
  1320    0.1008177890E+01
  1321    0.1009044217E+01
  1322    0.1008346185E+01
  1323    0.1007631274E+01
  1324    0.1006923582E+01
  1325    0.1005662084E+01
  1326    0.1004302183E+01
  1327    0.1003473695E+01
  1328    0.1003708378E+01
  1329    0.1003828255E+01
  1330    0.1002634193E+01
  1331    0.1001481796E+01
  1332    0.1001140671E+01
  1333    0.1001044688E+01
  1334    0.1000766446E+01
  1335    0.1000351536E+01
  1336    0.1000106538E+01
  1337    0.1000026819E+01
  1338    0.1000006705E+01
  1339    0.1000001676E+01
  1340    0.1000000419E+01
  1341    0.1000000105E+01
  1342    0.1000000026E+01
  1343    0.1000000007E+01
  1344    0.1000000002E+01
  1345    0.1000000000E+01
  1346    0.1000000000E+01
  1347    0.1000000000E+01
  1348    0.1000000000E+01
  1349    0.1000000000E+01
  1350    0.1000000000E+01
  1351    0.1000000000E+01
  1352    0.1000000000E+01
  1353    0.1000000000E+01
  1354    0.1000000000E+01
  1355    0.1000000000E+01
  1356    0.1000000000E+01
  1357    0.1000000000E+01
  1358    0.1000000000E+01
  1359    0.1000000000E+01
  1360    0.1000000000E+01
  1361    0.1000000000E+01
  1362    0.1000000000E+01
  1363    0.1000000000E+01
  1364    0.1000000000E+01
  1365    0.1000000000E+01
  1366    0.1000000000E+01
  1367    0.1000000000E+01
  1368    0.1000000000E+01
  1369    0.1000000000E+01
  1370    0.1000000000E+01
  1371    0.1000000000E+01
  1372    0.1000000000E+01
  1373    0.1000000000E+01
  1374    0.1000000000E+01
  1375    0.1000000000E+01
  1376    0.1000000000E+01
  1377    0.1000000000E+01
  1378    0.1000000000E+01
  1379    0.1000000000E+01
  1380    0.1000000000E+01
  1381    0.1000000000E+01
  1382    0.1000000000E+01
  1383    0.1000000000E+01
  1384    0.1000000000E+01
  1385    0.1000000000E+01
  1386    0.1000000000E+01
  1387    0.1000000000E+01
  1388    0.1000000000E+01
  1389    0.1000000000E+01
  1390    0.1000000000E+01
  1391    0.1000000000E+01
  1392    0.1000000000E+01
  1393    0.1000000000E+01
  1394    0.1000000000E+01
  1395    0.1000000000E+01
  1396    0.1000000000E+01
  1397    0.1000000000E+01
  1398    0.1000000000E+01
  1399    0.1000000000E+01
  1400    0.1000000000E+01
  1401    0.1000000000E+01
  1402    0.1000000000E+01
  1403    0.1000000000E+01
  1404    0.1000000000E+01
  1405    0.1000000000E+01
  1406    0.1000000000E+01
  1407    0.1000000000E+01
  1408    0.1000000000E+01
  1409    0.1000000000E+01
  1410    0.1000000000E+01
  1411    0.1000000000E+01
  1412    0.1000000000E+01
  1413    0.1000000000E+01
  1414    0.1000000000E+01
  1415    0.1000000000E+01
  1416    0.1000000000E+01
  1417    0.1000000000E+01
  1418    0.1000000000E+01
  1419    0.1000000000E+01
  1420    0.1000000000E+01
  1421    0.1000000000E+01
  1422    0.1000000000E+01
  1423    0.1000000000E+01
  1424    0.1000000000E+01
  1425    0.1000000000E+01
  1426    0.1000000000E+01
  1427    0.1000000000E+01
  1428    0.1000000000E+01
  1429    0.1000000000E+01
  1430    0.1000000000E+01
  1431    0.1000000000E+01
  1432    0.1000000000E+01
  1433    0.1000000000E+01
  1434    0.1000000000E+01
  1435    0.1000000000E+01
  1436    0.1000000000E+01
  1437    0.1000000000E+01
  1438    0.1000000000E+01
  1439    0.1000000000E+01
  1440    0.1000000000E+01
  1441    0.1000000000E+01
  1442    0.1000000000E+01
  1443    0.1000000000E+01
  1444    0.1000000000E+01
  1445    0.1000000000E+01
  1446    0.1000000000E+01
  1447    0.1000000000E+01
  1448    0.1000000000E+01
  1449    0.1000000000E+01
  1450    0.1000000000E+01
  1451    0.1000000000E+01
  1452    0.1000000000E+01
  1453    0.1000000000E+01
  1454    0.1000000000E+01
  1455    0.1000000000E+01
  1456    0.1000000000E+01
  1457    0.1000000000E+01
  1458    0.1000000000E+01
  1459    0.1000000000E+01
  1460    0.1000000000E+01
  1461    0.1000000000E+01
  1462    0.1000000000E+01
  1463    0.1000000000E+01
  1464    0.1000000000E+01
  1465    0.1000000000E+01
  1466    0.1000000000E+01
  1467    0.1000000000E+01
  1468    0.1000000000E+01
  1469    0.1000000000E+01
  1470    0.1000000000E+01
  1471    0.1000000000E+01
  1472    0.1000000000E+01
  1473    0.1000000000E+01
  1474    0.1000000000E+01
  1475    0.1000000000E+01
  1476    0.1000000000E+01
  1477    0.1000000000E+01
  1478    0.1000000000E+01
  1479    0.1000000000E+01
  1480    0.1000000000E+01
  1481    0.1000000000E+01
  1482    0.1000000000E+01
  1483    0.1000000000E+01
  1484    0.1000000000E+01
  1485    0.1000000000E+01
  1486    0.1000000000E+01
  1487    0.1000000000E+01
  1488    0.1000000000E+01
  1489    0.1000000000E+01
  1490    0.1000000000E+01
  1491    0.1000000000E+01
  1492    0.1000000000E+01
  1493    0.1000000000E+01
  1494    0.1000000000E+01
  1495    0.1000000000E+01
  1496    0.1000000000E+01
  1497    0.1000000000E+01
  1498    0.1000000000E+01
  1499    0.1000000000E+01
  1500    0.8337500000E+00
  1501    0.1662500000E+00
  1502    0.0000000000E+00
