    -1    0.0000000000E+00
     0    0.6955019857E-01
     1    0.7397429140E+00
     2    0.1211543332E+01
     3    0.1150517028E+01
     4    0.1310692222E+01
     5    0.1118938169E+01
     6    0.7159117897E+00
     7    0.8609783597E+00
     8    0.9737296714E+00
     9    0.9210344115E+00
    10    0.8806079653E+00
    11    0.7483353487E+00
    12    0.1017266432E+01
    13    0.1053883699E+01
    14    0.1226478509E+01
    15    0.7665037452E+00
    16    0.5844133548E+00
    17    0.5962160784E+00
    18    0.6571710606E+00
    19    0.7081211330E+00
    20    0.7123762491E+00
    21    0.6312434820E+00
    22    0.6075073630E+00
    23    0.8579602652E+00
    24    0.6863740212E+00
    25    0.8428644795E+00
    26    0.7913286595E+00
    27    0.8265988677E+00
    28    0.7133623254E+00
    29    0.8257792281E+00
    30    0.6771250733E+00
    31    0.6969835789E+00
    32    0.7807256112E+00
    33    0.7243140458E+00
    34    0.8232937543E+00
    35    0.5074600779E+00
    36    0.7827255348E+00
    37    0.6348225745E+00
    38    0.6059511093E+00
    39    0.6848360898E+00
    40    0.6338002343E+00
    41    0.7884446840E+00
    42    0.3127066041E+00
    43    0.4522325268E+00
    44    0.6474378391E+00
    45    0.7679200498E+00
    46    0.7598508390E+00
    47    0.5336793323E+00
    48    0.6900706364E+00
    49    0.2770554829E+00
    50    0.2634816665E+00
    51    0.5202912757E+00
    52    0.6037800588E+00
    53    0.7350815450E+00
    54    0.5144029980E+00
    55    0.5022699185E+00
    56    0.5891937733E+00
    57    0.4008240719E+00
    58    0.3009475832E+00
    59    0.4244191120E+00
    60    0.4649301679E+00
    61    0.4860535309E+00
    62    0.4423600750E+00
    63    0.3964964588E+00
    64    0.4968326852E+00
    65    0.5604676468E+00
    66    0.5099308924E+00
    67    0.6211514382E+00
    68    0.5300355666E+00
    69    0.4318894484E+00
    70    0.5609562077E+00
    71    0.3840022932E+00
    72    0.5406156165E+00
    73    0.4830450604E+00
    74    0.3611502747E+00
    75    0.1897020484E+00
    76    0.5011683709E+00
    77    0.4666926645E+00
    78    0.4777840016E+00
    79    0.4471018040E+00
    80    0.3855661540E+00
    81    0.7559684169E+00
    82    0.6217794389E+00
    83    0.2731616201E+00
    84    0.3608578721E+00
    85    0.2983196529E+00
    86    0.3427082503E+00
    87    0.3423472844E+00
    88    0.4435004660E+00
    89    0.4860686624E+00
    90    0.5971995934E+00
    91    0.4166968081E+00
    92    0.3998966385E+00
    93    0.3920131850E+00
    94    0.1943190168E+00
    95    0.3264104591E+00
    96    0.5109598821E+00
    97    0.3925196170E+00
    98    0.3893770947E+00
    99    0.2928693297E+00
   100    0.1617814796E+00
   101    0.4423703247E+00
   102    0.3806650498E+00
   103    0.5293959818E+00
   104    0.5797374857E+00
   105    0.5159525082E+00
   106    0.5606380542E+00
   107    0.3223588173E+00
   108    0.3455592255E+00
   109    0.3884625431E+00
   110    0.2475549894E+00
   111    0.3665853310E+00
   112    0.2434795139E+00
   113    0.3621806535E+00
   114    0.3508484925E+00
   115    0.4331137337E+00
   116    0.3385707928E+00
   117    0.5575776467E+00
   118    0.5546373746E+00
   119    0.2788334813E+00
   120    0.3135281690E+00
   121    0.6272584835E+00
   122    0.4222582310E+00
   123    0.3682650917E+00
   124    0.3536894088E+00
   125    0.4436274837E+00
   126    0.4852406453E+00
   127    0.5254650866E+00
   128    0.5823645805E+00
   129    0.4525966603E+00
   130    0.4358462438E+00
   131    0.4898035495E+00
   132    0.6199470634E+00
   133    0.3721215680E+00
   134    0.3448318410E+00
   135    0.5076628681E+00
   136    0.4604985697E+00
   137    0.4949895569E+00
   138    0.5917765030E+00
   139    0.5694653607E+00
   140    0.3934653945E+00
   141    0.5464193984E+00
   142    0.6616346882E+00
   143    0.6642971460E+00
   144    0.7661715257E+00
   145    0.6988079098E+00
   146    0.7858184214E+00
   147    0.7454610006E+00
   148    0.7155355147E+00
   149    0.5189972310E+00
   150    0.5341652111E+00
   151    0.5619711105E+00
   152    0.4579881976E+00
   153    0.2204905310E+00
   154    0.2743188422E+00
   155    0.4183495331E+00
   156    0.7844528897E+00
   157    0.4424200915E+00
   158    0.3056265903E+00
   159    0.7089642772E+00
   160    0.7222238206E+00
   161    0.7959993132E+00
   162    0.6346151693E+00
   163    0.7295315645E+00
   164    0.9214784265E+00
   165    0.8474789695E+00
   166    0.8470741968E+00
   167    0.7175945885E+00
   168    0.1003568490E+01
   169    0.7502260896E+00
   170    0.7331203926E+00
   171    0.6488255776E+00
   172    0.6956763823E+00
   173    0.1055752240E+01
   174    0.8032741108E+00
   175    0.6658703873E+00
   176    0.1030560392E+01
   177    0.9347604658E+00
   178    0.6217608731E+00
   179    0.9819803382E+00
   180    0.1257217121E+01
   181    0.1146001562E+01
   182    0.1299920456E+01
   183    0.1865438265E+01
   184    0.1416505042E+01
   185    0.1455370037E+01
   186    0.1355021015E+01
   187    0.1180400203E+01
   188    0.1539316725E+01
   189    0.1349318392E+01
   190    0.1631319040E+01
   191    0.2002048573E+01
   192    0.2075610560E+01
   193    0.1994590069E+01
   194    0.2492717008E+01
   195    0.2315347834E+01
   196    0.2688786537E+01
   197    0.2986126916E+01
   198    0.2945827120E+01
   199    0.3521928577E+01
   200    0.3368281928E+01
   201    0.3436988712E+01
   202    0.2422161332E+01
   203    0.1966080093E+01
   204    0.1477845169E+01
   205    0.1410738178E+01
   206    0.1434868708E+01
   207    0.1268455852E+01
   208    0.9871413132E+00
   209    0.1182073938E+01
   210    0.1183403201E+01
   211    0.1290520551E+01
   212    0.7995236160E+00
   213    0.9901778410E+00
   214    0.1072679800E+01
   215    0.8421766929E+00
   216    0.1207974304E+01
   217    0.1341492190E+01
   218    0.9278213437E+00
   219    0.9188458164E+00
   220    0.8377420836E+00
   221    0.6237626614E+00
   222    0.7645356263E+00
   223    0.6704836619E+00
   224    0.6196182276E+00
   225    0.7555153499E+00
   226    0.5792688290E+00
   227    0.7834032693E+00
   228    0.7798004139E+00
   229    0.5589357571E+00
   230    0.6582162191E+00
   231    0.5224863646E+00
   232    0.4860704731E+00
   233    0.5232221627E+00
   234    0.4655657634E+00
   235    0.4859333120E+00
   236    0.3941412129E+00
   237    0.4143464804E+00
   238    0.6444399587E+00
   239    0.5087004768E+00
   240    0.4811295513E+00
   241    0.3841054406E+00
   242    0.5080324824E+00
   243    0.4477342781E+00
   244    0.4346946748E+00
   245    0.4310974606E+00
   246    0.4550284527E+00
   247    0.4013385291E+00
   248    0.4356558405E+00
   249    0.3728938582E+00
   250    0.2993406120E+00
   251    0.4297257016E+00
   252    0.4686380557E+00
   253    0.3425732614E+00
   254    0.2986583097E+00
   255    0.4319106741E+00
   256    0.3711471178E+00
   257    0.3392146930E+00
   258    0.3346409135E+00
   259    0.3945652274E+00
   260    0.3380689661E+00
   261    0.2284623662E+00
   262    0.3457010127E+00
   263    0.4109861289E+00
   264    0.3529904893E+00
   265    0.4812960367E+00
   266    0.3129853336E+00
   267    0.3039415372E+00
   268    0.3672588325E+00
   269    0.2654512202E+00
   270    0.3877737983E+00
   271    0.3206026386E+00
   272    0.2648470345E+00
   273    0.3278717720E+00
   274    0.2043133973E+00
   275    0.1795854219E+00
   276    0.3691792884E+00
   277    0.3569750123E+00
   278    0.3103327610E+00
   279    0.2269026748E+00
   280    0.3424851660E+00
   281    0.4682332389E+00
   282    0.2940751173E+00
   283    0.2565161894E+00
   284    0.2905091767E+00
   285    0.4656978194E+00
   286    0.3461280378E+00
   287    0.3625434725E+00
   288    0.2556809832E+00
   289    0.2556291898E+00
   290    0.3654584420E+00
   291    0.3148610768E+00
   292    0.1962821103E+00
   293    0.2915929931E+00
   294    0.3513768228E+00
   295    0.2953696626E+00
   296    0.2968920528E+00
   297    0.2307342990E+00
   298    0.3408877483E+00
   299    0.2523895923E+00
   300    0.3999122826E+00
   301    0.4144890512E+00
   302    0.2407824057E+00
   303    0.3452813163E+00
   304    0.2782532864E+00
   305    0.3490219553E+00
   306    0.2169756345E+00
   307    0.2586644282E+00
   308    0.3842455291E+00
   309    0.4039838920E+00
   310    0.2058403942E+00
   311    0.2507885589E+00
   312    0.3963719215E+00
   313    0.2969946235E+00
   314    0.2968833304E+00
   315    0.2001951752E+00
   316    0.2853780601E+00
   317    0.3264902245E+00
   318    0.2896803129E+00
   319    0.4069730674E+00
   320    0.2922024703E+00
   321    0.2787365376E+00
   322    0.4193146586E+00
   323    0.3329722265E+00
   324    0.3008077870E+00
   325    0.3128373180E+00
   326    0.3734781236E+00
   327    0.3095693188E+00
   328    0.3072146381E+00
   329    0.2517599160E+00
   330    0.3115405429E+00
   331    0.2980736409E+00
   332    0.3705002877E+00
   333    0.4525619657E+00
   334    0.3938778716E+00
   335    0.2008740712E+00
   336    0.3734171728E+00
   337    0.3094319926E+00
   338    0.3016796389E+00
   339    0.3980612348E+00
   340    0.2078468122E+00
   341    0.3081385119E+00
   342    0.3327265654E+00
   343    0.3509633049E+00
   344    0.4525936109E+00
   345    0.3933893104E+00
   346    0.3890234730E+00
   347    0.2305452666E+00
   348    0.4190098671E+00
   349    0.4324944446E+00
   350    0.3995847955E+00
   351    0.3761087781E+00
   352    0.3487590575E+00
   353    0.2012976181E+00
   354    0.2418262757E+00
   355    0.2378109894E+00
   356    0.4089296217E+00
   357    0.4306292563E+00
   358    0.3506717321E+00
   359    0.4060643034E+00
   360    0.3044005059E+00
   361    0.2861081745E+00
   362    0.3960928707E+00
   363    0.3276918666E+00
   364    0.3812961502E+00
   365    0.2806465628E+00
   366    0.4019659213E+00
   367    0.4798045919E+00
   368    0.3393581746E+00
   369    0.3543905376E+00
   370    0.4246189457E+00
   371    0.3516397572E+00
   372    0.5254750525E+00
   373    0.4020766766E+00
   374    0.4904136774E+00
   375    0.3253301608E+00
   376    0.4093451685E+00
   377    0.5109761785E+00
   378    0.4322210400E+00
   379    0.4602623931E+00
   380    0.4640165034E+00
   381    0.2224082297E+00
   382    0.3745080989E+00
   383    0.3206774638E+00
   384    0.1884683488E+00
   385    0.4107173748E+00
   386    0.4493108839E+00
   387    0.4158657405E+00
   388    0.2931306237E+00
   389    0.4701474678E+00
   390    0.4085287179E+00
   391    0.3024575868E+00
   392    0.3406327580E+00
   393    0.2713767783E+00
   394    0.6651285465E+00
   395    0.6401457298E+00
   396    0.5555265382E+00
   397    0.4798597613E+00
   398    0.5060710165E+00
   399    0.4140962845E+00
   400    0.4019709728E+00
   401    0.2673755161E+00
   402    0.2564432212E+00
   403    0.3717845008E+00
   404    0.4869208471E+00
   405    0.2822489214E+00
   406    0.4068423401E+00
   407    0.3835670806E+00
   408    0.5039927084E+00
   409    0.4711844465E+00
   410    0.4277508948E+00
   411    0.4019846653E+00
   412    0.6468603304E+00
   413    0.4368213718E+00
   414    0.6017275948E+00
   415    0.5349623066E+00
   416    0.4933784301E+00
   417    0.3165862370E+00
   418    0.3741333663E+00
   419    0.5392059880E+00
   420    0.3892715989E+00
   421    0.3683050289E+00
   422    0.6658478417E+00
   423    0.6620378665E+00
   424    0.4226777723E+00
   425    0.4788305173E+00
   426    0.7990817730E+00
   427    0.6758494773E+00
   428    0.4988546057E+00
   429    0.6878419319E+00
   430    0.7245265005E+00
   431    0.4024418578E+00
   432    0.5231662203E+00
   433    0.5270579559E+00
   434    0.6896685340E+00
   435    0.8027390228E+00
   436    0.7826024890E+00
   437    0.5810391833E+00
   438    0.5761543848E+00
   439    0.7081650152E+00
   440    0.1020177415E+01
   441    0.6225973724E+00
   442    0.7359094987E+00
   443    0.9009399376E+00
   444    0.6218160242E+00
   445    0.7125769066E+00
   446    0.5127539813E+00
   447    0.9084664492E+00
   448    0.1379631781E+01
   449    0.1738570252E+01
   450    0.1422536260E+01
   451    0.9587606645E+00
   452    0.1188929926E+01
   453    0.1369555664E+01
   454    0.1584320156E+01
   455    0.1429874580E+01
   456    0.1043791853E+01
   457    0.1133095128E+01
   458    0.1550344180E+01
   459    0.1672252567E+01
   460    0.1203964283E+01
   461    0.1374517968E+01
   462    0.1909763138E+01
   463    0.2220498000E+01
   464    0.2306917844E+01
   465    0.2358511204E+01
   466    0.2364561603E+01
   467    0.2993209606E+01
   468    0.2387396336E+01
   469    0.2318770592E+01
   470    0.2581091924E+01
   471    0.2556053857E+01
   472    0.2487891961E+01
   473    0.2350092854E+01
   474    0.2288772352E+01
   475    0.2396105162E+01
   476    0.2329264002E+01
   477    0.2104008933E+01
   478    0.2578327715E+01
   479    0.2850498276E+01
   480    0.2836130861E+01
   481    0.1453219716E+01
   482    0.1434974230E+01
   483    0.1450254510E+01
   484    0.1205841742E+01
   485    0.8893177224E+00
   486    0.9134576236E+00
   487    0.8507547395E+00
   488    0.6416324856E+00
   489    0.5876022868E+00
   490    0.7491668955E+00
   491    0.9271460015E+00
   492    0.8807732667E+00
   493    0.6525811767E+00
   494    0.4297807534E+00
   495    0.6448357123E+00
   496    0.8473781482E+00
   497    0.4900654917E+00
   498    0.9061548238E+00
   499    0.5428052670E+00
   500    0.7244269068E+00
   501    0.4899120771E+00
   502    0.6971784366E+00
   503    0.5096862752E+00
   504    0.6097872633E+00
   505    0.5502375246E+00
   506    0.5078209282E+00
   507    0.4846076407E+00
   508    0.6602061132E+00
   509    0.4685382709E+00
   510    0.5576795198E+00
   511    0.6751923819E+00
   512    0.4637392800E+00
   513    0.5049864535E+00
   514    0.7411251767E+00
   515    0.3711261270E+00
   516    0.4669857724E+00
   517    0.5912304127E+00
   518    0.3966838078E+00
   519    0.5175508902E+00
   520    0.3839595388E+00
   521    0.4988685345E+00
   522    0.4224890235E+00
   523    0.3493011050E+00
   524    0.4892248385E+00
   525    0.3328773021E+00
   526    0.4373358333E+00
   527    0.4833397460E+00
   528    0.4313426735E+00
   529    0.2988605309E+00
   530    0.3467938995E+00
   531    0.4429438276E+00
   532    0.2569671211E+00
   533    0.2953300727E+00
   534    0.3352896842E+00
   535    0.3489430261E+00
   536    0.3493559430E+00
   537    0.2992282279E+00
   538    0.3038884192E+00
   539    0.4428074563E+00
   540    0.2872394898E+00
   541    0.2525111687E+00
   542    0.3734250692E+00
   543    0.3583225648E+00
   544    0.3154508779E+00
   545    0.3138751687E+00
   546    0.3575339469E+00
   547    0.2819998995E+00
   548    0.4073794443E+00
   549    0.3013552896E+00
   550    0.3795495372E+00
   551    0.1714115161E+00
   552    0.2256012585E+00
   553    0.3571701750E+00
   554    0.2957159109E+00
   555    0.2934152792E+00
   556    0.3109416921E+00
   557    0.2874902866E+00
   558    0.2684655906E+00
   559    0.2329177562E+00
   560    0.3259623360E+00
   561    0.4214326606E+00
   562    0.3162588473E+00
   563    0.3151562788E+00
   564    0.1967218173E+00
   565    0.3374611030E+00
   566    0.3367270906E+00
   567    0.3022145067E+00
   568    0.1795089383E+00
   569    0.2685594627E+00
   570    0.2881797082E+00
   571    0.2656502062E+00
   572    0.2036054958E+00
   573    0.1265003448E+00
   574    0.2464064227E+00
   575    0.3423077129E+00
   576    0.3354208879E+00
   577    0.2489584741E+00
   578    0.2015777999E+00
   579    0.2633895216E+00
   580    0.3074471189E+00
   581    0.3102121179E+00
   582    0.3543646189E+00
   583    0.1575796483E+00
   584    0.1551673905E+00
   585    0.1835443662E+00
   586    0.2245138097E+00
   587    0.3418497162E+00
   588    0.4486998861E+00
   589    0.1847219166E+00
   590    0.1316230980E+00
   591    0.2640473684E+00
   592    0.3126432589E+00
   593    0.1986662412E+00
   594    0.2519286475E+00
   595    0.2450549735E+00
   596    0.2932652962E+00
   597    0.2166954987E+00
   598    0.1344299772E+00
   599    0.2150715752E+00
   600    0.2502584214E+00
   601    0.2443799772E+00
   602    0.1302156511E+00
   603    0.1073973130E+00
   604    0.1712727491E+00
   605    0.2303738896E+00
   606    0.2426831489E+00
   607    0.1190829229E+00
   608    0.2619705187E+00
   609    0.2889207532E+00
   610    0.2360847773E+00
   611    0.2839359034E+00
   612    0.3002455754E+00
   613    0.2635546083E+00
   614    0.1642614832E+00
   615    0.1415125018E+00
   616    0.2770779781E+00
   617    0.2217078442E+00
   618    0.1766463323E+00
   619    0.2083105079E+00
   620    0.3077124106E+00
   621    0.1878986894E+00
   622    0.2737153846E+00
   623    0.2873808197E+00
   624    0.1975622825E+00
   625    0.2297032347E+00
   626    0.2483685153E+00
   627    0.2386643801E+00
   628    0.2444502941E+00
   629    0.1849686879E+00
   630    0.2329504388E+00
   631    0.2887604184E+00
   632    0.2913643404E+00
   633    0.2612576555E+00
   634    0.2922533224E+00
   635    0.2042391138E+00
   636    0.1812629785E+00
   637    0.1262585654E+00
   638    0.2369335919E+00
   639    0.3007617568E+00
   640    0.1485478748E+00
   641    0.2756591319E+00
   642    0.1888674953E+00
   643    0.2519186967E+00
   644    0.2028156076E+00
   645    0.1805606772E+00
   646    0.2109252478E+00
   647    0.2973517262E+00
   648    0.2537573269E+00
   649    0.2919125681E+00
   650    0.3023369774E+00
   651    0.3194012322E+00
   652    0.1912868546E+00
   653    0.2775719636E+00
   654    0.1669200867E+00
   655    0.1898656262E+00
   656    0.3779198070E+00
   657    0.3136112980E+00
   658    0.2745371639E+00
   659    0.2963861920E+00
   660    0.3603712167E+00
   661    0.3027013773E+00
   662    0.2320260125E+00
   663    0.2514044886E+00
   664    0.2687856619E+00
   665    0.3328973850E+00
   666    0.2387245461E+00
   667    0.2261898006E+00
   668    0.2762615005E+00
   669    0.2529116703E+00
   670    0.3011872557E+00
   671    0.3740798457E+00
   672    0.3329448094E+00
   673    0.3358950305E+00
   674    0.2294980418E+00
   675    0.2585673646E+00
   676    0.2885693319E+00
   677    0.3198616816E+00
   678    0.2667132597E+00
   679    0.3346547790E+00
   680    0.4577769170E+00
   681    0.3026087271E+00
   682    0.4191483957E+00
   683    0.3674922809E+00
   684    0.3641459474E+00
   685    0.3622747193E+00
   686    0.4502349536E+00
   687    0.3030361645E+00
   688    0.2902686301E+00
   689    0.6003220259E+00
   690    0.5315892842E+00
   691    0.4102400016E+00
   692    0.1904157981E+00
   693    0.2800181555E+00
   694    0.5222168029E+00
   695    0.5040063840E+00
   696    0.4298798744E+00
   697    0.6818458442E+00
   698    0.6772466308E+00
   699    0.6498745384E+00
   700    0.8672600532E+00
   701    0.1148374564E+01
   702    0.1134315497E+01
   703    0.7141794116E+00
   704    0.7774728611E+00
   705    0.1391636437E+01
   706    0.1315703724E+01
   707    0.1370547459E+01
   708    0.1294413990E+01
   709    0.1112864903E+01
   710    0.1281937577E+01
   711    0.1328056749E+01
   712    0.1381700885E+01
   713    0.1510374134E+01
   714    0.1272052149E+01
   715    0.1431060824E+01
   716    0.1802694534E+01
   717    0.1552692088E+01
   718    0.1687537121E+01
   719    0.1727643328E+01
   720    0.2131931161E+01
   721    0.2651348306E+01
   722    0.2982864675E+01
   723    0.2245584461E+01
   724    0.2474182886E+01
   725    0.2086761447E+01
   726    0.2287887858E+01
   727    0.2558152193E+01
   728    0.2682046684E+01
   729    0.2816344682E+01
   730    0.2618136707E+01
   731    0.2588607404E+01
   732    0.1986355343E+01
   733    0.2482772992E+01
   734    0.2541074123E+01
   735    0.2021883515E+01
   736    0.2373159939E+01
   737    0.1952269073E+01
   738    0.1776412290E+01
   739    0.1868458648E+01
   740    0.1566131442E+01
   741    0.1448088144E+01
   742    0.8027575359E+00
   743    0.1450180898E+01
   744    0.1543124784E+01
   745    0.1648581636E+01
   746    0.1638769200E+01
   747    0.1751493858E+01
   748    0.1140948170E+01
   749    0.8299990228E+00
   750    0.1167765193E+01
   751    0.9793597180E+00
   752    0.1026775996E+01
   753    0.1018495985E+01
   754    0.9435970267E+00
   755    0.9021470767E+00
   756    0.7175157454E+00
   757    0.1024141641E+01
   758    0.8145471163E+00
   759    0.1177749152E+01
   760    0.6132987713E+00
   761    0.1062611596E+01
   762    0.8377917001E+00
   763    0.4323294619E+00
   764    0.6807059910E+00
   765    0.6700760347E+00
   766    0.8751031335E+00
   767    0.5350943230E+00
   768    0.7002817603E+00
   769    0.7438738227E+00
   770    0.5865674128E+00
   771    0.5849611160E+00
   772    0.5666035379E+00
   773    0.6562968958E+00
   774    0.6958678580E+00
   775    0.4722465892E+00
   776    0.5973530497E+00
   777    0.7162435152E+00
   778    0.6294556943E+00
   779    0.6609016232E+00
   780    0.4909054871E+00
   781    0.5476745197E+00
   782    0.4753398254E+00
   783    0.6974569633E+00
   784    0.4765380617E+00
   785    0.4158612541E+00
   786    0.5533929184E+00
   787    0.4153569235E+00
   788    0.5672095967E+00
   789    0.6841747332E+00
   790    0.4115923109E+00
   791    0.6436302013E+00
   792    0.6095096725E+00
   793    0.4233856099E+00
   794    0.5630154641E+00
   795    0.4513115081E+00
   796    0.4924725100E+00
   797    0.3915859767E+00
   798    0.3966577305E+00
   799    0.3531211542E+00
   800    0.6129015313E+00
   801    0.3112985444E+00
   802    0.5529514147E+00
   803    0.5815997906E+00
   804    0.7023816524E+00
   805    0.4949539214E+00
   806    0.3279563481E+00
   807    0.5112620727E+00
   808    0.4678482641E+00
   809    0.3219388759E+00
   810    0.7436314239E+00
   811    0.3804806658E+00
   812    0.5772427234E+00
   813    0.4456962575E+00
   814    0.3972211285E+00
   815    0.5232408820E+00
   816    0.4937909703E+00
   817    0.5488329032E+00
   818    0.4531928602E+00
   819    0.3671502898E+00
   820    0.6299681707E+00
   821    0.4026519281E+00
   822    0.3119797918E+00
   823    0.5433534233E+00
   824    0.3935248871E+00
   825    0.5391488976E+00
   826    0.4119825392E+00
   827    0.4050501752E+00
   828    0.5488767269E+00
   829    0.4062394967E+00
   830    0.3459041123E+00
   831    0.4711222763E+00
   832    0.4282113303E+00
   833    0.5399966346E+00
   834    0.5199371145E+00
   835    0.5138199711E+00
   836    0.4345965747E+00
   837    0.5344717647E+00
   838    0.5372918228E+00
   839    0.4983539452E+00
   840    0.4936678935E+00
   841    0.5596301615E+00
   842    0.4297125283E+00
   843    0.5357296293E+00
   844    0.4465847951E+00
   845    0.5170458299E+00
   846    0.7466330399E+00
   847    0.4935257324E+00
   848    0.2969021890E+00
   849    0.4774706515E+00
   850    0.6727449948E+00
   851    0.4750202924E+00
   852    0.6480472630E+00
   853    0.5043546836E+00
   854    0.5278076167E+00
   855    0.6935724387E+00
   856    0.7013515901E+00
   857    0.8207371008E+00
   858    0.6005623779E+00
   859    0.6552766908E+00
   860    0.5927228386E+00
   861    0.5957160751E+00
   862    0.1016456041E+01
   863    0.7544160490E+00
   864    0.7914905085E+00
   865    0.8343287621E+00
   866    0.8385781122E+00
   867    0.9192604019E+00
   868    0.7627543440E+00
   869    0.6940149122E+00
   870    0.8284650278E+00
   871    0.8355537494E+00
   872    0.8872457395E+00
   873    0.1000913592E+01
   874    0.1002096682E+01
   875    0.1154502829E+01
   876    0.1038733034E+01
   877    0.9433297558E+00
   878    0.1066478825E+01
   879    0.1262374160E+01
   880    0.1304016666E+01
   881    0.1270045058E+01
   882    0.1256230746E+01
   883    0.1269478556E+01
   884    0.1188438307E+01
   885    0.1268374218E+01
   886    0.1407223020E+01
   887    0.1522778549E+01
   888    0.1494461704E+01
   889    0.1466334657E+01
   890    0.1515083424E+01
   891    0.1427645623E+01
   892    0.1248191434E+01
   893    0.1088735136E+01
   894    0.1237907822E+01
   895    0.1382922687E+01
   896    0.1401844039E+01
   897    0.1488264922E+01
   898    0.1678786713E+01
   899    0.1777711481E+01
   900    0.1608689231E+01
   901    0.1366192557E+01
   902    0.1487117385E+01
   903    0.1484829643E+01
   904    0.1447404420E+01
   905    0.1236298413E+01
   906    0.1179125547E+01
   907    0.1283487977E+01
   908    0.1296625580E+01
   909    0.1278221072E+01
   910    0.1356427586E+01
   911    0.1394602262E+01
   912    0.1346864651E+01
   913    0.1354537277E+01
   914    0.1325076742E+01
   915    0.1273405671E+01
   916    0.1203885918E+01
   917    0.1127791991E+01
   918    0.1118700296E+01
   919    0.1133276391E+01
   920    0.1184919235E+01
   921    0.1212985398E+01
   922    0.1248264619E+01
   923    0.1299423756E+01
   924    0.1294440192E+01
   925    0.1265597061E+01
   926    0.1291534098E+01
   927    0.1256477175E+01
   928    0.1214450812E+01
   929    0.1251165317E+01
   930    0.1300022596E+01
   931    0.1216694923E+01
   932    0.1143707094E+01
   933    0.1074335078E+01
   934    0.1054202026E+01
   935    0.1072350187E+01
   936    0.1091519929E+01
   937    0.1105210663E+01
   938    0.1070908443E+01
   939    0.1052120333E+01
   940    0.1030129960E+01
   941    0.1017045966E+01
   942    0.1027935659E+01
   943    0.1030995641E+01
   944    0.1016722897E+01
   945    0.1013819357E+01
   946    0.1040414800E+01
   947    0.1063324478E+01
   948    0.1038201131E+01
   949    0.9974319999E+00
   950    0.9644180890E+00
   951    0.9387261203E+00
   952    0.9355582627E+00
   953    0.9606264713E+00
   954    0.9749892260E+00
   955    0.9947468378E+00
   956    0.1004111673E+01
   957    0.9722697998E+00
   958    0.9210866626E+00
   959    0.8784510225E+00
   960    0.8487064639E+00
   961    0.8387509352E+00
   962    0.8415122001E+00
   963    0.8401623667E+00
   964    0.8700845459E+00
   965    0.8986752191E+00
   966    0.9793088900E+00
   967    0.1053366047E+01
   968    0.1065471504E+01
   969    0.9796536355E+00
   970    0.9320495235E+00
   971    0.9480143284E+00
   972    0.9545948236E+00
   973    0.9124928073E+00
   974    0.8505232639E+00
   975    0.8406078097E+00
   976    0.8638653682E+00
   977    0.8176346371E+00
   978    0.7893946267E+00
   979    0.7948243461E+00
   980    0.7975896820E+00
   981    0.7881963526E+00
   982    0.8591751562E+00
   983    0.9902095803E+00
   984    0.1011621014E+01
   985    0.9083052879E+00
   986    0.8588953572E+00
   987    0.8695138882E+00
   988    0.9126887548E+00
   989    0.9413192620E+00
   990    0.9108359354E+00
   991    0.8727437134E+00
   992    0.8627707229E+00
   993    0.8314736290E+00
   994    0.8325964625E+00
   995    0.8492218308E+00
   996    0.8433256498E+00
   997    0.8312833798E+00
   998    0.8362786266E+00
   999    0.8583876999E+00
  1000    0.8509629432E+00
  1001    0.8325137371E+00
  1002    0.8293811627E+00
  1003    0.8591656650E+00
  1004    0.8924757670E+00
  1005    0.8968573093E+00
  1006    0.8678761970E+00
  1007    0.8705373487E+00
  1008    0.8947594898E+00
  1009    0.9123927047E+00
  1010    0.9108291504E+00
  1011    0.9228743830E+00
  1012    0.9156398378E+00
  1013    0.8654016134E+00
  1014    0.8409789824E+00
  1015    0.8581933166E+00
  1016    0.8798441109E+00
  1017    0.8699005119E+00
  1018    0.8764469382E+00
  1019    0.8805911085E+00
  1020    0.8713413213E+00
  1021    0.8526439200E+00
  1022    0.8425439941E+00
  1023    0.8348509119E+00
  1024    0.8132353606E+00
  1025    0.8225956096E+00
  1026    0.8472320138E+00
  1027    0.8830257283E+00
  1028    0.9161750167E+00
  1029    0.9214843404E+00
  1030    0.9100598090E+00
  1031    0.9410163752E+00
  1032    0.1052553141E+01
  1033    0.1097770754E+01
  1034    0.1013284972E+01
  1035    0.9301472587E+00
  1036    0.9170645245E+00
  1037    0.9239121330E+00
  1038    0.9095749308E+00
  1039    0.9183064523E+00
  1040    0.9775081681E+00
  1041    0.9900653922E+00
  1042    0.9564027737E+00
  1043    0.9268649898E+00
  1044    0.9349911330E+00
  1045    0.9919506304E+00
  1046    0.1015204365E+01
  1047    0.9757998974E+00
  1048    0.9496442205E+00
  1049    0.9703055408E+00
  1050    0.1041050242E+01
  1051    0.1094860114E+01
  1052    0.1066416918E+01
  1053    0.1004200292E+01
  1054    0.9977494401E+00
  1055    0.1028976874E+01
  1056    0.1069978587E+01
  1057    0.1084858705E+01
  1058    0.1083838278E+01
  1059    0.1082728943E+01
  1060    0.1083296668E+01
  1061    0.1087381277E+01
  1062    0.1090240786E+01
  1063    0.1109569590E+01
  1064    0.1130741119E+01
  1065    0.1105316871E+01
  1066    0.1092008124E+01
  1067    0.1138073986E+01
  1068    0.1168019854E+01
  1069    0.1127228075E+01
  1070    0.1052421297E+01
  1071    0.1018816114E+01
  1072    0.1018410535E+01
  1073    0.1030801460E+01
  1074    0.1049832024E+01
  1075    0.1041618922E+01
  1076    0.1006565322E+01
  1077    0.9809801634E+00
  1078    0.9863194089E+00
  1079    0.1015660352E+01
  1080    0.1049217635E+01
  1081    0.1067799620E+01
  1082    0.1062870957E+01
  1083    0.1097278142E+01
  1084    0.1144331517E+01
  1085    0.1095552207E+01
  1086    0.1050379069E+01
  1087    0.1078678893E+01
  1088    0.1089883051E+01
  1089    0.1038548758E+01
  1090    0.9864094875E+00
  1091    0.9661971849E+00
  1092    0.9781602279E+00
  1093    0.1021959460E+01
  1094    0.1071705402E+01
  1095    0.1092813149E+01
  1096    0.1083250268E+01
  1097    0.1059486818E+01
  1098    0.1041314207E+01
  1099    0.1016955044E+01
  1100    0.9776299821E+00
  1101    0.9555982190E+00
  1102    0.9550081672E+00
  1103    0.9820602907E+00
  1104    0.1026584649E+01
  1105    0.1056680855E+01
  1106    0.1062295475E+01
  1107    0.1035952322E+01
  1108    0.1013619530E+01
  1109    0.1012044600E+01
  1110    0.1027247664E+01
  1111    0.1035983541E+01
  1112    0.1009786597E+01
  1113    0.9717234968E+00
  1114    0.9496054661E+00
  1115    0.9434162524E+00
  1116    0.9436224981E+00
  1117    0.9493432983E+00
  1118    0.9549507069E+00
  1119    0.9507671652E+00
  1120    0.9399910382E+00
  1121    0.9402463771E+00
  1122    0.9581420738E+00
  1123    0.9813560525E+00
  1124    0.9904976871E+00
  1125    0.9826592554E+00
  1126    0.9757702248E+00
  1127    0.9769854126E+00
  1128    0.9845088984E+00
  1129    0.9972643159E+00
  1130    0.1010337467E+01
  1131    0.1019258655E+01
  1132    0.1018332612E+01
  1133    0.1002183830E+01
  1134    0.1000225571E+01
  1135    0.1000879459E+01
  1136    0.9882230137E+00
  1137    0.9851509188E+00
  1138    0.9874725337E+00
  1139    0.9996041127E+00
  1140    0.9957782599E+00
  1141    0.9651098554E+00
  1142    0.9440808040E+00
  1143    0.9423063142E+00
  1144    0.9542931935E+00
  1145    0.9824211087E+00
  1146    0.1012952544E+01
  1147    0.1019303743E+01
  1148    0.1010790442E+01
  1149    0.1007850160E+01
  1150    0.1017414679E+01
  1151    0.1035842382E+01
  1152    0.1042092118E+01
  1153    0.1028621316E+01
  1154    0.1015438132E+01
  1155    0.1009490623E+01
  1156    0.1004030173E+01
  1157    0.1004358899E+01
  1158    0.1006397187E+01
  1159    0.1005221643E+01
  1160    0.1005517079E+01
  1161    0.1006702768E+01
  1162    0.9956366936E+00
  1163    0.9934733716E+00
  1164    0.1013356746E+01
  1165    0.1030589975E+01
  1166    0.1022194644E+01
  1167    0.1009768150E+01
  1168    0.1008773963E+01
  1169    0.1011946804E+01
  1170    0.1017740037E+01
  1171    0.1030370458E+01
  1172    0.1038733963E+01
  1173    0.1034921406E+01
  1174    0.1024828055E+01
  1175    0.1013895259E+01
  1176    0.1009331037E+01
  1177    0.1012164009E+01
  1178    0.1015763686E+01
  1179    0.1026196926E+01
  1180    0.1045131470E+01
  1181    0.1065116505E+01
  1182    0.1065547764E+01
  1183    0.1043036433E+01
  1184    0.1018363884E+01
  1185    0.1003533496E+01
  1186    0.1006498703E+01
  1187    0.1018471814E+01
  1188    0.1021711601E+01
  1189    0.1015817386E+01
  1190    0.1012676267E+01
  1191    0.1011767871E+01
  1192    0.1011594808E+01
  1193    0.1009062940E+01
  1194    0.1004200339E+01
  1195    0.1000412113E+01
  1196    0.9984901389E+00
  1197    0.9993591921E+00
  1198    0.1000277390E+01
  1199    0.1002027484E+01
  1200    0.1010429801E+01
  1201    0.1019635272E+01
  1202    0.1019396626E+01
  1203    0.1012815300E+01
  1204    0.1009167228E+01
  1205    0.1007022826E+01
  1206    0.1005515395E+01
  1207    0.1008726990E+01
  1208    0.1013359806E+01
  1209    0.1015435368E+01
  1210    0.1013432447E+01
  1211    0.1009583577E+01
  1212    0.1008748133E+01
  1213    0.1009474322E+01
  1214    0.1008596057E+01
  1215    0.1009993288E+01
  1216    0.1015704615E+01
  1217    0.1018666573E+01
  1218    0.1016425235E+01
  1219    0.1014269688E+01
  1220    0.1012706367E+01
  1221    0.1009180357E+01
  1222    0.1004939056E+01
  1223    0.1002852973E+01
  1224    0.1002955931E+01
  1225    0.1003180227E+01
  1226    0.1004419369E+01
  1227    0.1007657009E+01
  1228    0.1009661620E+01
  1229    0.1007727336E+01
  1230    0.1005193271E+01
  1231    0.1006607418E+01
  1232    0.1009695859E+01
  1233    0.1010340742E+01
  1234    0.1010480447E+01
  1235    0.1012140239E+01
  1236    0.1012743841E+01
  1237    0.1010900453E+01
  1238    0.1008436383E+01
  1239    0.1007474502E+01
  1240    0.1007577431E+01
  1241    0.1006234299E+01
  1242    0.1004983377E+01
  1243    0.1005740167E+01
  1244    0.1007529243E+01
  1245    0.1008181098E+01
  1246    0.1006863535E+01
  1247    0.1005578021E+01
  1248    0.1005086103E+01
  1249    0.1003738832E+01
  1250    0.1002180302E+01
  1251    0.1001661051E+01
  1252    0.1001769884E+01
  1253    0.1002282589E+01
  1254    0.1002571731E+01
  1255    0.1002071192E+01
  1256    0.1001169155E+01
  1257    0.1000540070E+01
  1258    0.1000419831E+01
  1259    0.1000599163E+01
  1260    0.1000536125E+01
  1261    0.1000241164E+01
  1262    0.1000069482E+01
  1263    0.1000017374E+01
  1264    0.1000004343E+01
  1265    0.1000001086E+01
  1266    0.1000000271E+01
  1267    0.1000000068E+01
  1268    0.1000000017E+01
  1269    0.1000000004E+01
  1270    0.1000000001E+01
  1271    0.1000000000E+01
  1272    0.1000000000E+01
  1273    0.1000000000E+01
  1274    0.1000000000E+01
  1275    0.1000000000E+01
  1276    0.1000000000E+01
  1277    0.1000000000E+01
  1278    0.1000000000E+01
  1279    0.1000000000E+01
  1280    0.1000000000E+01
  1281    0.1000000000E+01
  1282    0.1000000000E+01
  1283    0.1000000000E+01
  1284    0.1000000000E+01
  1285    0.1000000000E+01
  1286    0.1000000000E+01
  1287    0.1000000000E+01
  1288    0.1000000000E+01
  1289    0.1000000000E+01
  1290    0.1000000000E+01
  1291    0.1000000000E+01
  1292    0.1000000000E+01
  1293    0.1000000000E+01
  1294    0.1000000000E+01
  1295    0.1000000000E+01
  1296    0.1000000000E+01
  1297    0.1000000000E+01
  1298    0.1000000000E+01
  1299    0.1000000000E+01
  1300    0.1000000000E+01
  1301    0.1000000000E+01
  1302    0.1000000000E+01
  1303    0.1000000000E+01
  1304    0.1000000000E+01
  1305    0.1000000000E+01
  1306    0.1000000000E+01
  1307    0.1000000000E+01
  1308    0.1000000000E+01
  1309    0.1000000000E+01
  1310    0.1000000000E+01
  1311    0.1000000000E+01
  1312    0.1000000000E+01
  1313    0.1000000000E+01
  1314    0.1000000000E+01
  1315    0.1000000000E+01
  1316    0.1000000000E+01
  1317    0.1000000000E+01
  1318    0.1000000000E+01
  1319    0.1000000000E+01
  1320    0.1000000000E+01
  1321    0.1000000000E+01
  1322    0.1000000000E+01
  1323    0.1000000000E+01
  1324    0.1000000000E+01
  1325    0.1000000000E+01
  1326    0.1000000000E+01
  1327    0.1000000000E+01
  1328    0.1000000000E+01
  1329    0.1000000000E+01
  1330    0.1000000000E+01
  1331    0.1000000000E+01
  1332    0.1000000000E+01
  1333    0.1000000000E+01
  1334    0.1000000000E+01
  1335    0.1000000000E+01
  1336    0.1000000000E+01
  1337    0.1000000000E+01
  1338    0.1000000000E+01
  1339    0.1000000000E+01
  1340    0.1000000000E+01
  1341    0.1000000000E+01
  1342    0.1000000000E+01
  1343    0.1000000000E+01
  1344    0.1000000000E+01
  1345    0.1000000000E+01
  1346    0.1000000000E+01
  1347    0.1000000000E+01
  1348    0.1000000000E+01
  1349    0.1000000000E+01
  1350    0.1000000000E+01
  1351    0.1000000000E+01
  1352    0.1000000000E+01
  1353    0.1000000000E+01
  1354    0.1000000000E+01
  1355    0.1000000000E+01
  1356    0.1000000000E+01
  1357    0.1000000000E+01
  1358    0.1000000000E+01
  1359    0.1000000000E+01
  1360    0.1000000000E+01
  1361    0.1000000000E+01
  1362    0.1000000000E+01
  1363    0.1000000000E+01
  1364    0.1000000000E+01
  1365    0.1000000000E+01
  1366    0.1000000000E+01
  1367    0.1000000000E+01
  1368    0.1000000000E+01
  1369    0.1000000000E+01
  1370    0.1000000000E+01
  1371    0.1000000000E+01
  1372    0.1000000000E+01
  1373    0.1000000000E+01
  1374    0.1000000000E+01
  1375    0.1000000000E+01
  1376    0.1000000000E+01
  1377    0.1000000000E+01
  1378    0.1000000000E+01
  1379    0.1000000000E+01
  1380    0.1000000000E+01
  1381    0.1000000000E+01
  1382    0.1000000000E+01
  1383    0.1000000000E+01
  1384    0.1000000000E+01
  1385    0.1000000000E+01
  1386    0.1000000000E+01
  1387    0.1000000000E+01
  1388    0.1000000000E+01
  1389    0.1000000000E+01
  1390    0.1000000000E+01
  1391    0.1000000000E+01
  1392    0.1000000000E+01
  1393    0.1000000000E+01
  1394    0.1000000000E+01
  1395    0.1000000000E+01
  1396    0.1000000000E+01
  1397    0.1000000000E+01
  1398    0.1000000000E+01
  1399    0.1000000000E+01
  1400    0.1000000000E+01
  1401    0.1000000000E+01
  1402    0.1000000000E+01
  1403    0.1000000000E+01
  1404    0.1000000000E+01
  1405    0.1000000000E+01
  1406    0.1000000000E+01
  1407    0.1000000000E+01
  1408    0.1000000000E+01
  1409    0.1000000000E+01
  1410    0.1000000000E+01
  1411    0.1000000000E+01
  1412    0.1000000000E+01
  1413    0.1000000000E+01
  1414    0.1000000000E+01
  1415    0.1000000000E+01
  1416    0.1000000000E+01
  1417    0.1000000000E+01
  1418    0.1000000000E+01
  1419    0.1000000000E+01
  1420    0.1000000000E+01
  1421    0.1000000000E+01
  1422    0.1000000000E+01
  1423    0.1000000000E+01
  1424    0.1000000000E+01
  1425    0.1000000000E+01
  1426    0.1000000000E+01
  1427    0.1000000000E+01
  1428    0.1000000000E+01
  1429    0.1000000000E+01
  1430    0.1000000000E+01
  1431    0.1000000000E+01
  1432    0.1000000000E+01
  1433    0.1000000000E+01
  1434    0.1000000000E+01
  1435    0.1000000000E+01
  1436    0.1000000000E+01
  1437    0.1000000000E+01
  1438    0.1000000000E+01
  1439    0.1000000000E+01
  1440    0.1000000000E+01
  1441    0.1000000000E+01
  1442    0.1000000000E+01
  1443    0.1000000000E+01
  1444    0.1000000000E+01
  1445    0.1000000000E+01
  1446    0.1000000000E+01
  1447    0.1000000000E+01
  1448    0.1000000000E+01
  1449    0.1000000000E+01
  1450    0.1000000000E+01
  1451    0.1000000000E+01
  1452    0.1000000000E+01
  1453    0.1000000000E+01
  1454    0.1000000000E+01
  1455    0.1000000000E+01
  1456    0.1000000000E+01
  1457    0.1000000000E+01
  1458    0.1000000000E+01
  1459    0.1000000000E+01
  1460    0.1000000000E+01
  1461    0.1000000000E+01
  1462    0.1000000000E+01
  1463    0.1000000000E+01
  1464    0.1000000000E+01
  1465    0.1000000000E+01
  1466    0.1000000000E+01
  1467    0.1000000000E+01
  1468    0.1000000000E+01
  1469    0.1000000000E+01
  1470    0.1000000000E+01
  1471    0.1000000000E+01
  1472    0.1000000000E+01
  1473    0.1000000000E+01
  1474    0.1000000000E+01
  1475    0.1000000000E+01
  1476    0.1000000000E+01
  1477    0.1000000000E+01
  1478    0.1000000000E+01
  1479    0.1000000000E+01
  1480    0.1000000000E+01
  1481    0.1000000000E+01
  1482    0.1000000000E+01
  1483    0.1000000000E+01
  1484    0.1000000000E+01
  1485    0.1000000000E+01
  1486    0.1000000000E+01
  1487    0.1000000000E+01
  1488    0.1000000000E+01
  1489    0.1000000000E+01
  1490    0.1000000000E+01
  1491    0.1000000000E+01
  1492    0.1000000000E+01
  1493    0.1000000000E+01
  1494    0.1000000000E+01
  1495    0.1000000000E+01
  1496    0.1000000000E+01
  1497    0.1000000000E+01
  1498    0.1000000000E+01
  1499    0.1000000000E+01
  1500    0.8337500000E+00
  1501    0.1662500000E+00
  1502    0.0000000000E+00
