    -1    0.7675813403E-01
     0    0.3183123768E+00
     1    0.5342343943E+00
     2    0.6473192233E+00
     3    0.7203904656E+00
     4    0.1008325861E+01
     5    0.6976823336E+00
     6    0.6098628271E+00
     7    0.8331105714E+00
     8    0.6714540863E+00
     9    0.1074130214E+01
    10    0.8684155237E+00
    11    0.8651678220E+00
    12    0.9364931505E+00
    13    0.7932083800E+00
    14    0.1271243331E+01
    15    0.8472832680E+00
    16    0.9128974353E+00
    17    0.7077696599E+00
    18    0.7477794861E+00
    19    0.6985225288E+00
    20    0.9628734928E+00
    21    0.7009681001E+00
    22    0.6119180607E+00
    23    0.5500136817E+00
    24    0.5689750476E+00
    25    0.8146418872E+00
    26    0.6405087005E+00
    27    0.7408462769E+00
    28    0.8426318288E+00
    29    0.6929230275E+00
    30    0.9057980829E+00
    31    0.7558256610E+00
    32    0.7270721098E+00
    33    0.9583976826E+00
    34    0.1015431943E+01
    35    0.5983862991E+00
    36    0.6608344265E+00
    37    0.6947668801E+00
    38    0.6842518346E+00
    39    0.8881658743E+00
    40    0.8842473516E+00
    41    0.1123320564E+01
    42    0.1145757214E+01
    43    0.5959780699E+00
    44    0.9165066095E+00
    45    0.7573271464E+00
    46    0.8944796706E+00
    47    0.8280092436E+00
    48    0.8343126645E+00
    49    0.1036025336E+01
    50    0.7407017481E+00
    51    0.9681265938E+00
    52    0.1226874067E+01
    53    0.1071000293E+01
    54    0.1207486310E+01
    55    0.6056019057E+00
    56    0.1085806909E+01
    57    0.9135894885E+00
    58    0.8772291093E+00
    59    0.1072829499E+01
    60    0.1035366477E+01
    61    0.1101076509E+01
    62    0.1022137850E+01
    63    0.6813441417E+00
    64    0.1048733831E+01
    65    0.1032476032E+01
    66    0.9024692195E+00
    67    0.1192076374E+01
    68    0.9844903547E+00
    69    0.9023497763E+00
    70    0.8834752368E+00
    71    0.1116574953E+01
    72    0.1414578080E+01
    73    0.1350891156E+01
    74    0.1152154225E+01
    75    0.1095645577E+01
    76    0.9110947478E+00
    77    0.8928112716E+00
    78    0.7655590344E+00
    79    0.9468282003E+00
    80    0.1049308501E+01
    81    0.1243384263E+01
    82    0.9996013121E+00
    83    0.1133660863E+01
    84    0.1197001496E+01
    85    0.1385845278E+01
    86    0.1057293783E+01
    87    0.1101499964E+01
    88    0.1268268351E+01
    89    0.1212564954E+01
    90    0.1595652155E+01
    91    0.1578843033E+01
    92    0.1307535444E+01
    93    0.1558405831E+01
    94    0.1314760213E+01
    95    0.1713841286E+01
    96    0.1207904512E+01
    97    0.8813740146E+00
    98    0.1655035185E+01
    99    0.1677162316E+01
   100    0.1367561489E+01
   101    0.1204093248E+01
   102    0.1236623810E+01
   103    0.1255713073E+01
   104    0.1369658510E+01
   105    0.9138596736E+00
   106    0.1010297145E+01
   107    0.1535604753E+01
   108    0.1633083919E+01
   109    0.1182349412E+01
   110    0.1325286382E+01
   111    0.1225654968E+01
   112    0.9302928181E+00
   113    0.1043643674E+01
   114    0.1047679864E+01
   115    0.1250694469E+01
   116    0.1180341812E+01
   117    0.8640410457E+00
   118    0.1067323829E+01
   119    0.1239780274E+01
   120    0.1276942574E+01
   121    0.1340644352E+01
   122    0.1446165809E+01
   123    0.8990656543E+00
   124    0.7603343058E+00
   125    0.9229129050E+00
   126    0.1705281614E+01
   127    0.1071502618E+01
   128    0.7996925173E+00
   129    0.6952139334E+00
   130    0.1000378485E+01
   131    0.1362930069E+01
   132    0.1225448449E+01
   133    0.7672032160E+00
   134    0.6445290231E+00
   135    0.5998949961E+00
   136    0.6762745620E+00
   137    0.1156472167E+01
   138    0.1052830797E+01
   139    0.8446653548E+00
   140    0.9783593219E+00
   141    0.1066540044E+01
   142    0.7182735924E+00
   143    0.7568118369E+00
   144    0.8635859024E+00
   145    0.8294178798E+00
   146    0.1069605693E+01
   147    0.8601835035E+00
   148    0.8148620352E+00
   149    0.9299183449E+00
   150    0.6947857584E+00
   151    0.7762377577E+00
   152    0.5688895625E+00
   153    0.7808916885E+00
   154    0.8754260604E+00
   155    0.7901582661E+00
   156    0.4727545563E+00
   157    0.6222756337E+00
   158    0.7119339607E+00
   159    0.6327538374E+00
   160    0.8081889788E+00
   161    0.8458726705E+00
   162    0.8715191651E+00
   163    0.1011546780E+01
   164    0.8970895389E+00
   165    0.8547148875E+00
   166    0.8335739936E+00
   167    0.5859999350E+00
   168    0.6130428815E+00
   169    0.5612658734E+00
   170    0.7674146047E+00
   171    0.8663540733E+00
   172    0.7022087674E+00
   173    0.8586861920E+00
   174    0.6359725616E+00
   175    0.6637243656E+00
   176    0.6780891528E+00
   177    0.1083157745E+01
   178    0.1128484849E+01
   179    0.6107782112E+00
   180    0.4508011604E+00
   181    0.6060540141E+00
   182    0.6427275244E+00
   183    0.8061858793E+00
   184    0.6841041336E+00
   185    0.6926815367E+00
   186    0.7157675876E+00
   187    0.7392528394E+00
   188    0.9708732883E+00
   189    0.9942402081E+00
   190    0.1048754064E+01
   191    0.7511556570E+00
   192    0.5430567256E+00
   193    0.9570105533E+00
   194    0.8352943115E+00
   195    0.7382172622E+00
   196    0.6405212799E+00
   197    0.8098256549E+00
   198    0.8378141236E+00
   199    0.7905001529E+00
   200    0.9992370202E+00
   201    0.9239845234E+00
   202    0.8526238183E+00
   203    0.4399539409E+00
   204    0.8713957399E+00
   205    0.1143994810E+01
   206    0.1069009334E+01
   207    0.1029912821E+01
   208    0.9974658037E+00
   209    0.3322467342E+00
   210    0.6661914972E+00
   211    0.9985625221E+00
   212    0.1141781592E+01
   213    0.8400478153E+00
   214    0.6806230969E+00
   215    0.1267240404E+01
   216    0.1082059329E+01
   217    0.5087786309E+00
   218    0.4126547594E+00
   219    0.1294778812E+01
   220    0.1319712909E+01
   221    0.1226139372E+01
   222    0.1146355225E+01
   223    0.9553328173E+00
   224    0.7775763811E+00
   225    0.9962197807E+00
   226    0.1107235589E+01
   227    0.1036602272E+01
   228    0.1091475989E+01
   229    0.1153356247E+01
   230    0.7505333603E+00
   231    0.9141663580E+00
   232    0.5497127223E+00
   233    0.1075104537E+01
   234    0.1550774656E+01
   235    0.1159487217E+01
   236    0.1191741020E+01
   237    0.1358572966E+01
   238    0.7690946038E+00
   239    0.1102135943E+01
   240    0.1210481989E+01
   241    0.8488375954E+00
   242    0.1020339125E+01
   243    0.1390731618E+01
   244    0.1615716939E+01
   245    0.1834417407E+01
   246    0.1209031142E+01
   247    0.1218604940E+01
   248    0.1123496844E+01
   249    0.1270078685E+01
   250    0.1378555478E+01
   251    0.1135404255E+01
   252    0.1463342767E+01
   253    0.1551402886E+01
   254    0.1394257852E+01
   255    0.1371265163E+01
   256    0.1379279445E+01
   257    0.1152010534E+01
   258    0.9762519990E+00
   259    0.1133819296E+01
   260    0.1278758354E+01
   261    0.1717410597E+01
   262    0.1491223150E+01
   263    0.1418365498E+01
   264    0.1464070719E+01
   265    0.9796622395E+00
   266    0.9459352596E+00
   267    0.1116473788E+01
   268    0.1341520933E+01
   269    0.1116082945E+01
   270    0.1170151141E+01
   271    0.1257994646E+01
   272    0.1386335254E+01
   273    0.1239882711E+01
   274    0.1271897471E+01
   275    0.1147225808E+01
   276    0.9860515678E+00
   277    0.5710661560E+00
   278    0.1200033535E+01
   279    0.1299650869E+01
   280    0.1280394913E+01
   281    0.1170349952E+01
   282    0.9501961509E+00
   283    0.1095320400E+01
   284    0.1007596072E+01
   285    0.9791882577E+00
   286    0.8739676798E+00
   287    0.1306286849E+01
   288    0.1177758579E+01
   289    0.1134841656E+01
   290    0.1126119410E+01
   291    0.8064548550E+00
   292    0.7443622228E+00
   293    0.9757653258E+00
   294    0.9168655204E+00
   295    0.8657652627E+00
   296    0.1379656913E+01
   297    0.1440607050E+01
   298    0.8789155233E+00
   299    0.7574553688E+00
   300    0.8780797954E+00
   301    0.9164744155E+00
   302    0.6390674319E+00
   303    0.9591984059E+00
   304    0.1078727319E+01
   305    0.7909203695E+00
   306    0.4539344374E+00
   307    0.6517511142E+00
   308    0.8185033543E+00
   309    0.7893925682E+00
   310    0.9048362924E+00
   311    0.1176397888E+01
   312    0.7488319842E+00
   313    0.6490417719E+00
   314    0.6380829810E+00
   315    0.8829813904E+00
   316    0.1010742528E+01
   317    0.1300124978E+01
   318    0.8488066301E+00
   319    0.5794371312E+00
   320    0.7381506968E+00
   321    0.4791721603E+00
   322    0.7010263437E+00
   323    0.8128019427E+00
   324    0.7047771679E+00
   325    0.9973673047E+00
   326    0.6290446447E+00
   327    0.4638574246E+00
   328    0.6242917227E+00
   329    0.1113502831E+01
   330    0.1068617735E+01
   331    0.6222232528E+00
   332    0.7164508636E+00
   333    0.7869713156E+00
   334    0.8242218705E+00
   335    0.5611148824E+00
   336    0.6296827539E+00
   337    0.6709277934E+00
   338    0.7580926877E+00
   339    0.6293951287E+00
   340    0.7096902281E+00
   341    0.9050414955E+00
   342    0.7538260838E+00
   343    0.6367954172E+00
   344    0.6601950664E+00
   345    0.6653408065E+00
   346    0.8357935051E+00
   347    0.8673554203E+00
   348    0.7002064456E+00
   349    0.8005199591E+00
   350    0.6380030726E+00
   351    0.5058341968E+00
   352    0.7855238531E+00
   353    0.1033872267E+01
   354    0.1050141383E+01
   355    0.9533738017E+00
   356    0.6874090869E+00
   357    0.8458401195E+00
   358    0.1025330604E+01
   359    0.9045505631E+00
   360    0.8309544880E+00
   361    0.8288053840E+00
   362    0.6224389660E+00
   363    0.8716866265E+00
   364    0.6116562473E+00
   365    0.8727406614E+00
   366    0.8522737732E+00
   367    0.9302051806E+00
   368    0.1149919531E+01
   369    0.8700994731E+00
   370    0.7282067856E+00
   371    0.9296069823E+00
   372    0.1045794759E+01
   373    0.1134556593E+01
   374    0.8747133765E+00
   375    0.7427596957E+00
   376    0.1092650865E+01
   377    0.7489313165E+00
   378    0.6902381386E+00
   379    0.7801268000E+00
   380    0.1168594099E+01
   381    0.1068078421E+01
   382    0.7434168370E+00
   383    0.1002410120E+01
   384    0.1078352230E+01
   385    0.8695751004E+00
   386    0.9717660829E+00
   387    0.9910444439E+00
   388    0.1004451968E+01
   389    0.1194378943E+01
   390    0.8208790318E+00
   391    0.8157923727E+00
   392    0.1505781072E+01
   393    0.1270055599E+01
   394    0.9319345729E+00
   395    0.1074230569E+01
   396    0.1163656077E+01
   397    0.1398004371E+01
   398    0.1390762300E+01
   399    0.1075417108E+01
   400    0.6201021414E+00
   401    0.1058089719E+01
   402    0.1393335770E+01
   403    0.1494848694E+01
   404    0.1175991961E+01
   405    0.8441653776E+00
   406    0.8160739528E+00
   407    0.8173009314E+00
   408    0.1424607379E+01
   409    0.1766319391E+01
   410    0.1184478698E+01
   411    0.7961776817E+00
   412    0.1213007715E+01
   413    0.1668274926E+01
   414    0.1888344016E+01
   415    0.1494441590E+01
   416    0.1670196682E+01
   417    0.1103693845E+01
   418    0.1504777957E+01
   419    0.1470670577E+01
   420    0.1277324870E+01
   421    0.9821758763E+00
   422    0.1150725088E+01
   423    0.1152755668E+01
   424    0.1166960131E+01
   425    0.1189759008E+01
   426    0.1386662995E+01
   427    0.1260647170E+01
   428    0.1118392590E+01
   429    0.1557628888E+01
   430    0.1344333656E+01
   431    0.1076941352E+01
   432    0.1282630621E+01
   433    0.1224567613E+01
   434    0.1068725209E+01
   435    0.1109227929E+01
   436    0.1033914119E+01
   437    0.1597507052E+01
   438    0.1742672950E+01
   439    0.7650636185E+00
   440    0.1053749023E+01
   441    0.1125558407E+01
   442    0.1096018922E+01
   443    0.1206771728E+01
   444    0.1272162482E+01
   445    0.1182920906E+01
   446    0.8364206390E+00
   447    0.9374661183E+00
   448    0.1171840647E+01
   449    0.1008179648E+01
   450    0.6294685184E+00
   451    0.1003806789E+01
   452    0.1025889383E+01
   453    0.1088407118E+01
   454    0.8980922200E+00
   455    0.1132033254E+01
   456    0.1051897844E+01
   457    0.8999707275E+00
   458    0.9243547541E+00
   459    0.1276916945E+01
   460    0.7517980237E+00
   461    0.5772072723E+00
   462    0.1110950420E+01
   463    0.7381842116E+00
   464    0.6042122369E+00
   465    0.1135108938E+01
   466    0.1251069348E+01
   467    0.7408757207E+00
   468    0.7463949332E+00
   469    0.5816031847E+00
   470    0.1021838040E+01
   471    0.9808663596E+00
   472    0.6670602893E+00
   473    0.9004305760E+00
   474    0.9845293432E+00
   475    0.8426908027E+00
   476    0.5455815628E+00
   477    0.5912189435E+00
   478    0.7338697584E+00
   479    0.9622884873E+00
   480    0.6491255653E+00
   481    0.8544512698E+00
   482    0.6985562619E+00
   483    0.6295000626E+00
   484    0.7737300290E+00
   485    0.8792898090E+00
   486    0.7859472334E+00
   487    0.7840113726E+00
   488    0.7333602735E+00
   489    0.7359569379E+00
   490    0.5454394938E+00
   491    0.4660706704E+00
   492    0.6987253413E+00
   493    0.7921200738E+00
   494    0.7950384780E+00
   495    0.5620089312E+00
   496    0.6976540097E+00
   497    0.1085875279E+01
   498    0.1054727302E+01
   499    0.8413721583E+00
   500    0.6525544543E+00
   501    0.6443578010E+00
   502    0.6789873711E+00
   503    0.7287672387E+00
   504    0.6081357378E+00
   505    0.5792560589E+00
   506    0.6392381609E+00
   507    0.9120995954E+00
   508    0.8566728739E+00
   509    0.6563641604E+00
   510    0.6892037845E+00
   511    0.8807715956E+00
   512    0.9517969821E+00
   513    0.7407487238E+00
   514    0.6362790453E+00
   515    0.8167894864E+00
   516    0.9518804777E+00
   517    0.1008894078E+01
   518    0.8234337781E+00
   519    0.7853081892E+00
   520    0.8527812891E+00
   521    0.7702893595E+00
   522    0.6976257158E+00
   523    0.7961268540E+00
   524    0.6595972582E+00
   525    0.4498424347E+00
   526    0.8802096480E+00
   527    0.9136774556E+00
   528    0.5204041892E+00
   529    0.6442723934E+00
   530    0.7182097080E+00
   531    0.9074026763E+00
   532    0.8998174696E+00
   533    0.9940514349E+00
   534    0.9490952393E+00
   535    0.6325472813E+00
   536    0.8650337769E+00
   537    0.8097274607E+00
   538    0.6513705647E+00
   539    0.1135792957E+01
   540    0.1357081167E+01
   541    0.1228006074E+01
   542    0.8377053441E+00
   543    0.9305251788E+00
   544    0.1019194723E+01
   545    0.1105815845E+01
   546    0.9506979913E+00
   547    0.1177118888E+01
   548    0.1114269616E+01
   549    0.1073410068E+01
   550    0.7966392661E+00
   551    0.1113608745E+01
   552    0.1117197400E+01
   553    0.9547004564E+00
   554    0.1362377123E+01
   555    0.1051099455E+01
   556    0.1077658417E+01
   557    0.8880883874E+00
   558    0.8667233991E+00
   559    0.1142608668E+01
   560    0.1445487492E+01
   561    0.1278605799E+01
   562    0.1035012572E+01
   563    0.1173141402E+01
   564    0.1345579417E+01
   565    0.9324504057E+00
   566    0.1058696222E+01
   567    0.1451601540E+01
   568    0.1454164991E+01
   569    0.9992232149E+00
   570    0.1074431815E+01
   571    0.1461281364E+01
   572    0.1203598284E+01
   573    0.1473272223E+01
   574    0.1545723108E+01
   575    0.1323520252E+01
   576    0.1663167302E+01
   577    0.1659612228E+01
   578    0.1510881006E+01
   579    0.1349236494E+01
   580    0.1441200550E+01
   581    0.1061820177E+01
   582    0.9977192867E+00
   583    0.1546922362E+01
   584    0.1559681473E+01
   585    0.1437729407E+01
   586    0.1272715652E+01
   587    0.1569505550E+01
   588    0.1220714515E+01
   589    0.1231452642E+01
   590    0.1630336848E+01
   591    0.1419428556E+01
   592    0.1188799905E+01
   593    0.1192189973E+01
   594    0.1056751999E+01
   595    0.1207416440E+01
   596    0.1361973117E+01
   597    0.1171673951E+01
   598    0.1161818434E+01
   599    0.1051929819E+01
   600    0.9280771073E+00
   601    0.1133842654E+01
   602    0.1417720926E+01
   603    0.1249278030E+01
   604    0.1509671956E+01
   605    0.1239137911E+01
   606    0.9760611877E+00
   607    0.7648391644E+00
   608    0.7879702536E+00
   609    0.8977589967E+00
   610    0.1090983082E+01
   611    0.8423465558E+00
   612    0.8939110778E+00
   613    0.7550211760E+00
   614    0.8716720281E+00
   615    0.1608049850E+01
   616    0.8625774031E+00
   617    0.7085684146E+00
   618    0.9874195858E+00
   619    0.7032369648E+00
   620    0.5991210239E+00
   621    0.8700704786E+00
   622    0.9992991825E+00
   623    0.7495701460E+00
   624    0.7764872142E+00
   625    0.1106754199E+01
   626    0.1025800257E+01
   627    0.4662413432E+00
   628    0.6845222043E+00
   629    0.9213361932E+00
   630    0.6187904164E+00
   631    0.7143730282E+00
   632    0.1029171693E+01
   633    0.6212401312E+00
   634    0.1020931856E+01
   635    0.8543779512E+00
   636    0.4478771252E+00
   637    0.5515641316E+00
   638    0.6288488611E+00
   639    0.7027880876E+00
   640    0.8589298312E+00
   641    0.7406851395E+00
   642    0.7696698220E+00
   643    0.7606611712E+00
   644    0.5538602309E+00
   645    0.8612371022E+00
   646    0.8914107788E+00
   647    0.9595596174E+00
   648    0.8195688666E+00
   649    0.9279135156E+00
   650    0.9455652045E+00
   651    0.6265444534E+00
   652    0.5855883970E+00
   653    0.7979583845E+00
   654    0.7398580082E+00
   655    0.7076910716E+00
   656    0.5327800275E+00
   657    0.9142452900E+00
   658    0.9234010986E+00
   659    0.8078289079E+00
   660    0.4857012208E+00
   661    0.3890870418E+00
   662    0.8920873511E+00
   663    0.8171893857E+00
   664    0.4282648703E+00
   665    0.6543377365E+00
   666    0.1088180591E+01
   667    0.7729569075E+00
   668    0.6629623809E+00
   669    0.7230587671E+00
   670    0.9448327793E+00
   671    0.9054799873E+00
   672    0.7734905445E+00
   673    0.9421810618E+00
   674    0.6692665828E+00
   675    0.8029840453E+00
   676    0.6377835798E+00
   677    0.6927598747E+00
   678    0.8711932487E+00
   679    0.4981977987E+00
   680    0.5760103342E+00
   681    0.7688481643E+00
   682    0.8418558743E+00
   683    0.5930326948E+00
   684    0.7174123309E+00
   685    0.9846282652E+00
   686    0.8171789805E+00
   687    0.1104825287E+01
   688    0.1073475115E+01
   689    0.1088062487E+01
   690    0.7884465293E+00
   691    0.1087368922E+01
   692    0.1058635653E+01
   693    0.9372870425E+00
   694    0.8048132508E+00
   695    0.8089161727E+00
   696    0.9495292166E+00
   697    0.7011049924E+00
   698    0.8301271519E+00
   699    0.1175528673E+01
   700    0.9016073497E+00
   701    0.1072776598E+01
   702    0.9833937154E+00
   703    0.9171424109E+00
   704    0.8481603534E+00
   705    0.7683121594E+00
   706    0.8071329915E+00
   707    0.1482253464E+01
   708    0.1422496489E+01
   709    0.1523864316E+01
   710    0.1322853386E+01
   711    0.1001916256E+01
   712    0.9573049986E+00
   713    0.6940581860E+00
   714    0.7797240161E+00
   715    0.1065386540E+01
   716    0.1151747724E+01
   717    0.1603183448E+01
   718    0.1590667851E+01
   719    0.1542891575E+01
   720    0.1047926468E+01
   721    0.1154577312E+01
   722    0.1290921997E+01
   723    0.1235079707E+01
   724    0.1558233848E+01
   725    0.1539912305E+01
   726    0.1548846520E+01
   727    0.1198569903E+01
   728    0.1132705020E+01
   729    0.1248222523E+01
   730    0.9965326817E+00
   731    0.1263422950E+01
   732    0.1545889641E+01
   733    0.1204062500E+01
   734    0.1151094563E+01
   735    0.1653580684E+01
   736    0.1688039413E+01
   737    0.1536136683E+01
   738    0.1041356851E+01
   739    0.8982958236E+00
   740    0.9795887377E+00
   741    0.1309957874E+01
   742    0.1378510912E+01
   743    0.1117951239E+01
   744    0.9921264956E+00
   745    0.1453481613E+01
   746    0.8710021786E+00
   747    0.1096955687E+01
   748    0.1192565308E+01
   749    0.1234928162E+01
   750    0.8933551031E+00
   751    0.9876259840E+00
   752    0.1086565501E+01
   753    0.1080740781E+01
   754    0.1276050251E+01
   755    0.1313808516E+01
   756    0.1123100675E+01
   757    0.1243731093E+01
   758    0.1341576298E+01
   759    0.9531198102E+00
   760    0.9706977668E+00
   761    0.1086179260E+01
   762    0.1108770891E+01
   763    0.8229570552E+00
   764    0.6857052585E+00
   765    0.1186826072E+01
   766    0.1114987173E+01
   767    0.7932499149E+00
   768    0.8009436785E+00
   769    0.1004985877E+01
   770    0.8301253049E+00
   771    0.7275020363E+00
   772    0.8241898763E+00
   773    0.1226545165E+01
   774    0.9085332896E+00
   775    0.8609647049E+00
   776    0.1413200579E+01
   777    0.9023974757E+00
   778    0.9411022674E+00
   779    0.1240529216E+01
   780    0.9165436183E+00
   781    0.6433742261E+00
   782    0.8137202515E+00
   783    0.8244373448E+00
   784    0.8993407654E+00
   785    0.9641144355E+00
   786    0.9148959464E+00
   787    0.6960467031E+00
   788    0.8597604471E+00
   789    0.9559796529E+00
   790    0.7243979049E+00
   791    0.8592630538E+00
   792    0.8050037558E+00
   793    0.7741108108E+00
   794    0.6988046553E+00
   795    0.7645026531E+00
   796    0.6131279064E+00
   797    0.6733959997E+00
   798    0.9846847281E+00
   799    0.9023872602E+00
   800    0.8009402385E+00
   801    0.9190558739E+00
   802    0.7189464268E+00
   803    0.8550285781E+00
   804    0.7981629481E+00
   805    0.8499147925E+00
   806    0.1079720830E+01
   807    0.7662795827E+00
   808    0.6689460443E+00
   809    0.1150157481E+01
   810    0.1003533394E+01
   811    0.6898342966E+00
   812    0.6001852793E+00
   813    0.8468125183E+00
   814    0.5834317313E+00
   815    0.6642175324E+00
   816    0.7376827555E+00
   817    0.1146006227E+01
   818    0.8504812558E+00
   819    0.7451763903E+00
   820    0.7291125777E+00
   821    0.8518407673E+00
   822    0.7921019413E+00
   823    0.9166929361E+00
   824    0.7652370395E+00
   825    0.7581967744E+00
   826    0.1169714252E+01
   827    0.8659368574E+00
   828    0.9260342935E+00
   829    0.1086974622E+01
   830    0.7948075185E+00
   831    0.1004412290E+01
   832    0.7682319118E+00
   833    0.7476924413E+00
   834    0.7406766625E+00
   835    0.8383158576E+00
   836    0.8367998442E+00
   837    0.9665968127E+00
   838    0.1051774729E+01
   839    0.1018765823E+01
   840    0.8681922993E+00
   841    0.9182606252E+00
   842    0.9526287244E+00
   843    0.9444466290E+00
   844    0.1068938505E+01
   845    0.1188484055E+01
   846    0.1135572714E+01
   847    0.9990839755E+00
   848    0.6123268580E+00
   849    0.6427023388E+00
   850    0.7506659697E+00
   851    0.1207091095E+01
   852    0.1055875988E+01
   853    0.6688648978E+00
   854    0.9475122607E+00
   855    0.9047098972E+00
   856    0.1317048881E+01
   857    0.1174569303E+01
   858    0.8672465469E+00
   859    0.9878288331E+00
   860    0.1478673702E+01
   861    0.1009226977E+01
   862    0.1193126777E+01
   863    0.1024812657E+01
   864    0.1011423556E+01
   865    0.8286293400E+00
   866    0.1083174325E+01
   867    0.1047311865E+01
   868    0.1227536702E+01
   869    0.1689176388E+01
   870    0.1285011023E+01
   871    0.1041043859E+01
   872    0.1118422185E+01
   873    0.1029226453E+01
   874    0.1246465757E+01
   875    0.9150575921E+00
   876    0.1231214738E+01
   877    0.1661059309E+01
   878    0.1295546772E+01
   879    0.7927084228E+00
   880    0.1507134581E+01
   881    0.9896998376E+00
   882    0.7861449530E+00
   883    0.6578318930E+00
   884    0.9003537302E+00
   885    0.1718576542E+01
   886    0.1785137722E+01
   887    0.1095603338E+01
   888    0.9407471382E+00
   889    0.1082584463E+01
   890    0.1232897451E+01
   891    0.1070261981E+01
   892    0.1032607118E+01
   893    0.1045131413E+01
   894    0.9091959209E+00
   895    0.1219829078E+01
   896    0.1210333011E+01
   897    0.1327096281E+01
   898    0.1423065423E+01
   899    0.1276754441E+01
   900    0.7107887243E+00
   901    0.1190429044E+01
   902    0.1155594737E+01
   903    0.1107262637E+01
   904    0.1079695523E+01
   905    0.9504865773E+00
   906    0.1059220279E+01
   907    0.1097242266E+01
   908    0.1032613733E+01
   909    0.6858008639E+00
   910    0.8918468179E+00
   911    0.8749703016E+00
   912    0.1106371593E+01
   913    0.1003963684E+01
   914    0.1056146658E+01
   915    0.1066480499E+01
   916    0.6097376996E+00
   917    0.8824437579E+00
   918    0.9688675121E+00
   919    0.7936243279E+00
   920    0.5677704369E+00
   921    0.7505413521E+00
   922    0.8748484452E+00
   923    0.8466830810E+00
   924    0.9465448600E+00
   925    0.1194051844E+01
   926    0.1087476958E+01
   927    0.9578853224E+00
   928    0.7970171158E+00
   929    0.7027912238E+00
   930    0.6414762323E+00
   931    0.7015987263E+00
   932    0.9332006399E+00
   933    0.1059360302E+01
   934    0.1340755601E+01
   935    0.1258453817E+01
   936    0.9357307357E+00
   937    0.7645587028E+00
   938    0.7881931791E+00
   939    0.7923666311E+00
   940    0.6681102360E+00
   941    0.8320297423E+00
   942    0.1047232087E+01
   943    0.1010490448E+01
   944    0.7129990696E+00
   945    0.8400907073E+00
   946    0.7130337194E+00
   947    0.1150579144E+01
   948    0.1032713849E+01
   949    0.6965685967E+00
   950    0.7667763693E+00
   951    0.1028861523E+01
   952    0.1021638958E+01
   953    0.1064536404E+01
   954    0.1043727689E+01
   955    0.8710993283E+00
   956    0.4011524395E+00
   957    0.7044083870E+00
   958    0.1011836939E+01
   959    0.1138692506E+01
   960    0.9489895730E+00
   961    0.9811173029E+00
   962    0.9154723044E+00
   963    0.9846103288E+00
   964    0.1025061980E+01
   965    0.1012095178E+01
   966    0.7901848893E+00
   967    0.9877132883E+00
   968    0.7649154570E+00
   969    0.6725516546E+00
   970    0.8387406367E+00
   971    0.8902504677E+00
   972    0.8873464576E+00
   973    0.8810144464E+00
   974    0.9283724227E+00
   975    0.8972254557E+00
   976    0.1081376621E+01
   977    0.1260298941E+01
   978    0.8729340906E+00
   979    0.7434627788E+00
   980    0.9145147169E+00
   981    0.1107637619E+01
   982    0.1052548972E+01
   983    0.1290924612E+01
   984    0.1452217966E+01
   985    0.1128128843E+01
   986    0.8928163481E+00
   987    0.1017371389E+01
   988    0.1126392924E+01
   989    0.9363262269E+00
   990    0.1017935500E+01
   991    0.1297205246E+01
   992    0.1026050603E+01
   993    0.1098671494E+01
   994    0.1003860069E+01
   995    0.9318891847E+00
   996    0.9749547153E+00
   997    0.9652097012E+00
   998    0.1062009820E+01
   999    0.8887834525E+00
  1000    0.9754643822E+00
  1001    0.9712637816E+00
  1002    0.9715604833E+00
  1003    0.8722087473E+00
  1004    0.7891421501E+00
  1005    0.7623490089E+00
  1006    0.7672385686E+00
  1007    0.1012887547E+01
  1008    0.1035788465E+01
  1009    0.1129224512E+01
  1010    0.1072423513E+01
  1011    0.1087072872E+01
  1012    0.9998814580E+00
  1013    0.1002270467E+01
  1014    0.1139330928E+01
  1015    0.1094548031E+01
  1016    0.9575506933E+00
  1017    0.8672221907E+00
  1018    0.8564633890E+00
  1019    0.1080913378E+01
  1020    0.9842677455E+00
  1021    0.8456454323E+00
  1022    0.1008570740E+01
  1023    0.1035510373E+01
  1024    0.1249680986E+01
  1025    0.1161900449E+01
  1026    0.1142121008E+01
  1027    0.1088062409E+01
  1028    0.1112034394E+01
  1029    0.1260375653E+01
  1030    0.1237415859E+01
  1031    0.1107664662E+01
  1032    0.1028466627E+01
  1033    0.1097095847E+01
  1034    0.1052531353E+01
  1035    0.1028449771E+01
  1036    0.9848255286E+00
  1037    0.1013770097E+01
  1038    0.8847316365E+00
  1039    0.7615558186E+00
  1040    0.8983270815E+00
  1041    0.9711919204E+00
  1042    0.9423226497E+00
  1043    0.9687918736E+00
  1044    0.1003812372E+01
  1045    0.1023736805E+01
  1046    0.1066825987E+01
  1047    0.1097527450E+01
  1048    0.1050268564E+01
  1049    0.9694497791E+00
  1050    0.1032776836E+01
  1051    0.1074891892E+01
  1052    0.1141964171E+01
  1053    0.1135495813E+01
  1054    0.1155359947E+01
  1055    0.1080985381E+01
  1056    0.9802142411E+00
  1057    0.9942217546E+00
  1058    0.8679633333E+00
  1059    0.8584073300E+00
  1060    0.9160942517E+00
  1061    0.9827839821E+00
  1062    0.1048896578E+01
  1063    0.9599394068E+00
  1064    0.9564001015E+00
  1065    0.1054621240E+01
  1066    0.1131698521E+01
  1067    0.1189815237E+01
  1068    0.1111444949E+01
  1069    0.1064782933E+01
  1070    0.1147795179E+01
  1071    0.1209469873E+01
  1072    0.1110337259E+01
  1073    0.1004871750E+01
  1074    0.1016197608E+01
  1075    0.1069346825E+01
  1076    0.1022919280E+01
  1077    0.9425827558E+00
  1078    0.9056356501E+00
  1079    0.9158558367E+00
  1080    0.9703003833E+00
  1081    0.1056684944E+01
  1082    0.1164649566E+01
  1083    0.1153221393E+01
  1084    0.1012155427E+01
  1085    0.9056450683E+00
  1086    0.8670418335E+00
  1087    0.8563390905E+00
  1088    0.8588697194E+00
  1089    0.8786495104E+00
  1090    0.9218782588E+00
  1091    0.9129473162E+00
  1092    0.8439329910E+00
  1093    0.8007479269E+00
  1094    0.7937018632E+00
  1095    0.8158445546E+00
  1096    0.8943441618E+00
  1097    0.9020717834E+00
  1098    0.8194341302E+00
  1099    0.7847589657E+00
  1100    0.8059749430E+00
  1101    0.8760888062E+00
  1102    0.9922120646E+00
  1103    0.1011142265E+01
  1104    0.9156581656E+00
  1105    0.8229117273E+00
  1106    0.7912134910E+00
  1107    0.7969844372E+00
  1108    0.8052798813E+00
  1109    0.8333702994E+00
  1110    0.9539372222E+00
  1111    0.1075603687E+01
  1112    0.1018394278E+01
  1113    0.9220764403E+00
  1114    0.8768009300E+00
  1115    0.9050227524E+00
  1116    0.8847685809E+00
  1117    0.8367277662E+00
  1118    0.8374780152E+00
  1119    0.8781367021E+00
  1120    0.8867695493E+00
  1121    0.8543270099E+00
  1122    0.8553533087E+00
  1123    0.9081274950E+00
  1124    0.9704132689E+00
  1125    0.9835804027E+00
  1126    0.9674807395E+00
  1127    0.9774628766E+00
  1128    0.9915874309E+00
  1129    0.9957921862E+00
  1130    0.9620097391E+00
  1131    0.9127561302E+00
  1132    0.8861682617E+00
  1133    0.9021342489E+00
  1134    0.9365500342E+00
  1135    0.9508035736E+00
  1136    0.9690607270E+00
  1137    0.1041283743E+01
  1138    0.1099360492E+01
  1139    0.1062085493E+01
  1140    0.9977996855E+00
  1141    0.9592196474E+00
  1142    0.9342427781E+00
  1143    0.9613384713E+00
  1144    0.1077725754E+01
  1145    0.1204518656E+01
  1146    0.1204783836E+01
  1147    0.1233779217E+01
  1148    0.1299525167E+01
  1149    0.1264868921E+01
  1150    0.1186735199E+01
  1151    0.1168206488E+01
  1152    0.1177785978E+01
  1153    0.1143609365E+01
  1154    0.1140724135E+01
  1155    0.1171268950E+01
  1156    0.1140417403E+01
  1157    0.1087209648E+01
  1158    0.1074647010E+01
  1159    0.1012912080E+01
  1160    0.9300345571E+00
  1161    0.9074087491E+00
  1162    0.9011942732E+00
  1163    0.9010959022E+00
  1164    0.9236994140E+00
  1165    0.9673793713E+00
  1166    0.9831378558E+00
  1167    0.9459262304E+00
  1168    0.9170714587E+00
  1169    0.9294466749E+00
  1170    0.9571368520E+00
  1171    0.9577435123E+00
  1172    0.9650695005E+00
  1173    0.9993286363E+00
  1174    0.9977681878E+00
  1175    0.9779629413E+00
  1176    0.9658810771E+00
  1177    0.9261934584E+00
  1178    0.8922986144E+00
  1179    0.8914264473E+00
  1180    0.8917686248E+00
  1181    0.8899976945E+00
  1182    0.8939636735E+00
  1183    0.9085371969E+00
  1184    0.9446018598E+00
  1185    0.9965082675E+00
  1186    0.1039011885E+01
  1187    0.1040193704E+01
  1188    0.1000570680E+01
  1189    0.9724269552E+00
  1190    0.9685061907E+00
  1191    0.9828307068E+00
  1192    0.1003024950E+01
  1193    0.9972216610E+00
  1194    0.9857808088E+00
  1195    0.9999651968E+00
  1196    0.1025705174E+01
  1197    0.1056294304E+01
  1198    0.1042097925E+01
  1199    0.9909622882E+00
  1200    0.9567560349E+00
  1201    0.9354983695E+00
  1202    0.9290431634E+00
  1203    0.9544552481E+00
  1204    0.1012929032E+01
  1205    0.1069620860E+01
  1206    0.1083894247E+01
  1207    0.1053053348E+01
  1208    0.1052615290E+01
  1209    0.1094461187E+01
  1210    0.1114019554E+01
  1211    0.1100491035E+01
  1212    0.1102929644E+01
  1213    0.1121715076E+01
  1214    0.1112888113E+01
  1215    0.1068971632E+01
  1216    0.1042722876E+01
  1217    0.1046998936E+01
  1218    0.1070634040E+01
  1219    0.1101922513E+01
  1220    0.1093072211E+01
  1221    0.1053673494E+01
  1222    0.1031746327E+01
  1223    0.1025383153E+01
  1224    0.1019466723E+01
  1225    0.1008796532E+01
  1226    0.9975824344E+00
  1227    0.9938415494E+00
  1228    0.9937777013E+00
  1229    0.9920678041E+00
  1230    0.9944863132E+00
  1231    0.1005228641E+01
  1232    0.1013254579E+01
  1233    0.1004914800E+01
  1234    0.9897494674E+00
  1235    0.9899105734E+00
  1236    0.1004314264E+01
  1237    0.1007615983E+01
  1238    0.9947081800E+00
  1239    0.9846519900E+00
  1240    0.9897812157E+00
  1241    0.1007254843E+01
  1242    0.1018944190E+01
  1243    0.1021130236E+01
  1244    0.1021104211E+01
  1245    0.1006282120E+01
  1246    0.9844095612E+00
  1247    0.9819950832E+00
  1248    0.9984905331E+00
  1249    0.1014676741E+01
  1250    0.1019784207E+01
  1251    0.1015000913E+01
  1252    0.1008573387E+01
  1253    0.1003106244E+01
  1254    0.9995326516E+00
  1255    0.1005463361E+01
  1256    0.1020719868E+01
  1257    0.1029060807E+01
  1258    0.1018130385E+01
  1259    0.1004401775E+01
  1260    0.1003273546E+01
  1261    0.1001988758E+01
  1262    0.9908246307E+00
  1263    0.9865620728E+00
  1264    0.9985405074E+00
  1265    0.1014322868E+01
  1266    0.1009205408E+01
  1267    0.9822319992E+00
  1268    0.9692995700E+00
  1269    0.9874735419E+00
  1270    0.1024776900E+01
  1271    0.1048916069E+01
  1272    0.1027461535E+01
  1273    0.9850401045E+00
  1274    0.9713692923E+00
  1275    0.9819153849E+00
  1276    0.9901530112E+00
  1277    0.9921072641E+00
  1278    0.9935221752E+00
  1279    0.9883957354E+00
  1280    0.9922944634E+00
  1281    0.1023327929E+01
  1282    0.1049561631E+01
  1283    0.1030609648E+01
  1284    0.9932110577E+00
  1285    0.9803184774E+00
  1286    0.9904865960E+00
  1287    0.9958512065E+00
  1288    0.9882037986E+00
  1289    0.9881579262E+00
  1290    0.9984596685E+00
  1291    0.9993830735E+00
  1292    0.9866221883E+00
  1293    0.9786146714E+00
  1294    0.9911639750E+00
  1295    0.1008482063E+01
  1296    0.1009474716E+01
  1297    0.9960229027E+00
  1298    0.9830540276E+00
  1299    0.9919080471E+00
  1300    0.1016846709E+01
  1301    0.1019253998E+01
  1302    0.9968829156E+00
  1303    0.9857865092E+00
  1304    0.9917810953E+00
  1305    0.9971909300E+00
  1306    0.9947317797E+00
  1307    0.9884628657E+00
  1308    0.9854805386E+00
  1309    0.9943102801E+00
  1310    0.1006504778E+01
  1311    0.1009625710E+01
  1312    0.1001739333E+01
  1313    0.9915598948E+00
  1314    0.9938077830E+00
  1315    0.1006228306E+01
  1316    0.1013785322E+01
  1317    0.1009005647E+01
  1318    0.9969178569E+00
  1319    0.9893962962E+00
  1320    0.9937480937E+00
  1321    0.1002351396E+01
  1322    0.1002244752E+01
  1323    0.9948706684E+00
  1324    0.9939213848E+00
  1325    0.1000666906E+01
  1326    0.1006671048E+01
  1327    0.1005556560E+01
  1328    0.1001205797E+01
  1329    0.1001789998E+01
  1330    0.1002745664E+01
  1331    0.9978695853E+00
  1332    0.9933026318E+00
  1333    0.9939755750E+00
  1334    0.1000709612E+01
  1335    0.1006558844E+01
  1336    0.1003000521E+01
  1337    0.9972337581E+00
  1338    0.9956989971E+00
  1339    0.1000124212E+01
  1340    0.1007578652E+01
  1341    0.1009036587E+01
  1342    0.1005269015E+01
  1343    0.1002053868E+01
  1344    0.1000502995E+01
  1345    0.1001436246E+01
  1346    0.1004599371E+01
  1347    0.1006743889E+01
  1348    0.1006262526E+01
  1349    0.1005805123E+01
  1350    0.1005456655E+01
  1351    0.1007207920E+01
  1352    0.1010203382E+01
  1353    0.1009412771E+01
  1354    0.1006399307E+01
  1355    0.1006803583E+01
  1356    0.1008410762E+01
  1357    0.1007065014E+01
  1358    0.1004526794E+01
  1359    0.1005079271E+01
  1360    0.1008249817E+01
  1361    0.1009216137E+01
  1362    0.1007173834E+01
  1363    0.1006654295E+01
  1364    0.1008189459E+01
  1365    0.1007634062E+01
  1366    0.1006520803E+01
  1367    0.1009042589E+01
  1368    0.1011968317E+01
  1369    0.1011195340E+01
  1370    0.1008209447E+01
  1371    0.1005812233E+01
  1372    0.1005907626E+01
  1373    0.1009094649E+01
  1374    0.1011972243E+01
  1375    0.1010333557E+01
  1376    0.1007376814E+01
  1377    0.1008020879E+01
  1378    0.1009933207E+01
  1379    0.1009665274E+01
  1380    0.1008431178E+01
  1381    0.1009036421E+01
  1382    0.1010807757E+01
  1383    0.1011212253E+01
  1384    0.1009076469E+01
  1385    0.1007143101E+01
  1386    0.1007498111E+01
  1387    0.1008264272E+01
  1388    0.1009088164E+01
  1389    0.1010563163E+01
  1390    0.1009711275E+01
  1391    0.1007047139E+01
  1392    0.1005725732E+01
  1393    0.1005911171E+01
  1394    0.1005740228E+01
  1395    0.1004332062E+01
  1396    0.1002926856E+01
  1397    0.1002050746E+01
  1398    0.1001133553E+01
  1399    0.1000401351E+01
  1400    0.1000105968E+01
  1401    0.1000026489E+01
  1402    0.1000006622E+01
  1403    0.1000001655E+01
  1404    0.1000000414E+01
  1405    0.1000000103E+01
  1406    0.1000000026E+01
  1407    0.1000000006E+01
  1408    0.1000000002E+01
  1409    0.1000000000E+01
  1410    0.1000000000E+01
  1411    0.1000000000E+01
  1412    0.1000000000E+01
  1413    0.1000000000E+01
  1414    0.1000000000E+01
  1415    0.1000000000E+01
  1416    0.1000000000E+01
  1417    0.1000000000E+01
  1418    0.1000000000E+01
  1419    0.1000000000E+01
  1420    0.1000000000E+01
  1421    0.1000000000E+01
  1422    0.1000000000E+01
  1423    0.1000000000E+01
  1424    0.1000000000E+01
  1425    0.1000000000E+01
  1426    0.1000000000E+01
  1427    0.1000000000E+01
  1428    0.1000000000E+01
  1429    0.1000000000E+01
  1430    0.1000000000E+01
  1431    0.1000000000E+01
  1432    0.1000000000E+01
  1433    0.1000000000E+01
  1434    0.1000000000E+01
  1435    0.1000000000E+01
  1436    0.1000000000E+01
  1437    0.1000000000E+01
  1438    0.1000000000E+01
  1439    0.1000000000E+01
  1440    0.1000000000E+01
  1441    0.1000000000E+01
  1442    0.1000000000E+01
  1443    0.1000000000E+01
  1444    0.1000000000E+01
  1445    0.1000000000E+01
  1446    0.1000000000E+01
  1447    0.1000000000E+01
  1448    0.1000000000E+01
  1449    0.1000000000E+01
  1450    0.1000000000E+01
  1451    0.1000000000E+01
  1452    0.1000000000E+01
  1453    0.1000000000E+01
  1454    0.1000000000E+01
  1455    0.1000000000E+01
  1456    0.1000000000E+01
  1457    0.1000000000E+01
  1458    0.1000000000E+01
  1459    0.1000000000E+01
  1460    0.1000000000E+01
  1461    0.1000000000E+01
  1462    0.1000000000E+01
  1463    0.1000000000E+01
  1464    0.1000000000E+01
  1465    0.1000000000E+01
  1466    0.1000000000E+01
  1467    0.1000000000E+01
  1468    0.1000000000E+01
  1469    0.1000000000E+01
  1470    0.1000000000E+01
  1471    0.1000000000E+01
  1472    0.1000000000E+01
  1473    0.1000000000E+01
  1474    0.1000000000E+01
  1475    0.1000000000E+01
  1476    0.1000000000E+01
  1477    0.1000000000E+01
  1478    0.1000000000E+01
  1479    0.1000000000E+01
  1480    0.1000000000E+01
  1481    0.1000000000E+01
  1482    0.1000000000E+01
  1483    0.1000000000E+01
  1484    0.1000000000E+01
  1485    0.1000000000E+01
  1486    0.1000000000E+01
  1487    0.1000000000E+01
  1488    0.1000000000E+01
  1489    0.1000000000E+01
  1490    0.1000000000E+01
  1491    0.1000000000E+01
  1492    0.1000000000E+01
  1493    0.1000000000E+01
  1494    0.1000000000E+01
  1495    0.1000000000E+01
  1496    0.1000000000E+01
  1497    0.1000000000E+01
  1498    0.1000000000E+01
  1499    0.1000000000E+01
  1500    0.8337500000E+00
  1501    0.1662500000E+00
  1502    0.0000000000E+00
