    -1    0.1535624819E+00
     0    0.7747877979E+00
     1    0.5384004926E+00
     2    0.8977029171E+00
     3    0.1051296623E+01
     4    0.1074276617E+01
     5    0.1797749716E+01
     6    0.1723864665E+01
     7    0.1294839802E+01
     8    0.1205917671E+01
     9    0.1600104450E+01
    10    0.1533122694E+01
    11    0.1183981141E+01
    12    0.1323980111E+01
    13    0.2016265839E+01
    14    0.1593080557E+01
    15    0.1217389405E+01
    16    0.1636017480E+01
    17    0.2109042752E+01
    18    0.2064329422E+01
    19    0.1886316734E+01
    20    0.1729609124E+01
    21    0.1854509481E+01
    22    0.2021570025E+01
    23    0.2055006768E+01
    24    0.1833403238E+01
    25    0.2411666477E+01
    26    0.2201270008E+01
    27    0.2007793868E+01
    28    0.2109932844E+01
    29    0.2625945066E+01
    30    0.1927943717E+01
    31    0.1442200513E+01
    32    0.1635709021E+01
    33    0.1499233719E+01
    34    0.1097613108E+01
    35    0.1428861352E+01
    36    0.1493133648E+01
    37    0.1510380473E+01
    38    0.9292034636E+00
    39    0.9336801590E+00
    40    0.1066373612E+01
    41    0.1267451964E+01
    42    0.1028618335E+01
    43    0.1314710381E+01
    44    0.7486020625E+00
    45    0.7453860284E+00
    46    0.1124065316E+01
    47    0.9617887322E+00
    48    0.8173098229E+00
    49    0.7114660650E+00
    50    0.9640471719E+00
    51    0.6892174090E+00
    52    0.9233059224E+00
    53    0.1038095309E+01
    54    0.6580486746E+00
    55    0.7984131401E+00
    56    0.9769631488E+00
    57    0.5664388252E+00
    58    0.6575271516E+00
    59    0.8171684555E+00
    60    0.8004521098E+00
    61    0.6237533308E+00
    62    0.6365791279E+00
    63    0.6089010563E+00
    64    0.8464741330E+00
    65    0.6075181803E+00
    66    0.6608099400E+00
    67    0.8518117780E+00
    68    0.4615988428E+00
    69    0.6183017084E+00
    70    0.7945365170E+00
    71    0.5641044235E+00
    72    0.5844797362E+00
    73    0.5880583023E+00
    74    0.4452651254E+00
    75    0.4624195952E+00
    76    0.5569328018E+00
    77    0.6595061531E+00
    78    0.5067266256E+00
    79    0.6137908550E+00
    80    0.4628343911E+00
    81    0.7276109658E+00
    82    0.6509266738E+00
    83    0.5682980060E+00
    84    0.4184164389E+00
    85    0.3408840317E+00
    86    0.3296978694E+00
    87    0.5327671711E+00
    88    0.6443175668E+00
    89    0.4664215933E+00
    90    0.8900762418E+00
    91    0.5019825330E+00
    92    0.4621708536E+00
    93    0.6665022680E+00
    94    0.5439875404E+00
    95    0.7942257827E+00
    96    0.6263350418E+00
    97    0.4970658044E+00
    98    0.4222119442E+00
    99    0.2988844884E+00
   100    0.3056110353E+00
   101    0.5100729658E+00
   102    0.6885125615E+00
   103    0.6404020470E+00
   104    0.3852391333E+00
   105    0.4550299305E+00
   106    0.4893715447E+00
   107    0.5907971371E+00
   108    0.4731411195E+00
   109    0.4454816299E+00
   110    0.5980368499E+00
   111    0.6392206752E+00
   112    0.2382155633E+00
   113    0.3907205693E+00
   114    0.3267269828E+00
   115    0.4323891768E+00
   116    0.4551200586E+00
   117    0.7056758439E+00
   118    0.6917140904E+00
   119    0.3192092612E+00
   120    0.5045889492E+00
   121    0.4923798363E+00
   122    0.3839046593E+00
   123    0.3292114424E+00
   124    0.5047388090E+00
   125    0.7690628562E+00
   126    0.6069416329E+00
   127    0.3485352849E+00
   128    0.4223282603E+00
   129    0.5107356282E+00
   130    0.3944302172E+00
   131    0.4293176790E+00
   132    0.4803182970E+00
   133    0.6879990412E+00
   134    0.5835003976E+00
   135    0.6145539684E+00
   136    0.6111065112E+00
   137    0.5038357502E+00
   138    0.4484984883E+00
   139    0.4261954208E+00
   140    0.6855707562E+00
   141    0.5904833336E+00
   142    0.3363141366E+00
   143    0.7023550193E+00
   144    0.7370563353E+00
   145    0.5250726066E+00
   146    0.6703399472E+00
   147    0.5264304731E+00
   148    0.4048578242E+00
   149    0.7165320457E+00
   150    0.5838979367E+00
   151    0.4928833957E+00
   152    0.4126938499E+00
   153    0.3651733138E+00
   154    0.8432180117E+00
   155    0.6025893850E+00
   156    0.6607900884E+00
   157    0.5712070345E+00
   158    0.6342335763E+00
   159    0.6599001569E+00
   160    0.9794136805E+00
   161    0.4627430024E+00
   162    0.5597076616E+00
   163    0.5957771569E+00
   164    0.6827977432E+00
   165    0.8197125894E+00
   166    0.9692044527E+00
   167    0.6958979555E+00
   168    0.5187897058E+00
   169    0.5478415757E+00
   170    0.7577497856E+00
   171    0.6028678209E+00
   172    0.3953479841E+00
   173    0.1110928790E+01
   174    0.1059537888E+01
   175    0.8133848720E+00
   176    0.8994227466E+00
   177    0.8325851209E+00
   178    0.8091743009E+00
   179    0.7534119971E+00
   180    0.1036716826E+01
   181    0.9392933195E+00
   182    0.5072412340E+00
   183    0.1000492109E+01
   184    0.9716421554E+00
   185    0.4538807443E+00
   186    0.8606797436E+00
   187    0.1284165496E+01
   188    0.8679221403E+00
   189    0.1185885847E+01
   190    0.1434016671E+01
   191    0.1671549409E+01
   192    0.1258268376E+01
   193    0.1312748197E+01
   194    0.9359803800E+00
   195    0.1240132695E+01
   196    0.1576400656E+01
   197    0.1881460452E+01
   198    0.1773954473E+01
   199    0.1223837004E+01
   200    0.1438202713E+01
   201    0.1526691793E+01
   202    0.1504147115E+01
   203    0.1669123651E+01
   204    0.1413481133E+01
   205    0.1537799630E+01
   206    0.1385924349E+01
   207    0.1231592594E+01
   208    0.1044989650E+01
   209    0.1364700957E+01
   210    0.1609495716E+01
   211    0.1528408470E+01
   212    0.1525163246E+01
   213    0.2142079381E+01
   214    0.2235778802E+01
   215    0.2513235280E+01
   216    0.2773877088E+01
   217    0.2966203340E+01
   218    0.3394591684E+01
   219    0.2514129586E+01
   220    0.2264889011E+01
   221    0.2011120501E+01
   222    0.1560530545E+01
   223    0.1342981350E+01
   224    0.1151146286E+01
   225    0.7370670554E+00
   226    0.7865699543E+00
   227    0.1028950025E+01
   228    0.9765902095E+00
   229    0.8556002418E+00
   230    0.1054854861E+01
   231    0.1221246535E+01
   232    0.9154669619E+00
   233    0.4957597560E+00
   234    0.1035188771E+01
   235    0.9099384030E+00
   236    0.6085132995E+00
   237    0.8323561602E+00
   238    0.7631808205E+00
   239    0.8479729174E+00
   240    0.8872763849E+00
   241    0.7199635576E+00
   242    0.7051005802E+00
   243    0.7485855001E+00
   244    0.6843133890E+00
   245    0.6721969171E+00
   246    0.5699132880E+00
   247    0.6460608173E+00
   248    0.5621339648E+00
   249    0.5103328501E+00
   250    0.6254547761E+00
   251    0.7246615173E+00
   252    0.6145114229E+00
   253    0.7101160015E+00
   254    0.5976507486E+00
   255    0.5418883073E+00
   256    0.4997860587E+00
   257    0.5933737939E+00
   258    0.5130860282E+00
   259    0.5351973942E+00
   260    0.5340563788E+00
   261    0.4225198619E+00
   262    0.7073031240E+00
   263    0.4406804971E+00
   264    0.3976637967E+00
   265    0.6069535360E+00
   266    0.4911763039E+00
   267    0.3610390290E+00
   268    0.3816894637E+00
   269    0.5009642285E+00
   270    0.3107437170E+00
   271    0.4379758103E+00
   272    0.5221857322E+00
   273    0.4497265242E+00
   274    0.3269255107E+00
   275    0.5375019534E+00
   276    0.5859510273E+00
   277    0.3702068151E+00
   278    0.6765690630E+00
   279    0.4829440397E+00
   280    0.3431322275E+00
   281    0.3545930348E+00
   282    0.4648274077E+00
   283    0.3450756645E+00
   284    0.3230112754E+00
   285    0.6317872369E+00
   286    0.5755616481E+00
   287    0.3368723823E+00
   288    0.2233773070E+00
   289    0.4344813381E+00
   290    0.4556326794E+00
   291    0.4396971936E+00
   292    0.4280388639E+00
   293    0.3451834833E+00
   294    0.5336277271E+00
   295    0.4223695285E+00
   296    0.3588246488E+00
   297    0.4500170126E+00
   298    0.3072464796E+00
   299    0.5165205787E+00
   300    0.5380205684E+00
   301    0.4836631041E+00
   302    0.3442944762E+00
   303    0.4429507108E+00
   304    0.3028929586E+00
   305    0.2686167676E+00
   306    0.4127755391E+00
   307    0.3780574198E+00
   308    0.4241474259E+00
   309    0.4387046140E+00
   310    0.3624980044E+00
   311    0.3557766911E+00
   312    0.4204851113E+00
   313    0.4088888421E+00
   314    0.3590235069E+00
   315    0.4866539609E+00
   316    0.3772563145E+00
   317    0.4461961812E+00
   318    0.5087426541E+00
   319    0.2831965658E+00
   320    0.3728815771E+00
   321    0.4944088627E+00
   322    0.4973088504E+00
   323    0.4284267728E+00
   324    0.3082526317E+00
   325    0.3810358050E+00
   326    0.2701279729E+00
   327    0.3731000740E+00
   328    0.4320410196E+00
   329    0.3277199839E+00
   330    0.3894764384E+00
   331    0.3989065387E+00
   332    0.4810813476E+00
   333    0.2252545950E+00
   334    0.1664221058E+00
   335    0.3647244661E+00
   336    0.4332938150E+00
   337    0.5581128542E+00
   338    0.6475865850E+00
   339    0.5753776661E+00
   340    0.4212283100E+00
   341    0.4330748596E+00
   342    0.4021864828E+00
   343    0.4561717194E+00
   344    0.6130241028E+00
   345    0.5583583619E+00
   346    0.6671983799E+00
   347    0.8454693730E+00
   348    0.6059088169E+00
   349    0.4634794457E+00
   350    0.3980444750E+00
   351    0.7470660740E+00
   352    0.6734506758E+00
   353    0.5934611601E+00
   354    0.5556174283E+00
   355    0.6065617903E+00
   356    0.5689954903E+00
   357    0.5701572524E+00
   358    0.5867555854E+00
   359    0.6456990683E+00
   360    0.6429182590E+00
   361    0.3829077243E+00
   362    0.4331232710E+00
   363    0.8938964744E+00
   364    0.1191747354E+01
   365    0.7950329581E+00
   366    0.1060571938E+01
   367    0.9794190277E+00
   368    0.8096288586E+00
   369    0.8879280440E+00
   370    0.1009091866E+01
   371    0.1002329434E+01
   372    0.7177327817E+00
   373    0.1097562040E+01
   374    0.1306840128E+01
   375    0.1141431120E+01
   376    0.8652522622E+00
   377    0.9126706101E+00
   378    0.1368399135E+01
   379    0.1604055798E+01
   380    0.1392994477E+01
   381    0.1520220851E+01
   382    0.1448326942E+01
   383    0.2015639314E+01
   384    0.1464978210E+01
   385    0.1445562471E+01
   386    0.1625809510E+01
   387    0.2435161736E+01
   388    0.2690123466E+01
   389    0.1972398438E+01
   390    0.2183204621E+01
   391    0.2369392803E+01
   392    0.2976646292E+01
   393    0.2690526532E+01
   394    0.2944149969E+01
   395    0.2591638906E+01
   396    0.2585737405E+01
   397    0.2665476552E+01
   398    0.2190983000E+01
   399    0.1474264151E+01
   400    0.1804094210E+01
   401    0.2020746990E+01
   402    0.2196147008E+01
   403    0.1739972383E+01
   404    0.1416785384E+01
   405    0.1282132580E+01
   406    0.1308226596E+01
   407    0.1121462841E+01
   408    0.8247470946E+00
   409    0.1281601455E+01
   410    0.1205460719E+01
   411    0.1442725345E+01
   412    0.1104388375E+01
   413    0.9227447100E+00
   414    0.1044240847E+01
   415    0.8236379653E+00
   416    0.9644704333E+00
   417    0.8980150626E+00
   418    0.8545209123E+00
   419    0.7774937555E+00
   420    0.8273591369E+00
   421    0.7106054492E+00
   422    0.7316474862E+00
   423    0.7405567259E+00
   424    0.5716556531E+00
   425    0.6586996572E+00
   426    0.6744468097E+00
   427    0.6930201725E+00
   428    0.5580466242E+00
   429    0.5664159647E+00
   430    0.6663431635E+00
   431    0.4164339213E+00
   432    0.5738357945E+00
   433    0.4949127677E+00
   434    0.4845536361E+00
   435    0.5934188002E+00
   436    0.6056977562E+00
   437    0.4482894924E+00
   438    0.5810541202E+00
   439    0.5917880310E+00
   440    0.5775297179E+00
   441    0.3576616191E+00
   442    0.4439583006E+00
   443    0.4808399455E+00
   444    0.3679025055E+00
   445    0.3433273981E+00
   446    0.2886043506E+00
   447    0.4848671410E+00
   448    0.4049351880E+00
   449    0.5008746910E+00
   450    0.2896035176E+00
   451    0.2657525508E+00
   452    0.3928457299E+00
   453    0.3618949423E+00
   454    0.3311161059E+00
   455    0.3639398881E+00
   456    0.2765138194E+00
   457    0.4189485842E+00
   458    0.4175166056E+00
   459    0.4364606203E+00
   460    0.2675312771E+00
   461    0.3390993941E+00
   462    0.3250488127E+00
   463    0.4178133828E+00
   464    0.3107227442E+00
   465    0.2850040767E+00
   466    0.2121880018E+00
   467    0.3209268256E+00
   468    0.3497983950E+00
   469    0.2291125772E+00
   470    0.2064223568E+00
   471    0.4861743419E+00
   472    0.4218322685E+00
   473    0.2706080452E+00
   474    0.3367723258E+00
   475    0.2932061713E+00
   476    0.2482638933E+00
   477    0.3094561023E+00
   478    0.3774286820E+00
   479    0.4391519417E+00
   480    0.2956409490E+00
   481    0.3392616303E+00
   482    0.2066597574E+00
   483    0.1470373762E+00
   484    0.2049737804E+00
   485    0.3525889879E+00
   486    0.2640182147E+00
   487    0.2564995701E+00
   488    0.3016499354E+00
   489    0.2763709768E+00
   490    0.3038230848E+00
   491    0.2932195917E+00
   492    0.2575570447E+00
   493    0.2095010733E+00
   494    0.2992692551E+00
   495    0.3329096525E+00
   496    0.4893000725E+00
   497    0.3435893382E+00
   498    0.3628675006E+00
   499    0.3316696826E+00
   500    0.2614633731E+00
   501    0.2643005372E+00
   502    0.2698646809E+00
   503    0.1091578047E+00
   504    0.3592489685E+00
   505    0.4307377225E+00
   506    0.2553195566E+00
   507    0.1183680602E+00
   508    0.1737017269E+00
   509    0.2233206367E+00
   510    0.1741183087E+00
   511    0.3213139717E+00
   512    0.5635060228E+00
   513    0.3553174601E+00
   514    0.2876344353E+00
   515    0.2596623950E+00
   516    0.2596764110E+00
   517    0.3407266564E+00
   518    0.4037518202E+00
   519    0.3451082603E+00
   520    0.3146986569E+00
   521    0.3306154697E+00
   522    0.3293199767E+00
   523    0.3840878914E+00
   524    0.3104970849E+00
   525    0.3197343429E+00
   526    0.3200698836E+00
   527    0.3680324471E+00
   528    0.3992207339E+00
   529    0.4234377378E+00
   530    0.3644858727E+00
   531    0.3191401743E+00
   532    0.3518292121E+00
   533    0.3193020538E+00
   534    0.3463018975E+00
   535    0.2949703080E+00
   536    0.3692172652E+00
   537    0.4062450720E+00
   538    0.1818919414E+00
   539    0.4178781292E+00
   540    0.3845358442E+00
   541    0.4402182354E+00
   542    0.4275133818E+00
   543    0.3449407236E+00
   544    0.1964578816E+00
   545    0.3790937562E+00
   546    0.4262660539E+00
   547    0.3923841154E+00
   548    0.3936127679E+00
   549    0.5357795088E+00
   550    0.3224635813E+00
   551    0.2888830761E+00
   552    0.4381074737E+00
   553    0.3741776444E+00
   554    0.3641649970E+00
   555    0.4541077451E+00
   556    0.3640389791E+00
   557    0.5905723767E+00
   558    0.7348937954E+00
   559    0.5646502911E+00
   560    0.3206863212E+00
   561    0.3815289767E+00
   562    0.5286220429E+00
   563    0.4875637565E+00
   564    0.6010157928E+00
   565    0.9275171709E+00
   566    0.7847104506E+00
   567    0.9208571222E+00
   568    0.7275746363E+00
   569    0.6828689249E+00
   570    0.9620766136E+00
   571    0.8134980886E+00
   572    0.6620908298E+00
   573    0.7040014768E+00
   574    0.6794419673E+00
   575    0.9503923065E+00
   576    0.1392273870E+01
   577    0.1297799611E+01
   578    0.1234533820E+01
   579    0.1378421445E+01
   580    0.1709558920E+01
   581    0.1776644912E+01
   582    0.1547094221E+01
   583    0.1764958527E+01
   584    0.1483836402E+01
   585    0.1726412307E+01
   586    0.2289408736E+01
   587    0.2679483574E+01
   588    0.2201661035E+01
   589    0.2358147551E+01
   590    0.2526754981E+01
   591    0.2415701817E+01
   592    0.1890885008E+01
   593    0.2269518481E+01
   594    0.2561712441E+01
   595    0.2278106660E+01
   596    0.2132935560E+01
   597    0.2628299728E+01
   598    0.3121444423E+01
   599    0.2726324412E+01
   600    0.2361179278E+01
   601    0.1672122756E+01
   602    0.1806279729E+01
   603    0.2181367041E+01
   604    0.1504073707E+01
   605    0.1007446384E+01
   606    0.1854843661E+01
   607    0.1814719466E+01
   608    0.1804722159E+01
   609    0.2125548681E+01
   610    0.1705947403E+01
   611    0.1253894291E+01
   612    0.1503766132E+01
   613    0.1184936513E+01
   614    0.1036231356E+01
   615    0.1063234001E+01
   616    0.1392796579E+01
   617    0.8878473281E+00
   618    0.6866196848E+00
   619    0.1005718159E+01
   620    0.1045600504E+01
   621    0.9860168638E+00
   622    0.1304171635E+01
   623    0.7650481579E+00
   624    0.7712353155E+00
   625    0.7684425784E+00
   626    0.7542587866E+00
   627    0.8586955935E+00
   628    0.6622101082E+00
   629    0.7103189280E+00
   630    0.7511699317E+00
   631    0.7188542071E+00
   632    0.5338726856E+00
   633    0.7283013652E+00
   634    0.6871973538E+00
   635    0.7664389561E+00
   636    0.4996597582E+00
   637    0.6763893007E+00
   638    0.7058792764E+00
   639    0.4699627171E+00
   640    0.4200590518E+00
   641    0.5839238833E+00
   642    0.7388055441E+00
   643    0.5385674227E+00
   644    0.6648378615E+00
   645    0.5670270666E+00
   646    0.6225721226E+00
   647    0.3837490112E+00
   648    0.4048154185E+00
   649    0.4719773807E+00
   650    0.7222783826E+00
   651    0.5948172307E+00
   652    0.5511649010E+00
   653    0.4918824485E+00
   654    0.2846576174E+00
   655    0.5049392028E+00
   656    0.5374311075E+00
   657    0.5546933390E+00
   658    0.4752568209E+00
   659    0.3987027334E+00
   660    0.4569075386E+00
   661    0.4496900745E+00
   662    0.6754871577E+00
   663    0.4686906437E+00
   664    0.3968643182E+00
   665    0.3652058242E+00
   666    0.2830097884E+00
   667    0.5227646787E+00
   668    0.5869253238E+00
   669    0.3307640390E+00
   670    0.2976075522E+00
   671    0.5974766708E+00
   672    0.5189539400E+00
   673    0.5668018294E+00
   674    0.5314076283E+00
   675    0.3522287084E+00
   676    0.5023464907E+00
   677    0.3763950917E+00
   678    0.3652109818E+00
   679    0.4328197495E+00
   680    0.3571556039E+00
   681    0.4070160733E+00
   682    0.3987935794E+00
   683    0.5659353195E+00
   684    0.4259093657E+00
   685    0.4044536984E+00
   686    0.5309347501E+00
   687    0.4081219375E+00
   688    0.4313823497E+00
   689    0.3944172722E+00
   690    0.3652403553E+00
   691    0.4840974473E+00
   692    0.4792722061E+00
   693    0.5316818041E+00
   694    0.3336034539E+00
   695    0.5180239135E+00
   696    0.5986990574E+00
   697    0.3452566571E+00
   698    0.3617681049E+00
   699    0.6438365131E+00
   700    0.4721783411E+00
   701    0.3818039050E+00
   702    0.4729823686E+00
   703    0.3989151684E+00
   704    0.3877032810E+00
   705    0.3535265953E+00
   706    0.5273323339E+00
   707    0.5131215439E+00
   708    0.4691255338E+00
   709    0.4167769610E+00
   710    0.3967163300E+00
   711    0.3291684363E+00
   712    0.7061529451E+00
   713    0.5401829708E+00
   714    0.4812838779E+00
   715    0.2947606251E+00
   716    0.3901594346E+00
   717    0.7022131607E+00
   718    0.4756379376E+00
   719    0.5009749893E+00
   720    0.4860873634E+00
   721    0.4823546446E+00
   722    0.3964598255E+00
   723    0.6699073457E+00
   724    0.5162505494E+00
   725    0.5489833330E+00
   726    0.5542115944E+00
   727    0.5895668906E+00
   728    0.5225078665E+00
   729    0.6203181559E+00
   730    0.8322880874E+00
   731    0.5881404427E+00
   732    0.6548459216E+00
   733    0.4560015279E+00
   734    0.6029004885E+00
   735    0.8804894448E+00
   736    0.9064749769E+00
   737    0.8050127438E+00
   738    0.8597566406E+00
   739    0.8123787814E+00
   740    0.1071586348E+01
   741    0.7449703279E+00
   742    0.7904753900E+00
   743    0.1230182377E+01
   744    0.1014043754E+01
   745    0.1045895489E+01
   746    0.7012626817E+00
   747    0.1046411246E+01
   748    0.1203206575E+01
   749    0.9074110292E+00
   750    0.1442109096E+01
   751    0.1632439860E+01
   752    0.1021160210E+01
   753    0.1151008518E+01
   754    0.1169868437E+01
   755    0.1646860162E+01
   756    0.1237320935E+01
   757    0.1213177286E+01
   758    0.1215232146E+01
   759    0.1124034934E+01
   760    0.1092176263E+01
   761    0.1260168246E+01
   762    0.1292995780E+01
   763    0.1441902353E+01
   764    0.1671311615E+01
   765    0.1793596693E+01
   766    0.1824932644E+01
   767    0.1640876744E+01
   768    0.1819840835E+01
   769    0.1521143692E+01
   770    0.1566876145E+01
   771    0.1880729821E+01
   772    0.1444392784E+01
   773    0.1825639071E+01
   774    0.2117634407E+01
   775    0.1782758217E+01
   776    0.1851695504E+01
   777    0.1861514796E+01
   778    0.1252814843E+01
   779    0.1516753366E+01
   780    0.1871247025E+01
   781    0.1759696219E+01
   782    0.1666383356E+01
   783    0.1522042494E+01
   784    0.1315237220E+01
   785    0.1762484597E+01
   786    0.2192852290E+01
   787    0.1634165050E+01
   788    0.1213064595E+01
   789    0.1084044301E+01
   790    0.1412243989E+01
   791    0.1793312071E+01
   792    0.1274940128E+01
   793    0.1133046558E+01
   794    0.1047759612E+01
   795    0.1058774337E+01
   796    0.1361218597E+01
   797    0.1317753619E+01
   798    0.1239578997E+01
   799    0.1395145320E+01
   800    0.1039225175E+01
   801    0.9460062669E+00
   802    0.9215485527E+00
   803    0.8834817703E+00
   804    0.9334666278E+00
   805    0.1033415575E+01
   806    0.1138042829E+01
   807    0.1210594953E+01
   808    0.8417764556E+00
   809    0.1113811333E+01
   810    0.1011880094E+01
   811    0.8512666059E+00
   812    0.8521050852E+00
   813    0.7618584360E+00
   814    0.9958984432E+00
   815    0.7801414629E+00
   816    0.8690975901E+00
   817    0.9801310484E+00
   818    0.1108825281E+01
   819    0.7209085666E+00
   820    0.7436363195E+00
   821    0.7965821831E+00
   822    0.7445189556E+00
   823    0.7287832383E+00
   824    0.7447103886E+00
   825    0.5580459779E+00
   826    0.6959285294E+00
   827    0.7848696235E+00
   828    0.6634123968E+00
   829    0.1072321808E+01
   830    0.7597136443E+00
   831    0.4461030108E+00
   832    0.7885898158E+00
   833    0.8121436312E+00
   834    0.6864950784E+00
   835    0.7166081743E+00
   836    0.7164890770E+00
   837    0.5938737581E+00
   838    0.6112127511E+00
   839    0.8234182696E+00
   840    0.7169374409E+00
   841    0.6749463874E+00
   842    0.6326099346E+00
   843    0.5835052684E+00
   844    0.6571710056E+00
   845    0.6106081242E+00
   846    0.6779824689E+00
   847    0.7746106897E+00
   848    0.6318558435E+00
   849    0.6351441238E+00
   850    0.7733244656E+00
   851    0.5646572067E+00
   852    0.8648753121E+00
   853    0.5523256215E+00
   854    0.6454696330E+00
   855    0.7274615419E+00
   856    0.7258273668E+00
   857    0.4853269438E+00
   858    0.5151948953E+00
   859    0.4096247065E+00
   860    0.7744713880E+00
   861    0.7654059539E+00
   862    0.7762159019E+00
   863    0.7197049419E+00
   864    0.5641711603E+00
   865    0.5849019603E+00
   866    0.7236263194E+00
   867    0.7874661760E+00
   868    0.8616975527E+00
   869    0.6946651024E+00
   870    0.6919313680E+00
   871    0.7209193068E+00
   872    0.6725662903E+00
   873    0.7799152169E+00
   874    0.8732821322E+00
   875    0.5969400541E+00
   876    0.7375692578E+00
   877    0.5421653784E+00
   878    0.4508919804E+00
   879    0.7402375254E+00
   880    0.8592951793E+00
   881    0.7870132936E+00
   882    0.6394953120E+00
   883    0.7937211140E+00
   884    0.8372181598E+00
   885    0.9608226311E+00
   886    0.6244111121E+00
   887    0.5964701375E+00
   888    0.7852574923E+00
   889    0.8360909679E+00
   890    0.7430829298E+00
   891    0.6932256963E+00
   892    0.7528967762E+00
   893    0.8144867495E+00
   894    0.7484909582E+00
   895    0.7327211573E+00
   896    0.7568387700E+00
   897    0.8561362952E+00
   898    0.9218204679E+00
   899    0.7297435458E+00
   900    0.9828300332E+00
   901    0.9733324102E+00
   902    0.8726461563E+00
   903    0.1093693928E+01
   904    0.9991594238E+00
   905    0.9348947517E+00
   906    0.8876549635E+00
   907    0.8071218006E+00
   908    0.1008841662E+01
   909    0.1267861095E+01
   910    0.1017082406E+01
   911    0.1053371563E+01
   912    0.1093756250E+01
   913    0.1052485199E+01
   914    0.1206122569E+01
   915    0.1138410183E+01
   916    0.1067919687E+01
   917    0.9961758751E+00
   918    0.1023324732E+01
   919    0.9578391116E+00
   920    0.1139903701E+01
   921    0.1222065719E+01
   922    0.1261717715E+01
   923    0.1249019009E+01
   924    0.1238010955E+01
   925    0.1228529215E+01
   926    0.1043882819E+01
   927    0.1064258605E+01
   928    0.1092144353E+01
   929    0.9678095434E+00
   930    0.9955941509E+00
   931    0.1181064417E+01
   932    0.1260527512E+01
   933    0.1207267765E+01
   934    0.1282117320E+01
   935    0.1258801971E+01
   936    0.1248287476E+01
   937    0.1278357875E+01
   938    0.1240891480E+01
   939    0.1150747321E+01
   940    0.1109767649E+01
   941    0.1114327499E+01
   942    0.1119934712E+01
   943    0.1160963837E+01
   944    0.1159321426E+01
   945    0.1170106233E+01
   946    0.1181064787E+01
   947    0.1155855251E+01
   948    0.1213444688E+01
   949    0.1356687367E+01
   950    0.1359659992E+01
   951    0.1293306879E+01
   952    0.1165965906E+01
   953    0.1124088978E+01
   954    0.1161485996E+01
   955    0.1178491526E+01
   956    0.1269367493E+01
   957    0.1230661674E+01
   958    0.1236136069E+01
   959    0.1141372084E+01
   960    0.1067370858E+01
   961    0.1077237513E+01
   962    0.1211472763E+01
   963    0.1240625364E+01
   964    0.1100976951E+01
   965    0.1216866767E+01
   966    0.1201767738E+01
   967    0.1188009634E+01
   968    0.1186867429E+01
   969    0.1179008471E+01
   970    0.1159894223E+01
   971    0.1153106665E+01
   972    0.1131974964E+01
   973    0.1033300647E+01
   974    0.9756660868E+00
   975    0.9271706734E+00
   976    0.9003679422E+00
   977    0.9183164571E+00
   978    0.1001709334E+01
   979    0.1081315359E+01
   980    0.1041917649E+01
   981    0.1111384030E+01
   982    0.1116981891E+01
   983    0.1116907217E+01
   984    0.1015789347E+01
   985    0.9245639420E+00
   986    0.9699538695E+00
   987    0.9363110425E+00
   988    0.9706440777E+00
   989    0.9934127794E+00
   990    0.1036230441E+01
   991    0.1076887066E+01
   992    0.1058505431E+01
   993    0.1006974022E+01
   994    0.9953662055E+00
   995    0.1023141509E+01
   996    0.1070261572E+01
   997    0.1099772957E+01
   998    0.1056864052E+01
   999    0.9747066677E+00
  1000    0.9400074848E+00
  1001    0.9433086210E+00
  1002    0.9524077359E+00
  1003    0.9619513706E+00
  1004    0.9339372240E+00
  1005    0.8865588263E+00
  1006    0.8768135435E+00
  1007    0.8874902007E+00
  1008    0.8921453420E+00
  1009    0.8869796523E+00
  1010    0.8813213211E+00
  1011    0.8965745605E+00
  1012    0.9561700114E+00
  1013    0.1028036871E+01
  1014    0.9986558103E+00
  1015    0.8877935430E+00
  1016    0.8363757938E+00
  1017    0.8603752498E+00
  1018    0.8884143622E+00
  1019    0.9637170475E+00
  1020    0.1033285509E+01
  1021    0.9722351221E+00
  1022    0.8588394426E+00
  1023    0.8086467559E+00
  1024    0.8086299715E+00
  1025    0.8285866878E+00
  1026    0.8512064616E+00
  1027    0.8645474112E+00
  1028    0.8498374721E+00
  1029    0.8291942745E+00
  1030    0.8276441141E+00
  1031    0.8246313725E+00
  1032    0.8238318769E+00
  1033    0.8770535932E+00
  1034    0.9153645497E+00
  1035    0.9353279090E+00
  1036    0.9646869959E+00
  1037    0.9515798705E+00
  1038    0.8989446644E+00
  1039    0.8557461730E+00
  1040    0.8570212314E+00
  1041    0.9002313405E+00
  1042    0.8874087201E+00
  1043    0.8482758129E+00
  1044    0.8846129599E+00
  1045    0.9059302908E+00
  1046    0.9139166939E+00
  1047    0.9133185245E+00
  1048    0.9083859980E+00
  1049    0.8835250588E+00
  1050    0.8667742376E+00
  1051    0.8745779435E+00
  1052    0.8866745047E+00
  1053    0.8735059706E+00
  1054    0.8518600575E+00
  1055    0.8361592670E+00
  1056    0.8271893081E+00
  1057    0.8379608486E+00
  1058    0.8667352848E+00
  1059    0.8886117603E+00
  1060    0.8860638864E+00
  1061    0.8751096179E+00
  1062    0.8565371402E+00
  1063    0.8413560882E+00
  1064    0.8364790364E+00
  1065    0.8271327487E+00
  1066    0.8191323478E+00
  1067    0.8038723007E+00
  1068    0.8044385030E+00
  1069    0.8388621094E+00
  1070    0.8998178858E+00
  1071    0.9317518677E+00
  1072    0.9367466099E+00
  1073    0.9811854337E+00
  1074    0.9750307488E+00
  1075    0.9178893134E+00
  1076    0.9240976283E+00
  1077    0.9539005008E+00
  1078    0.9757730629E+00
  1079    0.9938772849E+00
  1080    0.9816195325E+00
  1081    0.9620297693E+00
  1082    0.9260217471E+00
  1083    0.8822056639E+00
  1084    0.8569891165E+00
  1085    0.8665883940E+00
  1086    0.9260573187E+00
  1087    0.1006578976E+01
  1088    0.1041972136E+01
  1089    0.1060739051E+01
  1090    0.1055721281E+01
  1091    0.1041943084E+01
  1092    0.1054391075E+01
  1093    0.1094110673E+01
  1094    0.1123943154E+01
  1095    0.1131119701E+01
  1096    0.1123756171E+01
  1097    0.1055849363E+01
  1098    0.1089214753E+01
  1099    0.1187830698E+01
  1100    0.1163556803E+01
  1101    0.1102941431E+01
  1102    0.1121122812E+01
  1103    0.1217246435E+01
  1104    0.1256557843E+01
  1105    0.1219001532E+01
  1106    0.1188688220E+01
  1107    0.1147959479E+01
  1108    0.1081438341E+01
  1109    0.1025933542E+01
  1110    0.1028998975E+01
  1111    0.1085617783E+01
  1112    0.1123669002E+01
  1113    0.1126637984E+01
  1114    0.1101119091E+01
  1115    0.1057557432E+01
  1116    0.1038084877E+01
  1117    0.1066645580E+01
  1118    0.1113337683E+01
  1119    0.1114533973E+01
  1120    0.1049873376E+01
  1121    0.9804986486E+00
  1122    0.9589198298E+00
  1123    0.9731223558E+00
  1124    0.9981523478E+00
  1125    0.1035608084E+01
  1126    0.1063336685E+01
  1127    0.1062014000E+01
  1128    0.1060694890E+01
  1129    0.1074624916E+01
  1130    0.1084854167E+01
  1131    0.1059177131E+01
  1132    0.1025081688E+01
  1133    0.1016053417E+01
  1134    0.1018380139E+01
  1135    0.1015878379E+01
  1136    0.1019813798E+01
  1137    0.1030176490E+01
  1138    0.1029157789E+01
  1139    0.1021522850E+01
  1140    0.1007689358E+01
  1141    0.9831092637E+00
  1142    0.9722219450E+00
  1143    0.9906862803E+00
  1144    0.1019883251E+01
  1145    0.1035733205E+01
  1146    0.1042377336E+01
  1147    0.1060786518E+01
  1148    0.1079364623E+01
  1149    0.1059521553E+01
  1150    0.1013817147E+01
  1151    0.9949291372E+00
  1152    0.9827906066E+00
  1153    0.9652919039E+00
  1154    0.9646936278E+00
  1155    0.9728256166E+00
  1156    0.9771280512E+00
  1157    0.9844529604E+00
  1158    0.9884430742E+00
  1159    0.9867302271E+00
  1160    0.9755853333E+00
  1161    0.9666210750E+00
  1162    0.9681081691E+00
  1163    0.9735639537E+00
  1164    0.9794282802E+00
  1165    0.9852082673E+00
  1166    0.9804665165E+00
  1167    0.9757011232E+00
  1168    0.1001818102E+01
  1169    0.1036655877E+01
  1170    0.1032835354E+01
  1171    0.9928568282E+00
  1172    0.9588267162E+00
  1173    0.9500249195E+00
  1174    0.9535857961E+00
  1175    0.9581024929E+00
  1176    0.9613038668E+00
  1177    0.9659497565E+00
  1178    0.9834750564E+00
  1179    0.1006337023E+01
  1180    0.1010624040E+01
  1181    0.1003369123E+01
  1182    0.1003263233E+01
  1183    0.1004853834E+01
  1184    0.1000063392E+01
  1185    0.9922017783E+00
  1186    0.9786872028E+00
  1187    0.9692451393E+00
  1188    0.9757006432E+00
  1189    0.9923411371E+00
  1190    0.1002829135E+01
  1191    0.1002011809E+01
  1192    0.9968384613E+00
  1193    0.9966532910E+00
  1194    0.9939043100E+00
  1195    0.9931777601E+00
  1196    0.9994179723E+00
  1197    0.1010069884E+01
  1198    0.1016559056E+01
  1199    0.1013879366E+01
  1200    0.1008789185E+01
  1201    0.1005601449E+01
  1202    0.1002704495E+01
  1203    0.9998540519E+00
  1204    0.1004204822E+01
  1205    0.1004899349E+01
  1206    0.9990913509E+00
  1207    0.9984612196E+00
  1208    0.9999617778E+00
  1209    0.1004278563E+01
  1210    0.1015321563E+01
  1211    0.1024043334E+01
  1212    0.1017347119E+01
  1213    0.1004850840E+01
  1214    0.1000489932E+01
  1215    0.1009138764E+01
  1216    0.1017599104E+01
  1217    0.1022242200E+01
  1218    0.1034025852E+01
  1219    0.1048931916E+01
  1220    0.1043947918E+01
  1221    0.1022223227E+01
  1222    0.1009660054E+01
  1223    0.1014065135E+01
  1224    0.1023173986E+01
  1225    0.1024242277E+01
  1226    0.1019500333E+01
  1227    0.1010501780E+01
  1228    0.9987623526E+00
  1229    0.9915302114E+00
  1230    0.9941972986E+00
  1231    0.1002772708E+01
  1232    0.1009860922E+01
  1233    0.1011609716E+01
  1234    0.1006643628E+01
  1235    0.9989255627E+00
  1236    0.9912457264E+00
  1237    0.9874628704E+00
  1238    0.9887317509E+00
  1239    0.9945750209E+00
  1240    0.1005365951E+01
  1241    0.1017262579E+01
  1242    0.1022916237E+01
  1243    0.1018823078E+01
  1244    0.1007730757E+01
  1245    0.1001954384E+01
  1246    0.1003229889E+01
  1247    0.1006484856E+01
  1248    0.1010141529E+01
  1249    0.1010265163E+01
  1250    0.1008392783E+01
  1251    0.1007535271E+01
  1252    0.1006177475E+01
  1253    0.1005614877E+01
  1254    0.1008804528E+01
  1255    0.1014592223E+01
  1256    0.1017464402E+01
  1257    0.1014020912E+01
  1258    0.1008015284E+01
  1259    0.1005401411E+01
  1260    0.1005952912E+01
  1261    0.1008621478E+01
  1262    0.1010770141E+01
  1263    0.1010995253E+01
  1264    0.1010097240E+01
  1265    0.1008938690E+01
  1266    0.1007815837E+01
  1267    0.1005931776E+01
  1268    0.1004582535E+01
  1269    0.1005332909E+01
  1270    0.1007412904E+01
  1271    0.1007267044E+01
  1272    0.1005928635E+01
  1273    0.1005797425E+01
  1274    0.1006543833E+01
  1275    0.1007579788E+01
  1276    0.1009996171E+01
  1277    0.1013013225E+01
  1278    0.1014958204E+01
  1279    0.1013706487E+01
  1280    0.1010439808E+01
  1281    0.1008095322E+01
  1282    0.1007341823E+01
  1283    0.1007280429E+01
  1284    0.1007010027E+01
  1285    0.1006496863E+01
  1286    0.1006616078E+01
  1287    0.1008109756E+01
  1288    0.1008684784E+01
  1289    0.1007417611E+01
  1290    0.1006564882E+01
  1291    0.1006105040E+01
  1292    0.1004873060E+01
  1293    0.1003353932E+01
  1294    0.1002481667E+01
  1295    0.1002695805E+01
  1296    0.1003205297E+01
  1297    0.1002762375E+01
  1298    0.1001620767E+01
  1299    0.1001000225E+01
  1300    0.1000774589E+01
  1301    0.1000739355E+01
  1302    0.1000600669E+01
  1303    0.1000276543E+01
  1304    0.1000081709E+01
  1305    0.1000020475E+01
  1306    0.1000005119E+01
  1307    0.1000001280E+01
  1308    0.1000000320E+01
  1309    0.1000000080E+01
  1310    0.1000000020E+01
  1311    0.1000000005E+01
  1312    0.1000000001E+01
  1313    0.1000000000E+01
  1314    0.1000000000E+01
  1315    0.1000000000E+01
  1316    0.1000000000E+01
  1317    0.1000000000E+01
  1318    0.1000000000E+01
  1319    0.1000000000E+01
  1320    0.1000000000E+01
  1321    0.1000000000E+01
  1322    0.1000000000E+01
  1323    0.1000000000E+01
  1324    0.1000000000E+01
  1325    0.1000000000E+01
  1326    0.1000000000E+01
  1327    0.1000000000E+01
  1328    0.1000000000E+01
  1329    0.1000000000E+01
  1330    0.1000000000E+01
  1331    0.1000000000E+01
  1332    0.1000000000E+01
  1333    0.1000000000E+01
  1334    0.1000000000E+01
  1335    0.1000000000E+01
  1336    0.1000000000E+01
  1337    0.1000000000E+01
  1338    0.1000000000E+01
  1339    0.1000000000E+01
  1340    0.1000000000E+01
  1341    0.1000000000E+01
  1342    0.1000000000E+01
  1343    0.1000000000E+01
  1344    0.1000000000E+01
  1345    0.1000000000E+01
  1346    0.1000000000E+01
  1347    0.1000000000E+01
  1348    0.1000000000E+01
  1349    0.1000000000E+01
  1350    0.1000000000E+01
  1351    0.1000000000E+01
  1352    0.1000000000E+01
  1353    0.1000000000E+01
  1354    0.1000000000E+01
  1355    0.1000000000E+01
  1356    0.1000000000E+01
  1357    0.1000000000E+01
  1358    0.1000000000E+01
  1359    0.1000000000E+01
  1360    0.1000000000E+01
  1361    0.1000000000E+01
  1362    0.1000000000E+01
  1363    0.1000000000E+01
  1364    0.1000000000E+01
  1365    0.1000000000E+01
  1366    0.1000000000E+01
  1367    0.1000000000E+01
  1368    0.1000000000E+01
  1369    0.1000000000E+01
  1370    0.1000000000E+01
  1371    0.1000000000E+01
  1372    0.1000000000E+01
  1373    0.1000000000E+01
  1374    0.1000000000E+01
  1375    0.1000000000E+01
  1376    0.1000000000E+01
  1377    0.1000000000E+01
  1378    0.1000000000E+01
  1379    0.1000000000E+01
  1380    0.1000000000E+01
  1381    0.1000000000E+01
  1382    0.1000000000E+01
  1383    0.1000000000E+01
  1384    0.1000000000E+01
  1385    0.1000000000E+01
  1386    0.1000000000E+01
  1387    0.1000000000E+01
  1388    0.1000000000E+01
  1389    0.1000000000E+01
  1390    0.1000000000E+01
  1391    0.1000000000E+01
  1392    0.1000000000E+01
  1393    0.1000000000E+01
  1394    0.1000000000E+01
  1395    0.1000000000E+01
  1396    0.1000000000E+01
  1397    0.1000000000E+01
  1398    0.1000000000E+01
  1399    0.1000000000E+01
  1400    0.1000000000E+01
  1401    0.1000000000E+01
  1402    0.1000000000E+01
  1403    0.1000000000E+01
  1404    0.1000000000E+01
  1405    0.1000000000E+01
  1406    0.1000000000E+01
  1407    0.1000000000E+01
  1408    0.1000000000E+01
  1409    0.1000000000E+01
  1410    0.1000000000E+01
  1411    0.1000000000E+01
  1412    0.1000000000E+01
  1413    0.1000000000E+01
  1414    0.1000000000E+01
  1415    0.1000000000E+01
  1416    0.1000000000E+01
  1417    0.1000000000E+01
  1418    0.1000000000E+01
  1419    0.1000000000E+01
  1420    0.1000000000E+01
  1421    0.1000000000E+01
  1422    0.1000000000E+01
  1423    0.1000000000E+01
  1424    0.1000000000E+01
  1425    0.1000000000E+01
  1426    0.1000000000E+01
  1427    0.1000000000E+01
  1428    0.1000000000E+01
  1429    0.1000000000E+01
  1430    0.1000000000E+01
  1431    0.1000000000E+01
  1432    0.1000000000E+01
  1433    0.1000000000E+01
  1434    0.1000000000E+01
  1435    0.1000000000E+01
  1436    0.1000000000E+01
  1437    0.1000000000E+01
  1438    0.1000000000E+01
  1439    0.1000000000E+01
  1440    0.1000000000E+01
  1441    0.1000000000E+01
  1442    0.1000000000E+01
  1443    0.1000000000E+01
  1444    0.1000000000E+01
  1445    0.1000000000E+01
  1446    0.1000000000E+01
  1447    0.1000000000E+01
  1448    0.1000000000E+01
  1449    0.1000000000E+01
  1450    0.1000000000E+01
  1451    0.1000000000E+01
  1452    0.1000000000E+01
  1453    0.1000000000E+01
  1454    0.1000000000E+01
  1455    0.1000000000E+01
  1456    0.1000000000E+01
  1457    0.1000000000E+01
  1458    0.1000000000E+01
  1459    0.1000000000E+01
  1460    0.1000000000E+01
  1461    0.1000000000E+01
  1462    0.1000000000E+01
  1463    0.1000000000E+01
  1464    0.1000000000E+01
  1465    0.1000000000E+01
  1466    0.1000000000E+01
  1467    0.1000000000E+01
  1468    0.1000000000E+01
  1469    0.1000000000E+01
  1470    0.1000000000E+01
  1471    0.1000000000E+01
  1472    0.1000000000E+01
  1473    0.1000000000E+01
  1474    0.1000000000E+01
  1475    0.1000000000E+01
  1476    0.1000000000E+01
  1477    0.1000000000E+01
  1478    0.1000000000E+01
  1479    0.1000000000E+01
  1480    0.1000000000E+01
  1481    0.1000000000E+01
  1482    0.1000000000E+01
  1483    0.1000000000E+01
  1484    0.1000000000E+01
  1485    0.1000000000E+01
  1486    0.1000000000E+01
  1487    0.1000000000E+01
  1488    0.1000000000E+01
  1489    0.1000000000E+01
  1490    0.1000000000E+01
  1491    0.1000000000E+01
  1492    0.1000000000E+01
  1493    0.1000000000E+01
  1494    0.1000000000E+01
  1495    0.1000000000E+01
  1496    0.1000000000E+01
  1497    0.1000000000E+01
  1498    0.1000000000E+01
  1499    0.1000000000E+01
  1500    0.8337500000E+00
  1501    0.1662500000E+00
  1502    0.0000000000E+00
