    -1    0.1406571891E+00
     0    0.8118196861E+00
     1    0.9479938986E+00
     2    0.5193497769E+00
     3    0.7649886591E+00
     4    0.8140550660E+00
     5    0.1115031555E+01
     6    0.1198198565E+01
     7    0.9490422348E+00
     8    0.9296515753E+00
     9    0.9652057827E+00
    10    0.1098698396E+01
    11    0.9163631087E+00
    12    0.9453057573E+00
    13    0.1199150644E+01
    14    0.9817923751E+00
    15    0.9103019120E+00
    16    0.7489941278E+00
    17    0.1073447350E+01
    18    0.1123714946E+01
    19    0.6505616835E+00
    20    0.7559588744E+00
    21    0.1124036199E+01
    22    0.8197862053E+00
    23    0.7181834973E+00
    24    0.8376038891E+00
    25    0.8166603795E+00
    26    0.6854416665E+00
    27    0.5723323669E+00
    28    0.6433907463E+00
    29    0.5504242521E+00
    30    0.6719618327E+00
    31    0.8141015603E+00
    32    0.9043050650E+00
    33    0.6060375669E+00
    34    0.5771667066E+00
    35    0.9913096898E+00
    36    0.9432933925E+00
    37    0.7579123493E+00
    38    0.7744510172E+00
    39    0.6923828599E+00
    40    0.8133467579E+00
    41    0.6629823314E+00
    42    0.9202476961E+00
    43    0.9570533414E+00
    44    0.6688153268E+00
    45    0.5758809811E+00
    46    0.5803932526E+00
    47    0.2495910373E+00
    48    0.6970554992E+00
    49    0.1000247531E+01
    50    0.1014314521E+01
    51    0.8598167926E+00
    52    0.6960738627E+00
    53    0.9782683754E+00
    54    0.7574273642E+00
    55    0.9623496048E+00
    56    0.8146961407E+00
    57    0.6704161704E+00
    58    0.6789585699E+00
    59    0.6892412164E+00
    60    0.6132983517E+00
    61    0.5161068885E+00
    62    0.8104843616E+00
    63    0.5678232686E+00
    64    0.6966288380E+00
    65    0.7681871821E+00
    66    0.6085708174E+00
    67    0.5030044841E+00
    68    0.4569133566E+00
    69    0.5436661115E+00
    70    0.7973895290E+00
    71    0.6684060079E+00
    72    0.5438470528E+00
    73    0.7709442339E+00
    74    0.8329387785E+00
    75    0.7996576492E+00
    76    0.7912529140E+00
    77    0.4720974793E+00
    78    0.6795281847E+00
    79    0.9849955412E+00
    80    0.6604937969E+00
    81    0.6823684872E+00
    82    0.5192231580E+00
    83    0.8490910496E+00
    84    0.8182617218E+00
    85    0.7785844004E+00
    86    0.7748682558E+00
    87    0.1079809717E+01
    88    0.8665762430E+00
    89    0.8265513352E+00
    90    0.5750521546E+00
    91    0.5622503140E+00
    92    0.6006113128E+00
    93    0.1075648447E+01
    94    0.9128966364E+00
    95    0.1051038716E+01
    96    0.1030454674E+01
    97    0.1093426639E+01
    98    0.6186171939E+00
    99    0.8424197379E+00
   100    0.6911854922E+00
   101    0.1279810734E+01
   102    0.1301693105E+01
   103    0.6726413927E+00
   104    0.6691883185E+00
   105    0.5014179155E+00
   106    0.7036689077E+00
   107    0.8759143779E+00
   108    0.7361978220E+00
   109    0.3716308263E+00
   110    0.5278570304E+00
   111    0.7102820154E+00
   112    0.5433653347E+00
   113    0.9909369696E+00
   114    0.8480210467E+00
   115    0.7480042314E+00
   116    0.6744045115E+00
   117    0.5572029891E+00
   118    0.9246387474E+00
   119    0.9834340316E+00
   120    0.8347921271E+00
   121    0.7016193768E+00
   122    0.6720368391E+00
   123    0.7303085980E+00
   124    0.8394786262E+00
   125    0.1135946796E+01
   126    0.8153119110E+00
   127    0.6663279012E+00
   128    0.7762553277E+00
   129    0.7331148248E+00
   130    0.6845688981E+00
   131    0.9989844975E+00
   132    0.1010019738E+01
   133    0.6997454845E+00
   134    0.6012708389E+00
   135    0.8369194112E+00
   136    0.8224247917E+00
   137    0.1038049295E+01
   138    0.7733986263E+00
   139    0.5895014676E+00
   140    0.8981572095E+00
   141    0.9091531142E+00
   142    0.6181798713E+00
   143    0.9457569529E+00
   144    0.1038403571E+01
   145    0.9518314407E+00
   146    0.7449694288E+00
   147    0.1174157522E+01
   148    0.8499234914E+00
   149    0.6575596371E+00
   150    0.5925296104E+00
   151    0.1015730546E+01
   152    0.1293446614E+01
   153    0.6226931185E+00
   154    0.5292561822E+00
   155    0.1073078503E+01
   156    0.1029197666E+01
   157    0.8476720410E+00
   158    0.9281057860E+00
   159    0.8602674439E+00
   160    0.9985202657E+00
   161    0.7761550438E+00
   162    0.6735320547E+00
   163    0.1002624266E+01
   164    0.9326381687E+00
   165    0.8579010400E+00
   166    0.8053044175E+00
   167    0.1510879641E+01
   168    0.1107527328E+01
   169    0.6968385820E+00
   170    0.1238742874E+01
   171    0.7872959588E+00
   172    0.1183829817E+01
   173    0.1005842913E+01
   174    0.8382651193E+00
   175    0.5619284151E+00
   176    0.7181621396E+00
   177    0.7240574512E+00
   178    0.1003082518E+01
   179    0.7593150947E+00
   180    0.1428260215E+01
   181    0.1163290733E+01
   182    0.1210190050E+01
   183    0.1017269408E+01
   184    0.1244616932E+01
   185    0.1057605220E+01
   186    0.8599036995E+00
   187    0.6998163962E+00
   188    0.7129096957E+00
   189    0.8630048507E+00
   190    0.9516759895E+00
   191    0.1295184362E+01
   192    0.1101009528E+01
   193    0.4975159152E+00
   194    0.9705349277E+00
   195    0.1282730881E+01
   196    0.1227837447E+01
   197    0.9977049393E+00
   198    0.1080964394E+01
   199    0.9532235220E+00
   200    0.6066352267E+00
   201    0.1164995010E+01
   202    0.1398274105E+01
   203    0.1480624972E+01
   204    0.9964733556E+00
   205    0.7320949938E+00
   206    0.8254853405E+00
   207    0.5844407472E+00
   208    0.9499269239E+00
   209    0.9524876333E+00
   210    0.8155214180E+00
   211    0.9784289222E+00
   212    0.1133960324E+01
   213    0.1265856296E+01
   214    0.6766655621E+00
   215    0.5747333594E+00
   216    0.5587871111E+00
   217    0.1074685507E+01
   218    0.1360834249E+01
   219    0.1114777737E+01
   220    0.9417821330E+00
   221    0.1029046428E+01
   222    0.7436418932E+00
   223    0.9359702460E+00
   224    0.1176147335E+01
   225    0.1038277891E+01
   226    0.9133021422E+00
   227    0.1030033019E+01
   228    0.1560911965E+01
   229    0.1090403576E+01
   230    0.1068061697E+01
   231    0.7333463438E+00
   232    0.7625900679E+00
   233    0.8623492293E+00
   234    0.7889091425E+00
   235    0.8647447376E+00
   236    0.5512819816E+00
   237    0.8745674166E+00
   238    0.1233061612E+01
   239    0.1032965744E+01
   240    0.9826139450E+00
   241    0.6927748173E+00
   242    0.9831522947E+00
   243    0.8039077087E+00
   244    0.6464009984E+00
   245    0.8754597597E+00
   246    0.1182701290E+01
   247    0.7458420144E+00
   248    0.4192144511E+00
   249    0.5127449380E+00
   250    0.8086949933E+00
   251    0.8783181322E+00
   252    0.8971698548E+00
   253    0.6790140208E+00
   254    0.7698803440E+00
   255    0.8050638878E+00
   256    0.6087025172E+00
   257    0.8591275200E+00
   258    0.6645538568E+00
   259    0.5320669971E+00
   260    0.7134475953E+00
   261    0.8930369505E+00
   262    0.7365909976E+00
   263    0.6444661967E+00
   264    0.6289199403E+00
   265    0.8198896719E+00
   266    0.8017096322E+00
   267    0.5293705202E+00
   268    0.6236739928E+00
   269    0.8158144475E+00
   270    0.6892261517E+00
   271    0.7689036827E+00
   272    0.7495509202E+00
   273    0.5053391529E+00
   274    0.7316281177E+00
   275    0.4967732281E+00
   276    0.6001371106E+00
   277    0.5394997029E+00
   278    0.7191036230E+00
   279    0.7488655099E+00
   280    0.5189278457E+00
   281    0.5438038470E+00
   282    0.9900312020E+00
   283    0.8084536332E+00
   284    0.5124874922E+00
   285    0.5386546525E+00
   286    0.7402074751E+00
   287    0.4879977603E+00
   288    0.4397611446E+00
   289    0.4174866949E+00
   290    0.4811858784E+00
   291    0.5465957721E+00
   292    0.9438017937E+00
   293    0.9685377017E+00
   294    0.4197442455E+00
   295    0.4744841204E+00
   296    0.1203666827E+01
   297    0.8876969672E+00
   298    0.6351517559E+00
   299    0.5563878896E+00
   300    0.6255100546E+00
   301    0.4262685662E+00
   302    0.4913474714E+00
   303    0.8718897326E+00
   304    0.6313084737E+00
   305    0.6054814034E+00
   306    0.7203758208E+00
   307    0.8015353800E+00
   308    0.8314705426E+00
   309    0.6713843228E+00
   310    0.5105016141E+00
   311    0.5708206286E+00
   312    0.7826550375E+00
   313    0.6519244367E+00
   314    0.4123994048E+00
   315    0.4669029099E+00
   316    0.7067293934E+00
   317    0.8256747835E+00
   318    0.6467475705E+00
   319    0.6862687290E+00
   320    0.6857468311E+00
   321    0.6836545092E+00
   322    0.5463721040E+00
   323    0.9153924523E+00
   324    0.1020807343E+01
   325    0.6640544888E+00
   326    0.5216636298E+00
   327    0.6149437224E+00
   328    0.7632509861E+00
   329    0.6493199902E+00
   330    0.4761409776E+00
   331    0.6232630430E+00
   332    0.7165260705E+00
   333    0.5519946388E+00
   334    0.1059395363E+01
   335    0.8762485603E+00
   336    0.4376649247E+00
   337    0.6855747981E+00
   338    0.7034768708E+00
   339    0.7418952428E+00
   340    0.6175847177E+00
   341    0.6975440085E+00
   342    0.6230701327E+00
   343    0.7173240159E+00
   344    0.9677424632E+00
   345    0.3907372605E+00
   346    0.6156608212E+00
   347    0.5613051817E+00
   348    0.7037741866E+00
   349    0.9223429547E+00
   350    0.7615602883E+00
   351    0.7121991437E+00
   352    0.4211410855E+00
   353    0.3873846402E+00
   354    0.4592288438E+00
   355    0.6769090202E+00
   356    0.7005844348E+00
   357    0.8243863242E+00
   358    0.9723042781E+00
   359    0.6452580680E+00
   360    0.5723963991E+00
   361    0.6096934111E+00
   362    0.6788644850E+00
   363    0.7678791110E+00
   364    0.7043485895E+00
   365    0.5446146545E+00
   366    0.4229250248E+00
   367    0.7000324347E+00
   368    0.9113760624E+00
   369    0.7418663749E+00
   370    0.7798041878E+00
   371    0.7705740974E+00
   372    0.4065935494E+00
   373    0.6689325843E+00
   374    0.6464370447E+00
   375    0.4694029448E+00
   376    0.8156453510E+00
   377    0.5583673782E+00
   378    0.5760612989E+00
   379    0.4031644883E+00
   380    0.6703168549E+00
   381    0.7398776174E+00
   382    0.5843486304E+00
   383    0.3153782328E+00
   384    0.3972428320E+00
   385    0.6006111511E+00
   386    0.6748339220E+00
   387    0.6195445266E+00
   388    0.4534690198E+00
   389    0.8017070414E+00
   390    0.5947554849E+00
   391    0.6594860658E+00
   392    0.4019869946E+00
   393    0.5224905202E+00
   394    0.4151684650E+00
   395    0.3483402081E+00
   396    0.5663413990E+00
   397    0.6727410975E+00
   398    0.7980102404E+00
   399    0.5503779874E+00
   400    0.5895090068E+00
   401    0.3285968709E+00
   402    0.4226336189E+00
   403    0.7208409040E+00
   404    0.5813403002E+00
   405    0.4213947680E+00
   406    0.4658690250E+00
   407    0.5249322087E+00
   408    0.6204411932E+00
   409    0.5792763692E+00
   410    0.6896055897E+00
   411    0.4060360914E+00
   412    0.6316368284E+00
   413    0.5916038056E+00
   414    0.5123305937E+00
   415    0.4856248081E+00
   416    0.6616650025E+00
   417    0.7996457432E+00
   418    0.7664329583E+00
   419    0.5827959401E+00
   420    0.6074245815E+00
   421    0.4357092198E+00
   422    0.3604913064E+00
   423    0.4985179211E+00
   424    0.5762951029E+00
   425    0.4845696575E+00
   426    0.4030320849E+00
   427    0.4331171640E+00
   428    0.4598303442E+00
   429    0.3544681124E+00
   430    0.6007697887E+00
   431    0.5878518363E+00
   432    0.5579154937E+00
   433    0.1134002145E+01
   434    0.6661541806E+00
   435    0.6264140217E+00
   436    0.6240802008E+00
   437    0.7028555635E+00
   438    0.5444288082E+00
   439    0.6324422091E+00
   440    0.7244158231E+00
   441    0.4332883135E+00
   442    0.4603050257E+00
   443    0.4671850054E+00
   444    0.3815653119E+00
   445    0.7630155151E+00
   446    0.7831425497E+00
   447    0.6055064700E+00
   448    0.6586541510E+00
   449    0.6102387717E+00
   450    0.7343234343E+00
   451    0.8228204501E+00
   452    0.6640846142E+00
   453    0.6734326262E+00
   454    0.1004787611E+01
   455    0.8804924213E+00
   456    0.1035288179E+01
   457    0.9435297008E+00
   458    0.7451739502E+00
   459    0.7005807306E+00
   460    0.7902895842E+00
   461    0.8977951158E+00
   462    0.8304580388E+00
   463    0.9868619140E+00
   464    0.8306973366E+00
   465    0.6618669930E+00
   466    0.1098441165E+01
   467    0.1172974719E+01
   468    0.8926397059E+00
   469    0.1026059526E+01
   470    0.1110520268E+01
   471    0.9838122194E+00
   472    0.1034748254E+01
   473    0.1452965976E+01
   474    0.1145949784E+01
   475    0.1409284130E+01
   476    0.1347669297E+01
   477    0.1337034251E+01
   478    0.1465206112E+01
   479    0.1326573553E+01
   480    0.1596448923E+01
   481    0.1843812361E+01
   482    0.1656492498E+01
   483    0.1585690171E+01
   484    0.1817230752E+01
   485    0.1922455072E+01
   486    0.1674988382E+01
   487    0.1452365346E+01
   488    0.1188792445E+01
   489    0.1721463393E+01
   490    0.1760217980E+01
   491    0.2092749526E+01
   492    0.2255091164E+01
   493    0.2251636194E+01
   494    0.1944834450E+01
   495    0.1920634147E+01
   496    0.1831439071E+01
   497    0.2659252434E+01
   498    0.2747658555E+01
   499    0.2649690641E+01
   500    0.1999425902E+01
   501    0.1823294973E+01
   502    0.1920958032E+01
   503    0.1615910278E+01
   504    0.1353962739E+01
   505    0.1099480247E+01
   506    0.9379004799E+00
   507    0.1255491969E+01
   508    0.9861226233E+00
   509    0.7091871825E+00
   510    0.7496122263E+00
   511    0.1126814281E+01
   512    0.1607768631E+01
   513    0.1777285796E+01
   514    0.1402616318E+01
   515    0.1172867141E+01
   516    0.1321578505E+01
   517    0.1088874177E+01
   518    0.9286741034E+00
   519    0.5876149952E+00
   520    0.9675659353E+00
   521    0.6969229166E+00
   522    0.7141473287E+00
   523    0.5574421334E+00
   524    0.5776221010E+00
   525    0.7103496195E+00
   526    0.6632964617E+00
   527    0.6254448448E+00
   528    0.6755860321E+00
   529    0.6821118330E+00
   530    0.5906788456E+00
   531    0.6636404801E+00
   532    0.6287745155E+00
   533    0.6238493138E+00
   534    0.3873485114E+00
   535    0.5689524769E+00
   536    0.5786548407E+00
   537    0.5601376367E+00
   538    0.5425055061E+00
   539    0.6007857440E+00
   540    0.5060094284E+00
   541    0.5678109683E+00
   542    0.4564908483E+00
   543    0.4306576354E+00
   544    0.4786055650E+00
   545    0.4305878303E+00
   546    0.5654287709E+00
   547    0.4705104232E+00
   548    0.4520989446E+00
   549    0.4236543149E+00
   550    0.4431317388E+00
   551    0.4778287313E+00
   552    0.4221030634E+00
   553    0.3425847113E+00
   554    0.5239234962E+00
   555    0.4772860305E+00
   556    0.3569327253E+00
   557    0.3782465813E+00
   558    0.2809766259E+00
   559    0.3075124926E+00
   560    0.4547510982E+00
   561    0.3462948217E+00
   562    0.3423586335E+00
   563    0.3859645756E+00
   564    0.3123603819E+00
   565    0.3739872573E+00
   566    0.2205767348E+00
   567    0.3180899361E+00
   568    0.2808922301E+00
   569    0.3557961372E+00
   570    0.3231433534E+00
   571    0.3002083995E+00
   572    0.2537674393E+00
   573    0.2338082821E+00
   574    0.3340293789E+00
   575    0.2864189543E+00
   576    0.4540928387E+00
   577    0.3436104766E+00
   578    0.1679629171E+00
   579    0.3636109415E+00
   580    0.3657842048E+00
   581    0.3591639561E+00
   582    0.2439097361E+00
   583    0.3220573097E+00
   584    0.1952431539E+00
   585    0.3262936119E+00
   586    0.2352821974E+00
   587    0.2122041388E+00
   588    0.2688807207E+00
   589    0.1786806691E+00
   590    0.3292658135E+00
   591    0.4026887473E+00
   592    0.2842343904E+00
   593    0.2087367965E+00
   594    0.2469597380E+00
   595    0.2633280292E+00
   596    0.2910961643E+00
   597    0.2811810294E+00
   598    0.2929935213E+00
   599    0.2235099356E+00
   600    0.2457059735E+00
   601    0.2635980143E+00
   602    0.1339929055E+00
   603    0.2197056516E+00
   604    0.2562984202E+00
   605    0.2295424926E+00
   606    0.2268516155E+00
   607    0.2465506268E+00
   608    0.2714596013E+00
   609    0.2720647360E+00
   610    0.2526074020E+00
   611    0.1272884723E+00
   612    0.1832230930E+00
   613    0.1986017209E+00
   614    0.2503528759E+00
   615    0.2367550072E+00
   616    0.2874670088E+00
   617    0.2966648962E+00
   618    0.2408804513E+00
   619    0.2346840244E+00
   620    0.1612315491E+00
   621    0.2671825014E+00
   622    0.2913136754E+00
   623    0.4168793639E+00
   624    0.2031228214E+00
   625    0.2668283602E+00
   626    0.2211444793E+00
   627    0.2136186123E+00
   628    0.2300696037E+00
   629    0.2295373373E+00
   630    0.2238541328E+00
   631    0.1771312445E+00
   632    0.3575818448E+00
   633    0.2074123483E+00
   634    0.3443695110E+00
   635    0.1898994763E+00
   636    0.2005012639E+00
   637    0.1696833928E+00
   638    0.2622835115E+00
   639    0.3403344689E+00
   640    0.4118343044E+00
   641    0.2642321580E+00
   642    0.8615037503E-01
   643    0.1931989078E+00
   644    0.3308798148E+00
   645    0.2342963196E+00
   646    0.2421250486E+00
   647    0.2883966949E+00
   648    0.2199928030E+00
   649    0.3009404018E+00
   650    0.2222339047E+00
   651    0.3851359750E+00
   652    0.2899389955E+00
   653    0.2980570720E+00
   654    0.2217752987E+00
   655    0.1806895158E+00
   656    0.1847559671E+00
   657    0.3438292992E+00
   658    0.2986343306E+00
   659    0.3705014263E+00
   660    0.2287262268E+00
   661    0.2321556887E+00
   662    0.3503513816E+00
   663    0.3583603532E+00
   664    0.3285162555E+00
   665    0.2304096399E+00
   666    0.2894660174E+00
   667    0.2614087467E+00
   668    0.3625309369E+00
   669    0.2619411685E+00
   670    0.2519568586E+00
   671    0.3092043970E+00
   672    0.3023763610E+00
   673    0.2302064059E+00
   674    0.2274583039E+00
   675    0.3151527994E+00
   676    0.2113382504E+00
   677    0.4569078987E+00
   678    0.4039344835E+00
   679    0.3605719426E+00
   680    0.4793122952E+00
   681    0.4093098790E+00
   682    0.2480069234E+00
   683    0.2577303796E+00
   684    0.3209754346E+00
   685    0.3115285794E+00
   686    0.3244554326E+00
   687    0.3461347096E+00
   688    0.3597434331E+00
   689    0.4077843759E+00
   690    0.4099215959E+00
   691    0.3843571116E+00
   692    0.3120823995E+00
   693    0.5002073657E+00
   694    0.2725037862E+00
   695    0.4627272126E+00
   696    0.3415407890E+00
   697    0.6513935007E+00
   698    0.5089299283E+00
   699    0.4248384170E+00
   700    0.5242559109E+00
   701    0.5678438304E+00
   702    0.4105376302E+00
   703    0.7585309113E+00
   704    0.7778554202E+00
   705    0.1072505707E+01
   706    0.9984079800E+00
   707    0.8095277747E+00
   708    0.7867912242E+00
   709    0.1066582785E+01
   710    0.9836173220E+00
   711    0.9816637951E+00
   712    0.1430935688E+01
   713    0.1261514624E+01
   714    0.1224169468E+01
   715    0.1220982965E+01
   716    0.1253460198E+01
   717    0.1570213789E+01
   718    0.1343467573E+01
   719    0.1544569440E+01
   720    0.1503538525E+01
   721    0.1338046907E+01
   722    0.1705143700E+01
   723    0.1971999372E+01
   724    0.1580370354E+01
   725    0.1635199000E+01
   726    0.2191935485E+01
   727    0.2198531514E+01
   728    0.2469906062E+01
   729    0.3119561997E+01
   730    0.2453387270E+01
   731    0.1868515504E+01
   732    0.2097192746E+01
   733    0.2088719152E+01
   734    0.2812158581E+01
   735    0.2834437520E+01
   736    0.2249027878E+01
   737    0.2465446138E+01
   738    0.2251666437E+01
   739    0.2713941176E+01
   740    0.2572939681E+01
   741    0.1718146967E+01
   742    0.1690327089E+01
   743    0.1952383828E+01
   744    0.2084811094E+01
   745    0.1443831657E+01
   746    0.9972228097E+00
   747    0.1633273254E+01
   748    0.1938215940E+01
   749    0.1558614089E+01
   750    0.1322890924E+01
   751    0.1277502823E+01
   752    0.1672338850E+01
   753    0.1443859547E+01
   754    0.1341424240E+01
   755    0.1159498731E+01
   756    0.8105608500E+00
   757    0.9925421175E+00
   758    0.9992866686E+00
   759    0.9302922232E+00
   760    0.1090490809E+01
   761    0.1216321026E+01
   762    0.8294242322E+00
   763    0.6849478583E+00
   764    0.7273633514E+00
   765    0.1072250087E+01
   766    0.6616530020E+00
   767    0.6682681773E+00
   768    0.5202873233E+00
   769    0.5890831991E+00
   770    0.9573126567E+00
   771    0.6498547168E+00
   772    0.8461988436E+00
   773    0.6285213545E+00
   774    0.6749729358E+00
   775    0.7346709553E+00
   776    0.7259291125E+00
   777    0.8775031344E+00
   778    0.6297648490E+00
   779    0.8442155237E+00
   780    0.6577096477E+00
   781    0.7859514072E+00
   782    0.5448475741E+00
   783    0.7311340891E+00
   784    0.6240939545E+00
   785    0.5096477746E+00
   786    0.6465493232E+00
   787    0.6724760145E+00
   788    0.6794080375E+00
   789    0.5900501973E+00
   790    0.5220981307E+00
   791    0.4778481777E+00
   792    0.4076927707E+00
   793    0.5209670829E+00
   794    0.6266125049E+00
   795    0.5227997681E+00
   796    0.5159235095E+00
   797    0.6199822814E+00
   798    0.4962885374E+00
   799    0.3982193784E+00
   800    0.4170239038E+00
   801    0.6088215951E+00
   802    0.6133142891E+00
   803    0.4559662512E+00
   804    0.5136353376E+00
   805    0.5701166111E+00
   806    0.5689305914E+00
   807    0.4261810597E+00
   808    0.4737759438E+00
   809    0.4630886410E+00
   810    0.5776419374E+00
   811    0.5141910402E+00
   812    0.5014835383E+00
   813    0.4753268815E+00
   814    0.6046291355E+00
   815    0.5517203000E+00
   816    0.4595096288E+00
   817    0.3052323679E+00
   818    0.5408319836E+00
   819    0.3253907448E+00
   820    0.4384047289E+00
   821    0.4480148287E+00
   822    0.3594560101E+00
   823    0.7087380265E+00
   824    0.5175439432E+00
   825    0.4496198185E+00
   826    0.4582380652E+00
   827    0.3956254630E+00
   828    0.4963293953E+00
   829    0.6051059915E+00
   830    0.5432546045E+00
   831    0.3746630429E+00
   832    0.4004372237E+00
   833    0.4889956141E+00
   834    0.5605921346E+00
   835    0.3346610944E+00
   836    0.5403383997E+00
   837    0.5322906698E+00
   838    0.5071239535E+00
   839    0.4958192298E+00
   840    0.4712989250E+00
   841    0.4636462144E+00
   842    0.4569763637E+00
   843    0.4391023350E+00
   844    0.5201341191E+00
   845    0.5986526370E+00
   846    0.5203495409E+00
   847    0.4381304291E+00
   848    0.5910672847E+00
   849    0.6254194000E+00
   850    0.5794511891E+00
   851    0.4954588703E+00
   852    0.6135578505E+00
   853    0.4875351821E+00
   854    0.5351616458E+00
   855    0.6582204028E+00
   856    0.6674369389E+00
   857    0.5798019531E+00
   858    0.6463237704E+00
   859    0.6843667945E+00
   860    0.6084613093E+00
   861    0.5501235741E+00
   862    0.5389041039E+00
   863    0.8786760882E+00
   864    0.7431351544E+00
   865    0.6661819618E+00
   866    0.6338134184E+00
   867    0.7318133828E+00
   868    0.9388417704E+00
   869    0.6711433456E+00
   870    0.8327807848E+00
   871    0.9295253839E+00
   872    0.7984728077E+00
   873    0.5651052911E+00
   874    0.9724533822E+00
   875    0.1026312214E+01
   876    0.8510444168E+00
   877    0.9219584091E+00
   878    0.1046598722E+01
   879    0.1093311359E+01
   880    0.1146085279E+01
   881    0.8553713223E+00
   882    0.1082473637E+01
   883    0.1193603012E+01
   884    0.1177623224E+01
   885    0.1149091477E+01
   886    0.1114448893E+01
   887    0.1167237407E+01
   888    0.1308501596E+01
   889    0.1484133335E+01
   890    0.1552425410E+01
   891    0.1291143690E+01
   892    0.1469875298E+01
   893    0.1656693782E+01
   894    0.1503152323E+01
   895    0.1336328727E+01
   896    0.1202858402E+01
   897    0.1374330919E+01
   898    0.1391854095E+01
   899    0.1298114787E+01
   900    0.1358899520E+01
   901    0.1021681574E+01
   902    0.1175039489E+01
   903    0.1337733014E+01
   904    0.1477844477E+01
   905    0.1435204227E+01
   906    0.1622787480E+01
   907    0.1639606851E+01
   908    0.1585302151E+01
   909    0.1543591819E+01
   910    0.1130499817E+01
   911    0.1264423294E+01
   912    0.1352627789E+01
   913    0.1346569403E+01
   914    0.1088911878E+01
   915    0.1154730200E+01
   916    0.1282178420E+01
   917    0.1261453089E+01
   918    0.1180934638E+01
   919    0.1254075710E+01
   920    0.1162733543E+01
   921    0.1088913291E+01
   922    0.1101208017E+01
   923    0.1151269778E+01
   924    0.1284247581E+01
   925    0.1285801128E+01
   926    0.1274364762E+01
   927    0.1290667854E+01
   928    0.1199145624E+01
   929    0.1352261819E+01
   930    0.1385998771E+01
   931    0.1447193309E+01
   932    0.1309507769E+01
   933    0.1238178936E+01
   934    0.1243670019E+01
   935    0.1047520555E+01
   936    0.1261382475E+01
   937    0.1352517107E+01
   938    0.1070553172E+01
   939    0.8977527210E+00
   940    0.1046303318E+01
   941    0.1011555431E+01
   942    0.1044560134E+01
   943    0.1046400879E+01
   944    0.1104578005E+01
   945    0.1061752193E+01
   946    0.1014023124E+01
   947    0.9757179751E+00
   948    0.1049214167E+01
   949    0.1102119889E+01
   950    0.1070698346E+01
   951    0.9663960998E+00
   952    0.8858951774E+00
   953    0.8830799521E+00
   954    0.8868361216E+00
   955    0.9144872878E+00
   956    0.1013768790E+01
   957    0.1067603966E+01
   958    0.1171962587E+01
   959    0.1031541955E+01
   960    0.9361657857E+00
   961    0.8848777975E+00
   962    0.8588517522E+00
   963    0.8587905584E+00
   964    0.8625041629E+00
   965    0.9023689457E+00
   966    0.8951926959E+00
   967    0.9551001652E+00
   968    0.9812725280E+00
   969    0.1012395236E+01
   970    0.1035094328E+01
   971    0.1083824104E+01
   972    0.1124281093E+01
   973    0.1125856673E+01
   974    0.9782737776E+00
   975    0.8458751482E+00
   976    0.8231338958E+00
   977    0.8317941742E+00
   978    0.8269309891E+00
   979    0.8016877010E+00
   980    0.8121317977E+00
   981    0.8110213507E+00
   982    0.8064558183E+00
   983    0.8653657172E+00
   984    0.9594733366E+00
   985    0.9714588099E+00
   986    0.8807078874E+00
   987    0.8410172885E+00
   988    0.8578336402E+00
   989    0.8810582838E+00
   990    0.9031873449E+00
   991    0.8963148393E+00
   992    0.8754938544E+00
   993    0.8852825279E+00
   994    0.9153048242E+00
   995    0.9427757614E+00
   996    0.9184421028E+00
   997    0.8369987641E+00
   998    0.7931858040E+00
   999    0.7857000674E+00
  1000    0.8061090142E+00
  1001    0.8335450963E+00
  1002    0.8515707540E+00
  1003    0.8655116173E+00
  1004    0.8929984861E+00
  1005    0.8958914625E+00
  1006    0.8796377768E+00
  1007    0.8566632251E+00
  1008    0.8663122386E+00
  1009    0.9123825757E+00
  1010    0.9295516162E+00
  1011    0.9033081360E+00
  1012    0.9262063751E+00
  1013    0.9487607061E+00
  1014    0.9106450540E+00
  1015    0.8664341158E+00
  1016    0.8603179595E+00
  1017    0.8557695252E+00
  1018    0.8285035246E+00
  1019    0.8112888214E+00
  1020    0.8440459820E+00
  1021    0.8929577926E+00
  1022    0.9100232059E+00
  1023    0.8682768191E+00
  1024    0.8217381507E+00
  1025    0.8053712674E+00
  1026    0.8301209477E+00
  1027    0.8716179361E+00
  1028    0.8950574149E+00
  1029    0.8940070997E+00
  1030    0.8738378544E+00
  1031    0.8787704198E+00
  1032    0.9071961486E+00
  1033    0.9654222065E+00
  1034    0.9874488279E+00
  1035    0.9456607092E+00
  1036    0.9195323537E+00
  1037    0.9073614994E+00
  1038    0.9106776257E+00
  1039    0.9089284956E+00
  1040    0.9087319169E+00
  1041    0.9292453954E+00
  1042    0.9570796377E+00
  1043    0.9569827085E+00
  1044    0.9236411754E+00
  1045    0.8901174248E+00
  1046    0.8793172221E+00
  1047    0.9168387282E+00
  1048    0.9578091946E+00
  1049    0.9481996043E+00
  1050    0.9577097183E+00
  1051    0.9778948114E+00
  1052    0.1001050451E+01
  1053    0.1043248012E+01
  1054    0.1044041730E+01
  1055    0.1005634043E+01
  1056    0.1006962382E+01
  1057    0.1040777047E+01
  1058    0.1077827284E+01
  1059    0.1132151424E+01
  1060    0.1155072290E+01
  1061    0.1120704832E+01
  1062    0.1097136254E+01
  1063    0.1066301010E+01
  1064    0.9983854082E+00
  1065    0.1028923748E+01
  1066    0.1116746855E+01
  1067    0.1120159629E+01
  1068    0.1097580629E+01
  1069    0.1123754513E+01
  1070    0.1171751927E+01
  1071    0.1147630689E+01
  1072    0.1084705070E+01
  1073    0.1063076486E+01
  1074    0.1054041509E+01
  1075    0.1047402824E+01
  1076    0.1060880992E+01
  1077    0.1057830714E+01
  1078    0.1037984459E+01
  1079    0.1029826965E+01
  1080    0.1037143564E+01
  1081    0.1045823439E+01
  1082    0.1043651732E+01
  1083    0.1036113892E+01
  1084    0.1064353519E+01
  1085    0.1137241018E+01
  1086    0.1151043694E+01
  1087    0.1079291157E+01
  1088    0.1066372050E+01
  1089    0.1092660882E+01
  1090    0.1060687860E+01
  1091    0.1001747456E+01
  1092    0.9778167866E+00
  1093    0.9907280904E+00
  1094    0.1017618997E+01
  1095    0.1047193537E+01
  1096    0.1067872600E+01
  1097    0.1068983955E+01
  1098    0.1058342758E+01
  1099    0.1048703627E+01
  1100    0.1037282226E+01
  1101    0.1019389594E+01
  1102    0.9959628543E+00
  1103    0.9821069855E+00
  1104    0.9761702557E+00
  1105    0.9821169115E+00
  1106    0.1020595822E+01
  1107    0.1070183212E+01
  1108    0.1064479689E+01
  1109    0.1026143577E+01
  1110    0.1006760922E+01
  1111    0.1011835296E+01
  1112    0.1036906930E+01
  1113    0.1059055863E+01
  1114    0.1047194292E+01
  1115    0.1001828420E+01
  1116    0.9515948762E+00
  1117    0.9343355053E+00
  1118    0.9428880304E+00
  1119    0.9478218753E+00
  1120    0.9491175186E+00
  1121    0.9591138252E+00
  1122    0.9635511950E+00
  1123    0.9515595496E+00
  1124    0.9421357204E+00
  1125    0.9487374515E+00
  1126    0.9685561006E+00
  1127    0.9840424790E+00
  1128    0.9843082085E+00
  1129    0.9786255489E+00
  1130    0.9841851224E+00
  1131    0.1000928022E+01
  1132    0.1016791712E+01
  1133    0.1013980887E+01
  1134    0.1007104770E+01
  1135    0.1022238617E+01
  1136    0.1041552346E+01
  1137    0.1012274312E+01
  1138    0.9694598106E+00
  1139    0.9533448414E+00
  1140    0.9622255046E+00
  1141    0.9882883184E+00
  1142    0.1006122825E+01
  1143    0.9964363183E+00
  1144    0.9783804625E+00
  1145    0.9588771415E+00
  1146    0.9457714621E+00
  1147    0.9550103768E+00
  1148    0.9773935733E+00
  1149    0.9828750126E+00
  1150    0.9857324753E+00
  1151    0.1004972862E+01
  1152    0.1022029288E+01
  1153    0.1040817772E+01
  1154    0.1056189335E+01
  1155    0.1041990704E+01
  1156    0.1005753638E+01
  1157    0.9909626841E+00
  1158    0.9955349319E+00
  1159    0.1000210458E+01
  1160    0.1004462169E+01
  1161    0.1010111755E+01
  1162    0.1007739311E+01
  1163    0.9976632633E+00
  1164    0.9976392545E+00
  1165    0.1002128162E+01
  1166    0.1002711613E+01
  1167    0.1010127772E+01
  1168    0.1021749703E+01
  1169    0.1019009788E+01
  1170    0.1009425741E+01
  1171    0.1006845398E+01
  1172    0.1008400856E+01
  1173    0.1013392866E+01
  1174    0.1021524698E+01
  1175    0.1025476636E+01
  1176    0.1021797431E+01
  1177    0.1018884218E+01
  1178    0.1020455756E+01
  1179    0.1019060087E+01
  1180    0.1012548347E+01
  1181    0.1010820429E+01
  1182    0.1015931538E+01
  1183    0.1029336345E+01
  1184    0.1051865643E+01
  1185    0.1066109928E+01
  1186    0.1060560144E+01
  1187    0.1044455072E+01
  1188    0.1024921116E+01
  1189    0.1010377825E+01
  1190    0.1006638744E+01
  1191    0.1012188526E+01
  1192    0.1014357809E+01
  1193    0.1011397809E+01
  1194    0.1009949697E+01
  1195    0.1013731961E+01
  1196    0.1016687828E+01
  1197    0.1012512312E+01
  1198    0.1004960441E+01
  1199    0.9993846417E+00
  1200    0.9962738556E+00
  1201    0.9963051844E+00
  1202    0.9986089622E+00
  1203    0.1001150018E+01
  1204    0.1004231911E+01
  1205    0.1013538754E+01
  1206    0.1021439807E+01
  1207    0.1017978776E+01
  1208    0.1011894371E+01
  1209    0.1008778790E+01
  1210    0.1004964807E+01
  1211    0.1004039691E+01
  1212    0.1009166991E+01
  1213    0.1014929557E+01
  1214    0.1015290116E+01
  1215    0.1011752853E+01
  1216    0.1008008418E+01
  1217    0.1007804754E+01
  1218    0.1009804766E+01
  1219    0.1010054443E+01
  1220    0.1011407916E+01
  1221    0.1015104661E+01
  1222    0.1016077942E+01
  1223    0.1014466908E+01
  1224    0.1014070955E+01
  1225    0.1013345170E+01
  1226    0.1010116423E+01
  1227    0.1005877072E+01
  1228    0.1003136193E+01
  1229    0.1002760112E+01
  1230    0.1003264954E+01
  1231    0.1004238511E+01
  1232    0.1007101364E+01
  1233    0.1009719131E+01
  1234    0.1008368418E+01
  1235    0.1005250266E+01
  1236    0.1005743692E+01
  1237    0.1009089612E+01
  1238    0.1010580183E+01
  1239    0.1010678938E+01
  1240    0.1012567584E+01
  1241    0.1013485243E+01
  1242    0.1011212216E+01
  1243    0.1008188711E+01
  1244    0.1007109017E+01
  1245    0.1007522502E+01
  1246    0.1006616785E+01
  1247    0.1005218363E+01
  1248    0.1005643879E+01
  1249    0.1007372342E+01
  1250    0.1008250564E+01
  1251    0.1007171067E+01
  1252    0.1005785272E+01
  1253    0.1005262706E+01
  1254    0.1004094229E+01
  1255    0.1002420810E+01
  1256    0.1001735320E+01
  1257    0.1001833469E+01
  1258    0.1002331777E+01
  1259    0.1002634036E+01
  1260    0.1002106612E+01
  1261    0.1001221046E+01
  1262    0.1000598846E+01
  1263    0.1000447199E+01
  1264    0.1000606564E+01
  1265    0.1000539463E+01
  1266    0.1000243078E+01
  1267    0.1000070142E+01
  1268    0.1000017540E+01
  1269    0.1000004385E+01
  1270    0.1000001096E+01
  1271    0.1000000274E+01
  1272    0.1000000069E+01
  1273    0.1000000017E+01
  1274    0.1000000004E+01
  1275    0.1000000001E+01
  1276    0.1000000000E+01
  1277    0.1000000000E+01
  1278    0.1000000000E+01
  1279    0.1000000000E+01
  1280    0.1000000000E+01
  1281    0.1000000000E+01
  1282    0.1000000000E+01
  1283    0.1000000000E+01
  1284    0.1000000000E+01
  1285    0.1000000000E+01
  1286    0.1000000000E+01
  1287    0.1000000000E+01
  1288    0.1000000000E+01
  1289    0.1000000000E+01
  1290    0.1000000000E+01
  1291    0.1000000000E+01
  1292    0.1000000000E+01
  1293    0.1000000000E+01
  1294    0.1000000000E+01
  1295    0.1000000000E+01
  1296    0.1000000000E+01
  1297    0.1000000000E+01
  1298    0.1000000000E+01
  1299    0.1000000000E+01
  1300    0.1000000000E+01
  1301    0.1000000000E+01
  1302    0.1000000000E+01
  1303    0.1000000000E+01
  1304    0.1000000000E+01
  1305    0.1000000000E+01
  1306    0.1000000000E+01
  1307    0.1000000000E+01
  1308    0.1000000000E+01
  1309    0.1000000000E+01
  1310    0.1000000000E+01
  1311    0.1000000000E+01
  1312    0.1000000000E+01
  1313    0.1000000000E+01
  1314    0.1000000000E+01
  1315    0.1000000000E+01
  1316    0.1000000000E+01
  1317    0.1000000000E+01
  1318    0.1000000000E+01
  1319    0.1000000000E+01
  1320    0.1000000000E+01
  1321    0.1000000000E+01
  1322    0.1000000000E+01
  1323    0.1000000000E+01
  1324    0.1000000000E+01
  1325    0.1000000000E+01
  1326    0.1000000000E+01
  1327    0.1000000000E+01
  1328    0.1000000000E+01
  1329    0.1000000000E+01
  1330    0.1000000000E+01
  1331    0.1000000000E+01
  1332    0.1000000000E+01
  1333    0.1000000000E+01
  1334    0.1000000000E+01
  1335    0.1000000000E+01
  1336    0.1000000000E+01
  1337    0.1000000000E+01
  1338    0.1000000000E+01
  1339    0.1000000000E+01
  1340    0.1000000000E+01
  1341    0.1000000000E+01
  1342    0.1000000000E+01
  1343    0.1000000000E+01
  1344    0.1000000000E+01
  1345    0.1000000000E+01
  1346    0.1000000000E+01
  1347    0.1000000000E+01
  1348    0.1000000000E+01
  1349    0.1000000000E+01
  1350    0.1000000000E+01
  1351    0.1000000000E+01
  1352    0.1000000000E+01
  1353    0.1000000000E+01
  1354    0.1000000000E+01
  1355    0.1000000000E+01
  1356    0.1000000000E+01
  1357    0.1000000000E+01
  1358    0.1000000000E+01
  1359    0.1000000000E+01
  1360    0.1000000000E+01
  1361    0.1000000000E+01
  1362    0.1000000000E+01
  1363    0.1000000000E+01
  1364    0.1000000000E+01
  1365    0.1000000000E+01
  1366    0.1000000000E+01
  1367    0.1000000000E+01
  1368    0.1000000000E+01
  1369    0.1000000000E+01
  1370    0.1000000000E+01
  1371    0.1000000000E+01
  1372    0.1000000000E+01
  1373    0.1000000000E+01
  1374    0.1000000000E+01
  1375    0.1000000000E+01
  1376    0.1000000000E+01
  1377    0.1000000000E+01
  1378    0.1000000000E+01
  1379    0.1000000000E+01
  1380    0.1000000000E+01
  1381    0.1000000000E+01
  1382    0.1000000000E+01
  1383    0.1000000000E+01
  1384    0.1000000000E+01
  1385    0.1000000000E+01
  1386    0.1000000000E+01
  1387    0.1000000000E+01
  1388    0.1000000000E+01
  1389    0.1000000000E+01
  1390    0.1000000000E+01
  1391    0.1000000000E+01
  1392    0.1000000000E+01
  1393    0.1000000000E+01
  1394    0.1000000000E+01
  1395    0.1000000000E+01
  1396    0.1000000000E+01
  1397    0.1000000000E+01
  1398    0.1000000000E+01
  1399    0.1000000000E+01
  1400    0.1000000000E+01
  1401    0.1000000000E+01
  1402    0.1000000000E+01
  1403    0.1000000000E+01
  1404    0.1000000000E+01
  1405    0.1000000000E+01
  1406    0.1000000000E+01
  1407    0.1000000000E+01
  1408    0.1000000000E+01
  1409    0.1000000000E+01
  1410    0.1000000000E+01
  1411    0.1000000000E+01
  1412    0.1000000000E+01
  1413    0.1000000000E+01
  1414    0.1000000000E+01
  1415    0.1000000000E+01
  1416    0.1000000000E+01
  1417    0.1000000000E+01
  1418    0.1000000000E+01
  1419    0.1000000000E+01
  1420    0.1000000000E+01
  1421    0.1000000000E+01
  1422    0.1000000000E+01
  1423    0.1000000000E+01
  1424    0.1000000000E+01
  1425    0.1000000000E+01
  1426    0.1000000000E+01
  1427    0.1000000000E+01
  1428    0.1000000000E+01
  1429    0.1000000000E+01
  1430    0.1000000000E+01
  1431    0.1000000000E+01
  1432    0.1000000000E+01
  1433    0.1000000000E+01
  1434    0.1000000000E+01
  1435    0.1000000000E+01
  1436    0.1000000000E+01
  1437    0.1000000000E+01
  1438    0.1000000000E+01
  1439    0.1000000000E+01
  1440    0.1000000000E+01
  1441    0.1000000000E+01
  1442    0.1000000000E+01
  1443    0.1000000000E+01
  1444    0.1000000000E+01
  1445    0.1000000000E+01
  1446    0.1000000000E+01
  1447    0.1000000000E+01
  1448    0.1000000000E+01
  1449    0.1000000000E+01
  1450    0.1000000000E+01
  1451    0.1000000000E+01
  1452    0.1000000000E+01
  1453    0.1000000000E+01
  1454    0.1000000000E+01
  1455    0.1000000000E+01
  1456    0.1000000000E+01
  1457    0.1000000000E+01
  1458    0.1000000000E+01
  1459    0.1000000000E+01
  1460    0.1000000000E+01
  1461    0.1000000000E+01
  1462    0.1000000000E+01
  1463    0.1000000000E+01
  1464    0.1000000000E+01
  1465    0.1000000000E+01
  1466    0.1000000000E+01
  1467    0.1000000000E+01
  1468    0.1000000000E+01
  1469    0.1000000000E+01
  1470    0.1000000000E+01
  1471    0.1000000000E+01
  1472    0.1000000000E+01
  1473    0.1000000000E+01
  1474    0.1000000000E+01
  1475    0.1000000000E+01
  1476    0.1000000000E+01
  1477    0.1000000000E+01
  1478    0.1000000000E+01
  1479    0.1000000000E+01
  1480    0.1000000000E+01
  1481    0.1000000000E+01
  1482    0.1000000000E+01
  1483    0.1000000000E+01
  1484    0.1000000000E+01
  1485    0.1000000000E+01
  1486    0.1000000000E+01
  1487    0.1000000000E+01
  1488    0.1000000000E+01
  1489    0.1000000000E+01
  1490    0.1000000000E+01
  1491    0.1000000000E+01
  1492    0.1000000000E+01
  1493    0.1000000000E+01
  1494    0.1000000000E+01
  1495    0.1000000000E+01
  1496    0.1000000000E+01
  1497    0.1000000000E+01
  1498    0.1000000000E+01
  1499    0.1000000000E+01
  1500    0.8337500000E+00
  1501    0.1662500000E+00
  1502    0.0000000000E+00
