    -1    0.0000000000E+00
     0    0.9548397207E-01
     1    0.6469590928E+00
     2    0.1532620829E+01
     3    0.1058275430E+01
     4    0.1462788564E+01
     5    0.1000010465E+01
     6    0.5066262902E+00
     7    0.1358316437E+01
     8    0.1724440262E+01
     9    0.9692010361E+00
    10    0.1051381497E+01
    11    0.1008993453E+01
    12    0.6042733891E+00
    13    0.1068575158E+01
    14    0.9290934621E+00
    15    0.1051784208E+01
    16    0.8610779037E+00
    17    0.9845633536E+00
    18    0.9564723042E+00
    19    0.9291229142E+00
    20    0.1094260346E+01
    21    0.7432094793E+00
    22    0.6832986265E+00
    23    0.6943309722E+00
    24    0.8886607117E+00
    25    0.5668093070E+00
    26    0.7590209891E+00
    27    0.9466787443E+00
    28    0.7870260716E+00
    29    0.8173109207E+00
    30    0.5384800059E+00
    31    0.8020682847E+00
    32    0.7819275554E+00
    33    0.6124298967E+00
    34    0.7677626956E+00
    35    0.7844021028E+00
    36    0.5571094716E+00
    37    0.7664403163E+00
    38    0.4757955926E+00
    39    0.5381246689E+00
    40    0.4443524316E+00
    41    0.5451625665E+00
    42    0.6440277876E+00
    43    0.5270369362E+00
    44    0.6282741947E+00
    45    0.5958490328E+00
    46    0.6937137685E+00
    47    0.8027389080E+00
    48    0.7187367081E+00
    49    0.5999695101E+00
    50    0.6221001571E+00
    51    0.5287918016E+00
    52    0.6482870944E+00
    53    0.4622975521E+00
    54    0.4955170076E+00
    55    0.5346909991E+00
    56    0.5696641301E+00
    57    0.6824422219E+00
    58    0.4097155987E+00
    59    0.5492323588E+00
    60    0.7686588993E+00
    61    0.6925906655E+00
    62    0.4570189237E+00
    63    0.4727328662E+00
    64    0.5210675674E+00
    65    0.4981518626E+00
    66    0.6624801460E+00
    67    0.5002239142E+00
    68    0.5686616746E+00
    69    0.5475681239E+00
    70    0.5463690699E+00
    71    0.4448835974E+00
    72    0.6125633462E+00
    73    0.3677158271E+00
    74    0.4148485506E+00
    75    0.6723785715E+00
    76    0.7721461347E+00
    77    0.5008457620E+00
    78    0.5490026296E+00
    79    0.5309941254E+00
    80    0.7003742677E+00
    81    0.5028707328E+00
    82    0.5103026337E+00
    83    0.6411169332E+00
    84    0.6823426730E+00
    85    0.4760240110E+00
    86    0.6730089213E+00
    87    0.7047303483E+00
    88    0.5977423567E+00
    89    0.7774552623E+00
    90    0.6141571819E+00
    91    0.6387704495E+00
    92    0.3434639148E+00
    93    0.5478950264E+00
    94    0.7803311071E+00
    95    0.4489005749E+00
    96    0.4943390293E+00
    97    0.6596667339E+00
    98    0.8069829288E+00
    99    0.8241571016E+00
   100    0.3215336884E+00
   101    0.3876608319E+00
   102    0.5714180648E+00
   103    0.7173292908E+00
   104    0.1054478665E+01
   105    0.8189740651E+00
   106    0.9062256146E+00
   107    0.7850293829E+00
   108    0.5454824239E+00
   109    0.7708099799E+00
   110    0.7319344584E+00
   111    0.6100510802E+00
   112    0.5774814061E+00
   113    0.9154386450E+00
   114    0.9358439522E+00
   115    0.9305156770E+00
   116    0.1044066166E+01
   117    0.8907337863E+00
   118    0.5728105301E+00
   119    0.4568301856E+00
   120    0.9027971902E+00
   121    0.9421283836E+00
   122    0.6926712072E+00
   123    0.7372675897E+00
   124    0.9909717068E+00
   125    0.7491217066E+00
   126    0.9375406513E+00
   127    0.1037075915E+01
   128    0.8661505675E+00
   129    0.1030028388E+01
   130    0.1179338408E+01
   131    0.8448303719E+00
   132    0.8870489190E+00
   133    0.1010304810E+01
   134    0.1446715190E+01
   135    0.1609724415E+01
   136    0.1241259119E+01
   137    0.1165517285E+01
   138    0.1667098371E+01
   139    0.1458494575E+01
   140    0.1282687065E+01
   141    0.1414346560E+01
   142    0.1392055354E+01
   143    0.1194096586E+01
   144    0.1548772377E+01
   145    0.1595841442E+01
   146    0.1298737261E+01
   147    0.1775681054E+01
   148    0.2073598286E+01
   149    0.1706064103E+01
   150    0.2194770313E+01
   151    0.2233384583E+01
   152    0.1708793780E+01
   153    0.1544440535E+01
   154    0.1566025736E+01
   155    0.1715077652E+01
   156    0.1810146900E+01
   157    0.1550731987E+01
   158    0.1690845880E+01
   159    0.1734961453E+01
   160    0.1445681205E+01
   161    0.1589921391E+01
   162    0.1401747713E+01
   163    0.1685117688E+01
   164    0.1881664914E+01
   165    0.1839853770E+01
   166    0.1283045223E+01
   167    0.1594974439E+01
   168    0.1721349766E+01
   169    0.1187503612E+01
   170    0.1042383080E+01
   171    0.1056511955E+01
   172    0.1313807267E+01
   173    0.1224336424E+01
   174    0.1087259828E+01
   175    0.1140993056E+01
   176    0.1093320017E+01
   177    0.1134626718E+01
   178    0.7283824146E+00
   179    0.1206353246E+01
   180    0.1009278584E+01
   181    0.8895240159E+00
   182    0.1230806883E+01
   183    0.1034323708E+01
   184    0.1060008560E+01
   185    0.8743273697E+00
   186    0.5561294991E+00
   187    0.8317534020E+00
   188    0.1034592175E+01
   189    0.1044839035E+01
   190    0.8923093750E+00
   191    0.8808997789E+00
   192    0.8974084072E+00
   193    0.8866237214E+00
   194    0.6834230219E+00
   195    0.7644600148E+00
   196    0.5406316599E+00
   197    0.6079326859E+00
   198    0.6963424527E+00
   199    0.7315275767E+00
   200    0.7427311792E+00
   201    0.6860669160E+00
   202    0.5116629824E+00
   203    0.6754012429E+00
   204    0.6431362638E+00
   205    0.6053964858E+00
   206    0.5225402857E+00
   207    0.6352991014E+00
   208    0.6795646050E+00
   209    0.4735640800E+00
   210    0.6798037632E+00
   211    0.6284996556E+00
   212    0.4624213239E+00
   213    0.5472169189E+00
   214    0.5437407777E+00
   215    0.4062067526E+00
   216    0.4725129245E+00
   217    0.5755396978E+00
   218    0.5626499198E+00
   219    0.6504948184E+00
   220    0.6403477455E+00
   221    0.5671909682E+00
   222    0.7065972713E+00
   223    0.5301799650E+00
   224    0.4667080970E+00
   225    0.4155998294E+00
   226    0.6141177050E+00
   227    0.6757740254E+00
   228    0.5587100580E+00
   229    0.5838622491E+00
   230    0.4731399244E+00
   231    0.4513121339E+00
   232    0.3658047384E+00
   233    0.6239373369E+00
   234    0.4933911016E+00
   235    0.4286023271E+00
   236    0.4380237020E+00
   237    0.7425057718E+00
   238    0.7543443880E+00
   239    0.4045227910E+00
   240    0.3471215230E+00
   241    0.6125356177E+00
   242    0.5546745172E+00
   243    0.6075135002E+00
   244    0.4909793879E+00
   245    0.4860712721E+00
   246    0.4865773516E+00
   247    0.6062338910E+00
   248    0.5137892922E+00
   249    0.2913873256E+00
   250    0.3041104465E+00
   251    0.5341368458E+00
   252    0.5194126731E+00
   253    0.4571906260E+00
   254    0.5649534736E+00
   255    0.5626228273E+00
   256    0.3968810839E+00
   257    0.6041914956E+00
   258    0.7403068619E+00
   259    0.3975244783E+00
   260    0.4804094025E+00
   261    0.5792059463E+00
   262    0.5376436151E+00
   263    0.6895379482E+00
   264    0.8361533183E+00
   265    0.8635737885E+00
   266    0.5171771986E+00
   267    0.5703598534E+00
   268    0.5294538400E+00
   269    0.4838296790E+00
   270    0.7093030817E+00
   271    0.6114432758E+00
   272    0.7627468223E+00
   273    0.7460859555E+00
   274    0.3764157847E+00
   275    0.6360552383E+00
   276    0.9311805439E+00
   277    0.7499869244E+00
   278    0.9834779448E+00
   279    0.6698536163E+00
   280    0.6297028188E+00
   281    0.8793766302E+00
   282    0.9829031208E+00
   283    0.6864649918E+00
   284    0.5188013012E+00
   285    0.5756771367E+00
   286    0.5416255127E+00
   287    0.7514916188E+00
   288    0.7288777814E+00
   289    0.7857161741E+00
   290    0.8283941911E+00
   291    0.1017991135E+01
   292    0.1128208173E+01
   293    0.8766515802E+00
   294    0.1286898011E+01
   295    0.1427305366E+01
   296    0.6503191971E+00
   297    0.1083646227E+01
   298    0.1570790893E+01
   299    0.1711502670E+01
   300    0.1728538175E+01
   301    0.1576337552E+01
   302    0.1306338396E+01
   303    0.1449103399E+01
   304    0.1602360512E+01
   305    0.1394663961E+01
   306    0.1096836972E+01
   307    0.1312111439E+01
   308    0.2000209012E+01
   309    0.1570276918E+01
   310    0.1243534618E+01
   311    0.1294473907E+01
   312    0.1768909492E+01
   313    0.1766655172E+01
   314    0.1633416155E+01
   315    0.2264803659E+01
   316    0.2198837551E+01
   317    0.1668212559E+01
   318    0.1800237873E+01
   319    0.1659932986E+01
   320    0.1960102738E+01
   321    0.1921230377E+01
   322    0.1918432952E+01
   323    0.2150856269E+01
   324    0.1379495470E+01
   325    0.1744422646E+01
   326    0.1519795107E+01
   327    0.1589482598E+01
   328    0.1463652316E+01
   329    0.1440399942E+01
   330    0.1544774668E+01
   331    0.1482971532E+01
   332    0.1561333320E+01
   333    0.1681318618E+01
   334    0.1705536048E+01
   335    0.1489395777E+01
   336    0.1003368520E+01
   337    0.1012434675E+01
   338    0.1151388942E+01
   339    0.1194011046E+01
   340    0.1378821251E+01
   341    0.9515929633E+00
   342    0.1001940890E+01
   343    0.1048556662E+01
   344    0.1162256592E+01
   345    0.1003728763E+01
   346    0.1018258430E+01
   347    0.9541189045E+00
   348    0.1211201567E+01
   349    0.9771784014E+00
   350    0.8603267084E+00
   351    0.8180579806E+00
   352    0.6401448935E+00
   353    0.8606442981E+00
   354    0.1298825551E+01
   355    0.7567556847E+00
   356    0.8163526031E+00
   357    0.6475157455E+00
   358    0.4446191140E+00
   359    0.1008306524E+01
   360    0.7456161249E+00
   361    0.6791752747E+00
   362    0.8176803979E+00
   363    0.7900940317E+00
   364    0.6286695805E+00
   365    0.3433666777E+00
   366    0.7722288188E+00
   367    0.5889737953E+00
   368    0.9510036887E+00
   369    0.7110611972E+00
   370    0.5648103477E+00
   371    0.5507653167E+00
   372    0.6796803148E+00
   373    0.5419813488E+00
   374    0.6249105712E+00
   375    0.7253328931E+00
   376    0.4851812084E+00
   377    0.3631457013E+00
   378    0.3435773814E+00
   379    0.5507535369E+00
   380    0.7069271538E+00
   381    0.6537031558E+00
   382    0.7023738021E+00
   383    0.4246238575E+00
   384    0.6685386208E+00
   385    0.7197877181E+00
   386    0.6472700191E+00
   387    0.2992630931E+00
   388    0.5898377026E+00
   389    0.5149866540E+00
   390    0.5729904999E+00
   391    0.4832444633E+00
   392    0.2626363996E+00
   393    0.3715815103E+00
   394    0.4656450699E+00
   395    0.4376214299E+00
   396    0.6230375071E+00
   397    0.7170318016E+00
   398    0.6827187118E+00
   399    0.5215843097E+00
   400    0.2524509163E+00
   401    0.3538660983E+00
   402    0.5734114341E+00
   403    0.6376158858E+00
   404    0.5661065320E+00
   405    0.4546001660E+00
   406    0.4993186773E+00
   407    0.8061991328E+00
   408    0.7580828694E+00
   409    0.3674742088E+00
   410    0.3650208030E+00
   411    0.4873947222E+00
   412    0.6495745381E+00
   413    0.5897631454E+00
   414    0.5013158570E+00
   415    0.5450330053E+00
   416    0.6168963376E+00
   417    0.5226021290E+00
   418    0.5001965376E+00
   419    0.3702231697E+00
   420    0.1903291716E+00
   421    0.4831276872E+00
   422    0.4599152931E+00
   423    0.7370841014E+00
   424    0.5877582794E+00
   425    0.6789412777E+00
   426    0.6903473310E+00
   427    0.3344385012E+00
   428    0.6708044548E+00
   429    0.8155741880E+00
   430    0.3247851009E+00
   431    0.3739780134E+00
   432    0.6535013287E+00
   433    0.5532289943E+00
   434    0.6526065115E+00
   435    0.6651572909E+00
   436    0.7942565738E+00
   437    0.7550560988E+00
   438    0.4936238671E+00
   439    0.4872600131E+00
   440    0.5919933081E+00
   441    0.9152927902E+00
   442    0.7729448339E+00
   443    0.9874676960E+00
   444    0.7180002290E+00
   445    0.5409389715E+00
   446    0.5175821284E+00
   447    0.6573156191E+00
   448    0.9611496014E+00
   449    0.7641625564E+00
   450    0.5008336529E+00
   451    0.3788110610E+00
   452    0.4862862450E+00
   453    0.6791825921E+00
   454    0.9680774120E+00
   455    0.8523998378E+00
   456    0.9816342376E+00
   457    0.8112829498E+00
   458    0.8911957205E+00
   459    0.8078733946E+00
   460    0.1052552299E+01
   461    0.9995470288E+00
   462    0.1171485249E+01
   463    0.7728990707E+00
   464    0.1072167571E+01
   465    0.1359407493E+01
   466    0.1354435109E+01
   467    0.1159262103E+01
   468    0.1291079121E+01
   469    0.9514992742E+00
   470    0.9242310323E+00
   471    0.1229039697E+01
   472    0.1042719335E+01
   473    0.1185685777E+01
   474    0.1187627243E+01
   475    0.1263376796E+01
   476    0.1600660470E+01
   477    0.1499833860E+01
   478    0.1867354103E+01
   479    0.1800328068E+01
   480    0.1489125257E+01
   481    0.1820620668E+01
   482    0.1696530655E+01
   483    0.1759333365E+01
   484    0.1924936361E+01
   485    0.1975381852E+01
   486    0.1840847255E+01
   487    0.1772138898E+01
   488    0.1902337499E+01
   489    0.1820106766E+01
   490    0.1735584124E+01
   491    0.2013064597E+01
   492    0.2519902884E+01
   493    0.2028177117E+01
   494    0.1574151657E+01
   495    0.1887598488E+01
   496    0.1699937572E+01
   497    0.1801558289E+01
   498    0.1638562541E+01
   499    0.1585006864E+01
   500    0.2309232731E+01
   501    0.1903881310E+01
   502    0.1596784477E+01
   503    0.1212389404E+01
   504    0.1244713258E+01
   505    0.1069164953E+01
   506    0.1286876698E+01
   507    0.1157151241E+01
   508    0.1194342730E+01
   509    0.9004104454E+00
   510    0.9913544023E+00
   511    0.1038571730E+01
   512    0.1115881312E+01
   513    0.1193231111E+01
   514    0.9735229130E+00
   515    0.1098705241E+01
   516    0.1104505530E+01
   517    0.6743018683E+00
   518    0.8106100426E+00
   519    0.1015843959E+01
   520    0.1107058613E+01
   521    0.8728786289E+00
   522    0.9299822803E+00
   523    0.9259534604E+00
   524    0.7850080161E+00
   525    0.6613197801E+00
   526    0.7302083544E+00
   527    0.9196032685E+00
   528    0.7361148251E+00
   529    0.6474021496E+00
   530    0.6235658542E+00
   531    0.6106764114E+00
   532    0.5586660963E+00
   533    0.6831966195E+00
   534    0.5809398702E+00
   535    0.7284866402E+00
   536    0.6823994599E+00
   537    0.7087653246E+00
   538    0.6183359890E+00
   539    0.5287415353E+00
   540    0.6161675385E+00
   541    0.5623487818E+00
   542    0.6891126792E+00
   543    0.5189409975E+00
   544    0.8249434584E+00
   545    0.4181175509E+00
   546    0.6350972995E+00
   547    0.3639366318E+00
   548    0.7150718569E+00
   549    0.6320880602E+00
   550    0.6495145465E+00
   551    0.5263483645E+00
   552    0.4569348615E+00
   553    0.3540071075E+00
   554    0.3632053985E+00
   555    0.8310918386E+00
   556    0.4688742673E+00
   557    0.3515181282E+00
   558    0.4699145084E+00
   559    0.5066315445E+00
   560    0.7381808148E+00
   561    0.4553458884E+00
   562    0.6136944994E+00
   563    0.7504687103E+00
   564    0.6133280158E+00
   565    0.4699549533E+00
   566    0.6203364770E+00
   567    0.3719419985E+00
   568    0.4942437862E+00
   569    0.7544483944E+00
   570    0.4996444584E+00
   571    0.4739885809E+00
   572    0.5556852235E+00
   573    0.4063554366E+00
   574    0.4124463424E+00
   575    0.4672987839E+00
   576    0.5533655847E+00
   577    0.4775901652E+00
   578    0.6589176891E+00
   579    0.4605006830E+00
   580    0.4864974853E+00
   581    0.6168690329E+00
   582    0.6313390376E+00
   583    0.5903231930E+00
   584    0.3578359401E+00
   585    0.4252411771E+00
   586    0.6567244187E+00
   587    0.4654712440E+00
   588    0.6117906242E+00
   589    0.6714140024E+00
   590    0.5679172963E+00
   591    0.3819904400E+00
   592    0.4144806607E+00
   593    0.5526726795E+00
   594    0.4696196598E+00
   595    0.5925390617E+00
   596    0.6467456924E+00
   597    0.4661072566E+00
   598    0.5089252708E+00
   599    0.4736218949E+00
   600    0.7256314448E+00
   601    0.6888480230E+00
   602    0.4507029277E+00
   603    0.6422228435E+00
   604    0.6340173339E+00
   605    0.6547500438E+00
   606    0.6677667527E+00
   607    0.3913269348E+00
   608    0.4855796083E+00
   609    0.5781167969E+00
   610    0.6131468728E+00
   611    0.5938786519E+00
   612    0.4571460178E+00
   613    0.5851362063E+00
   614    0.8297466996E+00
   615    0.6660097932E+00
   616    0.6593597716E+00
   617    0.7796536993E+00
   618    0.6718033364E+00
   619    0.7064683382E+00
   620    0.5827411762E+00
   621    0.8295366215E+00
   622    0.9000981627E+00
   623    0.5398390428E+00
   624    0.8717877835E+00
   625    0.1171310734E+01
   626    0.7553482292E+00
   627    0.7476373487E+00
   628    0.1056888056E+01
   629    0.1152678337E+01
   630    0.9774186330E+00
   631    0.8625565665E+00
   632    0.6970615393E+00
   633    0.8782911970E+00
   634    0.8487241240E+00
   635    0.7866977177E+00
   636    0.1423728140E+01
   637    0.9612424795E+00
   638    0.1092033621E+01
   639    0.1727903718E+01
   640    0.1639224915E+01
   641    0.1616720210E+01
   642    0.1762233802E+01
   643    0.1249299189E+01
   644    0.1970081274E+01
   645    0.2302613907E+01
   646    0.1773165133E+01
   647    0.1405225686E+01
   648    0.1533541534E+01
   649    0.1190046933E+01
   650    0.1512165605E+01
   651    0.1646866815E+01
   652    0.1702616339E+01
   653    0.1640284760E+01
   654    0.1142607345E+01
   655    0.1472727417E+01
   656    0.1854339903E+01
   657    0.1918002058E+01
   658    0.2361242188E+01
   659    0.1637922954E+01
   660    0.1549202920E+01
   661    0.1949467378E+01
   662    0.1761110089E+01
   663    0.1524438180E+01
   664    0.1355565966E+01
   665    0.9572466444E+00
   666    0.1201645734E+01
   667    0.1055448774E+01
   668    0.1627614558E+01
   669    0.2090129082E+01
   670    0.1572345467E+01
   671    0.1435718330E+01
   672    0.1572306196E+01
   673    0.1210721287E+01
   674    0.1159943612E+01
   675    0.9258071547E+00
   676    0.1208033064E+01
   677    0.1680975365E+01
   678    0.1008670030E+01
   679    0.7656182758E+00
   680    0.1411618834E+01
   681    0.1245904576E+01
   682    0.1271685866E+01
   683    0.1003507286E+01
   684    0.9170162146E+00
   685    0.7219475344E+00
   686    0.9836270995E+00
   687    0.1257559412E+01
   688    0.1035254977E+01
   689    0.9373072877E+00
   690    0.7592844677E+00
   691    0.7997512385E+00
   692    0.7470758621E+00
   693    0.9905533069E+00
   694    0.8817757095E+00
   695    0.9572441093E+00
   696    0.9325786178E+00
   697    0.9570702313E+00
   698    0.5796591289E+00
   699    0.6755545576E+00
   700    0.9030180214E+00
   701    0.6554197567E+00
   702    0.8414094038E+00
   703    0.7426562959E+00
   704    0.8526329030E+00
   705    0.7919992143E+00
   706    0.5691073371E+00
   707    0.6278033015E+00
   708    0.7745961671E+00
   709    0.8561278200E+00
   710    0.5617339098E+00
   711    0.8030983932E+00
   712    0.5817636078E+00
   713    0.5746057090E+00
   714    0.6369445095E+00
   715    0.6659812973E+00
   716    0.7250930617E+00
   717    0.8323215329E+00
   718    0.8131897021E+00
   719    0.4308774374E+00
   720    0.6240742323E+00
   721    0.7157765402E+00
   722    0.6616113706E+00
   723    0.5841053558E+00
   724    0.7339140640E+00
   725    0.7145661120E+00
   726    0.6358004442E+00
   727    0.5680533161E+00
   728    0.7641669242E+00
   729    0.5134195642E+00
   730    0.4700898413E+00
   731    0.5466694390E+00
   732    0.5493088106E+00
   733    0.8179478438E+00
   734    0.6673674609E+00
   735    0.6304374635E+00
   736    0.7210289829E+00
   737    0.7264341155E+00
   738    0.5370446143E+00
   739    0.6217619947E+00
   740    0.8046116756E+00
   741    0.8236309297E+00
   742    0.5488488141E+00
   743    0.4481284565E+00
   744    0.6563986050E+00
   745    0.6316900412E+00
   746    0.5992515546E+00
   747    0.6417745363E+00
   748    0.5916735032E+00
   749    0.5299948031E+00
   750    0.7873686016E+00
   751    0.6353805443E+00
   752    0.7141354579E+00
   753    0.7211708121E+00
   754    0.8287963084E+00
   755    0.6716019706E+00
   756    0.5190906120E+00
   757    0.6789890374E+00
   758    0.5643853967E+00
   759    0.6001864115E+00
   760    0.5992268399E+00
   761    0.7342505072E+00
   762    0.6345689798E+00
   763    0.6613600272E+00
   764    0.7679430980E+00
   765    0.7741561373E+00
   766    0.4309340253E+00
   767    0.4935093461E+00
   768    0.6952711300E+00
   769    0.9161148231E+00
   770    0.8808285118E+00
   771    0.9388298398E+00
   772    0.8987482557E+00
   773    0.6672749583E+00
   774    0.6410022936E+00
   775    0.9656973166E+00
   776    0.8963593695E+00
   777    0.9662298902E+00
   778    0.9443210455E+00
   779    0.9485042006E+00
   780    0.1062267764E+01
   781    0.1184216318E+01
   782    0.9037401540E+00
   783    0.1029469719E+01
   784    0.1000513561E+01
   785    0.1104316594E+01
   786    0.1199734944E+01
   787    0.1083459218E+01
   788    0.1399059196E+01
   789    0.1208498347E+01
   790    0.1165254845E+01
   791    0.1147452848E+01
   792    0.1035855493E+01
   793    0.1113464986E+01
   794    0.1429256081E+01
   795    0.1130854174E+01
   796    0.1204910616E+01
   797    0.8772977172E+00
   798    0.1205874869E+01
   799    0.1238818520E+01
   800    0.1460204055E+01
   801    0.1071161594E+01
   802    0.1273697354E+01
   803    0.1283954698E+01
   804    0.1144230746E+01
   805    0.1625304978E+01
   806    0.1418443810E+01
   807    0.1326674871E+01
   808    0.1378286525E+01
   809    0.1228997733E+01
   810    0.1432996909E+01
   811    0.1888659215E+01
   812    0.1546539806E+01
   813    0.1096464268E+01
   814    0.1028740587E+01
   815    0.1393921847E+01
   816    0.1227346464E+01
   817    0.1082006078E+01
   818    0.1014937811E+01
   819    0.1226648498E+01
   820    0.1376488788E+01
   821    0.1149154847E+01
   822    0.1016865476E+01
   823    0.1276162467E+01
   824    0.1305882278E+01
   825    0.1276870658E+01
   826    0.1302936655E+01
   827    0.1062105054E+01
   828    0.8999882728E+00
   829    0.1531864871E+01
   830    0.1548217693E+01
   831    0.1433107406E+01
   832    0.1163206944E+01
   833    0.1270186611E+01
   834    0.1163457385E+01
   835    0.9707392232E+00
   836    0.1204706821E+01
   837    0.1311488520E+01
   838    0.9996634312E+00
   839    0.1208341079E+01
   840    0.1047556148E+01
   841    0.1086429610E+01
   842    0.1205857409E+01
   843    0.1071910280E+01
   844    0.1028702417E+01
   845    0.1071703969E+01
   846    0.1159314286E+01
   847    0.1009038268E+01
   848    0.1043945325E+01
   849    0.1124171175E+01
   850    0.9475446289E+00
   851    0.9552936463E+00
   852    0.7847196272E+00
   853    0.7364359057E+00
   854    0.1144219436E+01
   855    0.1036164656E+01
   856    0.9589878023E+00
   857    0.8319520008E+00
   858    0.9451268741E+00
   859    0.9478990147E+00
   860    0.7694752426E+00
   861    0.9387697255E+00
   862    0.9046042162E+00
   863    0.1072117045E+01
   864    0.9099351774E+00
   865    0.9977108688E+00
   866    0.8590831591E+00
   867    0.6746993017E+00
   868    0.9657494245E+00
   869    0.8443302320E+00
   870    0.9858309131E+00
   871    0.8731014334E+00
   872    0.1123349449E+01
   873    0.7287234010E+00
   874    0.8468957681E+00
   875    0.6839251442E+00
   876    0.7400135050E+00
   877    0.8844865742E+00
   878    0.8355986642E+00
   879    0.7993743893E+00
   880    0.7580047313E+00
   881    0.9549220379E+00
   882    0.8939436372E+00
   883    0.8298831981E+00
   884    0.8635278429E+00
   885    0.6511182449E+00
   886    0.8529293526E+00
   887    0.7783720119E+00
   888    0.9726012599E+00
   889    0.8180021007E+00
   890    0.7370615525E+00
   891    0.7431789764E+00
   892    0.8311429625E+00
   893    0.8518377508E+00
   894    0.7694179800E+00
   895    0.8104603952E+00
   896    0.8828492762E+00
   897    0.9368185129E+00
   898    0.9075461355E+00
   899    0.7965347594E+00
   900    0.7183172324E+00
   901    0.7076654066E+00
   902    0.7292100536E+00
   903    0.9488448830E+00
   904    0.9350862317E+00
   905    0.7845367673E+00
   906    0.9749913102E+00
   907    0.8029803282E+00
   908    0.8157386573E+00
   909    0.8270103532E+00
   910    0.9398692028E+00
   911    0.9070611327E+00
   912    0.8536988525E+00
   913    0.8761374493E+00
   914    0.1004199004E+01
   915    0.9725210569E+00
   916    0.1032777039E+01
   917    0.7852883008E+00
   918    0.8296018541E+00
   919    0.9291653470E+00
   920    0.7864176763E+00
   921    0.8419736002E+00
   922    0.8676151088E+00
   923    0.9911701072E+00
   924    0.1004757237E+01
   925    0.8439478786E+00
   926    0.8643515396E+00
   927    0.8921646095E+00
   928    0.7621975074E+00
   929    0.8539043458E+00
   930    0.1074426045E+01
   931    0.8059243702E+00
   932    0.8951987814E+00
   933    0.1144112314E+01
   934    0.8214106277E+00
   935    0.9633618658E+00
   936    0.1042585737E+01
   937    0.1006731190E+01
   938    0.1043826975E+01
   939    0.1044518819E+01
   940    0.9693531569E+00
   941    0.1012076549E+01
   942    0.9701001096E+00
   943    0.1036212828E+01
   944    0.9830730110E+00
   945    0.8879856849E+00
   946    0.9832645569E+00
   947    0.1181791840E+01
   948    0.1155644265E+01
   949    0.1095980384E+01
   950    0.9963304019E+00
   951    0.1015335192E+01
   952    0.1038305426E+01
   953    0.1092283191E+01
   954    0.1270744747E+01
   955    0.1201374629E+01
   956    0.1073029669E+01
   957    0.9770106194E+00
   958    0.1104504608E+01
   959    0.1023267492E+01
   960    0.1087116794E+01
   961    0.1194061066E+01
   962    0.1057929453E+01
   963    0.1100965409E+01
   964    0.1226691931E+01
   965    0.1131762369E+01
   966    0.1061636747E+01
   967    0.9889918580E+00
   968    0.9744056882E+00
   969    0.1058949766E+01
   970    0.1058195529E+01
   971    0.1152399903E+01
   972    0.1223980335E+01
   973    0.1159951372E+01
   974    0.1013417119E+01
   975    0.9342898114E+00
   976    0.9564047644E+00
   977    0.9881768649E+00
   978    0.1006873042E+01
   979    0.9915086236E+00
   980    0.9847451976E+00
   981    0.9888008098E+00
   982    0.9611514128E+00
   983    0.9562889355E+00
   984    0.9776267469E+00
   985    0.9720152729E+00
   986    0.1075897324E+01
   987    0.1177396363E+01
   988    0.1156623141E+01
   989    0.1056275032E+01
   990    0.9894480193E+00
   991    0.9724886659E+00
   992    0.1016327463E+01
   993    0.1020593875E+01
   994    0.1115911045E+01
   995    0.1183194182E+01
   996    0.1086025290E+01
   997    0.1026718003E+01
   998    0.1122532506E+01
   999    0.1108879080E+01
  1000    0.1098743740E+01
  1001    0.1007415399E+01
  1002    0.1093767086E+01
  1003    0.1169207001E+01
  1004    0.1154247491E+01
  1005    0.1097237732E+01
  1006    0.1091619895E+01
  1007    0.1071809806E+01
  1008    0.1043971807E+01
  1009    0.1103317521E+01
  1010    0.1156369104E+01
  1011    0.1082706007E+01
  1012    0.9857265857E+00
  1013    0.9678415793E+00
  1014    0.1017891584E+01
  1015    0.1067275271E+01
  1016    0.1095420574E+01
  1017    0.1106941386E+01
  1018    0.1083229212E+01
  1019    0.9762318560E+00
  1020    0.9055974386E+00
  1021    0.9283374704E+00
  1022    0.9524498215E+00
  1023    0.9160901667E+00
  1024    0.8874359644E+00
  1025    0.9241116427E+00
  1026    0.9560134312E+00
  1027    0.9378124295E+00
  1028    0.9064962672E+00
  1029    0.9132253817E+00
  1030    0.9481746701E+00
  1031    0.9790662403E+00
  1032    0.1038775645E+01
  1033    0.1148608613E+01
  1034    0.1161871489E+01
  1035    0.1133233513E+01
  1036    0.1054630883E+01
  1037    0.9320241018E+00
  1038    0.8661218269E+00
  1039    0.8813373599E+00
  1040    0.9344058807E+00
  1041    0.9260091573E+00
  1042    0.8844142259E+00
  1043    0.8860986677E+00
  1044    0.9007421650E+00
  1045    0.9309026803E+00
  1046    0.9773882650E+00
  1047    0.9960914670E+00
  1048    0.9594154404E+00
  1049    0.8906837660E+00
  1050    0.8640260257E+00
  1051    0.9118622421E+00
  1052    0.1020217108E+01
  1053    0.1041242035E+01
  1054    0.9272901788E+00
  1055    0.8182651945E+00
  1056    0.7893189845E+00
  1057    0.8109733120E+00
  1058    0.8321366360E+00
  1059    0.8499580317E+00
  1060    0.8985384342E+00
  1061    0.9860213609E+00
  1062    0.1058958787E+01
  1063    0.1054336325E+01
  1064    0.1013922001E+01
  1065    0.9990974213E+00
  1066    0.9765765129E+00
  1067    0.9139777341E+00
  1068    0.8742865201E+00
  1069    0.8857334865E+00
  1070    0.8841124846E+00
  1071    0.8495245838E+00
  1072    0.8232467978E+00
  1073    0.8113274268E+00
  1074    0.8231060015E+00
  1075    0.8399358205E+00
  1076    0.8648836761E+00
  1077    0.9000851425E+00
  1078    0.9170049942E+00
  1079    0.9450077503E+00
  1080    0.9802094902E+00
  1081    0.9624699032E+00
  1082    0.9294407954E+00
  1083    0.9138564489E+00
  1084    0.9239021849E+00
  1085    0.9363887231E+00
  1086    0.9444744732E+00
  1087    0.9853166020E+00
  1088    0.1027948361E+01
  1089    0.1013618161E+01
  1090    0.9446114290E+00
  1091    0.8839835264E+00
  1092    0.8779470378E+00
  1093    0.9218964534E+00
  1094    0.1030990255E+01
  1095    0.1146337190E+01
  1096    0.1117033092E+01
  1097    0.1024614172E+01
  1098    0.9777877304E+00
  1099    0.9449274468E+00
  1100    0.8958699638E+00
  1101    0.9039632692E+00
  1102    0.9462989687E+00
  1103    0.9802222893E+00
  1104    0.9821565259E+00
  1105    0.9761382182E+00
  1106    0.9667671700E+00
  1107    0.9741285693E+00
  1108    0.1026261783E+01
  1109    0.1104233181E+01
  1110    0.1159246078E+01
  1111    0.1110651411E+01
  1112    0.9878987163E+00
  1113    0.9037010401E+00
  1114    0.8804216870E+00
  1115    0.8947423051E+00
  1116    0.9482079145E+00
  1117    0.1011745536E+01
  1118    0.1019870895E+01
  1119    0.9884680675E+00
  1120    0.9821175380E+00
  1121    0.1006111052E+01
  1122    0.1033150443E+01
  1123    0.1043170213E+01
  1124    0.1036493078E+01
  1125    0.1040983143E+01
  1126    0.1006726971E+01
  1127    0.9278789556E+00
  1128    0.8839251981E+00
  1129    0.8871499955E+00
  1130    0.9240599680E+00
  1131    0.9761040135E+00
  1132    0.1012720330E+01
  1133    0.1035326753E+01
  1134    0.1027056366E+01
  1135    0.9731306368E+00
  1136    0.9357174556E+00
  1137    0.9423368704E+00
  1138    0.9705042300E+00
  1139    0.9957416759E+00
  1140    0.1002820710E+01
  1141    0.9904106833E+00
  1142    0.9672555503E+00
  1143    0.9625549886E+00
  1144    0.1001709137E+01
  1145    0.1046565605E+01
  1146    0.1039506366E+01
  1147    0.1000658494E+01
  1148    0.9717800837E+00
  1149    0.9709503344E+00
  1150    0.1010378395E+01
  1151    0.1074714260E+01
  1152    0.1133879735E+01
  1153    0.1159696868E+01
  1154    0.1113827213E+01
  1155    0.1040073792E+01
  1156    0.1010800602E+01
  1157    0.1044270108E+01
  1158    0.1093621780E+01
  1159    0.1098443293E+01
  1160    0.1070688163E+01
  1161    0.1064349410E+01
  1162    0.1098292186E+01
  1163    0.1134076630E+01
  1164    0.1144538084E+01
  1165    0.1117766556E+01
  1166    0.1086415374E+01
  1167    0.1102796621E+01
  1168    0.1158467798E+01
  1169    0.1180278880E+01
  1170    0.1160714415E+01
  1171    0.1132530795E+01
  1172    0.1073473891E+01
  1173    0.1034935939E+01
  1174    0.1023706352E+01
  1175    0.1010749565E+01
  1176    0.9973026475E+00
  1177    0.1004744053E+01
  1178    0.1015394220E+01
  1179    0.1021254872E+01
  1180    0.1030404109E+01
  1181    0.1043332079E+01
  1182    0.1048818222E+01
  1183    0.1027320552E+01
  1184    0.9923520501E+00
  1185    0.9759747008E+00
  1186    0.9735950831E+00
  1187    0.9739797684E+00
  1188    0.9844263832E+00
  1189    0.9952494498E+00
  1190    0.1002769008E+01
  1191    0.1009269825E+01
  1192    0.1006767098E+01
  1193    0.1007513867E+01
  1194    0.1019649408E+01
  1195    0.1033733631E+01
  1196    0.1037168994E+01
  1197    0.1012572205E+01
  1198    0.9742490717E+00
  1199    0.9570774275E+00
  1200    0.9596012144E+00
  1201    0.9662241666E+00
  1202    0.9747777356E+00
  1203    0.9835074253E+00
  1204    0.9882490691E+00
  1205    0.9826720184E+00
  1206    0.9719804168E+00
  1207    0.9627733995E+00
  1208    0.9670750562E+00
  1209    0.9849086790E+00
  1210    0.9947330982E+00
  1211    0.9829358401E+00
  1212    0.9723905487E+00
  1213    0.9820975842E+00
  1214    0.1000729923E+01
  1215    0.1002409909E+01
  1216    0.9860367311E+00
  1217    0.9722901342E+00
  1218    0.9691414483E+00
  1219    0.9725193330E+00
  1220    0.9786759900E+00
  1221    0.9912809920E+00
  1222    0.1003321650E+01
  1223    0.1012601365E+01
  1224    0.1017366467E+01
  1225    0.1008026739E+01
  1226    0.9884499464E+00
  1227    0.9807673819E+00
  1228    0.9890910804E+00
  1229    0.1005042987E+01
  1230    0.1015852168E+01
  1231    0.1009633482E+01
  1232    0.9965099069E+00
  1233    0.9937676245E+00
  1234    0.9900982420E+00
  1235    0.9825615051E+00
  1236    0.9869669575E+00
  1237    0.1003082306E+01
  1238    0.1009304361E+01
  1239    0.1001510387E+01
  1240    0.9971156633E+00
  1241    0.1002565008E+01
  1242    0.1011578472E+01
  1243    0.1010409154E+01
  1244    0.1003105005E+01
  1245    0.9981614905E+00
  1246    0.9900319052E+00
  1247    0.9788713988E+00
  1248    0.9814505317E+00
  1249    0.1001166680E+01
  1250    0.1020540624E+01
  1251    0.1020814375E+01
  1252    0.1010579527E+01
  1253    0.1007404118E+01
  1254    0.1009746079E+01
  1255    0.1010214753E+01
  1256    0.1003077879E+01
  1257    0.9960389557E+00
  1258    0.9950163488E+00
  1259    0.9996161282E+00
  1260    0.1006697800E+01
  1261    0.1011975922E+01
  1262    0.1008524480E+01
  1263    0.1007631653E+01
  1264    0.1015915675E+01
  1265    0.1020597710E+01
  1266    0.1016422856E+01
  1267    0.1010793106E+01
  1268    0.1006547949E+01
  1269    0.1001733568E+01
  1270    0.9970310956E+00
  1271    0.9979626842E+00
  1272    0.1002872079E+01
  1273    0.1008560608E+01
  1274    0.1012083601E+01
  1275    0.1006068577E+01
  1276    0.9976811268E+00
  1277    0.9942073283E+00
  1278    0.9930270446E+00
  1279    0.9943060468E+00
  1280    0.9962421267E+00
  1281    0.9968962740E+00
  1282    0.9987676061E+00
  1283    0.1002405309E+01
  1284    0.1003210700E+01
  1285    0.1005282181E+01
  1286    0.1010029202E+01
  1287    0.1009399251E+01
  1288    0.1006473136E+01
  1289    0.1007677486E+01
  1290    0.1008062051E+01
  1291    0.1005687852E+01
  1292    0.1007482147E+01
  1293    0.1011445988E+01
  1294    0.1008868811E+01
  1295    0.1001931877E+01
  1296    0.1000868222E+01
  1297    0.1005851699E+01
  1298    0.1012480238E+01
  1299    0.1015535556E+01
  1300    0.1013200404E+01
  1301    0.1009038889E+01
  1302    0.1005089501E+01
  1303    0.1003305514E+01
  1304    0.1005083159E+01
  1305    0.1007572273E+01
  1306    0.1008792226E+01
  1307    0.1009302327E+01
  1308    0.1007744000E+01
  1309    0.1006459024E+01
  1310    0.1007304909E+01
  1311    0.1008727515E+01
  1312    0.1009651420E+01
  1313    0.1010236430E+01
  1314    0.1009674555E+01
  1315    0.1007315961E+01
  1316    0.1004831584E+01
  1317    0.1004231477E+01
  1318    0.1005690020E+01
  1319    0.1008288975E+01
  1320    0.1011219470E+01
  1321    0.1012298937E+01
  1322    0.1010867573E+01
  1323    0.1009476536E+01
  1324    0.1009856007E+01
  1325    0.1010250305E+01
  1326    0.1010146425E+01
  1327    0.1010081192E+01
  1328    0.1009129678E+01
  1329    0.1007253725E+01
  1330    0.1006331565E+01
  1331    0.1007313842E+01
  1332    0.1008676676E+01
  1333    0.1008962377E+01
  1334    0.1008345216E+01
  1335    0.1007764893E+01
  1336    0.1006472317E+01
  1337    0.1005039732E+01
  1338    0.1004030261E+01
  1339    0.1003925991E+01
  1340    0.1004177117E+01
  1341    0.1003224805E+01
  1342    0.1001811610E+01
  1343    0.1001288802E+01
  1344    0.1001187479E+01
  1345    0.1000868264E+01
  1346    0.1000397534E+01
  1347    0.1000120965E+01
  1348    0.1000030526E+01
  1349    0.1000007631E+01
  1350    0.1000001908E+01
  1351    0.1000000477E+01
  1352    0.1000000119E+01
  1353    0.1000000030E+01
  1354    0.1000000007E+01
  1355    0.1000000002E+01
  1356    0.1000000000E+01
  1357    0.1000000000E+01
  1358    0.1000000000E+01
  1359    0.1000000000E+01
  1360    0.1000000000E+01
  1361    0.1000000000E+01
  1362    0.1000000000E+01
  1363    0.1000000000E+01
  1364    0.1000000000E+01
  1365    0.1000000000E+01
  1366    0.1000000000E+01
  1367    0.1000000000E+01
  1368    0.1000000000E+01
  1369    0.1000000000E+01
  1370    0.1000000000E+01
  1371    0.1000000000E+01
  1372    0.1000000000E+01
  1373    0.1000000000E+01
  1374    0.1000000000E+01
  1375    0.1000000000E+01
  1376    0.1000000000E+01
  1377    0.1000000000E+01
  1378    0.1000000000E+01
  1379    0.1000000000E+01
  1380    0.1000000000E+01
  1381    0.1000000000E+01
  1382    0.1000000000E+01
  1383    0.1000000000E+01
  1384    0.1000000000E+01
  1385    0.1000000000E+01
  1386    0.1000000000E+01
  1387    0.1000000000E+01
  1388    0.1000000000E+01
  1389    0.1000000000E+01
  1390    0.1000000000E+01
  1391    0.1000000000E+01
  1392    0.1000000000E+01
  1393    0.1000000000E+01
  1394    0.1000000000E+01
  1395    0.1000000000E+01
  1396    0.1000000000E+01
  1397    0.1000000000E+01
  1398    0.1000000000E+01
  1399    0.1000000000E+01
  1400    0.1000000000E+01
  1401    0.1000000000E+01
  1402    0.1000000000E+01
  1403    0.1000000000E+01
  1404    0.1000000000E+01
  1405    0.1000000000E+01
  1406    0.1000000000E+01
  1407    0.1000000000E+01
  1408    0.1000000000E+01
  1409    0.1000000000E+01
  1410    0.1000000000E+01
  1411    0.1000000000E+01
  1412    0.1000000000E+01
  1413    0.1000000000E+01
  1414    0.1000000000E+01
  1415    0.1000000000E+01
  1416    0.1000000000E+01
  1417    0.1000000000E+01
  1418    0.1000000000E+01
  1419    0.1000000000E+01
  1420    0.1000000000E+01
  1421    0.1000000000E+01
  1422    0.1000000000E+01
  1423    0.1000000000E+01
  1424    0.1000000000E+01
  1425    0.1000000000E+01
  1426    0.1000000000E+01
  1427    0.1000000000E+01
  1428    0.1000000000E+01
  1429    0.1000000000E+01
  1430    0.1000000000E+01
  1431    0.1000000000E+01
  1432    0.1000000000E+01
  1433    0.1000000000E+01
  1434    0.1000000000E+01
  1435    0.1000000000E+01
  1436    0.1000000000E+01
  1437    0.1000000000E+01
  1438    0.1000000000E+01
  1439    0.1000000000E+01
  1440    0.1000000000E+01
  1441    0.1000000000E+01
  1442    0.1000000000E+01
  1443    0.1000000000E+01
  1444    0.1000000000E+01
  1445    0.1000000000E+01
  1446    0.1000000000E+01
  1447    0.1000000000E+01
  1448    0.1000000000E+01
  1449    0.1000000000E+01
  1450    0.1000000000E+01
  1451    0.1000000000E+01
  1452    0.1000000000E+01
  1453    0.1000000000E+01
  1454    0.1000000000E+01
  1455    0.1000000000E+01
  1456    0.1000000000E+01
  1457    0.1000000000E+01
  1458    0.1000000000E+01
  1459    0.1000000000E+01
  1460    0.1000000000E+01
  1461    0.1000000000E+01
  1462    0.1000000000E+01
  1463    0.1000000000E+01
  1464    0.1000000000E+01
  1465    0.1000000000E+01
  1466    0.1000000000E+01
  1467    0.1000000000E+01
  1468    0.1000000000E+01
  1469    0.1000000000E+01
  1470    0.1000000000E+01
  1471    0.1000000000E+01
  1472    0.1000000000E+01
  1473    0.1000000000E+01
  1474    0.1000000000E+01
  1475    0.1000000000E+01
  1476    0.1000000000E+01
  1477    0.1000000000E+01
  1478    0.1000000000E+01
  1479    0.1000000000E+01
  1480    0.1000000000E+01
  1481    0.1000000000E+01
  1482    0.1000000000E+01
  1483    0.1000000000E+01
  1484    0.1000000000E+01
  1485    0.1000000000E+01
  1486    0.1000000000E+01
  1487    0.1000000000E+01
  1488    0.1000000000E+01
  1489    0.1000000000E+01
  1490    0.1000000000E+01
  1491    0.1000000000E+01
  1492    0.1000000000E+01
  1493    0.1000000000E+01
  1494    0.1000000000E+01
  1495    0.1000000000E+01
  1496    0.1000000000E+01
  1497    0.1000000000E+01
  1498    0.1000000000E+01
  1499    0.1000000000E+01
  1500    0.8337500000E+00
  1501    0.1662500000E+00
  1502    0.0000000000E+00
