    -1    0.0000000000E+00
     0    0.1238477797E+00
     1    0.4795151705E+00
     2    0.3648105824E+00
     3    0.2701452037E+00
     4    0.4208572300E+00
     5    0.3427067404E+00
     6    0.3754706600E+00
     7    0.4717624087E+00
     8    0.4331087556E+00
     9    0.3406722715E+00
    10    0.3379687139E+00
    11    0.4670731581E+00
    12    0.4534777255E+00
    13    0.3429645375E+00
    14    0.4782835106E+00
    15    0.4612377976E+00
    16    0.4085159882E+00
    17    0.3105188272E+00
    18    0.2447171102E+00
    19    0.4087374464E+00
    20    0.3020473240E+00
    21    0.2912436506E+00
    22    0.3192334878E+00
    23    0.4201825145E+00
    24    0.4415191433E+00
    25    0.3801806819E+00
    26    0.4888743958E+00
    27    0.4916022947E+00
    28    0.4211498692E+00
    29    0.5748644120E+00
    30    0.4384902248E+00
    31    0.3680314764E+00
    32    0.3952786689E+00
    33    0.2500209193E+00
    34    0.2075176253E+00
    35    0.3493044524E+00
    36    0.5088574281E+00
    37    0.4176238951E+00
    38    0.4400906151E+00
    39    0.4514052809E+00
    40    0.5383813563E+00
    41    0.4945951170E+00
    42    0.3605532181E+00
    43    0.6730510338E+00
    44    0.5728878876E+00
    45    0.4968978372E+00
    46    0.5039246123E+00
    47    0.5131292486E+00
    48    0.3971009550E+00
    49    0.3485113095E+00
    50    0.3971432852E+00
    51    0.4046305540E+00
    52    0.4086065331E+00
    53    0.5299768469E+00
    54    0.6517276785E+00
    55    0.3631439145E+00
    56    0.3412822500E+00
    57    0.4497092996E+00
    58    0.4849034936E+00
    59    0.4099012498E+00
    60    0.6925209572E+00
    61    0.5521480964E+00
    62    0.3604700342E+00
    63    0.5747869999E+00
    64    0.5754932476E+00
    65    0.3877929322E+00
    66    0.4282107579E+00
    67    0.3997381407E+00
    68    0.4983756666E+00
    69    0.5311371141E+00
    70    0.5935259866E+00
    71    0.4776531243E+00
    72    0.2847347482E+00
    73    0.3956906089E+00
    74    0.5262573730E+00
    75    0.6470382368E+00
    76    0.5070126866E+00
    77    0.5348513919E+00
    78    0.4911873643E+00
    79    0.5435581062E+00
    80    0.2748943579E+00
    81    0.3098877321E+00
    82    0.5023316435E+00
    83    0.6018844121E+00
    84    0.7064523935E+00
    85    0.4791640803E+00
    86    0.3649721899E+00
    87    0.6412474468E+00
    88    0.7646220012E+00
    89    0.7490344356E+00
    90    0.5635768196E+00
    91    0.5742407032E+00
    92    0.6764451568E+00
    93    0.4833193603E+00
    94    0.4253188066E+00
    95    0.6328114086E+00
    96    0.7378886932E+00
    97    0.3964923122E+00
    98    0.7280676422E+00
    99    0.9418549454E+00
   100    0.6170680473E+00
   101    0.1013398236E+01
   102    0.1021651250E+01
   103    0.1067960261E+01
   104    0.1155969250E+01
   105    0.1059059407E+01
   106    0.9856847524E+00
   107    0.5641489615E+00
   108    0.6945828584E+00
   109    0.1006802687E+01
   110    0.1113251039E+01
   111    0.1229170244E+01
   112    0.1138682493E+01
   113    0.8529178926E+00
   114    0.7353053415E+00
   115    0.7602572390E+00
   116    0.6592119523E+00
   117    0.1165153738E+01
   118    0.1339061678E+01
   119    0.7348725145E+00
   120    0.1003639583E+01
   121    0.9203332720E+00
   122    0.1157163242E+01
   123    0.9728329477E+00
   124    0.1017437630E+01
   125    0.1370007080E+01
   126    0.1436669257E+01
   127    0.1393415059E+01
   128    0.1603587033E+01
   129    0.1094151660E+01
   130    0.1887863351E+01
   131    0.1776604977E+01
   132    0.2135930138E+01
   133    0.2213941743E+01
   134    0.1490884546E+01
   135    0.2058309099E+01
   136    0.2327262255E+01
   137    0.2465595140E+01
   138    0.2264906095E+01
   139    0.2414297357E+01
   140    0.2056702644E+01
   141    0.2586524712E+01
   142    0.2321549603E+01
   143    0.1886876959E+01
   144    0.1591015449E+01
   145    0.1265746458E+01
   146    0.1317483169E+01
   147    0.1413186147E+01
   148    0.7097670314E+00
   149    0.8476861281E+00
   150    0.8783735789E+00
   151    0.1449551362E+01
   152    0.1065002367E+01
   153    0.1088068735E+01
   154    0.8467645896E+00
   155    0.1228727286E+01
   156    0.1204025973E+01
   157    0.1105740158E+01
   158    0.1892843432E+01
   159    0.1433231619E+01
   160    0.1418123291E+01
   161    0.1174121399E+01
   162    0.1004175443E+01
   163    0.9597556564E+00
   164    0.6338988936E+00
   165    0.6792342990E+00
   166    0.8866474202E+00
   167    0.7497726380E+00
   168    0.1031575656E+01
   169    0.7676575098E+00
   170    0.9595654215E+00
   171    0.6571942666E+00
   172    0.7887361044E+00
   173    0.7711790793E+00
   174    0.7696102266E+00
   175    0.8188566373E+00
   176    0.7323731789E+00
   177    0.5773195203E+00
   178    0.8225434027E+00
   179    0.5545412808E+00
   180    0.3782919533E+00
   181    0.6140261323E+00
   182    0.7368284396E+00
   183    0.6283412356E+00
   184    0.7297206470E+00
   185    0.5933775211E+00
   186    0.6536520887E+00
   187    0.5051425380E+00
   188    0.6350712525E+00
   189    0.4340280292E+00
   190    0.6531476562E+00
   191    0.7312512358E+00
   192    0.6183451055E+00
   193    0.6635742098E+00
   194    0.4700617122E+00
   195    0.4339193886E+00
   196    0.5821478289E+00
   197    0.5987446134E+00
   198    0.4829774283E+00
   199    0.5114777011E+00
   200    0.5695212909E+00
   201    0.6862288200E+00
   202    0.6393913508E+00
   203    0.4130129517E+00
   204    0.3790279455E+00
   205    0.4446632253E+00
   206    0.7691067856E+00
   207    0.6040432892E+00
   208    0.4177296182E+00
   209    0.7920161426E+00
   210    0.4036569787E+00
   211    0.2915499329E+00
   212    0.4930759539E+00
   213    0.6572547257E+00
   214    0.4881859983E+00
   215    0.4139308849E+00
   216    0.6722870443E+00
   217    0.6639140311E+00
   218    0.4183535399E+00
   219    0.4517579431E+00
   220    0.3788159476E+00
   221    0.3627644547E+00
   222    0.4135118986E+00
   223    0.3951557321E+00
   224    0.4822254182E+00
   225    0.6200585267E+00
   226    0.5357534444E+00
   227    0.4696604873E+00
   228    0.4110810545E+00
   229    0.3902450852E+00
   230    0.3142034105E+00
   231    0.5826930839E+00
   232    0.4279108699E+00
   233    0.3780138847E+00
   234    0.3892009520E+00
   235    0.5999076357E+00
   236    0.5688027384E+00
   237    0.5195375345E+00
   238    0.4205804089E+00
   239    0.3933956864E+00
   240    0.6098236841E+00
   241    0.6111354634E+00
   242    0.4641550709E+00
   243    0.3571893190E+00
   244    0.3290904786E+00
   245    0.4129558633E+00
   246    0.2451430343E+00
   247    0.3419631680E+00
   248    0.6023571082E+00
   249    0.5659828298E+00
   250    0.3225560379E+00
   251    0.3728869137E+00
   252    0.5068552973E+00
   253    0.3273983370E+00
   254    0.4729857784E+00
   255    0.5886313875E+00
   256    0.5540797327E+00
   257    0.4430205967E+00
   258    0.4772366034E+00
   259    0.4853714733E+00
   260    0.4779829214E+00
   261    0.3538215962E+00
   262    0.4547642703E+00
   263    0.3648872006E+00
   264    0.5467601299E+00
   265    0.4289885083E+00
   266    0.4454725518E+00
   267    0.5497863291E+00
   268    0.3630643733E+00
   269    0.5528025707E+00
   270    0.4176226733E+00
   271    0.5335477926E+00
   272    0.5655353016E+00
   273    0.6431905807E+00
   274    0.2741791243E+00
   275    0.4400369268E+00
   276    0.5477300103E+00
   277    0.6610839584E+00
   278    0.6515455153E+00
   279    0.4164759639E+00
   280    0.4413771945E+00
   281    0.5945139551E+00
   282    0.4120999259E+00
   283    0.4332976845E+00
   284    0.5103142138E+00
   285    0.6069973289E+00
   286    0.5653788290E+00
   287    0.4404485764E+00
   288    0.6000791591E+00
   289    0.5812701348E+00
   290    0.4238007374E+00
   291    0.6495872867E+00
   292    0.6394113946E+00
   293    0.2805602803E+00
   294    0.6094505136E+00
   295    0.8397092536E+00
   296    0.5610251465E+00
   297    0.4022959491E+00
   298    0.7513244804E+00
   299    0.4410419793E+00
   300    0.5836683640E+00
   301    0.7894598003E+00
   302    0.8680405397E+00
   303    0.7664364073E+00
   304    0.5168441341E+00
   305    0.9132896165E+00
   306    0.6341731219E+00
   307    0.7207483733E+00
   308    0.7804032934E+00
   309    0.6447375904E+00
   310    0.7499474927E+00
   311    0.4886660722E+00
   312    0.9075544046E+00
   313    0.6495547300E+00
   314    0.5358826749E+00
   315    0.9109629263E+00
   316    0.8344326630E+00
   317    0.6975994086E+00
   318    0.7764421744E+00
   319    0.7907508205E+00
   320    0.8757918519E+00
   321    0.7827039104E+00
   322    0.9769748886E+00
   323    0.8113374817E+00
   324    0.1071819320E+01
   325    0.1023617867E+01
   326    0.8623517647E+00
   327    0.6049064279E+00
   328    0.5797111187E+00
   329    0.5273515828E+00
   330    0.1019294766E+01
   331    0.8353869429E+00
   332    0.7157061187E+00
   333    0.6004746209E+00
   334    0.8974671123E+00
   335    0.1130526562E+01
   336    0.1248275999E+01
   337    0.1140869997E+01
   338    0.8404963081E+00
   339    0.1275408641E+01
   340    0.1174173997E+01
   341    0.1181265922E+01
   342    0.8870353298E+00
   343    0.1399004708E+01
   344    0.1293864075E+01
   345    0.1066642601E+01
   346    0.1302401702E+01
   347    0.1202731388E+01
   348    0.1630888919E+01
   349    0.1718909057E+01
   350    0.9070273444E+00
   351    0.8903283631E+00
   352    0.1408808648E+01
   353    0.1078800394E+01
   354    0.1482940426E+01
   355    0.1458279504E+01
   356    0.1682385020E+01
   357    0.1466191817E+01
   358    0.8614588302E+00
   359    0.6362743276E+00
   360    0.1036269992E+01
   361    0.1188245447E+01
   362    0.9118361318E+00
   363    0.1027864334E+01
   364    0.1176910772E+01
   365    0.1348109892E+01
   366    0.9039440623E+00
   367    0.9077704550E+00
   368    0.1063365565E+01
   369    0.7519894639E+00
   370    0.7260044754E+00
   371    0.9226329210E+00
   372    0.9560882152E+00
   373    0.8035738819E+00
   374    0.1013919295E+01
   375    0.1079726911E+01
   376    0.6580804300E+00
   377    0.1119124912E+01
   378    0.8626724184E+00
   379    0.7523901410E+00
   380    0.9612542553E+00
   381    0.9003320584E+00
   382    0.7531689541E+00
   383    0.7256519164E+00
   384    0.8476073854E+00
   385    0.9058859727E+00
   386    0.1014686092E+01
   387    0.7045234159E+00
   388    0.6042014803E+00
   389    0.8590774764E+00
   390    0.6132460508E+00
   391    0.9401717390E+00
   392    0.8733031111E+00
   393    0.7138848471E+00
   394    0.4744985068E+00
   395    0.7867812586E+00
   396    0.1081843261E+01
   397    0.8422764936E+00
   398    0.7695902848E+00
   399    0.7019459453E+00
   400    0.6890285072E+00
   401    0.4335194690E+00
   402    0.4276473376E+00
   403    0.9761551048E+00
   404    0.7730716383E+00
   405    0.7832672525E+00
   406    0.6675124386E+00
   407    0.6370137290E+00
   408    0.6089360512E+00
   409    0.3955573084E+00
   410    0.3913612050E+00
   411    0.6298521442E+00
   412    0.6823953707E+00
   413    0.5102040437E+00
   414    0.5089466450E+00
   415    0.6807721738E+00
   416    0.5599823267E+00
   417    0.5058723420E+00
   418    0.5909009842E+00
   419    0.7201858176E+00
   420    0.5630088540E+00
   421    0.5036668335E+00
   422    0.4877934202E+00
   423    0.6301061138E+00
   424    0.7661450304E+00
   425    0.4617337584E+00
   426    0.4838858424E+00
   427    0.5025327656E+00
   428    0.5315801018E+00
   429    0.6858972170E+00
   430    0.8111332102E+00
   431    0.4638078364E+00
   432    0.6063289752E+00
   433    0.3987856590E+00
   434    0.5626452051E+00
   435    0.7205021645E+00
   436    0.5385587561E+00
   437    0.5464656231E+00
   438    0.3839891923E+00
   439    0.2841698162E+00
   440    0.4870450476E+00
   441    0.5352876885E+00
   442    0.3525376269E+00
   443    0.3645517736E+00
   444    0.5308890903E+00
   445    0.4024409786E+00
   446    0.4383588344E+00
   447    0.6243242703E+00
   448    0.6155254699E+00
   449    0.5753467348E+00
   450    0.5935255477E+00
   451    0.5545807616E+00
   452    0.6463902360E+00
   453    0.8477967697E+00
   454    0.5066663513E+00
   455    0.5016588274E+00
   456    0.7828567357E+00
   457    0.5910265026E+00
   458    0.4939429654E+00
   459    0.5519457620E+00
   460    0.5373076409E+00
   461    0.4826878715E+00
   462    0.4105878301E+00
   463    0.4464182888E+00
   464    0.3005822026E+00
   465    0.5655331734E+00
   466    0.8226487450E+00
   467    0.4499162810E+00
   468    0.4475241638E+00
   469    0.5570857435E+00
   470    0.5039174273E+00
   471    0.5119360646E+00
   472    0.2890465077E+00
   473    0.3013150571E+00
   474    0.4750574955E+00
   475    0.6852019887E+00
   476    0.4625627514E+00
   477    0.4231926075E+00
   478    0.4421987632E+00
   479    0.4435482385E+00
   480    0.6437741639E+00
   481    0.7162952382E+00
   482    0.5022568380E+00
   483    0.4754639303E+00
   484    0.4822526367E+00
   485    0.4221097604E+00
   486    0.6807723223E+00
   487    0.7221319108E+00
   488    0.5557783044E+00
   489    0.4572446490E+00
   490    0.3726874542E+00
   491    0.3685193466E+00
   492    0.7164821592E+00
   493    0.5538719799E+00
   494    0.4015234316E+00
   495    0.6498415394E+00
   496    0.7302098248E+00
   497    0.8148055933E+00
   498    0.4496745596E+00
   499    0.7550773072E+00
   500    0.8805135640E+00
   501    0.6558953644E+00
   502    0.1031111700E+01
   503    0.9320813713E+00
   504    0.7870236969E+00
   505    0.4580053719E+00
   506    0.7837561096E+00
   507    0.9698976370E+00
   508    0.7651351350E+00
   509    0.7085768402E+00
   510    0.7105889500E+00
   511    0.8710689126E+00
   512    0.9586478421E+00
   513    0.9507133885E+00
   514    0.1454869057E+01
   515    0.1342335792E+01
   516    0.1698582204E+01
   517    0.1412848432E+01
   518    0.1097880538E+01
   519    0.1696257618E+01
   520    0.1774860336E+01
   521    0.2107563043E+01
   522    0.2771702410E+01
   523    0.2988829711E+01
   524    0.2396878508E+01
   525    0.2066551353E+01
   526    0.1818652372E+01
   527    0.1776232633E+01
   528    0.2265312980E+01
   529    0.1895134552E+01
   530    0.2074857701E+01
   531    0.2240764690E+01
   532    0.2418221923E+01
   533    0.2642207233E+01
   534    0.2577695316E+01
   535    0.1991311194E+01
   536    0.1850852027E+01
   537    0.1915709421E+01
   538    0.1827142674E+01
   539    0.1274390572E+01
   540    0.1416145712E+01
   541    0.1681669200E+01
   542    0.1558014281E+01
   543    0.1579701482E+01
   544    0.1092087968E+01
   545    0.1152687963E+01
   546    0.1051074334E+01
   547    0.8190490393E+00
   548    0.7176071694E+00
   549    0.9283149991E+00
   550    0.1062618464E+01
   551    0.6970523635E+00
   552    0.7771365620E+00
   553    0.8202949855E+00
   554    0.6402795330E+00
   555    0.6761890964E+00
   556    0.8463836164E+00
   557    0.7447304320E+00
   558    0.4889432956E+00
   559    0.5159207335E+00
   560    0.6900934907E+00
   561    0.5427658889E+00
   562    0.5656331137E+00
   563    0.7665215651E+00
   564    0.4814957386E+00
   565    0.4397001087E+00
   566    0.5702380700E+00
   567    0.4711088349E+00
   568    0.4874549337E+00
   569    0.6161106359E+00
   570    0.3311951721E+00
   571    0.5559799792E+00
   572    0.7109893156E+00
   573    0.3949695726E+00
   574    0.3715495039E+00
   575    0.3509398196E+00
   576    0.3587391013E+00
   577    0.4611159566E+00
   578    0.3875048392E+00
   579    0.4369627885E+00
   580    0.4974688340E+00
   581    0.3989307651E+00
   582    0.3610102665E+00
   583    0.1945407665E+00
   584    0.3312925604E+00
   585    0.4790328885E+00
   586    0.4787666312E+00
   587    0.4032478077E+00
   588    0.3431484689E+00
   589    0.2962731605E+00
   590    0.3273309255E+00
   591    0.2441033036E+00
   592    0.4226303730E+00
   593    0.3065845665E+00
   594    0.3129434578E+00
   595    0.3578987976E+00
   596    0.4689997856E+00
   597    0.3917299563E+00
   598    0.4663069328E+00
   599    0.1977592963E+00
   600    0.3747952564E+00
   601    0.3283982908E+00
   602    0.3158800185E+00
   603    0.3712456330E+00
   604    0.4521898519E+00
   605    0.2650417711E+00
   606    0.2791341790E+00
   607    0.2363027927E+00
   608    0.2870155589E+00
   609    0.3334210766E+00
   610    0.2559254363E+00
   611    0.3721299451E+00
   612    0.2919098164E+00
   613    0.3956437456E+00
   614    0.2677427265E+00
   615    0.3275176345E+00
   616    0.3542302736E+00
   617    0.5765482805E+00
   618    0.1952886540E+00
   619    0.1618238791E+00
   620    0.2717012071E+00
   621    0.3476820861E+00
   622    0.3063753442E+00
   623    0.2854475245E+00
   624    0.3731009756E+00
   625    0.3677361884E+00
   626    0.2063501043E+00
   627    0.2608585334E+00
   628    0.2699001389E+00
   629    0.2766788625E+00
   630    0.3213812076E+00
   631    0.3068333023E+00
   632    0.3536005800E+00
   633    0.2811939156E+00
   634    0.1918558529E+00
   635    0.1584832367E+00
   636    0.2528092339E+00
   637    0.2812402366E+00
   638    0.2955917207E+00
   639    0.1854587141E+00
   640    0.1244361891E+00
   641    0.3515837595E+00
   642    0.2387576841E+00
   643    0.2004244716E+00
   644    0.2548109055E+00
   645    0.2880410598E+00
   646    0.1984816571E+00
   647    0.2017380015E+00
   648    0.3403145347E+00
   649    0.2738760752E+00
   650    0.1520338815E+00
   651    0.2870884077E+00
   652    0.3760830623E+00
   653    0.3114819948E+00
   654    0.3423007216E+00
   655    0.2472838882E+00
   656    0.2554841576E+00
   657    0.3512658262E+00
   658    0.4127161606E+00
   659    0.4902043416E+00
   660    0.1988065535E+00
   661    0.3126811185E+00
   662    0.2394718319E+00
   663    0.4342618189E+00
   664    0.3763020679E+00
   665    0.3628500554E+00
   666    0.2641336795E+00
   667    0.3991891230E+00
   668    0.3297766311E+00
   669    0.4072121836E+00
   670    0.2993524779E+00
   671    0.2621902724E+00
   672    0.3194265552E+00
   673    0.1668298021E+00
   674    0.2358132974E+00
   675    0.3609248636E+00
   676    0.5248535054E+00
   677    0.2281885367E+00
   678    0.3808942788E+00
   679    0.4157751130E+00
   680    0.3759109266E+00
   681    0.3558829310E+00
   682    0.1696813050E+00
   683    0.3703179116E+00
   684    0.3628330675E+00
   685    0.2400657087E+00
   686    0.4998699712E+00
   687    0.5357876930E+00
   688    0.5518250632E+00
   689    0.3680213639E+00
   690    0.3275810353E+00
   691    0.3490562032E+00
   692    0.4062443737E+00
   693    0.3691725144E+00
   694    0.3011230633E+00
   695    0.6417281996E+00
   696    0.4177692842E+00
   697    0.4229780201E+00
   698    0.5482257782E+00
   699    0.4408020490E+00
   700    0.3327351601E+00
   701    0.3692417984E+00
   702    0.4279142618E+00
   703    0.3112230808E+00
   704    0.3508724051E+00
   705    0.4169380891E+00
   706    0.2576364503E+00
   707    0.5483427218E+00
   708    0.8011393418E+00
   709    0.9270938773E+00
   710    0.8122626830E+00
   711    0.8577092142E+00
   712    0.6442118068E+00
   713    0.1151449808E+01
   714    0.9665195773E+00
   715    0.1161781822E+01
   716    0.1459658348E+01
   717    0.1278569119E+01
   718    0.1200187569E+01
   719    0.1434526225E+01
   720    0.1493926349E+01
   721    0.1140893747E+01
   722    0.1113227341E+01
   723    0.1558829250E+01
   724    0.1431780809E+01
   725    0.1312789180E+01
   726    0.1268245674E+01
   727    0.1225578207E+01
   728    0.1377150591E+01
   729    0.1241310032E+01
   730    0.1039940364E+01
   731    0.1229306176E+01
   732    0.1734416795E+01
   733    0.2243708453E+01
   734    0.2150045631E+01
   735    0.1450351376E+01
   736    0.1737584817E+01
   737    0.1835160734E+01
   738    0.2007676714E+01
   739    0.1889841024E+01
   740    0.2434523592E+01
   741    0.2979332055E+01
   742    0.2809065957E+01
   743    0.2829312176E+01
   744    0.2172529801E+01
   745    0.2103027109E+01
   746    0.1790007975E+01
   747    0.1925395357E+01
   748    0.1868401003E+01
   749    0.2068411842E+01
   750    0.1851083485E+01
   751    0.2165625963E+01
   752    0.2048946263E+01
   753    0.1774375228E+01
   754    0.1643655652E+01
   755    0.1059503958E+01
   756    0.1377057954E+01
   757    0.1937091062E+01
   758    0.1379155327E+01
   759    0.1044615135E+01
   760    0.1333844446E+01
   761    0.1325246436E+01
   762    0.1540525479E+01
   763    0.1496345964E+01
   764    0.1396066158E+01
   765    0.9915132083E+00
   766    0.6649867303E+00
   767    0.8009839672E+00
   768    0.9781437682E+00
   769    0.1108444002E+01
   770    0.1242135071E+01
   771    0.1051155092E+01
   772    0.7683681607E+00
   773    0.7100622742E+00
   774    0.7537733949E+00
   775    0.1065563408E+01
   776    0.8506018941E+00
   777    0.7308994673E+00
   778    0.7078879150E+00
   779    0.7771458851E+00
   780    0.1064561208E+01
   781    0.7742556328E+00
   782    0.5589036044E+00
   783    0.7713792927E+00
   784    0.8347107661E+00
   785    0.1039731779E+01
   786    0.7753617814E+00
   787    0.7378308875E+00
   788    0.4296699715E+00
   789    0.6657053983E+00
   790    0.5613016352E+00
   791    0.5779283034E+00
   792    0.6033173536E+00
   793    0.5333260293E+00
   794    0.8109427987E+00
   795    0.4649999936E+00
   796    0.8494536220E+00
   797    0.7597088729E+00
   798    0.5518911544E+00
   799    0.6047411249E+00
   800    0.6370172314E+00
   801    0.6606494298E+00
   802    0.4934779450E+00
   803    0.4699053835E+00
   804    0.5917431885E+00
   805    0.4234109537E+00
   806    0.6567481990E+00
   807    0.6443810182E+00
   808    0.5830047263E+00
   809    0.4548103164E+00
   810    0.5416565090E+00
   811    0.6607122212E+00
   812    0.5830164880E+00
   813    0.6399390714E+00
   814    0.5274343469E+00
   815    0.7685909576E+00
   816    0.3645996451E+00
   817    0.4057011702E+00
   818    0.9073732086E+00
   819    0.3828153245E+00
   820    0.3754145679E+00
   821    0.3881244007E+00
   822    0.4238593948E+00
   823    0.4615902992E+00
   824    0.7488886821E+00
   825    0.6817759439E+00
   826    0.4874765811E+00
   827    0.2929390922E+00
   828    0.3842847039E+00
   829    0.6419779551E+00
   830    0.4183335261E+00
   831    0.6203802431E+00
   832    0.3943764388E+00
   833    0.4449677391E+00
   834    0.6776516110E+00
   835    0.5407342868E+00
   836    0.4644123711E+00
   837    0.5882189192E+00
   838    0.6787719464E+00
   839    0.4910439834E+00
   840    0.4065699185E+00
   841    0.4152912852E+00
   842    0.6325971556E+00
   843    0.5391704823E+00
   844    0.6203686582E+00
   845    0.4928021255E+00
   846    0.4496904450E+00
   847    0.9648818592E+00
   848    0.4222500696E+00
   849    0.4290719705E+00
   850    0.4413261325E+00
   851    0.4277003108E+00
   852    0.5179013979E+00
   853    0.5616815538E+00
   854    0.5513412704E+00
   855    0.5752307282E+00
   856    0.7616573802E+00
   857    0.7278760863E+00
   858    0.6824871777E+00
   859    0.3944133833E+00
   860    0.6872206572E+00
   861    0.8558815254E+00
   862    0.4839644344E+00
   863    0.5663058199E+00
   864    0.5702621853E+00
   865    0.6646290789E+00
   866    0.6321384527E+00
   867    0.5577237348E+00
   868    0.6464126491E+00
   869    0.9060744275E+00
   870    0.6358848613E+00
   871    0.7128490984E+00
   872    0.8364311413E+00
   873    0.7362904410E+00
   874    0.7004954378E+00
   875    0.6644900622E+00
   876    0.7666453212E+00
   877    0.9911750539E+00
   878    0.1087110608E+01
   879    0.1080787468E+01
   880    0.5960289407E+00
   881    0.9302629800E+00
   882    0.9604271007E+00
   883    0.9727571164E+00
   884    0.1399414431E+01
   885    0.1105602569E+01
   886    0.5548311016E+00
   887    0.3496185621E+00
   888    0.1247848289E+01
   889    0.1405412202E+01
   890    0.1269884612E+01
   891    0.1054812945E+01
   892    0.1431504068E+01
   893    0.1210574466E+01
   894    0.1185257156E+01
   895    0.1238016528E+01
   896    0.1567690377E+01
   897    0.1537074912E+01
   898    0.1327298813E+01
   899    0.1251773390E+01
   900    0.1426047183E+01
   901    0.1451692846E+01
   902    0.1627930521E+01
   903    0.1332933767E+01
   904    0.1299034804E+01
   905    0.1313626401E+01
   906    0.1106728824E+01
   907    0.1138420451E+01
   908    0.1254507074E+01
   909    0.1260877997E+01
   910    0.1374911139E+01
   911    0.1420226801E+01
   912    0.1499722730E+01
   913    0.1428353869E+01
   914    0.1409188706E+01
   915    0.1453575123E+01
   916    0.1447473080E+01
   917    0.1368287079E+01
   918    0.1335099935E+01
   919    0.1237982784E+01
   920    0.1361949884E+01
   921    0.1249155120E+01
   922    0.1168004503E+01
   923    0.1231069663E+01
   924    0.1134283851E+01
   925    0.1127651699E+01
   926    0.1212031421E+01
   927    0.1298580911E+01
   928    0.1190318080E+01
   929    0.1309762055E+01
   930    0.1367961456E+01
   931    0.1288104142E+01
   932    0.1277455468E+01
   933    0.1376148155E+01
   934    0.1481326484E+01
   935    0.1421118398E+01
   936    0.1293082636E+01
   937    0.1211790012E+01
   938    0.1187273381E+01
   939    0.1225840350E+01
   940    0.1215629802E+01
   941    0.1117645840E+01
   942    0.1045940545E+01
   943    0.1024145539E+01
   944    0.1020220104E+01
   945    0.1032374206E+01
   946    0.1042058273E+01
   947    0.1036689013E+01
   948    0.1080922743E+01
   949    0.1149092450E+01
   950    0.1101453400E+01
   951    0.9998317475E+00
   952    0.9595209411E+00
   953    0.9378881007E+00
   954    0.9456471636E+00
   955    0.9460150741E+00
   956    0.9378162724E+00
   957    0.9294297867E+00
   958    0.9269705329E+00
   959    0.9462400834E+00
   960    0.9842335217E+00
   961    0.1004224862E+01
   962    0.9767650638E+00
   963    0.9284325929E+00
   964    0.8848731133E+00
   965    0.8703292284E+00
   966    0.8742121755E+00
   967    0.8846102747E+00
   968    0.8880026488E+00
   969    0.8759265639E+00
   970    0.8717274774E+00
   971    0.9496191994E+00
   972    0.1011681234E+01
   973    0.9996648705E+00
   974    0.1052769857E+01
   975    0.1219222826E+01
   976    0.1175178396E+01
   977    0.9833214411E+00
   978    0.8707539840E+00
   979    0.8108487624E+00
   980    0.7967123775E+00
   981    0.8108543828E+00
   982    0.8202739969E+00
   983    0.8298995709E+00
   984    0.8440853716E+00
   985    0.9140010435E+00
   986    0.9871591433E+00
   987    0.9327727918E+00
   988    0.8560093387E+00
   989    0.8192092567E+00
   990    0.8245947555E+00
   991    0.8771868438E+00
   992    0.8917883464E+00
   993    0.8496482223E+00
   994    0.8499469018E+00
   995    0.8716834842E+00
   996    0.8858022600E+00
   997    0.9070989756E+00
   998    0.8978284412E+00
   999    0.8624104288E+00
  1000    0.8245188139E+00
  1001    0.7914814519E+00
  1002    0.8039783598E+00
  1003    0.8161715736E+00
  1004    0.8120964168E+00
  1005    0.8153980285E+00
  1006    0.8701202400E+00
  1007    0.9314262281E+00
  1008    0.9106220309E+00
  1009    0.8368332058E+00
  1010    0.8421013549E+00
  1011    0.8840386415E+00
  1012    0.9108836933E+00
  1013    0.9306403621E+00
  1014    0.9488265031E+00
  1015    0.9268481474E+00
  1016    0.8738981146E+00
  1017    0.8637504283E+00
  1018    0.9028077615E+00
  1019    0.9214120381E+00
  1020    0.8655959815E+00
  1021    0.8348102927E+00
  1022    0.8429459781E+00
  1023    0.8514937450E+00
  1024    0.8466957119E+00
  1025    0.8576057111E+00
  1026    0.8533241099E+00
  1027    0.8267593767E+00
  1028    0.8249859648E+00
  1029    0.8441161714E+00
  1030    0.8850484320E+00
  1031    0.9189178777E+00
  1032    0.8940195354E+00
  1033    0.8657811110E+00
  1034    0.8797606441E+00
  1035    0.9388247925E+00
  1036    0.9593386948E+00
  1037    0.9195132462E+00
  1038    0.8770560973E+00
  1039    0.8634828384E+00
  1040    0.8610407243E+00
  1041    0.8583541827E+00
  1042    0.8788328518E+00
  1043    0.9407035645E+00
  1044    0.9944227460E+00
  1045    0.9760413691E+00
  1046    0.9154912230E+00
  1047    0.8801629667E+00
  1048    0.8637683647E+00
  1049    0.8840186105E+00
  1050    0.9091532652E+00
  1051    0.9045130029E+00
  1052    0.8869296327E+00
  1053    0.8991749272E+00
  1054    0.9423169102E+00
  1055    0.9860441222E+00
  1056    0.1015801880E+01
  1057    0.1028055876E+01
  1058    0.1016183358E+01
  1059    0.1007658667E+01
  1060    0.1036944676E+01
  1061    0.1115818810E+01
  1062    0.1202181395E+01
  1063    0.1226482173E+01
  1064    0.1141657390E+01
  1065    0.1075615478E+01
  1066    0.1050625273E+01
  1067    0.1033521620E+01
  1068    0.1052827586E+01
  1069    0.1063352509E+01
  1070    0.1043049871E+01
  1071    0.1059551679E+01
  1072    0.1123198241E+01
  1073    0.1179454832E+01
  1074    0.1163293606E+01
  1075    0.1116817007E+01
  1076    0.1111515750E+01
  1077    0.1087809932E+01
  1078    0.1044817464E+01
  1079    0.1050650394E+01
  1080    0.1057841591E+01
  1081    0.1063452215E+01
  1082    0.1087183904E+01
  1083    0.1099659437E+01
  1084    0.1102055530E+01
  1085    0.1091084820E+01
  1086    0.1067418106E+01
  1087    0.1073429650E+01
  1088    0.1108565255E+01
  1089    0.1094503460E+01
  1090    0.1073660978E+01
  1091    0.1096658116E+01
  1092    0.1095914997E+01
  1093    0.1051563784E+01
  1094    0.1003376541E+01
  1095    0.9736678611E+00
  1096    0.9833665513E+00
  1097    0.1024223344E+01
  1098    0.1066797654E+01
  1099    0.1078569821E+01
  1100    0.1068954088E+01
  1101    0.1059029627E+01
  1102    0.1035398477E+01
  1103    0.1017629802E+01
  1104    0.1006855740E+01
  1105    0.9947265075E+00
  1106    0.9916373344E+00
  1107    0.1002989634E+01
  1108    0.1032889558E+01
  1109    0.1069567856E+01
  1110    0.1066312430E+01
  1111    0.1007589309E+01
  1112    0.9749152921E+00
  1113    0.9971502468E+00
  1114    0.1029636147E+01
  1115    0.1046750771E+01
  1116    0.1072957687E+01
  1117    0.1075715998E+01
  1118    0.1028705773E+01
  1119    0.9822447793E+00
  1120    0.9560093991E+00
  1121    0.9429098051E+00
  1122    0.9444436578E+00
  1123    0.9481165255E+00
  1124    0.9508769087E+00
  1125    0.9610447830E+00
  1126    0.9686576656E+00
  1127    0.9647223604E+00
  1128    0.9554306542E+00
  1129    0.9501031970E+00
  1130    0.9600943015E+00
  1131    0.9757721842E+00
  1132    0.9799315464E+00
  1133    0.9830313131E+00
  1134    0.1002809279E+01
  1135    0.1014968629E+01
  1136    0.1014005735E+01
  1137    0.1022258785E+01
  1138    0.1035174946E+01
  1139    0.1029488997E+01
  1140    0.1000569497E+01
  1141    0.9799032293E+00
  1142    0.9650052622E+00
  1143    0.9631232800E+00
  1144    0.9752966474E+00
  1145    0.9837813835E+00
  1146    0.9807270038E+00
  1147    0.9788192490E+00
  1148    0.9769366933E+00
  1149    0.9731364892E+00
  1150    0.9728920974E+00
  1151    0.9765753833E+00
  1152    0.9769616184E+00
  1153    0.9677332511E+00
  1154    0.9638736615E+00
  1155    0.9794608665E+00
  1156    0.1020676083E+01
  1157    0.1059754199E+01
  1158    0.1057597324E+01
  1159    0.1028549901E+01
  1160    0.1002234374E+01
  1161    0.9868888200E+00
  1162    0.9879316909E+00
  1163    0.9967066341E+00
  1164    0.1002324340E+01
  1165    0.1003256641E+01
  1166    0.1002802769E+01
  1167    0.9980363362E+00
  1168    0.9957862026E+00
  1169    0.9982468280E+00
  1170    0.1001915725E+01
  1171    0.1010446312E+01
  1172    0.1022921509E+01
  1173    0.1022747598E+01
  1174    0.1007956095E+01
  1175    0.1000309469E+01
  1176    0.1008024860E+01
  1177    0.1014878434E+01
  1178    0.1015447254E+01
  1179    0.1018101911E+01
  1180    0.1018020371E+01
  1181    0.1012361132E+01
  1182    0.1008978180E+01
  1183    0.1011368604E+01
  1184    0.1014097818E+01
  1185    0.1015504143E+01
  1186    0.1015287613E+01
  1187    0.1018587755E+01
  1188    0.1031605717E+01
  1189    0.1048485071E+01
  1190    0.1059861674E+01
  1191    0.1060089874E+01
  1192    0.1046159485E+01
  1193    0.1029311030E+01
  1194    0.1020915109E+01
  1195    0.1015657957E+01
  1196    0.1011408658E+01
  1197    0.1005624804E+01
  1198    0.1003909952E+01
  1199    0.1006057832E+01
  1200    0.1010485228E+01
  1201    0.1017323064E+01
  1202    0.1018061312E+01
  1203    0.1010544497E+01
  1204    0.1002314713E+01
  1205    0.9956619332E+00
  1206    0.9930196627E+00
  1207    0.9946928653E+00
  1208    0.9979451969E+00
  1209    0.1001958569E+01
  1210    0.1007211015E+01
  1211    0.1016272804E+01
  1212    0.1021069050E+01
  1213    0.1016448225E+01
  1214    0.1012188922E+01
  1215    0.1007727297E+01
  1216    0.1002833174E+01
  1217    0.1003770649E+01
  1218    0.1010009626E+01
  1219    0.1015433208E+01
  1220    0.1014377774E+01
  1221    0.1010495814E+01
  1222    0.1007164262E+01
  1223    0.1007194071E+01
  1224    0.1009964428E+01
  1225    0.1011545906E+01
  1226    0.1012986969E+01
  1227    0.1014393333E+01
  1228    0.1013332941E+01
  1229    0.1012529319E+01
  1230    0.1013671382E+01
  1231    0.1013668729E+01
  1232    0.1010901849E+01
  1233    0.1007014914E+01
  1234    0.1003818803E+01
  1235    0.1002723006E+01
  1236    0.1003185788E+01
  1237    0.1004184600E+01
  1238    0.1006589559E+01
  1239    0.1009330216E+01
  1240    0.1008899869E+01
  1241    0.1005681915E+01
  1242    0.1005122327E+01
  1243    0.1008257275E+01
  1244    0.1010603904E+01
  1245    0.1010982677E+01
  1246    0.1012842291E+01
  1247    0.1014198495E+01
  1248    0.1011644192E+01
  1249    0.1008002104E+01
  1250    0.1006826950E+01
  1251    0.1007391300E+01
  1252    0.1006955325E+01
  1253    0.1005513370E+01
  1254    0.1005605751E+01
  1255    0.1007224631E+01
  1256    0.1008271953E+01
  1257    0.1007436107E+01
  1258    0.1006028002E+01
  1259    0.1005436880E+01
  1260    0.1004422920E+01
  1261    0.1002724303E+01
  1262    0.1001834781E+01
  1263    0.1001891322E+01
  1264    0.1002382827E+01
  1265    0.1002706346E+01
  1266    0.1002150406E+01
  1267    0.1001269353E+01
  1268    0.1000660133E+01
  1269    0.1000479461E+01
  1270    0.1000615861E+01
  1271    0.1000543832E+01
  1272    0.1000245630E+01
  1273    0.1000071025E+01
  1274    0.1000017763E+01
  1275    0.1000004441E+01
  1276    0.1000001110E+01
  1277    0.1000000278E+01
  1278    0.1000000069E+01
  1279    0.1000000017E+01
  1280    0.1000000004E+01
  1281    0.1000000001E+01
  1282    0.1000000000E+01
  1283    0.1000000000E+01
  1284    0.1000000000E+01
  1285    0.1000000000E+01
  1286    0.1000000000E+01
  1287    0.1000000000E+01
  1288    0.1000000000E+01
  1289    0.1000000000E+01
  1290    0.1000000000E+01
  1291    0.1000000000E+01
  1292    0.1000000000E+01
  1293    0.1000000000E+01
  1294    0.1000000000E+01
  1295    0.1000000000E+01
  1296    0.1000000000E+01
  1297    0.1000000000E+01
  1298    0.1000000000E+01
  1299    0.1000000000E+01
  1300    0.1000000000E+01
  1301    0.1000000000E+01
  1302    0.1000000000E+01
  1303    0.1000000000E+01
  1304    0.1000000000E+01
  1305    0.1000000000E+01
  1306    0.1000000000E+01
  1307    0.1000000000E+01
  1308    0.1000000000E+01
  1309    0.1000000000E+01
  1310    0.1000000000E+01
  1311    0.1000000000E+01
  1312    0.1000000000E+01
  1313    0.1000000000E+01
  1314    0.1000000000E+01
  1315    0.1000000000E+01
  1316    0.1000000000E+01
  1317    0.1000000000E+01
  1318    0.1000000000E+01
  1319    0.1000000000E+01
  1320    0.1000000000E+01
  1321    0.1000000000E+01
  1322    0.1000000000E+01
  1323    0.1000000000E+01
  1324    0.1000000000E+01
  1325    0.1000000000E+01
  1326    0.1000000000E+01
  1327    0.1000000000E+01
  1328    0.1000000000E+01
  1329    0.1000000000E+01
  1330    0.1000000000E+01
  1331    0.1000000000E+01
  1332    0.1000000000E+01
  1333    0.1000000000E+01
  1334    0.1000000000E+01
  1335    0.1000000000E+01
  1336    0.1000000000E+01
  1337    0.1000000000E+01
  1338    0.1000000000E+01
  1339    0.1000000000E+01
  1340    0.1000000000E+01
  1341    0.1000000000E+01
  1342    0.1000000000E+01
  1343    0.1000000000E+01
  1344    0.1000000000E+01
  1345    0.1000000000E+01
  1346    0.1000000000E+01
  1347    0.1000000000E+01
  1348    0.1000000000E+01
  1349    0.1000000000E+01
  1350    0.1000000000E+01
  1351    0.1000000000E+01
  1352    0.1000000000E+01
  1353    0.1000000000E+01
  1354    0.1000000000E+01
  1355    0.1000000000E+01
  1356    0.1000000000E+01
  1357    0.1000000000E+01
  1358    0.1000000000E+01
  1359    0.1000000000E+01
  1360    0.1000000000E+01
  1361    0.1000000000E+01
  1362    0.1000000000E+01
  1363    0.1000000000E+01
  1364    0.1000000000E+01
  1365    0.1000000000E+01
  1366    0.1000000000E+01
  1367    0.1000000000E+01
  1368    0.1000000000E+01
  1369    0.1000000000E+01
  1370    0.1000000000E+01
  1371    0.1000000000E+01
  1372    0.1000000000E+01
  1373    0.1000000000E+01
  1374    0.1000000000E+01
  1375    0.1000000000E+01
  1376    0.1000000000E+01
  1377    0.1000000000E+01
  1378    0.1000000000E+01
  1379    0.1000000000E+01
  1380    0.1000000000E+01
  1381    0.1000000000E+01
  1382    0.1000000000E+01
  1383    0.1000000000E+01
  1384    0.1000000000E+01
  1385    0.1000000000E+01
  1386    0.1000000000E+01
  1387    0.1000000000E+01
  1388    0.1000000000E+01
  1389    0.1000000000E+01
  1390    0.1000000000E+01
  1391    0.1000000000E+01
  1392    0.1000000000E+01
  1393    0.1000000000E+01
  1394    0.1000000000E+01
  1395    0.1000000000E+01
  1396    0.1000000000E+01
  1397    0.1000000000E+01
  1398    0.1000000000E+01
  1399    0.1000000000E+01
  1400    0.1000000000E+01
  1401    0.1000000000E+01
  1402    0.1000000000E+01
  1403    0.1000000000E+01
  1404    0.1000000000E+01
  1405    0.1000000000E+01
  1406    0.1000000000E+01
  1407    0.1000000000E+01
  1408    0.1000000000E+01
  1409    0.1000000000E+01
  1410    0.1000000000E+01
  1411    0.1000000000E+01
  1412    0.1000000000E+01
  1413    0.1000000000E+01
  1414    0.1000000000E+01
  1415    0.1000000000E+01
  1416    0.1000000000E+01
  1417    0.1000000000E+01
  1418    0.1000000000E+01
  1419    0.1000000000E+01
  1420    0.1000000000E+01
  1421    0.1000000000E+01
  1422    0.1000000000E+01
  1423    0.1000000000E+01
  1424    0.1000000000E+01
  1425    0.1000000000E+01
  1426    0.1000000000E+01
  1427    0.1000000000E+01
  1428    0.1000000000E+01
  1429    0.1000000000E+01
  1430    0.1000000000E+01
  1431    0.1000000000E+01
  1432    0.1000000000E+01
  1433    0.1000000000E+01
  1434    0.1000000000E+01
  1435    0.1000000000E+01
  1436    0.1000000000E+01
  1437    0.1000000000E+01
  1438    0.1000000000E+01
  1439    0.1000000000E+01
  1440    0.1000000000E+01
  1441    0.1000000000E+01
  1442    0.1000000000E+01
  1443    0.1000000000E+01
  1444    0.1000000000E+01
  1445    0.1000000000E+01
  1446    0.1000000000E+01
  1447    0.1000000000E+01
  1448    0.1000000000E+01
  1449    0.1000000000E+01
  1450    0.1000000000E+01
  1451    0.1000000000E+01
  1452    0.1000000000E+01
  1453    0.1000000000E+01
  1454    0.1000000000E+01
  1455    0.1000000000E+01
  1456    0.1000000000E+01
  1457    0.1000000000E+01
  1458    0.1000000000E+01
  1459    0.1000000000E+01
  1460    0.1000000000E+01
  1461    0.1000000000E+01
  1462    0.1000000000E+01
  1463    0.1000000000E+01
  1464    0.1000000000E+01
  1465    0.1000000000E+01
  1466    0.1000000000E+01
  1467    0.1000000000E+01
  1468    0.1000000000E+01
  1469    0.1000000000E+01
  1470    0.1000000000E+01
  1471    0.1000000000E+01
  1472    0.1000000000E+01
  1473    0.1000000000E+01
  1474    0.1000000000E+01
  1475    0.1000000000E+01
  1476    0.1000000000E+01
  1477    0.1000000000E+01
  1478    0.1000000000E+01
  1479    0.1000000000E+01
  1480    0.1000000000E+01
  1481    0.1000000000E+01
  1482    0.1000000000E+01
  1483    0.1000000000E+01
  1484    0.1000000000E+01
  1485    0.1000000000E+01
  1486    0.1000000000E+01
  1487    0.1000000000E+01
  1488    0.1000000000E+01
  1489    0.1000000000E+01
  1490    0.1000000000E+01
  1491    0.1000000000E+01
  1492    0.1000000000E+01
  1493    0.1000000000E+01
  1494    0.1000000000E+01
  1495    0.1000000000E+01
  1496    0.1000000000E+01
  1497    0.1000000000E+01
  1498    0.1000000000E+01
  1499    0.1000000000E+01
  1500    0.8337500000E+00
  1501    0.1662500000E+00
  1502    0.0000000000E+00
