    -1    0.0000000000E+00
     0    0.9567314653E-01
     1    0.3736164953E+00
     2    0.2735729656E+00
     3    0.4327119715E+00
     4    0.3753591761E+00
     5    0.3558126351E+00
     6    0.2864619801E+00
     7    0.2979201260E+00
     8    0.4569343860E+00
     9    0.4434175993E+00
    10    0.4497746088E+00
    11    0.5006592578E+00
    12    0.2784998603E+00
    13    0.4942850154E+00
    14    0.4450325938E+00
    15    0.4698738843E+00
    16    0.4554752591E+00
    17    0.2881872665E+00
    18    0.5267724147E+00
    19    0.5694398773E+00
    20    0.5343476850E+00
    21    0.3022539192E+00
    22    0.4208058008E+00
    23    0.5372522266E+00
    24    0.4769080251E+00
    25    0.6253845043E+00
    26    0.6956030587E+00
    27    0.4884225057E+00
    28    0.4214561176E+00
    29    0.6339811101E+00
    30    0.8358578114E+00
    31    0.1019821031E+01
    32    0.7035203214E+00
    33    0.8665308533E+00
    34    0.7176913469E+00
    35    0.3190402416E+00
    36    0.5107703446E+00
    37    0.5961564338E+00
    38    0.8522803450E+00
    39    0.8421037444E+00
    40    0.7980981511E+00
    41    0.5568261943E+00
    42    0.5246593015E+00
    43    0.4295287601E+00
    44    0.7368675852E+00
    45    0.7350703184E+00
    46    0.8780857448E+00
    47    0.4952013137E+00
    48    0.5548649555E+00
    49    0.4962975711E+00
    50    0.4501268811E+00
    51    0.6190015853E+00
    52    0.4682996183E+00
    53    0.4221429748E+00
    54    0.5143672561E+00
    55    0.5808173024E+00
    56    0.5625594306E+00
    57    0.5116502033E+00
    58    0.6085221402E+00
    59    0.4998133400E+00
    60    0.4684007135E+00
    61    0.5684085580E+00
    62    0.6641140578E+00
    63    0.5510287802E+00
    64    0.4189034495E+00
    65    0.4147083511E+00
    66    0.3761599445E+00
    67    0.5803058963E+00
    68    0.5042046361E+00
    69    0.4556822897E+00
    70    0.4096268399E+00
    71    0.3961648104E+00
    72    0.6405497850E+00
    73    0.4357467487E+00
    74    0.3588827494E+00
    75    0.6151844875E+00
    76    0.7082224443E+00
    77    0.6704884146E+00
    78    0.1046389114E+01
    79    0.4877402137E+00
    80    0.6178848281E+00
    81    0.5842257660E+00
    82    0.7953663504E+00
    83    0.5764866929E+00
    84    0.6389146017E+00
    85    0.5445712892E+00
    86    0.6330784470E+00
    87    0.5989885913E+00
    88    0.7819292422E+00
    89    0.6293983537E+00
    90    0.4686813934E+00
    91    0.6869894424E+00
    92    0.8761098600E+00
    93    0.9125488414E+00
    94    0.1032482840E+01
    95    0.5242650835E+00
    96    0.3165975863E+00
    97    0.7478596934E+00
    98    0.1040711573E+01
    99    0.8443865649E+00
   100    0.6664329862E+00
   101    0.8317386922E+00
   102    0.7433885258E+00
   103    0.1063720973E+01
   104    0.7736769256E+00
   105    0.7938478045E+00
   106    0.7278457316E+00
   107    0.6797557088E+00
   108    0.7902527125E+00
   109    0.9251479519E+00
   110    0.6393016089E+00
   111    0.6328866814E+00
   112    0.8441627400E+00
   113    0.6271107059E+00
   114    0.8670554733E+00
   115    0.9480196442E+00
   116    0.1307441582E+01
   117    0.1179867955E+01
   118    0.1414657048E+01
   119    0.1786907725E+01
   120    0.1241607834E+01
   121    0.9729116410E+00
   122    0.8954811232E+00
   123    0.1191448081E+01
   124    0.1482510933E+01
   125    0.1158890608E+01
   126    0.1309036091E+01
   127    0.1302892820E+01
   128    0.1514445866E+01
   129    0.2011486064E+01
   130    0.2037706578E+01
   131    0.1936667690E+01
   132    0.1797189817E+01
   133    0.1403697854E+01
   134    0.1802006655E+01
   135    0.1620356337E+01
   136    0.1491105663E+01
   137    0.1657963517E+01
   138    0.1986807746E+01
   139    0.1869045766E+01
   140    0.1303592009E+01
   141    0.1084497803E+01
   142    0.1467615444E+01
   143    0.1562376624E+01
   144    0.1389696076E+01
   145    0.8464932374E+00
   146    0.1207114586E+01
   147    0.1227528600E+01
   148    0.1029874074E+01
   149    0.9948410963E+00
   150    0.1034785012E+01
   151    0.6983613697E+00
   152    0.7427424380E+00
   153    0.9953340261E+00
   154    0.1096707951E+01
   155    0.1198702298E+01
   156    0.7148386325E+00
   157    0.1041113332E+01
   158    0.7359912387E+00
   159    0.1059632501E+01
   160    0.9172234568E+00
   161    0.1040513924E+01
   162    0.8848410484E+00
   163    0.8579015143E+00
   164    0.8133767848E+00
   165    0.5238932767E+00
   166    0.5525372219E+00
   167    0.8071912434E+00
   168    0.7279180579E+00
   169    0.6268918511E+00
   170    0.9569133004E+00
   171    0.7156548517E+00
   172    0.8083478324E+00
   173    0.5240062311E+00
   174    0.5097552663E+00
   175    0.5825996518E+00
   176    0.6783603667E+00
   177    0.8000004007E+00
   178    0.7026416838E+00
   179    0.8555401442E+00
   180    0.8467176703E+00
   181    0.7013898299E+00
   182    0.5940376335E+00
   183    0.4815465140E+00
   184    0.5352794523E+00
   185    0.9338307295E+00
   186    0.5237073453E+00
   187    0.4768022226E+00
   188    0.5698173490E+00
   189    0.3762393626E+00
   190    0.5001703064E+00
   191    0.5909117766E+00
   192    0.4144630388E+00
   193    0.5395399664E+00
   194    0.5061947809E+00
   195    0.5023901794E+00
   196    0.5390820446E+00
   197    0.4557407377E+00
   198    0.5506092309E+00
   199    0.4401603698E+00
   200    0.5058385998E+00
   201    0.5093959062E+00
   202    0.4355047525E+00
   203    0.4133840765E+00
   204    0.3407796790E+00
   205    0.4845844193E+00
   206    0.5265474354E+00
   207    0.2988069497E+00
   208    0.3500374759E+00
   209    0.4804143009E+00
   210    0.4888844494E+00
   211    0.3669661885E+00
   212    0.4183366278E+00
   213    0.3408162021E+00
   214    0.3918594336E+00
   215    0.5472639679E+00
   216    0.5112233781E+00
   217    0.3994863482E+00
   218    0.4002327478E+00
   219    0.3284457279E+00
   220    0.2931055841E+00
   221    0.4578602588E+00
   222    0.5910128080E+00
   223    0.3124450222E+00
   224    0.3487971274E+00
   225    0.3775914782E+00
   226    0.3823754005E+00
   227    0.1972224317E+00
   228    0.2454388715E+00
   229    0.3866313322E+00
   230    0.2767989901E+00
   231    0.4198906123E+00
   232    0.4287663466E+00
   233    0.1754155174E+00
   234    0.3449659607E+00
   235    0.3937833138E+00
   236    0.2120071445E+00
   237    0.2562669281E+00
   238    0.3418696727E+00
   239    0.2963464803E+00
   240    0.4277240213E+00
   241    0.5822373854E+00
   242    0.4651273013E+00
   243    0.3953309869E+00
   244    0.3419770350E+00
   245    0.4317298921E+00
   246    0.3021383387E+00
   247    0.3802232420E+00
   248    0.3688899829E+00
   249    0.3437052856E+00
   250    0.3487547003E+00
   251    0.3879997786E+00
   252    0.3578238818E+00
   253    0.5558260000E+00
   254    0.4514088388E+00
   255    0.3823154529E+00
   256    0.4259775795E+00
   257    0.4114166731E+00
   258    0.2978184282E+00
   259    0.5110918984E+00
   260    0.4893438391E+00
   261    0.4659058787E+00
   262    0.2832580819E+00
   263    0.2943374593E+00
   264    0.4632245575E+00
   265    0.2553028133E+00
   266    0.2029469708E+00
   267    0.3479116064E+00
   268    0.3365429842E+00
   269    0.2921238599E+00
   270    0.2134064719E+00
   271    0.3399394153E+00
   272    0.2824469365E+00
   273    0.1387009165E+00
   274    0.2473387662E+00
   275    0.2855920300E+00
   276    0.3366188673E+00
   277    0.3699599154E+00
   278    0.3129996224E+00
   279    0.3645908242E+00
   280    0.3985718830E+00
   281    0.4568683878E+00
   282    0.3428834422E+00
   283    0.3567061342E+00
   284    0.3444989919E+00
   285    0.3454750145E+00
   286    0.3306677326E+00
   287    0.4214413329E+00
   288    0.3039230498E+00
   289    0.2977046184E+00
   290    0.3650982154E+00
   291    0.2756722420E+00
   292    0.2516841130E+00
   293    0.3310370152E+00
   294    0.2955211290E+00
   295    0.2508675833E+00
   296    0.4611118741E+00
   297    0.2341825222E+00
   298    0.3259155274E+00
   299    0.2776745176E+00
   300    0.4136250505E+00
   301    0.4285942848E+00
   302    0.1770261683E+00
   303    0.2021940309E+00
   304    0.1519704412E+00
   305    0.1966318552E+00
   306    0.4711735302E+00
   307    0.2008015504E+00
   308    0.1904090914E+00
   309    0.4344455290E+00
   310    0.4529910494E+00
   311    0.3660851600E+00
   312    0.2819146704E+00
   313    0.1846392743E+00
   314    0.2723121441E+00
   315    0.5230620990E+00
   316    0.3596603459E+00
   317    0.4734711033E+00
   318    0.4802762533E+00
   319    0.4049686031E+00
   320    0.3627257062E+00
   321    0.4679686790E+00
   322    0.4443260541E+00
   323    0.3492625521E+00
   324    0.3205933162E+00
   325    0.3824833171E+00
   326    0.4968371099E+00
   327    0.5807835790E+00
   328    0.5312377885E+00
   329    0.3745999840E+00
   330    0.2825373654E+00
   331    0.3222597779E+00
   332    0.3617538459E+00
   333    0.4800484420E+00
   334    0.3669700218E+00
   335    0.2903807465E+00
   336    0.5054839381E+00
   337    0.3740732999E+00
   338    0.2410105925E+00
   339    0.2954949341E+00
   340    0.3223964748E+00
   341    0.3656384017E+00
   342    0.2926595833E+00
   343    0.4676705237E+00
   344    0.4733527408E+00
   345    0.3682535279E+00
   346    0.3430515947E+00
   347    0.3001387558E+00
   348    0.3187387379E+00
   349    0.3808673968E+00
   350    0.5498817418E+00
   351    0.4226932832E+00
   352    0.3800067820E+00
   353    0.3881239959E+00
   354    0.5522622011E+00
   355    0.5367403605E+00
   356    0.5290158409E+00
   357    0.3234765241E+00
   358    0.3824868309E+00
   359    0.7945181309E+00
   360    0.7729550135E+00
   361    0.5162178006E+00
   362    0.7844563177E+00
   363    0.8717450203E+00
   364    0.7043114478E+00
   365    0.6640203504E+00
   366    0.4082150482E+00
   367    0.4238271069E+00
   368    0.4946124830E+00
   369    0.8046002829E+00
   370    0.5608140214E+00
   371    0.5862508159E+00
   372    0.6050737632E+00
   373    0.8781771823E+00
   374    0.8251921013E+00
   375    0.8172110912E+00
   376    0.7130928820E+00
   377    0.6731816203E+00
   378    0.6367744987E+00
   379    0.6526975792E+00
   380    0.7979381217E+00
   381    0.9550575532E+00
   382    0.1161644249E+01
   383    0.8856190697E+00
   384    0.9929107894E+00
   385    0.1293032884E+01
   386    0.9532411953E+00
   387    0.7827979339E+00
   388    0.1509764177E+01
   389    0.1197728983E+01
   390    0.8385194388E+00
   391    0.1253221646E+01
   392    0.9137200473E+00
   393    0.8913320623E+00
   394    0.1070115719E+01
   395    0.9985529044E+00
   396    0.1325883084E+01
   397    0.1512028304E+01
   398    0.1573304172E+01
   399    0.1888365605E+01
   400    0.2212945962E+01
   401    0.2102021995E+01
   402    0.2159624829E+01
   403    0.2559957531E+01
   404    0.2314949296E+01
   405    0.1822174164E+01
   406    0.2035453470E+01
   407    0.2484450894E+01
   408    0.2266534753E+01
   409    0.2274240777E+01
   410    0.2456915694E+01
   411    0.1951017339E+01
   412    0.2353641909E+01
   413    0.2038930637E+01
   414    0.1581930845E+01
   415    0.1482836190E+01
   416    0.1421062868E+01
   417    0.1271555397E+01
   418    0.8973485892E+00
   419    0.4930087549E+00
   420    0.6147938056E+00
   421    0.1256479573E+01
   422    0.1647226385E+01
   423    0.1516052125E+01
   424    0.1096166621E+01
   425    0.5725617458E+00
   426    0.6660574798E+00
   427    0.1295644663E+01
   428    0.1276490602E+01
   429    0.1000249775E+01
   430    0.8265931512E+00
   431    0.8170285349E+00
   432    0.9183634486E+00
   433    0.8645578045E+00
   434    0.7640237176E+00
   435    0.6851505987E+00
   436    0.6239969787E+00
   437    0.4789892950E+00
   438    0.6230722695E+00
   439    0.4603506409E+00
   440    0.6498981624E+00
   441    0.4264015180E+00
   442    0.5468168199E+00
   443    0.5811737387E+00
   444    0.4788306860E+00
   445    0.4546843177E+00
   446    0.5302597940E+00
   447    0.5212394190E+00
   448    0.5371078436E+00
   449    0.4555928216E+00
   450    0.4919154045E+00
   451    0.4711060782E+00
   452    0.3503272720E+00
   453    0.4279568323E+00
   454    0.4342609527E+00
   455    0.5051488758E+00
   456    0.3157618390E+00
   457    0.2967142922E+00
   458    0.5917447148E+00
   459    0.5062755253E+00
   460    0.2914441886E+00
   461    0.3398804193E+00
   462    0.3936307573E+00
   463    0.3863010222E+00
   464    0.4391941029E+00
   465    0.2679179825E+00
   466    0.2692511657E+00
   467    0.3663511253E+00
   468    0.2923464334E+00
   469    0.3977244148E+00
   470    0.2658564204E+00
   471    0.3228367210E+00
   472    0.2575762735E+00
   473    0.3524295167E+00
   474    0.3671662982E+00
   475    0.2136734730E+00
   476    0.2935918070E+00
   477    0.2394115798E+00
   478    0.2149768739E+00
   479    0.3684569873E+00
   480    0.3654503728E+00
   481    0.1972075775E+00
   482    0.3327245728E+00
   483    0.2988048146E+00
   484    0.3591535587E+00
   485    0.1202026189E+00
   486    0.1479742421E+00
   487    0.2784864462E+00
   488    0.2391422294E+00
   489    0.3957632139E+00
   490    0.1850734739E+00
   491    0.2544263126E+00
   492    0.2079659248E+00
   493    0.2343887171E+00
   494    0.2204229373E+00
   495    0.1401391925E+00
   496    0.2570172908E+00
   497    0.3290076994E+00
   498    0.2702711768E+00
   499    0.1932122544E+00
   500    0.2014109371E+00
   501    0.1635903230E+00
   502    0.1965201021E+00
   503    0.1867287346E+00
   504    0.2302887325E+00
   505    0.2107137766E+00
   506    0.2243468459E+00
   507    0.2559884234E+00
   508    0.1145351592E+00
   509    0.1882769853E+00
   510    0.3047544246E+00
   511    0.2337078530E+00
   512    0.1815393582E+00
   513    0.1525245236E+00
   514    0.1912052849E+00
   515    0.2191599985E+00
   516    0.1535369588E+00
   517    0.2091761876E+00
   518    0.2687226030E+00
   519    0.3255116994E+00
   520    0.1529205720E+00
   521    0.9406723346E-01
   522    0.2175169673E+00
   523    0.2554062292E+00
   524    0.1626770612E+00
   525    0.2154106594E+00
   526    0.2664102279E+00
   527    0.1436562992E+00
   528    0.1142625118E+00
   529    0.1749004373E+00
   530    0.1668045007E+00
   531    0.1687138330E+00
   532    0.1958697905E+00
   533    0.2430218307E+00
   534    0.1748022096E+00
   535    0.1817548428E+00
   536    0.2310374183E+00
   537    0.2560585710E+00
   538    0.1825794451E+00
   539    0.1995947396E+00
   540    0.2050263281E+00
   541    0.2042296636E+00
   542    0.1506728515E+00
   543    0.1594393345E+00
   544    0.1823284669E+00
   545    0.1700109036E+00
   546    0.2602771717E+00
   547    0.1948193535E+00
   548    0.2200592314E+00
   549    0.1525647397E+00
   550    0.2143467718E+00
   551    0.2064052698E+00
   552    0.1769894549E+00
   553    0.2478371888E+00
   554    0.1957984949E+00
   555    0.1189310985E+00
   556    0.2481966632E+00
   557    0.1774488961E+00
   558    0.2994377469E+00
   559    0.1649142984E+00
   560    0.1938864943E+00
   561    0.1559952899E+00
   562    0.1312641123E+00
   563    0.1462293773E+00
   564    0.2231864264E+00
   565    0.1831988485E+00
   566    0.1841200135E+00
   567    0.2160303869E+00
   568    0.1942220118E+00
   569    0.2172622235E+00
   570    0.2989473399E+00
   571    0.1202446105E+00
   572    0.1375975872E+00
   573    0.1682409305E+00
   574    0.1433377045E+00
   575    0.1429174186E+00
   576    0.1582661769E+00
   577    0.1616866032E+00
   578    0.2084431319E+00
   579    0.3082548184E+00
   580    0.2028330760E+00
   581    0.1087202694E+00
   582    0.1353083571E+00
   583    0.2266684992E+00
   584    0.1862702077E+00
   585    0.1879374813E+00
   586    0.1339795778E+00
   587    0.2276652152E+00
   588    0.2040246490E+00
   589    0.1954167707E+00
   590    0.1701897689E+00
   591    0.1425704621E+00
   592    0.1558123066E+00
   593    0.1739810808E+00
   594    0.1297445761E+00
   595    0.2965458159E+00
   596    0.1809027372E+00
   597    0.2568537950E+00
   598    0.1458396462E+00
   599    0.1925335508E+00
   600    0.2116582368E+00
   601    0.2766916207E+00
   602    0.1375279129E+00
   603    0.1442122176E+00
   604    0.1477740153E+00
   605    0.1563814350E+00
   606    0.1109590494E+00
   607    0.2769913346E+00
   608    0.1454670607E+00
   609    0.1097892473E+00
   610    0.2150825487E+00
   611    0.2040352031E+00
   612    0.1074484976E+00
   613    0.1296146643E+00
   614    0.2899595437E+00
   615    0.3375666732E+00
   616    0.1887343338E+00
   617    0.1849599108E+00
   618    0.1518518501E+00
   619    0.2007731600E+00
   620    0.1649354411E+00
   621    0.1905224259E+00
   622    0.1077896385E+00
   623    0.1408941755E+00
   624    0.1935365737E+00
   625    0.1827535197E+00
   626    0.2399087572E+00
   627    0.2651019117E+00
   628    0.3337797772E+00
   629    0.2132095710E+00
   630    0.1545540697E+00
   631    0.1770348672E+00
   632    0.2735401242E+00
   633    0.2056033073E+00
   634    0.1790580549E+00
   635    0.1539123536E+00
   636    0.3161420888E+00
   637    0.1997179656E+00
   638    0.1320530532E+00
   639    0.1339622261E+00
   640    0.2270557980E+00
   641    0.1859472912E+00
   642    0.2600902999E+00
   643    0.2584245152E+00
   644    0.3694433241E+00
   645    0.2253266290E+00
   646    0.1708372799E+00
   647    0.2235112341E+00
   648    0.3400548428E+00
   649    0.2023516338E+00
   650    0.2165794145E+00
   651    0.2574258788E+00
   652    0.2761766331E+00
   653    0.3634990219E+00
   654    0.2136713666E+00
   655    0.2063944464E+00
   656    0.2338573188E+00
   657    0.3791487170E+00
   658    0.2190729998E+00
   659    0.1706142598E+00
   660    0.1970567371E+00
   661    0.3714110616E+00
   662    0.3384909439E+00
   663    0.3238258322E+00
   664    0.2690965319E+00
   665    0.3701433281E+00
   666    0.3492159347E+00
   667    0.2161251313E+00
   668    0.3383192064E+00
   669    0.2718029610E+00
   670    0.2996041544E+00
   671    0.3183036119E+00
   672    0.1706860405E+00
   673    0.4179085683E+00
   674    0.3761672110E+00
   675    0.2284851656E+00
   676    0.4842783013E+00
   677    0.5775723094E+00
   678    0.3146154152E+00
   679    0.2841913496E+00
   680    0.3435979736E+00
   681    0.4431358859E+00
   682    0.5339621909E+00
   683    0.4753689703E+00
   684    0.5637637097E+00
   685    0.4456616899E+00
   686    0.4090377328E+00
   687    0.4301898555E+00
   688    0.6535738186E+00
   689    0.8319509390E+00
   690    0.9053510358E+00
   691    0.8704257066E+00
   692    0.9401969713E+00
   693    0.1659531074E+01
   694    0.1186112936E+01
   695    0.1247356713E+01
   696    0.1360979741E+01
   697    0.1701080077E+01
   698    0.1843160164E+01
   699    0.2008337555E+01
   700    0.1469972565E+01
   701    0.1107550318E+01
   702    0.2028423830E+01
   703    0.2309604421E+01
   704    0.2258125854E+01
   705    0.2127695914E+01
   706    0.2319713821E+01
   707    0.1822769532E+01
   708    0.1509796464E+01
   709    0.2095046777E+01
   710    0.2457439540E+01
   711    0.2284868512E+01
   712    0.1704514617E+01
   713    0.1920791887E+01
   714    0.2973040799E+01
   715    0.2869794685E+01
   716    0.2935258026E+01
   717    0.3228237106E+01
   718    0.2373086344E+01
   719    0.2144068536E+01
   720    0.2009005866E+01
   721    0.2253581104E+01
   722    0.2235959558E+01
   723    0.2389346698E+01
   724    0.2315008351E+01
   725    0.2682174447E+01
   726    0.2305332778E+01
   727    0.1982016740E+01
   728    0.1768549916E+01
   729    0.1707429932E+01
   730    0.1846917389E+01
   731    0.1566300666E+01
   732    0.1206289170E+01
   733    0.1280080339E+01
   734    0.1266006980E+01
   735    0.1221440867E+01
   736    0.9250947719E+00
   737    0.1172373518E+01
   738    0.1080561169E+01
   739    0.1048582576E+01
   740    0.9212293286E+00
   741    0.1109500781E+01
   742    0.9749654420E+00
   743    0.8097238490E+00
   744    0.9954216970E+00
   745    0.6799151522E+00
   746    0.8343355902E+00
   747    0.6142625915E+00
   748    0.6318538874E+00
   749    0.7393540719E+00
   750    0.6775324198E+00
   751    0.7514648749E+00
   752    0.5373459734E+00
   753    0.6951140383E+00
   754    0.6921063510E+00
   755    0.6573172143E+00
   756    0.7457062305E+00
   757    0.6688276009E+00
   758    0.5680630730E+00
   759    0.6199369531E+00
   760    0.6911011888E+00
   761    0.4264853290E+00
   762    0.4363869247E+00
   763    0.5145959261E+00
   764    0.4724238983E+00
   765    0.5466879293E+00
   766    0.3772931914E+00
   767    0.6359543943E+00
   768    0.4881982349E+00
   769    0.5667176800E+00
   770    0.6448592632E+00
   771    0.6298948556E+00
   772    0.6142731393E+00
   773    0.5050887197E+00
   774    0.5054118345E+00
   775    0.3784048486E+00
   776    0.4168301281E+00
   777    0.4982615288E+00
   778    0.3789236502E+00
   779    0.8070776061E+00
   780    0.4050242722E+00
   781    0.4517570578E+00
   782    0.4704375493E+00
   783    0.4224447387E+00
   784    0.5207453148E+00
   785    0.3552456884E+00
   786    0.3919047968E+00
   787    0.4719985581E+00
   788    0.4311194382E+00
   789    0.4851825231E+00
   790    0.4589111874E+00
   791    0.5108124468E+00
   792    0.5018188040E+00
   793    0.4504359400E+00
   794    0.4269796384E+00
   795    0.3392049714E+00
   796    0.3121997917E+00
   797    0.4414336803E+00
   798    0.3181385731E+00
   799    0.5914355475E+00
   800    0.3516613952E+00
   801    0.4535420427E+00
   802    0.5835259206E+00
   803    0.3801863964E+00
   804    0.5151859186E+00
   805    0.4372981536E+00
   806    0.5320631246E+00
   807    0.3730455098E+00
   808    0.3969200546E+00
   809    0.4340242511E+00
   810    0.4098434813E+00
   811    0.4018111143E+00
   812    0.4293862064E+00
   813    0.4112448052E+00
   814    0.4544587958E+00
   815    0.3438408188E+00
   816    0.4965317894E+00
   817    0.4103372245E+00
   818    0.3606026214E+00
   819    0.4757544119E+00
   820    0.2965293141E+00
   821    0.5219351954E+00
   822    0.4233229442E+00
   823    0.5286229616E+00
   824    0.3830008724E+00
   825    0.4250668259E+00
   826    0.4980012660E+00
   827    0.4904151656E+00
   828    0.4945213989E+00
   829    0.4469062726E+00
   830    0.4388626570E+00
   831    0.4788698801E+00
   832    0.4204267683E+00
   833    0.5945227810E+00
   834    0.4589210958E+00
   835    0.4985061757E+00
   836    0.5608781497E+00
   837    0.4369058852E+00
   838    0.4604616838E+00
   839    0.5660140229E+00
   840    0.5318605607E+00
   841    0.5452518629E+00
   842    0.5204394310E+00
   843    0.5406518488E+00
   844    0.5525285951E+00
   845    0.4537914357E+00
   846    0.5918391968E+00
   847    0.6709512938E+00
   848    0.5752160801E+00
   849    0.6269189916E+00
   850    0.6409796647E+00
   851    0.6142446160E+00
   852    0.7438909957E+00
   853    0.6891025590E+00
   854    0.5021984082E+00
   855    0.8633018146E+00
   856    0.8826435647E+00
   857    0.8119022586E+00
   858    0.8313321462E+00
   859    0.1104399565E+01
   860    0.8678598313E+00
   861    0.9598766220E+00
   862    0.9470311861E+00
   863    0.9587807852E+00
   864    0.9120131734E+00
   865    0.9034484547E+00
   866    0.8337640480E+00
   867    0.7632115287E+00
   868    0.1006180521E+01
   869    0.1254402978E+01
   870    0.1540532038E+01
   871    0.1380693614E+01
   872    0.1335894311E+01
   873    0.1214052142E+01
   874    0.1004486750E+01
   875    0.1438853832E+01
   876    0.1212799339E+01
   877    0.1329744210E+01
   878    0.1290276971E+01
   879    0.1500653187E+01
   880    0.1664612338E+01
   881    0.1559980728E+01
   882    0.1315769880E+01
   883    0.1206121314E+01
   884    0.1546691094E+01
   885    0.1560810561E+01
   886    0.1775375060E+01
   887    0.1568935009E+01
   888    0.1541019682E+01
   889    0.1428025793E+01
   890    0.1441724112E+01
   891    0.1362171855E+01
   892    0.1298470584E+01
   893    0.1337144093E+01
   894    0.1315432204E+01
   895    0.1179439345E+01
   896    0.1226807629E+01
   897    0.1288789229E+01
   898    0.1326797030E+01
   899    0.1405124714E+01
   900    0.1445886370E+01
   901    0.1361623759E+01
   902    0.1362481866E+01
   903    0.1571076008E+01
   904    0.1485817010E+01
   905    0.1376622924E+01
   906    0.1377950869E+01
   907    0.1445382618E+01
   908    0.1433338863E+01
   909    0.1185970886E+01
   910    0.1206318369E+01
   911    0.1158901808E+01
   912    0.1226923114E+01
   913    0.1209613385E+01
   914    0.1272171942E+01
   915    0.1273953804E+01
   916    0.1205800581E+01
   917    0.1147644057E+01
   918    0.1238348938E+01
   919    0.1220511757E+01
   920    0.1226410221E+01
   921    0.1088090546E+01
   922    0.1036756912E+01
   923    0.1068584433E+01
   924    0.1102091201E+01
   925    0.1113851581E+01
   926    0.1167293339E+01
   927    0.1194249851E+01
   928    0.1102301542E+01
   929    0.1049331912E+01
   930    0.1089953295E+01
   931    0.1095237472E+01
   932    0.1170698180E+01
   933    0.1072102119E+01
   934    0.1082267670E+01
   935    0.1051737681E+01
   936    0.9813726283E+00
   937    0.9693565302E+00
   938    0.9248714667E+00
   939    0.8964620731E+00
   940    0.9935276752E+00
   941    0.1095066846E+01
   942    0.9842575423E+00
   943    0.9860699207E+00
   944    0.1070377997E+01
   945    0.9607240039E+00
   946    0.9252761102E+00
   947    0.9380663839E+00
   948    0.8455752039E+00
   949    0.8632095628E+00
   950    0.9018811205E+00
   951    0.9285843339E+00
   952    0.9331677553E+00
   953    0.9437801493E+00
   954    0.9141996542E+00
   955    0.8575144971E+00
   956    0.8246654901E+00
   957    0.8223991335E+00
   958    0.8248441652E+00
   959    0.8319213943E+00
   960    0.8908627326E+00
   961    0.9437409242E+00
   962    0.9353609064E+00
   963    0.9022848526E+00
   964    0.8888880133E+00
   965    0.8782951425E+00
   966    0.8625939816E+00
   967    0.8461230820E+00
   968    0.8822995075E+00
   969    0.9007075831E+00
   970    0.9043084411E+00
   971    0.9254136710E+00
   972    0.8814396214E+00
   973    0.8124520059E+00
   974    0.7811022164E+00
   975    0.7857286420E+00
   976    0.7909845610E+00
   977    0.8378755988E+00
   978    0.8532313868E+00
   979    0.8556108597E+00
   980    0.8790768236E+00
   981    0.9361366697E+00
   982    0.1024201159E+01
   983    0.1033686712E+01
   984    0.9704945262E+00
   985    0.9307399434E+00
   986    0.8928923235E+00
   987    0.8851699963E+00
   988    0.8868358164E+00
   989    0.8671861117E+00
   990    0.8383948000E+00
   991    0.8356043006E+00
   992    0.8628902592E+00
   993    0.8928190850E+00
   994    0.8932333029E+00
   995    0.8564472747E+00
   996    0.8254771320E+00
   997    0.8242843706E+00
   998    0.8318021781E+00
   999    0.8466490780E+00
  1000    0.8786345699E+00
  1001    0.9317252070E+00
  1002    0.9478067160E+00
  1003    0.9059436581E+00
  1004    0.8441696975E+00
  1005    0.8397248406E+00
  1006    0.8487287148E+00
  1007    0.8542012811E+00
  1008    0.8700055894E+00
  1009    0.9262408596E+00
  1010    0.9381866031E+00
  1011    0.9110635487E+00
  1012    0.8601590090E+00
  1013    0.8639297613E+00
  1014    0.8910596044E+00
  1015    0.8939607491E+00
  1016    0.8801217096E+00
  1017    0.8639447517E+00
  1018    0.8494440861E+00
  1019    0.8471254443E+00
  1020    0.8529250519E+00
  1021    0.8527616662E+00
  1022    0.8610546827E+00
  1023    0.9041746820E+00
  1024    0.9623502499E+00
  1025    0.9885366255E+00
  1026    0.9903287966E+00
  1027    0.9808293283E+00
  1028    0.9732644070E+00
  1029    0.1032619564E+01
  1030    0.1114607101E+01
  1031    0.1103200711E+01
  1032    0.1011656754E+01
  1033    0.9653536065E+00
  1034    0.9454119882E+00
  1035    0.9286367725E+00
  1036    0.9274666109E+00
  1037    0.9304340859E+00
  1038    0.9683970997E+00
  1039    0.1010243524E+01
  1040    0.1009782266E+01
  1041    0.9931855671E+00
  1042    0.1012394514E+01
  1043    0.1042882642E+01
  1044    0.1056604693E+01
  1045    0.1084432349E+01
  1046    0.1064195450E+01
  1047    0.1027233998E+01
  1048    0.9964143759E+00
  1049    0.9636545510E+00
  1050    0.9679242384E+00
  1051    0.1007244047E+01
  1052    0.1043027710E+01
  1053    0.1053335212E+01
  1054    0.1058868056E+01
  1055    0.1108695130E+01
  1056    0.1202307800E+01
  1057    0.1241515220E+01
  1058    0.1156754113E+01
  1059    0.1079806316E+01
  1060    0.1069783394E+01
  1061    0.1073237008E+01
  1062    0.1056736656E+01
  1063    0.1048588470E+01
  1064    0.1064556225E+01
  1065    0.1054875702E+01
  1066    0.1024266930E+01
  1067    0.1026885759E+01
  1068    0.1034331636E+01
  1069    0.1016736439E+01
  1070    0.1000880285E+01
  1071    0.9792598065E+00
  1072    0.9630361227E+00
  1073    0.9625132465E+00
  1074    0.9803562673E+00
  1075    0.9991389954E+00
  1076    0.1001953794E+01
  1077    0.1018992930E+01
  1078    0.1059813364E+01
  1079    0.1074835045E+01
  1080    0.1099405104E+01
  1081    0.1150060903E+01
  1082    0.1126947614E+01
  1083    0.1066989238E+01
  1084    0.1061038285E+01
  1085    0.1058569431E+01
  1086    0.1009236424E+01
  1087    0.9663473555E+00
  1088    0.9528550139E+00
  1089    0.9707804352E+00
  1090    0.1032766656E+01
  1091    0.1114289237E+01
  1092    0.1132065289E+01
  1093    0.1080048448E+01
  1094    0.1019309985E+01
  1095    0.9860150027E+00
  1096    0.9664716369E+00
  1097    0.9579841688E+00
  1098    0.9680938885E+00
  1099    0.9831328417E+00
  1100    0.9845805312E+00
  1101    0.9739791280E+00
  1102    0.9834447607E+00
  1103    0.1033293319E+01
  1104    0.1066770319E+01
  1105    0.1026289503E+01
  1106    0.9867143286E+00
  1107    0.9984213809E+00
  1108    0.1000079763E+01
  1109    0.9774365338E+00
  1110    0.9529719190E+00
  1111    0.9409705227E+00
  1112    0.9437234539E+00
  1113    0.9484316281E+00
  1114    0.9470594425E+00
  1115    0.9537000860E+00
  1116    0.9705237464E+00
  1117    0.9830091719E+00
  1118    0.9838974700E+00
  1119    0.9818767154E+00
  1120    0.9795396796E+00
  1121    0.9754780643E+00
  1122    0.9709135272E+00
  1123    0.9622938931E+00
  1124    0.9678468107E+00
  1125    0.9992649549E+00
  1126    0.1023273081E+01
  1127    0.1010297151E+01
  1128    0.9935127772E+00
  1129    0.9911183708E+00
  1130    0.9952134202E+00
  1131    0.1005140039E+01
  1132    0.1006459911E+01
  1133    0.9773679139E+00
  1134    0.9638108946E+00
  1135    0.9788353689E+00
  1136    0.9862461152E+00
  1137    0.9766075643E+00
  1138    0.9748785428E+00
  1139    0.9966036607E+00
  1140    0.1029878420E+01
  1141    0.1037825082E+01
  1142    0.1013993983E+01
  1143    0.9983049508E+00
  1144    0.1010787472E+01
  1145    0.1023822136E+01
  1146    0.1028459880E+01
  1147    0.1034267632E+01
  1148    0.1039101357E+01
  1149    0.1032995729E+01
  1150    0.1018546289E+01
  1151    0.1009929170E+01
  1152    0.1012809479E+01
  1153    0.1012757014E+01
  1154    0.1001954351E+01
  1155    0.9938418654E+00
  1156    0.9968655832E+00
  1157    0.1012957790E+01
  1158    0.1036620661E+01
  1159    0.1044763760E+01
  1160    0.1023692872E+01
  1161    0.1006327749E+01
  1162    0.1016766476E+01
  1163    0.1042077515E+01
  1164    0.1057239388E+01
  1165    0.1048034667E+01
  1166    0.1026011688E+01
  1167    0.1014157634E+01
  1168    0.1012056204E+01
  1169    0.1011020861E+01
  1170    0.1010261463E+01
  1171    0.1017542333E+01
  1172    0.1030691515E+01
  1173    0.1045584713E+01
  1174    0.1056623771E+01
  1175    0.1048571841E+01
  1176    0.1025638145E+01
  1177    0.1012159333E+01
  1178    0.1014900025E+01
  1179    0.1024965863E+01
  1180    0.1028860381E+01
  1181    0.1018227266E+01
  1182    0.1007150250E+01
  1183    0.1006369022E+01
  1184    0.1011505940E+01
  1185    0.1012982360E+01
  1186    0.1006965476E+01
  1187    0.1001634605E+01
  1188    0.9992202701E+00
  1189    0.1000105981E+01
  1190    0.1005273348E+01
  1191    0.1012122836E+01
  1192    0.1016932681E+01
  1193    0.1016853652E+01
  1194    0.1011253816E+01
  1195    0.1009586185E+01
  1196    0.1010755802E+01
  1197    0.1009281359E+01
  1198    0.1009826526E+01
  1199    0.1013074020E+01
  1200    0.1016340590E+01
  1201    0.1015176429E+01
  1202    0.1010964576E+01
  1203    0.1008214544E+01
  1204    0.1006619674E+01
  1205    0.1008638957E+01
  1206    0.1015932085E+01
  1207    0.1021880406E+01
  1208    0.1019932693E+01
  1209    0.1014383193E+01
  1210    0.1011226202E+01
  1211    0.1007653744E+01
  1212    0.1004131674E+01
  1213    0.1003160506E+01
  1214    0.1002875298E+01
  1215    0.1003023803E+01
  1216    0.1005220231E+01
  1217    0.1008033003E+01
  1218    0.1008739954E+01
  1219    0.1006947981E+01
  1220    0.1006145439E+01
  1221    0.1008273677E+01
  1222    0.1010089035E+01
  1223    0.1009929582E+01
  1224    0.1009962234E+01
  1225    0.1011119160E+01
  1226    0.1011450658E+01
  1227    0.1010289045E+01
  1228    0.1009050281E+01
  1229    0.1008408391E+01
  1230    0.1007406654E+01
  1231    0.1005448255E+01
  1232    0.1004724408E+01
  1233    0.1006102349E+01
  1234    0.1007784944E+01
  1235    0.1007838339E+01
  1236    0.1006208739E+01
  1237    0.1005296488E+01
  1238    0.1004650388E+01
  1239    0.1003068916E+01
  1240    0.1001863562E+01
  1241    0.1001529374E+01
  1242    0.1001645636E+01
  1243    0.1002183731E+01
  1244    0.1002481527E+01
  1245    0.1002007999E+01
  1246    0.1001058198E+01
  1247    0.1000435717E+01
  1248    0.1000377487E+01
  1249    0.1000588475E+01
  1250    0.1000532246E+01
  1251    0.1000239187E+01
  1252    0.1000068808E+01
  1253    0.1000017204E+01
  1254    0.1000004301E+01
  1255    0.1000001075E+01
  1256    0.1000000269E+01
  1257    0.1000000067E+01
  1258    0.1000000017E+01
  1259    0.1000000004E+01
  1260    0.1000000001E+01
  1261    0.1000000000E+01
  1262    0.1000000000E+01
  1263    0.1000000000E+01
  1264    0.1000000000E+01
  1265    0.1000000000E+01
  1266    0.1000000000E+01
  1267    0.1000000000E+01
  1268    0.1000000000E+01
  1269    0.1000000000E+01
  1270    0.1000000000E+01
  1271    0.1000000000E+01
  1272    0.1000000000E+01
  1273    0.1000000000E+01
  1274    0.1000000000E+01
  1275    0.1000000000E+01
  1276    0.1000000000E+01
  1277    0.1000000000E+01
  1278    0.1000000000E+01
  1279    0.1000000000E+01
  1280    0.1000000000E+01
  1281    0.1000000000E+01
  1282    0.1000000000E+01
  1283    0.1000000000E+01
  1284    0.1000000000E+01
  1285    0.1000000000E+01
  1286    0.1000000000E+01
  1287    0.1000000000E+01
  1288    0.1000000000E+01
  1289    0.1000000000E+01
  1290    0.1000000000E+01
  1291    0.1000000000E+01
  1292    0.1000000000E+01
  1293    0.1000000000E+01
  1294    0.1000000000E+01
  1295    0.1000000000E+01
  1296    0.1000000000E+01
  1297    0.1000000000E+01
  1298    0.1000000000E+01
  1299    0.1000000000E+01
  1300    0.1000000000E+01
  1301    0.1000000000E+01
  1302    0.1000000000E+01
  1303    0.1000000000E+01
  1304    0.1000000000E+01
  1305    0.1000000000E+01
  1306    0.1000000000E+01
  1307    0.1000000000E+01
  1308    0.1000000000E+01
  1309    0.1000000000E+01
  1310    0.1000000000E+01
  1311    0.1000000000E+01
  1312    0.1000000000E+01
  1313    0.1000000000E+01
  1314    0.1000000000E+01
  1315    0.1000000000E+01
  1316    0.1000000000E+01
  1317    0.1000000000E+01
  1318    0.1000000000E+01
  1319    0.1000000000E+01
  1320    0.1000000000E+01
  1321    0.1000000000E+01
  1322    0.1000000000E+01
  1323    0.1000000000E+01
  1324    0.1000000000E+01
  1325    0.1000000000E+01
  1326    0.1000000000E+01
  1327    0.1000000000E+01
  1328    0.1000000000E+01
  1329    0.1000000000E+01
  1330    0.1000000000E+01
  1331    0.1000000000E+01
  1332    0.1000000000E+01
  1333    0.1000000000E+01
  1334    0.1000000000E+01
  1335    0.1000000000E+01
  1336    0.1000000000E+01
  1337    0.1000000000E+01
  1338    0.1000000000E+01
  1339    0.1000000000E+01
  1340    0.1000000000E+01
  1341    0.1000000000E+01
  1342    0.1000000000E+01
  1343    0.1000000000E+01
  1344    0.1000000000E+01
  1345    0.1000000000E+01
  1346    0.1000000000E+01
  1347    0.1000000000E+01
  1348    0.1000000000E+01
  1349    0.1000000000E+01
  1350    0.1000000000E+01
  1351    0.1000000000E+01
  1352    0.1000000000E+01
  1353    0.1000000000E+01
  1354    0.1000000000E+01
  1355    0.1000000000E+01
  1356    0.1000000000E+01
  1357    0.1000000000E+01
  1358    0.1000000000E+01
  1359    0.1000000000E+01
  1360    0.1000000000E+01
  1361    0.1000000000E+01
  1362    0.1000000000E+01
  1363    0.1000000000E+01
  1364    0.1000000000E+01
  1365    0.1000000000E+01
  1366    0.1000000000E+01
  1367    0.1000000000E+01
  1368    0.1000000000E+01
  1369    0.1000000000E+01
  1370    0.1000000000E+01
  1371    0.1000000000E+01
  1372    0.1000000000E+01
  1373    0.1000000000E+01
  1374    0.1000000000E+01
  1375    0.1000000000E+01
  1376    0.1000000000E+01
  1377    0.1000000000E+01
  1378    0.1000000000E+01
  1379    0.1000000000E+01
  1380    0.1000000000E+01
  1381    0.1000000000E+01
  1382    0.1000000000E+01
  1383    0.1000000000E+01
  1384    0.1000000000E+01
  1385    0.1000000000E+01
  1386    0.1000000000E+01
  1387    0.1000000000E+01
  1388    0.1000000000E+01
  1389    0.1000000000E+01
  1390    0.1000000000E+01
  1391    0.1000000000E+01
  1392    0.1000000000E+01
  1393    0.1000000000E+01
  1394    0.1000000000E+01
  1395    0.1000000000E+01
  1396    0.1000000000E+01
  1397    0.1000000000E+01
  1398    0.1000000000E+01
  1399    0.1000000000E+01
  1400    0.1000000000E+01
  1401    0.1000000000E+01
  1402    0.1000000000E+01
  1403    0.1000000000E+01
  1404    0.1000000000E+01
  1405    0.1000000000E+01
  1406    0.1000000000E+01
  1407    0.1000000000E+01
  1408    0.1000000000E+01
  1409    0.1000000000E+01
  1410    0.1000000000E+01
  1411    0.1000000000E+01
  1412    0.1000000000E+01
  1413    0.1000000000E+01
  1414    0.1000000000E+01
  1415    0.1000000000E+01
  1416    0.1000000000E+01
  1417    0.1000000000E+01
  1418    0.1000000000E+01
  1419    0.1000000000E+01
  1420    0.1000000000E+01
  1421    0.1000000000E+01
  1422    0.1000000000E+01
  1423    0.1000000000E+01
  1424    0.1000000000E+01
  1425    0.1000000000E+01
  1426    0.1000000000E+01
  1427    0.1000000000E+01
  1428    0.1000000000E+01
  1429    0.1000000000E+01
  1430    0.1000000000E+01
  1431    0.1000000000E+01
  1432    0.1000000000E+01
  1433    0.1000000000E+01
  1434    0.1000000000E+01
  1435    0.1000000000E+01
  1436    0.1000000000E+01
  1437    0.1000000000E+01
  1438    0.1000000000E+01
  1439    0.1000000000E+01
  1440    0.1000000000E+01
  1441    0.1000000000E+01
  1442    0.1000000000E+01
  1443    0.1000000000E+01
  1444    0.1000000000E+01
  1445    0.1000000000E+01
  1446    0.1000000000E+01
  1447    0.1000000000E+01
  1448    0.1000000000E+01
  1449    0.1000000000E+01
  1450    0.1000000000E+01
  1451    0.1000000000E+01
  1452    0.1000000000E+01
  1453    0.1000000000E+01
  1454    0.1000000000E+01
  1455    0.1000000000E+01
  1456    0.1000000000E+01
  1457    0.1000000000E+01
  1458    0.1000000000E+01
  1459    0.1000000000E+01
  1460    0.1000000000E+01
  1461    0.1000000000E+01
  1462    0.1000000000E+01
  1463    0.1000000000E+01
  1464    0.1000000000E+01
  1465    0.1000000000E+01
  1466    0.1000000000E+01
  1467    0.1000000000E+01
  1468    0.1000000000E+01
  1469    0.1000000000E+01
  1470    0.1000000000E+01
  1471    0.1000000000E+01
  1472    0.1000000000E+01
  1473    0.1000000000E+01
  1474    0.1000000000E+01
  1475    0.1000000000E+01
  1476    0.1000000000E+01
  1477    0.1000000000E+01
  1478    0.1000000000E+01
  1479    0.1000000000E+01
  1480    0.1000000000E+01
  1481    0.1000000000E+01
  1482    0.1000000000E+01
  1483    0.1000000000E+01
  1484    0.1000000000E+01
  1485    0.1000000000E+01
  1486    0.1000000000E+01
  1487    0.1000000000E+01
  1488    0.1000000000E+01
  1489    0.1000000000E+01
  1490    0.1000000000E+01
  1491    0.1000000000E+01
  1492    0.1000000000E+01
  1493    0.1000000000E+01
  1494    0.1000000000E+01
  1495    0.1000000000E+01
  1496    0.1000000000E+01
  1497    0.1000000000E+01
  1498    0.1000000000E+01
  1499    0.1000000000E+01
  1500    0.8337500000E+00
  1501    0.1662500000E+00
  1502    0.0000000000E+00
