    -1    0.0000000000E+00
     0    0.8909988734E-01
     1    0.4498158786E+00
     2    0.4586341158E+00
     3    0.5739029163E+00
     4    0.5494525727E+00
     5    0.6437101018E+00
     6    0.7382429288E+00
     7    0.8601058021E+00
     8    0.1102401931E+01
     9    0.7123621953E+00
    10    0.6130221264E+00
    11    0.8022269161E+00
    12    0.7433858988E+00
    13    0.7403796523E+00
    14    0.6891008457E+00
    15    0.1029405793E+01
    16    0.8783422421E+00
    17    0.9565183169E+00
    18    0.9737084476E+00
    19    0.1090570921E+01
    20    0.7524285297E+00
    21    0.5459257394E+00
    22    0.6511233504E+00
    23    0.9898035374E+00
    24    0.1192186373E+01
    25    0.1005760681E+01
    26    0.1072636142E+01
    27    0.9561001529E+00
    28    0.8784342544E+00
    29    0.9597660152E+00
    30    0.1249789736E+01
    31    0.1197095938E+01
    32    0.8779890927E+00
    33    0.7017183621E+00
    34    0.9285474639E+00
    35    0.1008890103E+01
    36    0.1018011596E+01
    37    0.9722241623E+00
    38    0.1281459813E+01
    39    0.1136209573E+01
    40    0.1041377193E+01
    41    0.1279754878E+01
    42    0.1316749917E+01
    43    0.1483476041E+01
    44    0.1531613976E+01
    45    0.1404774722E+01
    46    0.1578879534E+01
    47    0.1496300667E+01
    48    0.1508187103E+01
    49    0.1785595193E+01
    50    0.1768613154E+01
    51    0.1660251438E+01
    52    0.1736151061E+01
    53    0.1618591301E+01
    54    0.1325342979E+01
    55    0.1705508281E+01
    56    0.1344687949E+01
    57    0.9726923776E+00
    58    0.1129214751E+01
    59    0.1203689284E+01
    60    0.1608296600E+01
    61    0.1543947676E+01
    62    0.9917827342E+00
    63    0.1273822387E+01
    64    0.8356189306E+00
    65    0.1038104671E+01
    66    0.1167862880E+01
    67    0.9799833593E+00
    68    0.1260924396E+01
    69    0.1284206518E+01
    70    0.1344044353E+01
    71    0.1698136508E+01
    72    0.1830061028E+01
    73    0.1750960003E+01
    74    0.1226945564E+01
    75    0.1215154116E+01
    76    0.1568062233E+01
    77    0.1462042617E+01
    78    0.1494186129E+01
    79    0.1134601710E+01
    80    0.8544882055E+00
    81    0.1134456897E+01
    82    0.6894430419E+00
    83    0.1052364955E+01
    84    0.7540215178E+00
    85    0.1118224002E+01
    86    0.9149321521E+00
    87    0.9485008342E+00
    88    0.9013544658E+00
    89    0.8877853015E+00
    90    0.1095436138E+01
    91    0.1048865514E+01
    92    0.1150767954E+01
    93    0.1075805761E+01
    94    0.1073789404E+01
    95    0.8930398449E+00
    96    0.5948084337E+00
    97    0.9247079921E+00
    98    0.9763524762E+00
    99    0.7818898167E+00
   100    0.8028806616E+00
   101    0.8808492984E+00
   102    0.7258937923E+00
   103    0.4553439379E+00
   104    0.5977788250E+00
   105    0.5911926919E+00
   106    0.8614732970E+00
   107    0.1087922869E+01
   108    0.8903001082E+00
   109    0.8032666056E+00
   110    0.6638440709E+00
   111    0.7762924929E+00
   112    0.9110455454E+00
   113    0.9963104119E+00
   114    0.9472975237E+00
   115    0.6892883072E+00
   116    0.7862373927E+00
   117    0.9140346480E+00
   118    0.1087186958E+01
   119    0.7834836112E+00
   120    0.7636678033E+00
   121    0.7630765160E+00
   122    0.1133146738E+01
   123    0.1147896869E+01
   124    0.6966768473E+00
   125    0.8884640218E+00
   126    0.1204222780E+01
   127    0.1132312641E+01
   128    0.9654548501E+00
   129    0.9478624254E+00
   130    0.5129828932E+00
   131    0.6500628597E+00
   132    0.1071302709E+01
   133    0.9339457203E+00
   134    0.7175119713E+00
   135    0.8581751522E+00
   136    0.7967954921E+00
   137    0.8131178904E+00
   138    0.5995144217E+00
   139    0.7432739147E+00
   140    0.7325419685E+00
   141    0.9420817979E+00
   142    0.7816298734E+00
   143    0.7743046040E+00
   144    0.7872294175E+00
   145    0.5891881033E+00
   146    0.5192337657E+00
   147    0.9399054646E+00
   148    0.7078991572E+00
   149    0.4730547726E+00
   150    0.6785905837E+00
   151    0.6644398148E+00
   152    0.5028727245E+00
   153    0.7618145587E+00
   154    0.8806985652E+00
   155    0.4884171370E+00
   156    0.7398018716E+00
   157    0.5475321308E+00
   158    0.4654685883E+00
   159    0.5214588596E+00
   160    0.7300191840E+00
   161    0.7439792425E+00
   162    0.5649069997E+00
   163    0.5156892915E+00
   164    0.6114200269E+00
   165    0.5919773711E+00
   166    0.3762653867E+00
   167    0.6195167905E+00
   168    0.5174963781E+00
   169    0.4959545221E+00
   170    0.4798487170E+00
   171    0.3839580367E+00
   172    0.7189749223E+00
   173    0.6799299183E+00
   174    0.5374312608E+00
   175    0.4607226017E+00
   176    0.4538499881E+00
   177    0.6749714768E+00
   178    0.4591050409E+00
   179    0.7484521875E+00
   180    0.5355870782E+00
   181    0.4474527165E+00
   182    0.5581593323E+00
   183    0.7004076416E+00
   184    0.3662496244E+00
   185    0.1981692650E+00
   186    0.7623299818E+00
   187    0.8663186674E+00
   188    0.4416664086E+00
   189    0.3073257640E+00
   190    0.5904658710E+00
   191    0.4204755139E+00
   192    0.6894461280E+00
   193    0.6244957115E+00
   194    0.5725856375E+00
   195    0.6522167873E+00
   196    0.3674599301E+00
   197    0.4370261858E+00
   198    0.5068171813E+00
   199    0.5230437674E+00
   200    0.4014821560E+00
   201    0.4868895289E+00
   202    0.4880672844E+00
   203    0.5147551630E+00
   204    0.4498376074E+00
   205    0.4252918718E+00
   206    0.6221092164E+00
   207    0.4104655839E+00
   208    0.5563990572E+00
   209    0.5581108266E+00
   210    0.5346377753E+00
   211    0.4443470443E+00
   212    0.4515351196E+00
   213    0.6716560280E+00
   214    0.8025522329E+00
   215    0.6792851702E+00
   216    0.5361287411E+00
   217    0.6448206522E+00
   218    0.4524234659E+00
   219    0.6758248845E+00
   220    0.5812136317E+00
   221    0.7286374849E+00
   222    0.7094022147E+00
   223    0.9134698087E+00
   224    0.8427359495E+00
   225    0.5850969338E+00
   226    0.3405903083E+00
   227    0.6101919626E+00
   228    0.8666954945E+00
   229    0.5582981267E+00
   230    0.5553745283E+00
   231    0.4501924876E+00
   232    0.6075668301E+00
   233    0.8180793531E+00
   234    0.6621035338E+00
   235    0.6129867859E+00
   236    0.4097359479E+00
   237    0.6907231428E+00
   238    0.7393369282E+00
   239    0.5475914433E+00
   240    0.4002525985E+00
   241    0.5555429092E+00
   242    0.5897852086E+00
   243    0.8225214158E+00
   244    0.5204528061E+00
   245    0.8078085648E+00
   246    0.9491259774E+00
   247    0.6825514155E+00
   248    0.7485485369E+00
   249    0.7083379519E+00
   250    0.5999121607E+00
   251    0.8477260612E+00
   252    0.6184178416E+00
   253    0.9323134572E+00
   254    0.7036621135E+00
   255    0.6418434021E+00
   256    0.9241999114E+00
   257    0.6256866727E+00
   258    0.6804671981E+00
   259    0.1066511374E+01
   260    0.8926559433E+00
   261    0.1051626357E+01
   262    0.1351506638E+01
   263    0.1130484069E+01
   264    0.9279025076E+00
   265    0.8872179262E+00
   266    0.8423297600E+00
   267    0.9666464748E+00
   268    0.1153088746E+01
   269    0.1077835397E+01
   270    0.6938386374E+00
   271    0.6913358611E+00
   272    0.1330405399E+01
   273    0.1086594753E+01
   274    0.1344130438E+01
   275    0.1112255976E+01
   276    0.9049028176E+00
   277    0.1271097109E+01
   278    0.1605641772E+01
   279    0.1137095042E+01
   280    0.1267718158E+01
   281    0.1101822852E+01
   282    0.1113737109E+01
   283    0.1510883470E+01
   284    0.1491713993E+01
   285    0.1620931501E+01
   286    0.1575297748E+01
   287    0.1532776670E+01
   288    0.1305919158E+01
   289    0.1207507841E+01
   290    0.1761407430E+01
   291    0.1387451233E+01
   292    0.1589309349E+01
   293    0.1466229611E+01
   294    0.1406930578E+01
   295    0.1520190739E+01
   296    0.1447388009E+01
   297    0.9435373873E+00
   298    0.7538434675E+00
   299    0.7796025785E+00
   300    0.1040264445E+01
   301    0.1563684061E+01
   302    0.1586762429E+01
   303    0.1681757501E+01
   304    0.1424075344E+01
   305    0.1092730820E+01
   306    0.1448157806E+01
   307    0.1297686738E+01
   308    0.9874700860E+00
   309    0.5036860781E+00
   310    0.7419121549E+00
   311    0.9630463972E+00
   312    0.1459231113E+01
   313    0.1210270006E+01
   314    0.9224026056E+00
   315    0.8256417121E+00
   316    0.5807091645E+00
   317    0.6733393294E+00
   318    0.8451988129E+00
   319    0.1212204795E+01
   320    0.1151787143E+01
   321    0.8515258822E+00
   322    0.5532791016E+00
   323    0.6265401075E+00
   324    0.1093700437E+01
   325    0.1547810695E+01
   326    0.1272542050E+01
   327    0.7723580030E+00
   328    0.7638165732E+00
   329    0.6801020085E+00
   330    0.8104153282E+00
   331    0.7951651727E+00
   332    0.5822944005E+00
   333    0.1026013732E+01
   334    0.1009135746E+01
   335    0.8760946023E+00
   336    0.6224361956E+00
   337    0.7353841160E+00
   338    0.5512245815E+00
   339    0.7077525274E+00
   340    0.7361373800E+00
   341    0.6062767220E+00
   342    0.6054482180E+00
   343    0.5593916727E+00
   344    0.6184439064E+00
   345    0.5314615667E+00
   346    0.5050119528E+00
   347    0.6771815075E+00
   348    0.5495951463E+00
   349    0.6124908474E+00
   350    0.4802463413E+00
   351    0.4231079962E+00
   352    0.6228337701E+00
   353    0.6310160893E+00
   354    0.6138445063E+00
   355    0.5239733203E+00
   356    0.4554769048E+00
   357    0.5759180612E+00
   358    0.5212777454E+00
   359    0.4668532328E+00
   360    0.4945192445E+00
   361    0.3922211914E+00
   362    0.4884845048E+00
   363    0.3997238846E+00
   364    0.3543428976E+00
   365    0.4512310696E+00
   366    0.4379666207E+00
   367    0.6209687698E+00
   368    0.4090543120E+00
   369    0.3825023257E+00
   370    0.4040031530E+00
   371    0.5346066672E+00
   372    0.2858332102E+00
   373    0.3387445509E+00
   374    0.3772434288E+00
   375    0.3785752133E+00
   376    0.3263719050E+00
   377    0.5604493530E+00
   378    0.2766746873E+00
   379    0.4121344194E+00
   380    0.4564068086E+00
   381    0.3763640525E+00
   382    0.3200827109E+00
   383    0.3457987646E+00
   384    0.4074607231E+00
   385    0.3721802091E+00
   386    0.4641457942E+00
   387    0.5051630451E+00
   388    0.3756033016E+00
   389    0.5088932044E+00
   390    0.4017722947E+00
   391    0.4317996988E+00
   392    0.4248945454E+00
   393    0.2921381048E+00
   394    0.3285039282E+00
   395    0.3793306904E+00
   396    0.3225683329E+00
   397    0.3722140079E+00
   398    0.3854996614E+00
   399    0.4883711384E+00
   400    0.3623486248E+00
   401    0.2540506689E+00
   402    0.3554774533E+00
   403    0.3662357431E+00
   404    0.2879420703E+00
   405    0.3784811112E+00
   406    0.3506296573E+00
   407    0.3891807280E+00
   408    0.4039493303E+00
   409    0.3116361519E+00
   410    0.3645320581E+00
   411    0.4753154685E+00
   412    0.3356164736E+00
   413    0.3788744651E+00
   414    0.3183677671E+00
   415    0.3083893011E+00
   416    0.3332453364E+00
   417    0.5069552509E+00
   418    0.4304685969E+00
   419    0.3107260962E+00
   420    0.3166522082E+00
   421    0.2346755871E+00
   422    0.2779938577E+00
   423    0.3991665609E+00
   424    0.2699692188E+00
   425    0.3328928016E+00
   426    0.3783152970E+00
   427    0.3491005620E+00
   428    0.3801002640E+00
   429    0.2344280514E+00
   430    0.2226454749E+00
   431    0.2507592478E+00
   432    0.3827042389E+00
   433    0.3469634714E+00
   434    0.2458497378E+00
   435    0.2975901638E+00
   436    0.3474054483E+00
   437    0.3312522018E+00
   438    0.3253766589E+00
   439    0.2716317021E+00
   440    0.3036396027E+00
   441    0.3196666364E+00
   442    0.2808464449E+00
   443    0.4251120663E+00
   444    0.2757846293E+00
   445    0.2399755764E+00
   446    0.3656938016E+00
   447    0.3490411103E+00
   448    0.2461776320E+00
   449    0.2487088424E+00
   450    0.3551463064E+00
   451    0.2424638538E+00
   452    0.2067738645E+00
   453    0.3101700366E+00
   454    0.2777495235E+00
   455    0.3518896641E+00
   456    0.1907321775E+00
   457    0.3556022264E+00
   458    0.3787701607E+00
   459    0.4307919319E+00
   460    0.4722460627E+00
   461    0.3179898534E+00
   462    0.2119015298E+00
   463    0.2898760636E+00
   464    0.2787063417E+00
   465    0.1693808279E+00
   466    0.3400103225E+00
   467    0.5048163278E+00
   468    0.3003237811E+00
   469    0.2676948276E+00
   470    0.2946443815E+00
   471    0.4291007312E+00
   472    0.3524217699E+00
   473    0.3207517905E+00
   474    0.1595563252E+00
   475    0.2392282643E+00
   476    0.3160033792E+00
   477    0.3895795769E+00
   478    0.2862069352E+00
   479    0.2681336284E+00
   480    0.2738635415E+00
   481    0.4274491271E+00
   482    0.2318176911E+00
   483    0.3052162659E+00
   484    0.3513383431E+00
   485    0.3265301724E+00
   486    0.4129136822E+00
   487    0.3884539382E+00
   488    0.4313216525E+00
   489    0.3877643868E+00
   490    0.3500179353E+00
   491    0.4056074848E+00
   492    0.2464653359E+00
   493    0.3311978196E+00
   494    0.2316003677E+00
   495    0.1829275691E+00
   496    0.2815053495E+00
   497    0.3386394826E+00
   498    0.3288167643E+00
   499    0.3042882013E+00
   500    0.3481720035E+00
   501    0.6112749257E+00
   502    0.4974259711E+00
   503    0.2634342745E+00
   504    0.2891867408E+00
   505    0.4939067147E+00
   506    0.4616585347E+00
   507    0.3865733404E+00
   508    0.4502268591E+00
   509    0.5007772205E+00
   510    0.4231516727E+00
   511    0.4824818268E+00
   512    0.4405516887E+00
   513    0.5214874924E+00
   514    0.4999518843E+00
   515    0.3992948933E+00
   516    0.5172491419E+00
   517    0.4722648681E+00
   518    0.3888521276E+00
   519    0.4549202708E+00
   520    0.4737031846E+00
   521    0.7372176397E+00
   522    0.8584985617E+00
   523    0.7970656722E+00
   524    0.7128518283E+00
   525    0.6403216688E+00
   526    0.7471217338E+00
   527    0.9165348507E+00
   528    0.9412726529E+00
   529    0.6989790255E+00
   530    0.7425178269E+00
   531    0.7590122862E+00
   532    0.6798554362E+00
   533    0.1022410209E+01
   534    0.9000696381E+00
   535    0.1376032357E+01
   536    0.1848570212E+01
   537    0.2211540663E+01
   538    0.2342209579E+01
   539    0.2317073967E+01
   540    0.2364462970E+01
   541    0.3081047955E+01
   542    0.2901915590E+01
   543    0.2739936893E+01
   544    0.2739853247E+01
   545    0.2797693375E+01
   546    0.3679587936E+01
   547    0.2956606297E+01
   548    0.2423787354E+01
   549    0.3016245344E+01
   550    0.3369064308E+01
   551    0.2779703567E+01
   552    0.2508661928E+01
   553    0.1523124438E+01
   554    0.1372737071E+01
   555    0.1281386061E+01
   556    0.1345851246E+01
   557    0.1048635416E+01
   558    0.7638409626E+00
   559    0.8444988182E+00
   560    0.1087054299E+01
   561    0.9756072070E+00
   562    0.8963029104E+00
   563    0.9019383325E+00
   564    0.1117020082E+01
   565    0.7317247987E+00
   566    0.6846634733E+00
   567    0.8578961391E+00
   568    0.6880628418E+00
   569    0.8736892310E+00
   570    0.6681233957E+00
   571    0.6029642477E+00
   572    0.7121568684E+00
   573    0.7186717997E+00
   574    0.6565477243E+00
   575    0.6214605846E+00
   576    0.4105892777E+00
   577    0.4600701384E+00
   578    0.6544685440E+00
   579    0.6004760497E+00
   580    0.4209440782E+00
   581    0.5514849659E+00
   582    0.5901844128E+00
   583    0.5974782263E+00
   584    0.4071689609E+00
   585    0.3365849206E+00
   586    0.3694162036E+00
   587    0.5091252437E+00
   588    0.3667746424E+00
   589    0.4767674150E+00
   590    0.5093195983E+00
   591    0.4190031390E+00
   592    0.4442803446E+00
   593    0.3678336528E+00
   594    0.3549198116E+00
   595    0.4377001222E+00
   596    0.4805435280E+00
   597    0.4215056235E+00
   598    0.3504989614E+00
   599    0.5014079049E+00
   600    0.4326826778E+00
   601    0.3457161907E+00
   602    0.2768220116E+00
   603    0.3847240473E+00
   604    0.2455327720E+00
   605    0.3402339067E+00
   606    0.3638066222E+00
   607    0.2252572390E+00
   608    0.2950526172E+00
   609    0.4301514141E+00
   610    0.2419165443E+00
   611    0.2437437653E+00
   612    0.2975749694E+00
   613    0.4226809486E+00
   614    0.2916166118E+00
   615    0.4213007928E+00
   616    0.3405146880E+00
   617    0.2971131756E+00
   618    0.2212388346E+00
   619    0.1913649567E+00
   620    0.4144575396E+00
   621    0.3242445954E+00
   622    0.2248266958E+00
   623    0.2909533635E+00
   624    0.2993663457E+00
   625    0.3896902664E+00
   626    0.2641325027E+00
   627    0.3597221705E+00
   628    0.4230658870E+00
   629    0.2495548865E+00
   630    0.3422049723E+00
   631    0.2795638602E+00
   632    0.3363673751E+00
   633    0.3262659513E+00
   634    0.2204811744E+00
   635    0.2268965647E+00
   636    0.2305704794E+00
   637    0.4919371946E+00
   638    0.2539914736E+00
   639    0.2716106923E+00
   640    0.2876753298E+00
   641    0.2155614514E+00
   642    0.2605663466E+00
   643    0.2709629079E+00
   644    0.3918979415E+00
   645    0.3012289365E+00
   646    0.2961878193E+00
   647    0.2339552210E+00
   648    0.2500372259E+00
   649    0.1833076451E+00
   650    0.2649681909E+00
   651    0.3439059011E+00
   652    0.3850392680E+00
   653    0.2158884749E+00
   654    0.3059738647E+00
   655    0.3106740112E+00
   656    0.2667895327E+00
   657    0.3760087528E+00
   658    0.2489606331E+00
   659    0.8968616803E-01
   660    0.3335265061E+00
   661    0.4048229054E+00
   662    0.2029868851E+00
   663    0.2632009944E+00
   664    0.4611395833E+00
   665    0.2820919102E+00
   666    0.2383262651E+00
   667    0.2129525073E+00
   668    0.4349153797E+00
   669    0.4180751173E+00
   670    0.3482880890E+00
   671    0.1946679714E+00
   672    0.3805939222E+00
   673    0.3492137541E+00
   674    0.4521961597E+00
   675    0.2265557206E+00
   676    0.1990606390E+00
   677    0.2862252919E+00
   678    0.2992767789E+00
   679    0.3527017416E+00
   680    0.3960365520E+00
   681    0.2674124056E+00
   682    0.4144927634E+00
   683    0.3976273512E+00
   684    0.2768024203E+00
   685    0.2093189633E+00
   686    0.2327834638E+00
   687    0.4801823121E+00
   688    0.4862705445E+00
   689    0.3910581202E+00
   690    0.4220527701E+00
   691    0.4437935528E+00
   692    0.2085392906E+00
   693    0.4229433361E+00
   694    0.3416087472E+00
   695    0.3136785883E+00
   696    0.3292504378E+00
   697    0.5993752759E+00
   698    0.4744622472E+00
   699    0.3870814817E+00
   700    0.6148062705E+00
   701    0.5323198105E+00
   702    0.2814812232E+00
   703    0.2297758546E+00
   704    0.5738634845E+00
   705    0.5023568640E+00
   706    0.3304610100E+00
   707    0.5644211229E+00
   708    0.5455162653E+00
   709    0.4893528453E+00
   710    0.5095855595E+00
   711    0.4743642272E+00
   712    0.5211308476E+00
   713    0.7867793370E+00
   714    0.5952881716E+00
   715    0.8262062724E+00
   716    0.1120544333E+01
   717    0.9266925722E+00
   718    0.8029743273E+00
   719    0.1110864056E+01
   720    0.8918684802E+00
   721    0.7955367369E+00
   722    0.1213365578E+01
   723    0.1134059336E+01
   724    0.9614792666E+00
   725    0.1099304791E+01
   726    0.1356048597E+01
   727    0.1412850172E+01
   728    0.1416399985E+01
   729    0.1113473283E+01
   730    0.1140582289E+01
   731    0.1417263694E+01
   732    0.1289804065E+01
   733    0.1471149359E+01
   734    0.1702311147E+01
   735    0.1516027905E+01
   736    0.1499533469E+01
   737    0.1827297621E+01
   738    0.1967782369E+01
   739    0.1907711610E+01
   740    0.2197249262E+01
   741    0.2092671210E+01
   742    0.2239053334E+01
   743    0.2018038235E+01
   744    0.2316881234E+01
   745    0.2345285001E+01
   746    0.2037377772E+01
   747    0.1885318741E+01
   748    0.2103722988E+01
   749    0.2043815802E+01
   750    0.2275051051E+01
   751    0.2346471025E+01
   752    0.2394489677E+01
   753    0.1928654179E+01
   754    0.1864444434E+01
   755    0.1828313324E+01
   756    0.1928375314E+01
   757    0.2011815958E+01
   758    0.1421151506E+01
   759    0.2067723302E+01
   760    0.1930623633E+01
   761    0.1309874986E+01
   762    0.1421619202E+01
   763    0.1536872878E+01
   764    0.8755377183E+00
   765    0.1039954427E+01
   766    0.1266514754E+01
   767    0.1134959146E+01
   768    0.8859906545E+00
   769    0.1110182607E+01
   770    0.1206298846E+01
   771    0.1195648043E+01
   772    0.1353871554E+01
   773    0.1379669115E+01
   774    0.1114374694E+01
   775    0.9754130324E+00
   776    0.8499198640E+00
   777    0.7340661982E+00
   778    0.1080509968E+01
   779    0.8764076766E+00
   780    0.6653954704E+00
   781    0.1077544453E+01
   782    0.6931266883E+00
   783    0.8091281907E+00
   784    0.9138912001E+00
   785    0.9195057251E+00
   786    0.1017702698E+01
   787    0.6936863428E+00
   788    0.8835823588E+00
   789    0.9032910254E+00
   790    0.7677271171E+00
   791    0.8465681171E+00
   792    0.6520501476E+00
   793    0.5155054367E+00
   794    0.8010714575E+00
   795    0.7291657097E+00
   796    0.7047232102E+00
   797    0.5523679668E+00
   798    0.6392760870E+00
   799    0.7912476058E+00
   800    0.6572238678E+00
   801    0.6281010357E+00
   802    0.7361089836E+00
   803    0.6570474308E+00
   804    0.6306685014E+00
   805    0.5482169716E+00
   806    0.5642734122E+00
   807    0.6388982454E+00
   808    0.6300588473E+00
   809    0.5634540577E+00
   810    0.7091237470E+00
   811    0.5136675629E+00
   812    0.6235199013E+00
   813    0.6661735894E+00
   814    0.5680016372E+00
   815    0.5428281721E+00
   816    0.4618827412E+00
   817    0.5433615693E+00
   818    0.6121804895E+00
   819    0.7045559303E+00
   820    0.4752217651E+00
   821    0.4262591887E+00
   822    0.5806891865E+00
   823    0.4109473553E+00
   824    0.4389018049E+00
   825    0.6286826939E+00
   826    0.5738861048E+00
   827    0.4721767101E+00
   828    0.6113463568E+00
   829    0.6007074847E+00
   830    0.4438111984E+00
   831    0.5201673974E+00
   832    0.5300528515E+00
   833    0.4477518395E+00
   834    0.5844801091E+00
   835    0.4719013471E+00
   836    0.4696522717E+00
   837    0.4373009516E+00
   838    0.4877573059E+00
   839    0.4873602659E+00
   840    0.5532778471E+00
   841    0.6012003321E+00
   842    0.6053170825E+00
   843    0.5260970130E+00
   844    0.4248716034E+00
   845    0.5770380868E+00
   846    0.5363828213E+00
   847    0.5461045243E+00
   848    0.6407832180E+00
   849    0.4803571878E+00
   850    0.4876338885E+00
   851    0.4786882212E+00
   852    0.6520907285E+00
   853    0.5650257021E+00
   854    0.4763692069E+00
   855    0.6492293179E+00
   856    0.6660539435E+00
   857    0.5889446404E+00
   858    0.4762455980E+00
   859    0.4322651628E+00
   860    0.6056870572E+00
   861    0.7337849723E+00
   862    0.5301226839E+00
   863    0.7196269591E+00
   864    0.6974893957E+00
   865    0.6514518182E+00
   866    0.5412873237E+00
   867    0.6811149613E+00
   868    0.6340905661E+00
   869    0.8831514200E+00
   870    0.7474534870E+00
   871    0.6886582469E+00
   872    0.5678917092E+00
   873    0.6432289642E+00
   874    0.6936842719E+00
   875    0.6816811894E+00
   876    0.6162975461E+00
   877    0.7616655325E+00
   878    0.7750937759E+00
   879    0.7655511054E+00
   880    0.9926620934E+00
   881    0.9116885141E+00
   882    0.7993701549E+00
   883    0.9161932614E+00
   884    0.9632914670E+00
   885    0.8663663688E+00
   886    0.8761505982E+00
   887    0.1004794747E+01
   888    0.8003772962E+00
   889    0.9315588460E+00
   890    0.8818839223E+00
   891    0.1316385208E+01
   892    0.1286919915E+01
   893    0.1014033639E+01
   894    0.1139384571E+01
   895    0.1311303273E+01
   896    0.1460660208E+01
   897    0.1163495919E+01
   898    0.1129101958E+01
   899    0.1120946449E+01
   900    0.1276943442E+01
   901    0.1271436956E+01
   902    0.1256512387E+01
   903    0.1145650220E+01
   904    0.1246878313E+01
   905    0.1237201437E+01
   906    0.1321623369E+01
   907    0.1550779543E+01
   908    0.1425991781E+01
   909    0.1425757625E+01
   910    0.1512671795E+01
   911    0.1434199492E+01
   912    0.1300181987E+01
   913    0.1125852007E+01
   914    0.1152169610E+01
   915    0.1353118065E+01
   916    0.1514621059E+01
   917    0.1419775780E+01
   918    0.1277087536E+01
   919    0.1031154840E+01
   920    0.1279226776E+01
   921    0.1293791171E+01
   922    0.1210367063E+01
   923    0.1316683663E+01
   924    0.1306767659E+01
   925    0.1149314332E+01
   926    0.1277500265E+01
   927    0.1298790906E+01
   928    0.1242130723E+01
   929    0.1154032764E+01
   930    0.1092576394E+01
   931    0.1133989341E+01
   932    0.1192966305E+01
   933    0.1296093012E+01
   934    0.1348386367E+01
   935    0.1450543890E+01
   936    0.1540445894E+01
   937    0.1495304518E+01
   938    0.1348587728E+01
   939    0.1307865885E+01
   940    0.1348479855E+01
   941    0.1332697443E+01
   942    0.1342764306E+01
   943    0.1271598325E+01
   944    0.1073806004E+01
   945    0.1033650264E+01
   946    0.1032111209E+01
   947    0.1093274319E+01
   948    0.1151563159E+01
   949    0.1142857584E+01
   950    0.1217126282E+01
   951    0.1140658436E+01
   952    0.1024465187E+01
   953    0.1044421769E+01
   954    0.1011657499E+01
   955    0.9920974939E+00
   956    0.9939800405E+00
   957    0.1016231826E+01
   958    0.9920631889E+00
   959    0.1013898436E+01
   960    0.1021409439E+01
   961    0.9969953743E+00
   962    0.9703726975E+00
   963    0.9757027344E+00
   964    0.9784691319E+00
   965    0.9522650582E+00
   966    0.9108434252E+00
   967    0.8831256858E+00
   968    0.8744781276E+00
   969    0.8883027924E+00
   970    0.9047349052E+00
   971    0.9223255652E+00
   972    0.9518259501E+00
   973    0.9624387244E+00
   974    0.1002812471E+01
   975    0.1071998444E+01
   976    0.1157657315E+01
   977    0.1181374549E+01
   978    0.1120849735E+01
   979    0.1008708060E+01
   980    0.9139657059E+00
   981    0.8621833471E+00
   982    0.8448589721E+00
   983    0.8594450384E+00
   984    0.8697414475E+00
   985    0.8694667026E+00
   986    0.9158315595E+00
   987    0.9261871191E+00
   988    0.8881301473E+00
   989    0.8627122401E+00
   990    0.8433895061E+00
   991    0.8263410524E+00
   992    0.8440222296E+00
   993    0.8501965195E+00
   994    0.8334022679E+00
   995    0.8316902808E+00
   996    0.8543939010E+00
   997    0.9026448233E+00
   998    0.9361814214E+00
   999    0.9003125226E+00
  1000    0.8294482417E+00
  1001    0.7942720829E+00
  1002    0.7944385483E+00
  1003    0.7847084005E+00
  1004    0.8001413702E+00
  1005    0.8215450038E+00
  1006    0.8099412528E+00
  1007    0.8250842817E+00
  1008    0.8453448939E+00
  1009    0.8506756253E+00
  1010    0.8362059861E+00
  1011    0.8193839297E+00
  1012    0.8752759374E+00
  1013    0.9533497859E+00
  1014    0.9655736531E+00
  1015    0.9200567696E+00
  1016    0.8538402046E+00
  1017    0.8300869605E+00
  1018    0.8460081920E+00
  1019    0.8693052925E+00
  1020    0.8762279771E+00
  1021    0.8765072610E+00
  1022    0.8722980443E+00
  1023    0.8646311635E+00
  1024    0.8556481864E+00
  1025    0.8680380537E+00
  1026    0.8798891997E+00
  1027    0.8585477140E+00
  1028    0.8106333572E+00
  1029    0.8008479124E+00
  1030    0.8472487461E+00
  1031    0.8822164958E+00
  1032    0.8754517086E+00
  1033    0.8620729185E+00
  1034    0.8778518092E+00
  1035    0.9136923789E+00
  1036    0.9369795338E+00
  1037    0.9104019918E+00
  1038    0.8927511592E+00
  1039    0.8844785185E+00
  1040    0.8657637512E+00
  1041    0.8424722877E+00
  1042    0.8150862993E+00
  1043    0.8080752394E+00
  1044    0.8501386327E+00
  1045    0.9175402201E+00
  1046    0.9501183647E+00
  1047    0.9401979905E+00
  1048    0.9139680672E+00
  1049    0.8920503375E+00
  1050    0.8744291529E+00
  1051    0.8711350467E+00
  1052    0.8807094195E+00
  1053    0.8656992689E+00
  1054    0.8607661862E+00
  1055    0.8626334434E+00
  1056    0.8538663390E+00
  1057    0.8842342931E+00
  1058    0.9804891273E+00
  1059    0.1042455159E+01
  1060    0.1026843439E+01
  1061    0.9947856586E+00
  1062    0.9893888635E+00
  1063    0.1034165551E+01
  1064    0.1124487506E+01
  1065    0.1213471830E+01
  1066    0.1229978621E+01
  1067    0.1160463528E+01
  1068    0.1095745318E+01
  1069    0.1071903950E+01
  1070    0.1049385539E+01
  1071    0.1009511057E+01
  1072    0.9747756331E+00
  1073    0.1000984333E+01
  1074    0.1087653058E+01
  1075    0.1173231791E+01
  1076    0.1198450823E+01
  1077    0.1164620796E+01
  1078    0.1108411217E+01
  1079    0.1102543019E+01
  1080    0.1122083201E+01
  1081    0.1105794981E+01
  1082    0.1047447065E+01
  1083    0.1018992989E+01
  1084    0.1054981856E+01
  1085    0.1128450010E+01
  1086    0.1171859743E+01
  1087    0.1119824479E+01
  1088    0.1104606205E+01
  1089    0.1159681616E+01
  1090    0.1166089658E+01
  1091    0.1106988330E+01
  1092    0.1082448072E+01
  1093    0.1097799233E+01
  1094    0.1071915018E+01
  1095    0.1019420677E+01
  1096    0.9976079815E+00
  1097    0.1009272892E+01
  1098    0.1031604060E+01
  1099    0.1035688473E+01
  1100    0.1015490953E+01
  1101    0.1010848655E+01
  1102    0.1041318254E+01
  1103    0.1069074381E+01
  1104    0.1072974622E+01
  1105    0.1055925163E+01
  1106    0.1021708392E+01
  1107    0.9885781431E+00
  1108    0.9798823337E+00
  1109    0.1007074046E+01
  1110    0.1054888306E+01
  1111    0.1088555389E+01
  1112    0.1071766693E+01
  1113    0.1029295042E+01
  1114    0.9869976954E+00
  1115    0.9709152951E+00
  1116    0.9891869721E+00
  1117    0.1026284047E+01
  1118    0.1071402516E+01
  1119    0.1101574233E+01
  1120    0.1075393611E+01
  1121    0.1013613563E+01
  1122    0.9746983613E+00
  1123    0.9648046377E+00
  1124    0.9629160708E+00
  1125    0.9559535589E+00
  1126    0.9501607889E+00
  1127    0.9528136959E+00
  1128    0.9645177367E+00
  1129    0.9749034025E+00
  1130    0.9703854304E+00
  1131    0.9615477507E+00
  1132    0.9590599824E+00
  1133    0.9644499916E+00
  1134    0.9741823249E+00
  1135    0.9840176897E+00
  1136    0.1000646466E+01
  1137    0.1011939048E+01
  1138    0.1013179506E+01
  1139    0.1032763353E+01
  1140    0.1042675687E+01
  1141    0.1011464722E+01
  1142    0.9855389638E+00
  1143    0.9837654051E+00
  1144    0.9793012799E+00
  1145    0.9707872248E+00
  1146    0.9750509330E+00
  1147    0.9877138501E+00
  1148    0.9809705257E+00
  1149    0.9639090598E+00
  1150    0.9631447607E+00
  1151    0.9712929476E+00
  1152    0.9745092800E+00
  1153    0.9836952368E+00
  1154    0.9979407983E+00
  1155    0.9900607807E+00
  1156    0.9666235504E+00
  1157    0.9623057686E+00
  1158    0.9876521997E+00
  1159    0.1017307990E+01
  1160    0.1025018996E+01
  1161    0.1022542247E+01
  1162    0.1020879752E+01
  1163    0.1008074851E+01
  1164    0.9930031558E+00
  1165    0.9899052115E+00
  1166    0.9916311337E+00
  1167    0.1000506938E+01
  1168    0.1009641834E+01
  1169    0.9987778790E+00
  1170    0.9861266029E+00
  1171    0.9881229993E+00
  1172    0.9945817203E+00
  1173    0.1001260266E+01
  1174    0.1008910641E+01
  1175    0.1019392886E+01
  1176    0.1023818254E+01
  1177    0.1014384508E+01
  1178    0.1004099367E+01
  1179    0.1000265064E+01
  1180    0.1008629956E+01
  1181    0.1020546917E+01
  1182    0.1018472405E+01
  1183    0.1010880016E+01
  1184    0.1010065654E+01
  1185    0.1008126214E+01
  1186    0.1004109195E+01
  1187    0.1004014267E+01
  1188    0.1007406421E+01
  1189    0.1011492839E+01
  1190    0.1017151271E+01
  1191    0.1026181587E+01
  1192    0.1034063707E+01
  1193    0.1042520105E+01
  1194    0.1049436378E+01
  1195    0.1055302934E+01
  1196    0.1046641296E+01
  1197    0.1032792763E+01
  1198    0.1029095162E+01
  1199    0.1027904075E+01
  1200    0.1017616846E+01
  1201    0.1004926393E+01
  1202    0.9986569813E+00
  1203    0.9987541307E+00
  1204    0.1004191332E+01
  1205    0.1013471993E+01
  1206    0.1018384715E+01
  1207    0.1015650750E+01
  1208    0.1009947562E+01
  1209    0.1000922880E+01
  1210    0.9925178736E+00
  1211    0.9905350045E+00
  1212    0.9932877717E+00
  1213    0.9973929612E+00
  1214    0.1002934049E+01
  1215    0.1010701302E+01
  1216    0.1018214394E+01
  1217    0.1019331178E+01
  1218    0.1015339672E+01
  1219    0.1012284950E+01
  1220    0.1006135395E+01
  1221    0.1001576448E+01
  1222    0.1004351340E+01
  1223    0.1011016557E+01
  1224    0.1014643183E+01
  1225    0.1013193353E+01
  1226    0.1009830890E+01
  1227    0.1006602325E+01
  1228    0.1006990143E+01
  1229    0.1010147072E+01
  1230    0.1012918575E+01
  1231    0.1014361963E+01
  1232    0.1013608100E+01
  1233    0.1010813851E+01
  1234    0.1010687451E+01
  1235    0.1013034194E+01
  1236    0.1013806964E+01
  1237    0.1011418551E+01
  1238    0.1008062518E+01
  1239    0.1004840651E+01
  1240    0.1003004120E+01
  1241    0.1003042094E+01
  1242    0.1004160364E+01
  1243    0.1006212167E+01
  1244    0.1008700569E+01
  1245    0.1009032587E+01
  1246    0.1006375688E+01
  1247    0.1004898875E+01
  1248    0.1007320677E+01
  1249    0.1010318195E+01
  1250    0.1011313214E+01
  1251    0.1013040411E+01
  1252    0.1014745322E+01
  1253    0.1012190199E+01
  1254    0.1007989077E+01
  1255    0.1006622171E+01
  1256    0.1007218308E+01
  1257    0.1007215009E+01
  1258    0.1005860504E+01
  1259    0.1005617234E+01
  1260    0.1007101558E+01
  1261    0.1008265082E+01
  1262    0.1007659636E+01
  1263    0.1006275167E+01
  1264    0.1005627721E+01
  1265    0.1004718885E+01
  1266    0.1003075816E+01
  1267    0.1001973852E+01
  1268    0.1001943823E+01
  1269    0.1002435600E+01
  1270    0.1002785788E+01
  1271    0.1002208584E+01
  1272    0.1001314641E+01
  1273    0.1000721566E+01
  1274    0.1000517111E+01
  1275    0.1000627567E+01
  1276    0.1000549332E+01
  1277    0.1000248847E+01
  1278    0.1000072139E+01
  1279    0.1000018044E+01
  1280    0.1000004511E+01
  1281    0.1000001128E+01
  1282    0.1000000282E+01
  1283    0.1000000070E+01
  1284    0.1000000018E+01
  1285    0.1000000004E+01
  1286    0.1000000001E+01
  1287    0.1000000000E+01
  1288    0.1000000000E+01
  1289    0.1000000000E+01
  1290    0.1000000000E+01
  1291    0.1000000000E+01
  1292    0.1000000000E+01
  1293    0.1000000000E+01
  1294    0.1000000000E+01
  1295    0.1000000000E+01
  1296    0.1000000000E+01
  1297    0.1000000000E+01
  1298    0.1000000000E+01
  1299    0.1000000000E+01
  1300    0.1000000000E+01
  1301    0.1000000000E+01
  1302    0.1000000000E+01
  1303    0.1000000000E+01
  1304    0.1000000000E+01
  1305    0.1000000000E+01
  1306    0.1000000000E+01
  1307    0.1000000000E+01
  1308    0.1000000000E+01
  1309    0.1000000000E+01
  1310    0.1000000000E+01
  1311    0.1000000000E+01
  1312    0.1000000000E+01
  1313    0.1000000000E+01
  1314    0.1000000000E+01
  1315    0.1000000000E+01
  1316    0.1000000000E+01
  1317    0.1000000000E+01
  1318    0.1000000000E+01
  1319    0.1000000000E+01
  1320    0.1000000000E+01
  1321    0.1000000000E+01
  1322    0.1000000000E+01
  1323    0.1000000000E+01
  1324    0.1000000000E+01
  1325    0.1000000000E+01
  1326    0.1000000000E+01
  1327    0.1000000000E+01
  1328    0.1000000000E+01
  1329    0.1000000000E+01
  1330    0.1000000000E+01
  1331    0.1000000000E+01
  1332    0.1000000000E+01
  1333    0.1000000000E+01
  1334    0.1000000000E+01
  1335    0.1000000000E+01
  1336    0.1000000000E+01
  1337    0.1000000000E+01
  1338    0.1000000000E+01
  1339    0.1000000000E+01
  1340    0.1000000000E+01
  1341    0.1000000000E+01
  1342    0.1000000000E+01
  1343    0.1000000000E+01
  1344    0.1000000000E+01
  1345    0.1000000000E+01
  1346    0.1000000000E+01
  1347    0.1000000000E+01
  1348    0.1000000000E+01
  1349    0.1000000000E+01
  1350    0.1000000000E+01
  1351    0.1000000000E+01
  1352    0.1000000000E+01
  1353    0.1000000000E+01
  1354    0.1000000000E+01
  1355    0.1000000000E+01
  1356    0.1000000000E+01
  1357    0.1000000000E+01
  1358    0.1000000000E+01
  1359    0.1000000000E+01
  1360    0.1000000000E+01
  1361    0.1000000000E+01
  1362    0.1000000000E+01
  1363    0.1000000000E+01
  1364    0.1000000000E+01
  1365    0.1000000000E+01
  1366    0.1000000000E+01
  1367    0.1000000000E+01
  1368    0.1000000000E+01
  1369    0.1000000000E+01
  1370    0.1000000000E+01
  1371    0.1000000000E+01
  1372    0.1000000000E+01
  1373    0.1000000000E+01
  1374    0.1000000000E+01
  1375    0.1000000000E+01
  1376    0.1000000000E+01
  1377    0.1000000000E+01
  1378    0.1000000000E+01
  1379    0.1000000000E+01
  1380    0.1000000000E+01
  1381    0.1000000000E+01
  1382    0.1000000000E+01
  1383    0.1000000000E+01
  1384    0.1000000000E+01
  1385    0.1000000000E+01
  1386    0.1000000000E+01
  1387    0.1000000000E+01
  1388    0.1000000000E+01
  1389    0.1000000000E+01
  1390    0.1000000000E+01
  1391    0.1000000000E+01
  1392    0.1000000000E+01
  1393    0.1000000000E+01
  1394    0.1000000000E+01
  1395    0.1000000000E+01
  1396    0.1000000000E+01
  1397    0.1000000000E+01
  1398    0.1000000000E+01
  1399    0.1000000000E+01
  1400    0.1000000000E+01
  1401    0.1000000000E+01
  1402    0.1000000000E+01
  1403    0.1000000000E+01
  1404    0.1000000000E+01
  1405    0.1000000000E+01
  1406    0.1000000000E+01
  1407    0.1000000000E+01
  1408    0.1000000000E+01
  1409    0.1000000000E+01
  1410    0.1000000000E+01
  1411    0.1000000000E+01
  1412    0.1000000000E+01
  1413    0.1000000000E+01
  1414    0.1000000000E+01
  1415    0.1000000000E+01
  1416    0.1000000000E+01
  1417    0.1000000000E+01
  1418    0.1000000000E+01
  1419    0.1000000000E+01
  1420    0.1000000000E+01
  1421    0.1000000000E+01
  1422    0.1000000000E+01
  1423    0.1000000000E+01
  1424    0.1000000000E+01
  1425    0.1000000000E+01
  1426    0.1000000000E+01
  1427    0.1000000000E+01
  1428    0.1000000000E+01
  1429    0.1000000000E+01
  1430    0.1000000000E+01
  1431    0.1000000000E+01
  1432    0.1000000000E+01
  1433    0.1000000000E+01
  1434    0.1000000000E+01
  1435    0.1000000000E+01
  1436    0.1000000000E+01
  1437    0.1000000000E+01
  1438    0.1000000000E+01
  1439    0.1000000000E+01
  1440    0.1000000000E+01
  1441    0.1000000000E+01
  1442    0.1000000000E+01
  1443    0.1000000000E+01
  1444    0.1000000000E+01
  1445    0.1000000000E+01
  1446    0.1000000000E+01
  1447    0.1000000000E+01
  1448    0.1000000000E+01
  1449    0.1000000000E+01
  1450    0.1000000000E+01
  1451    0.1000000000E+01
  1452    0.1000000000E+01
  1453    0.1000000000E+01
  1454    0.1000000000E+01
  1455    0.1000000000E+01
  1456    0.1000000000E+01
  1457    0.1000000000E+01
  1458    0.1000000000E+01
  1459    0.1000000000E+01
  1460    0.1000000000E+01
  1461    0.1000000000E+01
  1462    0.1000000000E+01
  1463    0.1000000000E+01
  1464    0.1000000000E+01
  1465    0.1000000000E+01
  1466    0.1000000000E+01
  1467    0.1000000000E+01
  1468    0.1000000000E+01
  1469    0.1000000000E+01
  1470    0.1000000000E+01
  1471    0.1000000000E+01
  1472    0.1000000000E+01
  1473    0.1000000000E+01
  1474    0.1000000000E+01
  1475    0.1000000000E+01
  1476    0.1000000000E+01
  1477    0.1000000000E+01
  1478    0.1000000000E+01
  1479    0.1000000000E+01
  1480    0.1000000000E+01
  1481    0.1000000000E+01
  1482    0.1000000000E+01
  1483    0.1000000000E+01
  1484    0.1000000000E+01
  1485    0.1000000000E+01
  1486    0.1000000000E+01
  1487    0.1000000000E+01
  1488    0.1000000000E+01
  1489    0.1000000000E+01
  1490    0.1000000000E+01
  1491    0.1000000000E+01
  1492    0.1000000000E+01
  1493    0.1000000000E+01
  1494    0.1000000000E+01
  1495    0.1000000000E+01
  1496    0.1000000000E+01
  1497    0.1000000000E+01
  1498    0.1000000000E+01
  1499    0.1000000000E+01
  1500    0.8337500000E+00
  1501    0.1662500000E+00
  1502    0.0000000000E+00
