    -1    0.0000000000E+00
     0    0.1289483175E+00
     1    0.1109374557E+01
     2    0.1313395498E+01
     3    0.1608016942E+01
     4    0.1752923425E+01
     5    0.1830366395E+01
     6    0.1761218518E+01
     7    0.1769161602E+01
     8    0.1578231099E+01
     9    0.1703881501E+01
    10    0.1411735626E+01
    11    0.1463581035E+01
    12    0.1659872203E+01
    13    0.1325979501E+01
    14    0.1650786812E+01
    15    0.1579696208E+01
    16    0.1469540493E+01
    17    0.1701493123E+01
    18    0.1676257471E+01
    19    0.1686256336E+01
    20    0.1379189197E+01
    21    0.1198829403E+01
    22    0.1408802440E+01
    23    0.1221308872E+01
    24    0.1588121443E+01
    25    0.9124248641E+00
    26    0.1392292881E+01
    27    0.1455754118E+01
    28    0.9888531853E+00
    29    0.1279285133E+01
    30    0.1212507891E+01
    31    0.1375167585E+01
    32    0.1265713303E+01
    33    0.1117423261E+01
    34    0.1102658886E+01
    35    0.8099728584E+00
    36    0.6792249897E+00
    37    0.7457253575E+00
    38    0.1226006487E+01
    39    0.1312425880E+01
    40    0.1102315952E+01
    41    0.1414429951E+01
    42    0.1085502518E+01
    43    0.1034997233E+01
    44    0.8704959633E+00
    45    0.4723239558E+00
    46    0.6098755671E+00
    47    0.9133675844E+00
    48    0.1035007637E+01
    49    0.8517589586E+00
    50    0.1325263038E+01
    51    0.7227173694E+00
    52    0.5090427150E+00
    53    0.7855571704E+00
    54    0.7155038317E+00
    55    0.6824405527E+00
    56    0.8588630526E+00
    57    0.1029738952E+01
    58    0.6299754052E+00
    59    0.8677799363E+00
    60    0.6140662167E+00
    61    0.7238678721E+00
    62    0.6141706694E+00
    63    0.6531411543E+00
    64    0.5545300192E+00
    65    0.7063024650E+00
    66    0.7437448978E+00
    67    0.7451397751E+00
    68    0.8010420881E+00
    69    0.7261611627E+00
    70    0.1125744223E+01
    71    0.7415666014E+00
    72    0.6355470777E+00
    73    0.5553675826E+00
    74    0.5797309174E+00
    75    0.5740692381E+00
    76    0.6035741844E+00
    77    0.8456376749E+00
    78    0.9053837442E+00
    79    0.6485575604E+00
    80    0.4851185595E+00
    81    0.7359610542E+00
    82    0.6566671429E+00
    83    0.6226385504E+00
    84    0.6096064260E+00
    85    0.5087970526E+00
    86    0.6779792983E+00
    87    0.5940438959E+00
    88    0.5577970981E+00
    89    0.6227771785E+00
    90    0.5911861904E+00
    91    0.7100044702E+00
    92    0.6414236095E+00
    93    0.6020143132E+00
    94    0.6580603244E+00
    95    0.5920346020E+00
    96    0.6881586299E+00
    97    0.7525266720E+00
    98    0.8195577429E+00
    99    0.5638493283E+00
   100    0.3587415809E+00
   101    0.7349977799E+00
   102    0.9528371156E+00
   103    0.3839821542E+00
   104    0.6132284778E+00
   105    0.5866923420E+00
   106    0.6006279001E+00
   107    0.4565329671E+00
   108    0.5784436907E+00
   109    0.7492410358E+00
   110    0.7050826435E+00
   111    0.8123189010E+00
   112    0.7406763775E+00
   113    0.3996803049E+00
   114    0.6562403360E+00
   115    0.7479742963E+00
   116    0.7222688744E+00
   117    0.4217369310E+00
   118    0.5420977424E+00
   119    0.6634437483E+00
   120    0.7566348842E+00
   121    0.7550127952E+00
   122    0.3768649597E+00
   123    0.7256253876E+00
   124    0.7723154628E+00
   125    0.6907637689E+00
   126    0.4959876296E+00
   127    0.7144606338E+00
   128    0.5899736584E+00
   129    0.5083069818E+00
   130    0.4640750773E+00
   131    0.6497784824E+00
   132    0.1112143063E+01
   133    0.1056665981E+01
   134    0.9308660880E+00
   135    0.7390488495E+00
   136    0.6757929364E+00
   137    0.7833199177E+00
   138    0.8377231524E+00
   139    0.7537590889E+00
   140    0.5320691949E+00
   141    0.7142461820E+00
   142    0.9815888932E+00
   143    0.9488597954E+00
   144    0.8204329585E+00
   145    0.1045121818E+01
   146    0.9915641660E+00
   147    0.7528045963E+00
   148    0.8431391042E+00
   149    0.1266025958E+01
   150    0.1040286324E+01
   151    0.1030354822E+01
   152    0.9157558948E+00
   153    0.6987258379E+00
   154    0.1242212743E+01
   155    0.1393466782E+01
   156    0.1332705815E+01
   157    0.1272753138E+01
   158    0.1271498166E+01
   159    0.1166768369E+01
   160    0.1376452505E+01
   161    0.1805591602E+01
   162    0.1798435876E+01
   163    0.1291962702E+01
   164    0.1556454810E+01
   165    0.1791442160E+01
   166    0.1744733147E+01
   167    0.1525412604E+01
   168    0.1331232807E+01
   169    0.1708582996E+01
   170    0.1933950659E+01
   171    0.1747667864E+01
   172    0.1524704930E+01
   173    0.1168832403E+01
   174    0.1274620694E+01
   175    0.2140064762E+01
   176    0.1722662657E+01
   177    0.1568938936E+01
   178    0.1506025204E+01
   179    0.2099405490E+01
   180    0.1505066348E+01
   181    0.1310470074E+01
   182    0.1760256652E+01
   183    0.1404070206E+01
   184    0.1122091691E+01
   185    0.1516306008E+01
   186    0.1899128314E+01
   187    0.1472549732E+01
   188    0.1134920087E+01
   189    0.1465354904E+01
   190    0.1018660243E+01
   191    0.1210157241E+01
   192    0.1478536460E+01
   193    0.1602848911E+01
   194    0.1459776866E+01
   195    0.1560249471E+01
   196    0.1266192982E+01
   197    0.1211173347E+01
   198    0.1411335315E+01
   199    0.8173940963E+00
   200    0.8345349845E+00
   201    0.8508566930E+00
   202    0.1193454271E+01
   203    0.8895057886E+00
   204    0.6464870248E+00
   205    0.1178138960E+01
   206    0.1041817755E+01
   207    0.9740445591E+00
   208    0.1001799267E+01
   209    0.9104999497E+00
   210    0.7753274786E+00
   211    0.8130802386E+00
   212    0.8075133823E+00
   213    0.7576779413E+00
   214    0.6123369982E+00
   215    0.7375220240E+00
   216    0.9818058439E+00
   217    0.7246167461E+00
   218    0.6507603060E+00
   219    0.8475041777E+00
   220    0.7715086584E+00
   221    0.6697137341E+00
   222    0.7945040241E+00
   223    0.5076023402E+00
   224    0.5277121775E+00
   225    0.6895174035E+00
   226    0.8989469863E+00
   227    0.9360540688E+00
   228    0.6226285761E+00
   229    0.6964751638E+00
   230    0.5573692656E+00
   231    0.4821650222E+00
   232    0.5719756696E+00
   233    0.7576036266E+00
   234    0.1082111161E+01
   235    0.6806932408E+00
   236    0.6292530980E+00
   237    0.5621001667E+00
   238    0.6678196151E+00
   239    0.6446405318E+00
   240    0.5105187865E+00
   241    0.5327917976E+00
   242    0.7955089551E+00
   243    0.6491482746E+00
   244    0.5554814976E+00
   245    0.6695652892E+00
   246    0.6053102286E+00
   247    0.5147290623E+00
   248    0.6253330310E+00
   249    0.6468860283E+00
   250    0.7680906159E+00
   251    0.5383400113E+00
   252    0.4136437707E+00
   253    0.4698365396E+00
   254    0.4912857786E+00
   255    0.4570291805E+00
   256    0.6310508086E+00
   257    0.6299789559E+00
   258    0.6435562558E+00
   259    0.7772332698E+00
   260    0.6555078243E+00
   261    0.6243319169E+00
   262    0.6201472240E+00
   263    0.6435954487E+00
   264    0.7262925640E+00
   265    0.7401085102E+00
   266    0.7412567872E+00
   267    0.4504854320E+00
   268    0.3421779094E+00
   269    0.5983606134E+00
   270    0.5659035374E+00
   271    0.6089385045E+00
   272    0.7315380643E+00
   273    0.4591738642E+00
   274    0.8354853704E+00
   275    0.7481297649E+00
   276    0.4191373968E+00
   277    0.5621877293E+00
   278    0.6928860902E+00
   279    0.5242518367E+00
   280    0.6181958907E+00
   281    0.6095260737E+00
   282    0.7999812168E+00
   283    0.6890349511E+00
   284    0.7590824461E+00
   285    0.6153983054E+00
   286    0.4700744567E+00
   287    0.6827729269E+00
   288    0.7455631104E+00
   289    0.8222697042E+00
   290    0.6186810963E+00
   291    0.7778922401E+00
   292    0.6259203266E+00
   293    0.7643279213E+00
   294    0.7969476391E+00
   295    0.6195716471E+00
   296    0.4571890918E+00
   297    0.5556493667E+00
   298    0.9130340050E+00
   299    0.7839373190E+00
   300    0.4879707638E+00
   301    0.6639738716E+00
   302    0.1119684361E+01
   303    0.1024192499E+01
   304    0.7025710931E+00
   305    0.7275838515E+00
   306    0.6178571808E+00
   307    0.7299507262E+00
   308    0.1052088482E+01
   309    0.1101442614E+01
   310    0.1094524635E+01
   311    0.6756288151E+00
   312    0.9469212875E+00
   313    0.1071390514E+01
   314    0.1190461026E+01
   315    0.1257462824E+01
   316    0.1336012871E+01
   317    0.1093760380E+01
   318    0.1277442728E+01
   319    0.1464076485E+01
   320    0.1158448310E+01
   321    0.6912100178E+00
   322    0.9924663850E+00
   323    0.1434232569E+01
   324    0.1301965276E+01
   325    0.1613491134E+01
   326    0.1193645676E+01
   327    0.1199374852E+01
   328    0.1702858466E+01
   329    0.1335462543E+01
   330    0.1513111223E+01
   331    0.1213682168E+01
   332    0.1382529855E+01
   333    0.1637827170E+01
   334    0.1525658193E+01
   335    0.1504990610E+01
   336    0.1785872965E+01
   337    0.1694333175E+01
   338    0.1330996899E+01
   339    0.1495572165E+01
   340    0.1632316512E+01
   341    0.1990888693E+01
   342    0.1540185129E+01
   343    0.1847448248E+01
   344    0.2226397369E+01
   345    0.1425097166E+01
   346    0.1544797904E+01
   347    0.1463218914E+01
   348    0.1622105375E+01
   349    0.1745291448E+01
   350    0.1708794230E+01
   351    0.1387113606E+01
   352    0.1257783047E+01
   353    0.1280499954E+01
   354    0.1374222082E+01
   355    0.1448243695E+01
   356    0.1653382877E+01
   357    0.1354240045E+01
   358    0.1608614982E+01
   359    0.1318557074E+01
   360    0.1142441888E+01
   361    0.1133430408E+01
   362    0.1068747886E+01
   363    0.8879488693E+00
   364    0.1278458491E+01
   365    0.1421846476E+01
   366    0.1158311671E+01
   367    0.1072256031E+01
   368    0.1169340458E+01
   369    0.9513989971E+00
   370    0.1132492962E+01
   371    0.1154226630E+01
   372    0.1012609791E+01
   373    0.8152411986E+00
   374    0.6988013939E+00
   375    0.6944517582E+00
   376    0.8471646572E+00
   377    0.1021180125E+01
   378    0.9568820263E+00
   379    0.1072037136E+01
   380    0.8799966323E+00
   381    0.6991326150E+00
   382    0.4969398411E+00
   383    0.7639012302E+00
   384    0.9454575290E+00
   385    0.7886628996E+00
   386    0.1027089423E+01
   387    0.5785477503E+00
   388    0.6012394344E+00
   389    0.5366587178E+00
   390    0.7966009376E+00
   391    0.5537320535E+00
   392    0.8337069914E+00
   393    0.6217137286E+00
   394    0.4293623380E+00
   395    0.9526112670E+00
   396    0.6915797757E+00
   397    0.6654999154E+00
   398    0.6092957165E+00
   399    0.8045332520E+00
   400    0.6266894121E+00
   401    0.7286300884E+00
   402    0.4563351370E+00
   403    0.3866561176E+00
   404    0.7447474155E+00
   405    0.7144666611E+00
   406    0.5642227641E+00
   407    0.6244361302E+00
   408    0.8366183838E+00
   409    0.6552506117E+00
   410    0.5769917666E+00
   411    0.4814387262E+00
   412    0.6038191500E+00
   413    0.7665606917E+00
   414    0.5672779590E+00
   415    0.4837600305E+00
   416    0.5157376678E+00
   417    0.5104454476E+00
   418    0.6384845509E+00
   419    0.6306920775E+00
   420    0.6914172440E+00
   421    0.5971929832E+00
   422    0.5175833862E+00
   423    0.5152877509E+00
   424    0.5897423619E+00
   425    0.3743496686E+00
   426    0.5119821970E+00
   427    0.5503331440E+00
   428    0.6812012981E+00
   429    0.6142801305E+00
   430    0.4019615095E+00
   431    0.8042109372E+00
   432    0.6757845341E+00
   433    0.5094023201E+00
   434    0.5842385695E+00
   435    0.5649533059E+00
   436    0.5690562768E+00
   437    0.8558845087E+00
   438    0.5397733202E+00
   439    0.4957473406E+00
   440    0.7324061443E+00
   441    0.6075981011E+00
   442    0.5411968342E+00
   443    0.6212318505E+00
   444    0.6628468735E+00
   445    0.5889093930E+00
   446    0.4908991673E+00
   447    0.5217724246E+00
   448    0.5938436973E+00
   449    0.6279309307E+00
   450    0.7149883224E+00
   451    0.7076675547E+00
   452    0.4970039827E+00
   453    0.4436735544E+00
   454    0.5817783754E+00
   455    0.9422662060E+00
   456    0.1065386853E+01
   457    0.7267781327E+00
   458    0.4849534163E+00
   459    0.5938243238E+00
   460    0.1038675381E+01
   461    0.6958950402E+00
   462    0.5875505308E+00
   463    0.6773430846E+00
   464    0.7552876377E+00
   465    0.6901002318E+00
   466    0.6366549883E+00
   467    0.4338771806E+00
   468    0.8794376485E+00
   469    0.1022324739E+01
   470    0.8052543183E+00
   471    0.9306825247E+00
   472    0.1038043387E+01
   473    0.6265605191E+00
   474    0.7601776725E+00
   475    0.7627589569E+00
   476    0.1163655193E+01
   477    0.9167213272E+00
   478    0.8852541224E+00
   479    0.1008487194E+01
   480    0.8931036655E+00
   481    0.1063283358E+01
   482    0.1184458391E+01
   483    0.1178268600E+01
   484    0.1075725585E+01
   485    0.1110619376E+01
   486    0.1041238823E+01
   487    0.1359774788E+01
   488    0.1285626095E+01
   489    0.1303121079E+01
   490    0.1329460240E+01
   491    0.1269640945E+01
   492    0.1120556004E+01
   493    0.1320814579E+01
   494    0.1593198663E+01
   495    0.1337290157E+01
   496    0.1390243906E+01
   497    0.1493484859E+01
   498    0.2087201153E+01
   499    0.1636629305E+01
   500    0.1274971583E+01
   501    0.1016316568E+01
   502    0.1362353843E+01
   503    0.2213806099E+01
   504    0.2560745955E+01
   505    0.1980502599E+01
   506    0.1850019429E+01
   507    0.1591861663E+01
   508    0.1571989272E+01
   509    0.1558388272E+01
   510    0.1261914293E+01
   511    0.1120632213E+01
   512    0.1436096689E+01
   513    0.1618078467E+01
   514    0.1819144324E+01
   515    0.1467408433E+01
   516    0.1611345891E+01
   517    0.1687682704E+01
   518    0.1923400299E+01
   519    0.1485083644E+01
   520    0.1243794326E+01
   521    0.1811965117E+01
   522    0.1813163304E+01
   523    0.1420318094E+01
   524    0.9757858789E+00
   525    0.1423333366E+01
   526    0.1073771105E+01
   527    0.1439969352E+01
   528    0.1131002614E+01
   529    0.1178185905E+01
   530    0.1082182484E+01
   531    0.1098972782E+01
   532    0.1205248849E+01
   533    0.1119547132E+01
   534    0.1250478959E+01
   535    0.1071494131E+01
   536    0.7875557182E+00
   537    0.9470829229E+00
   538    0.8225014463E+00
   539    0.8917656528E+00
   540    0.9090413550E+00
   541    0.8952442278E+00
   542    0.9215413025E+00
   543    0.8530554369E+00
   544    0.8821624666E+00
   545    0.8385342492E+00
   546    0.7572432717E+00
   547    0.5612229936E+00
   548    0.7933116648E+00
   549    0.6273292730E+00
   550    0.9242054836E+00
   551    0.8986285067E+00
   552    0.6300938150E+00
   553    0.5177718703E+00
   554    0.1073230425E+01
   555    0.8206018278E+00
   556    0.6085354922E+00
   557    0.7765074567E+00
   558    0.7232443309E+00
   559    0.5436996843E+00
   560    0.3982612372E+00
   561    0.6003610717E+00
   562    0.8545571650E+00
   563    0.6679460509E+00
   564    0.6124439059E+00
   565    0.1000281985E+01
   566    0.5372384396E+00
   567    0.4870529600E+00
   568    0.5650439345E+00
   569    0.4805183142E+00
   570    0.4508547032E+00
   571    0.5053680217E+00
   572    0.8994182903E+00
   573    0.7312857973E+00
   574    0.6273397030E+00
   575    0.6462471777E+00
   576    0.7216137543E+00
   577    0.4823057097E+00
   578    0.4170534175E+00
   579    0.4470046853E+00
   580    0.6978884166E+00
   581    0.9765334409E+00
   582    0.4931421667E+00
   583    0.4492953352E+00
   584    0.3748092926E+00
   585    0.6308704781E+00
   586    0.8826765493E+00
   587    0.5245155218E+00
   588    0.6843893224E+00
   589    0.8875634415E+00
   590    0.4933612009E+00
   591    0.3629284196E+00
   592    0.4208895394E+00
   593    0.3502031027E+00
   594    0.6252008596E+00
   595    0.5579892683E+00
   596    0.5740412369E+00
   597    0.6462349239E+00
   598    0.7325857097E+00
   599    0.6809345038E+00
   600    0.4812858831E+00
   601    0.4437429610E+00
   602    0.4583072675E+00
   603    0.6221481237E+00
   604    0.7103478283E+00
   605    0.6534080789E+00
   606    0.5761684148E+00
   607    0.5759481833E+00
   608    0.6908101466E+00
   609    0.5039249554E+00
   610    0.6406588654E+00
   611    0.6102872906E+00
   612    0.8423835307E+00
   613    0.5803158295E+00
   614    0.5320660118E+00
   615    0.6628832052E+00
   616    0.5518714360E+00
   617    0.5281818942E+00
   618    0.5865749349E+00
   619    0.8269400599E+00
   620    0.5301721199E+00
   621    0.5386028845E+00
   622    0.8303132387E+00
   623    0.7945771782E+00
   624    0.9543078466E+00
   625    0.7813870114E+00
   626    0.5852038921E+00
   627    0.5859744597E+00
   628    0.7099758789E+00
   629    0.7902374059E+00
   630    0.7544397222E+00
   631    0.8659312053E+00
   632    0.6912214036E+00
   633    0.4016976157E+00
   634    0.7843094705E+00
   635    0.1096632627E+01
   636    0.9492340801E+00
   637    0.7884588449E+00
   638    0.7018871135E+00
   639    0.5214803812E+00
   640    0.5163724258E+00
   641    0.9083227460E+00
   642    0.1056224569E+01
   643    0.9017025598E+00
   644    0.9992635085E+00
   645    0.1335642882E+01
   646    0.1296478522E+01
   647    0.1050911900E+01
   648    0.7338585925E+00
   649    0.9249193507E+00
   650    0.1025429559E+01
   651    0.1447464819E+01
   652    0.1220564241E+01
   653    0.1138119063E+01
   654    0.8968127928E+00
   655    0.9160655809E+00
   656    0.1546669489E+01
   657    0.1791711502E+01
   658    0.1578521220E+01
   659    0.1533005232E+01
   660    0.1710838626E+01
   661    0.1723413080E+01
   662    0.1299237890E+01
   663    0.1350007219E+01
   664    0.1541072950E+01
   665    0.1841409491E+01
   666    0.8538793581E+00
   667    0.1507886548E+01
   668    0.1468538833E+01
   669    0.1581015766E+01
   670    0.1639739827E+01
   671    0.1967977486E+01
   672    0.1690165008E+01
   673    0.1413004383E+01
   674    0.1997127644E+01
   675    0.1603658693E+01
   676    0.1653540141E+01
   677    0.1772557466E+01
   678    0.1704538378E+01
   679    0.1428063137E+01
   680    0.1386777162E+01
   681    0.1475509356E+01
   682    0.1544380102E+01
   683    0.1461178563E+01
   684    0.1464830948E+01
   685    0.1411626246E+01
   686    0.1175284581E+01
   687    0.1047146019E+01
   688    0.1107847645E+01
   689    0.1337251609E+01
   690    0.1252083899E+01
   691    0.1366690877E+01
   692    0.1527091899E+01
   693    0.8536086593E+00
   694    0.8245880466E+00
   695    0.1001508955E+01
   696    0.1419842449E+01
   697    0.1003705995E+01
   698    0.9694367462E+00
   699    0.1184902601E+01
   700    0.1252845378E+01
   701    0.8245373106E+00
   702    0.9123548151E+00
   703    0.9503302035E+00
   704    0.1074867033E+01
   705    0.9501054916E+00
   706    0.9360737859E+00
   707    0.8870777549E+00
   708    0.5294709458E+00
   709    0.6690807896E+00
   710    0.1058668211E+01
   711    0.9927747535E+00
   712    0.9455827996E+00
   713    0.7631965430E+00
   714    0.6029416882E+00
   715    0.8560213008E+00
   716    0.1038102757E+01
   717    0.7388754429E+00
   718    0.7408030172E+00
   719    0.7453600286E+00
   720    0.8987380629E+00
   721    0.9604874457E+00
   722    0.7677554856E+00
   723    0.9783019141E+00
   724    0.6353825352E+00
   725    0.7304933376E+00
   726    0.6593139237E+00
   727    0.6213717946E+00
   728    0.6902830696E+00
   729    0.8330915530E+00
   730    0.7417572986E+00
   731    0.6437088123E+00
   732    0.6353036585E+00
   733    0.7167588800E+00
   734    0.1118811218E+01
   735    0.8730029902E+00
   736    0.7342796856E+00
   737    0.6196783483E+00
   738    0.5201342784E+00
   739    0.8062397245E+00
   740    0.6414696611E+00
   741    0.6642390651E+00
   742    0.6773254710E+00
   743    0.8157088304E+00
   744    0.7453284365E+00
   745    0.4610450187E+00
   746    0.5560131899E+00
   747    0.6539463780E+00
   748    0.5510242479E+00
   749    0.6123525039E+00
   750    0.1067156956E+01
   751    0.8208236647E+00
   752    0.8204867335E+00
   753    0.6773300434E+00
   754    0.5651981473E+00
   755    0.6665579996E+00
   756    0.9574725836E+00
   757    0.7412162951E+00
   758    0.4448004635E+00
   759    0.5957971647E+00
   760    0.6896521519E+00
   761    0.1050549654E+01
   762    0.8156374260E+00
   763    0.5532563776E+00
   764    0.5526940829E+00
   765    0.7894728588E+00
   766    0.7871873320E+00
   767    0.5654433785E+00
   768    0.5359066787E+00
   769    0.7712442520E+00
   770    0.7510481555E+00
   771    0.7492283566E+00
   772    0.3183278553E+00
   773    0.4102349307E+00
   774    0.7616142981E+00
   775    0.8008738907E+00
   776    0.9424271537E+00
   777    0.9343687403E+00
   778    0.6409625756E+00
   779    0.5723270467E+00
   780    0.7552158130E+00
   781    0.8557618995E+00
   782    0.8399662396E+00
   783    0.7850784529E+00
   784    0.7634469475E+00
   785    0.8292166756E+00
   786    0.7840673818E+00
   787    0.1039153684E+01
   788    0.7274536316E+00
   789    0.1089636534E+01
   790    0.1143867499E+01
   791    0.9659396356E+00
   792    0.8506944248E+00
   793    0.8205901640E+00
   794    0.9051864781E+00
   795    0.1035264588E+01
   796    0.1152612246E+01
   797    0.8463758284E+00
   798    0.1229856637E+01
   799    0.1174235553E+01
   800    0.1183997814E+01
   801    0.9927090283E+00
   802    0.1043446342E+01
   803    0.1084007794E+01
   804    0.1002076025E+01
   805    0.9940091206E+00
   806    0.1103293529E+01
   807    0.1045947964E+01
   808    0.1007381210E+01
   809    0.1227635361E+01
   810    0.1331764884E+01
   811    0.7575613942E+00
   812    0.1213889549E+01
   813    0.9630273301E+00
   814    0.1384306669E+01
   815    0.1590343787E+01
   816    0.1193904153E+01
   817    0.1470724260E+01
   818    0.1414825593E+01
   819    0.1155377667E+01
   820    0.1124650576E+01
   821    0.1290480177E+01
   822    0.9575236073E+00
   823    0.1321744068E+01
   824    0.1330570455E+01
   825    0.1034603654E+01
   826    0.1337975875E+01
   827    0.1219308338E+01
   828    0.9439350461E+00
   829    0.1098803611E+01
   830    0.1185619940E+01
   831    0.1075884458E+01
   832    0.1228984034E+01
   833    0.1198859655E+01
   834    0.1179547572E+01
   835    0.1159409227E+01
   836    0.9878695601E+00
   837    0.1407030739E+01
   838    0.1303685132E+01
   839    0.1289842498E+01
   840    0.1114573300E+01
   841    0.1631834974E+01
   842    0.1386650936E+01
   843    0.1555552960E+01
   844    0.1241024599E+01
   845    0.1649758504E+01
   846    0.1328839894E+01
   847    0.1046043677E+01
   848    0.1103994766E+01
   849    0.1252468020E+01
   850    0.1119235461E+01
   851    0.1189130387E+01
   852    0.1118721565E+01
   853    0.1171076854E+01
   854    0.1036584562E+01
   855    0.8667829318E+00
   856    0.8199017855E+00
   857    0.1167954685E+01
   858    0.8669466470E+00
   859    0.7372578206E+00
   860    0.5065935896E+00
   861    0.1135016827E+01
   862    0.1342993579E+01
   863    0.9681375533E+00
   864    0.9602802686E+00
   865    0.1519937086E+01
   866    0.1171832500E+01
   867    0.9989714495E+00
   868    0.1219405992E+01
   869    0.7656870722E+00
   870    0.8821746566E+00
   871    0.8537932416E+00
   872    0.9500210760E+00
   873    0.1200301374E+01
   874    0.1069800246E+01
   875    0.7348414644E+00
   876    0.1019899308E+01
   877    0.1004575936E+01
   878    0.1004020050E+01
   879    0.1065632136E+01
   880    0.9797739451E+00
   881    0.8392509412E+00
   882    0.9150626417E+00
   883    0.8339448957E+00
   884    0.9699400189E+00
   885    0.8208226061E+00
   886    0.7265986047E+00
   887    0.8233384312E+00
   888    0.1018481078E+01
   889    0.1022412514E+01
   890    0.6378594376E+00
   891    0.8345737010E+00
   892    0.6959065664E+00
   893    0.7375340935E+00
   894    0.7510722282E+00
   895    0.7637159559E+00
   896    0.7393757830E+00
   897    0.1059830500E+01
   898    0.9790644515E+00
   899    0.1126996960E+01
   900    0.1031063628E+01
   901    0.9079439984E+00
   902    0.1000658054E+01
   903    0.7750161384E+00
   904    0.5632165293E+00
   905    0.9001049519E+00
   906    0.7956210303E+00
   907    0.8604377660E+00
   908    0.5463366625E+00
   909    0.9279003855E+00
   910    0.9253557530E+00
   911    0.8705559820E+00
   912    0.8571521133E+00
   913    0.8297051720E+00
   914    0.9384366238E+00
   915    0.8897283008E+00
   916    0.9385225502E+00
   917    0.8797478848E+00
   918    0.8281905873E+00
   919    0.7135987153E+00
   920    0.7288499018E+00
   921    0.9146385930E+00
   922    0.8312885421E+00
   923    0.9360969339E+00
   924    0.1146490029E+01
   925    0.9108513789E+00
   926    0.8881126595E+00
   927    0.9187372261E+00
   928    0.9266816949E+00
   929    0.8721691334E+00
   930    0.7995489140E+00
   931    0.8862419449E+00
   932    0.1033071061E+01
   933    0.9327191794E+00
   934    0.8646508216E+00
   935    0.8726974436E+00
   936    0.7446324120E+00
   937    0.1009122722E+01
   938    0.8848403931E+00
   939    0.8321671431E+00
   940    0.8160396250E+00
   941    0.1191346925E+01
   942    0.9804066565E+00
   943    0.9324173883E+00
   944    0.7791478988E+00
   945    0.9614060751E+00
   946    0.9687060103E+00
   947    0.8739514459E+00
   948    0.7879945984E+00
   949    0.9454255584E+00
   950    0.9267164094E+00
   951    0.1113199898E+01
   952    0.1049633029E+01
   953    0.1001955897E+01
   954    0.8778309736E+00
   955    0.8726934212E+00
   956    0.1029932391E+01
   957    0.1123413376E+01
   958    0.1119428863E+01
   959    0.1015090530E+01
   960    0.9799075099E+00
   961    0.9865676618E+00
   962    0.9704337819E+00
   963    0.9850173485E+00
   964    0.1056209662E+01
   965    0.1146756403E+01
   966    0.1129842034E+01
   967    0.1064086711E+01
   968    0.1077397496E+01
   969    0.1092958902E+01
   970    0.1020568885E+01
   971    0.8687439216E+00
   972    0.8399432275E+00
   973    0.9846811962E+00
   974    0.1139044052E+01
   975    0.1071259258E+01
   976    0.9425513299E+00
   977    0.9649496053E+00
   978    0.8479567028E+00
   979    0.8540954306E+00
   980    0.8995157862E+00
   981    0.9891693678E+00
   982    0.1003604094E+01
   983    0.8983518821E+00
   984    0.9097034873E+00
   985    0.1059635631E+01
   986    0.9516786878E+00
   987    0.1040513584E+01
   988    0.1049279026E+01
   989    0.1014005026E+01
   990    0.1126005672E+01
   991    0.1036646102E+01
   992    0.9022826834E+00
   993    0.8957983380E+00
   994    0.1005923468E+01
   995    0.1086700060E+01
   996    0.1241026813E+01
   997    0.1071103456E+01
   998    0.1017867501E+01
   999    0.1245041792E+01
  1000    0.8877715020E+00
  1001    0.8954570882E+00
  1002    0.1017019805E+01
  1003    0.1161041304E+01
  1004    0.1037175162E+01
  1005    0.1006995390E+01
  1006    0.1275240542E+01
  1007    0.1442006177E+01
  1008    0.1259493989E+01
  1009    0.1124257651E+01
  1010    0.1041662586E+01
  1011    0.1125506835E+01
  1012    0.1324263068E+01
  1013    0.1331599296E+01
  1014    0.1059364254E+01
  1015    0.1000442932E+01
  1016    0.9460815817E+00
  1017    0.9845191234E+00
  1018    0.1136924367E+01
  1019    0.1145069320E+01
  1020    0.1049461563E+01
  1021    0.1084090107E+01
  1022    0.1019852194E+01
  1023    0.1013248878E+01
  1024    0.1099041286E+01
  1025    0.1096995938E+01
  1026    0.1082841958E+01
  1027    0.1068887201E+01
  1028    0.1088593835E+01
  1029    0.1084922899E+01
  1030    0.9878802495E+00
  1031    0.9676421351E+00
  1032    0.9335988095E+00
  1033    0.9366794481E+00
  1034    0.9699259310E+00
  1035    0.1077907726E+01
  1036    0.1066465154E+01
  1037    0.1017320221E+01
  1038    0.1004008901E+01
  1039    0.1061163479E+01
  1040    0.1066041677E+01
  1041    0.1060161037E+01
  1042    0.1079499959E+01
  1043    0.1060626455E+01
  1044    0.9914045886E+00
  1045    0.9366276175E+00
  1046    0.9123508489E+00
  1047    0.8825253508E+00
  1048    0.9019338870E+00
  1049    0.9984394162E+00
  1050    0.1096243346E+01
  1051    0.1102314853E+01
  1052    0.1030818285E+01
  1053    0.9536162428E+00
  1054    0.9370837306E+00
  1055    0.9883314024E+00
  1056    0.9938336403E+00
  1057    0.9368293206E+00
  1058    0.8817600314E+00
  1059    0.8388902844E+00
  1060    0.8612328187E+00
  1061    0.8967917321E+00
  1062    0.8803740035E+00
  1063    0.8465989884E+00
  1064    0.8555090733E+00
  1065    0.9060439148E+00
  1066    0.9620988578E+00
  1067    0.9785326668E+00
  1068    0.9548769215E+00
  1069    0.9330637463E+00
  1070    0.9428012425E+00
  1071    0.9435393796E+00
  1072    0.8947292088E+00
  1073    0.8911108766E+00
  1074    0.9316302380E+00
  1075    0.9247884156E+00
  1076    0.8666323464E+00
  1077    0.8353614740E+00
  1078    0.8158134978E+00
  1079    0.8104199905E+00
  1080    0.8431646373E+00
  1081    0.8814500719E+00
  1082    0.8896465734E+00
  1083    0.8912613687E+00
  1084    0.8997633211E+00
  1085    0.8926897202E+00
  1086    0.8988012429E+00
  1087    0.9279392840E+00
  1088    0.9456017823E+00
  1089    0.9501435165E+00
  1090    0.9986524578E+00
  1091    0.1071935825E+01
  1092    0.1080156447E+01
  1093    0.9880883816E+00
  1094    0.9011347968E+00
  1095    0.8884410863E+00
  1096    0.8778175231E+00
  1097    0.8768720765E+00
  1098    0.8905670159E+00
  1099    0.9076243974E+00
  1100    0.9069996836E+00
  1101    0.9157921679E+00
  1102    0.9878767526E+00
  1103    0.1069227454E+01
  1104    0.1064646574E+01
  1105    0.9934402992E+00
  1106    0.9402246771E+00
  1107    0.9333592540E+00
  1108    0.9771977252E+00
  1109    0.1000640328E+01
  1110    0.9619041604E+00
  1111    0.9472453068E+00
  1112    0.1002598881E+01
  1113    0.1102764575E+01
  1114    0.1158512774E+01
  1115    0.1117872345E+01
  1116    0.1066245924E+01
  1117    0.9913998756E+00
  1118    0.9169007016E+00
  1119    0.9052542200E+00
  1120    0.9476288219E+00
  1121    0.1004622040E+01
  1122    0.1015425256E+01
  1123    0.1029467227E+01
  1124    0.1119420412E+01
  1125    0.1152844587E+01
  1126    0.1066570422E+01
  1127    0.9604635321E+00
  1128    0.8948271618E+00
  1129    0.8971945177E+00
  1130    0.9249672005E+00
  1131    0.9404891487E+00
  1132    0.9672187358E+00
  1133    0.9650284437E+00
  1134    0.9260087874E+00
  1135    0.9253857665E+00
  1136    0.9796820979E+00
  1137    0.1043010573E+01
  1138    0.1043319924E+01
  1139    0.9838138029E+00
  1140    0.9208846816E+00
  1141    0.8835328807E+00
  1142    0.8725155226E+00
  1143    0.8832635553E+00
  1144    0.9085154271E+00
  1145    0.9366030184E+00
  1146    0.9623143624E+00
  1147    0.9857141044E+00
  1148    0.9991701300E+00
  1149    0.9890564853E+00
  1150    0.9615477331E+00
  1151    0.9461863480E+00
  1152    0.9533484179E+00
  1153    0.9588468607E+00
  1154    0.9741471371E+00
  1155    0.9796889594E+00
  1156    0.9876811739E+00
  1157    0.1028712606E+01
  1158    0.1074174734E+01
  1159    0.1090432121E+01
  1160    0.1063940691E+01
  1161    0.1019927044E+01
  1162    0.9982713893E+00
  1163    0.1022693747E+01
  1164    0.1068626964E+01
  1165    0.1102962358E+01
  1166    0.1097472822E+01
  1167    0.1059704892E+01
  1168    0.1029376215E+01
  1169    0.1033830030E+01
  1170    0.1057095348E+01
  1171    0.1083232259E+01
  1172    0.1116840706E+01
  1173    0.1173337273E+01
  1174    0.1237359142E+01
  1175    0.1254810219E+01
  1176    0.1223166840E+01
  1177    0.1147406613E+01
  1178    0.1080919393E+01
  1179    0.1082276947E+01
  1180    0.1092321225E+01
  1181    0.1077901997E+01
  1182    0.1057005223E+01
  1183    0.1039656095E+01
  1184    0.1018430259E+01
  1185    0.1006179038E+01
  1186    0.1014529865E+01
  1187    0.1031142869E+01
  1188    0.1030229998E+01
  1189    0.1012940930E+01
  1190    0.1006291795E+01
  1191    0.1013999900E+01
  1192    0.1012759078E+01
  1193    0.1004174237E+01
  1194    0.1009816944E+01
  1195    0.1029109792E+01
  1196    0.1033859270E+01
  1197    0.1008395258E+01
  1198    0.9737894128E+00
  1199    0.9568197875E+00
  1200    0.9632328796E+00
  1201    0.9903991673E+00
  1202    0.1038496191E+01
  1203    0.1081398415E+01
  1204    0.1068547364E+01
  1205    0.1011405980E+01
  1206    0.9653467220E+00
  1207    0.9434972134E+00
  1208    0.9409133574E+00
  1209    0.9507616277E+00
  1210    0.9695067088E+00
  1211    0.9898541821E+00
  1212    0.9981701072E+00
  1213    0.9899087448E+00
  1214    0.9801483411E+00
  1215    0.9858305128E+00
  1216    0.9975381345E+00
  1217    0.9998237202E+00
  1218    0.9888482700E+00
  1219    0.9822957255E+00
  1220    0.9930644042E+00
  1221    0.1005339771E+01
  1222    0.9982122696E+00
  1223    0.9806996457E+00
  1224    0.9732581446E+00
  1225    0.9662159901E+00
  1226    0.9589516076E+00
  1227    0.9624250079E+00
  1228    0.9753940288E+00
  1229    0.9897784428E+00
  1230    0.1006710522E+01
  1231    0.1019776319E+01
  1232    0.1015706380E+01
  1233    0.1003133933E+01
  1234    0.9988178212E+00
  1235    0.9952720415E+00
  1236    0.9916156384E+00
  1237    0.9977544320E+00
  1238    0.1004331276E+01
  1239    0.1003006527E+01
  1240    0.1004562090E+01
  1241    0.1003311525E+01
  1242    0.9912897448E+00
  1243    0.9809188582E+00
  1244    0.9829230024E+00
  1245    0.9970149764E+00
  1246    0.1011477282E+01
  1247    0.1010491104E+01
  1248    0.1003762027E+01
  1249    0.1008969591E+01
  1250    0.1008517334E+01
  1251    0.9954175098E+00
  1252    0.9898496663E+00
  1253    0.9938176854E+00
  1254    0.9961542709E+00
  1255    0.9888361306E+00
  1256    0.9827073364E+00
  1257    0.9875124271E+00
  1258    0.1001997045E+01
  1259    0.1013542368E+01
  1260    0.1010907662E+01
  1261    0.1006557644E+01
  1262    0.1010055565E+01
  1263    0.1015871383E+01
  1264    0.1010469873E+01
  1265    0.9977197893E+00
  1266    0.9944156170E+00
  1267    0.9968338407E+00
  1268    0.9951350672E+00
  1269    0.9940026813E+00
  1270    0.1004765467E+01
  1271    0.1016409499E+01
  1272    0.1015356004E+01
  1273    0.1009426134E+01
  1274    0.1007688625E+01
  1275    0.1009631441E+01
  1276    0.1009243375E+01
  1277    0.1006593493E+01
  1278    0.1006728558E+01
  1279    0.1003767599E+01
  1280    0.9971956362E+00
  1281    0.9959925391E+00
  1282    0.1002511837E+01
  1283    0.1007724276E+01
  1284    0.1009307423E+01
  1285    0.1007587625E+01
  1286    0.1002261762E+01
  1287    0.9969503719E+00
  1288    0.9923675533E+00
  1289    0.9912874688E+00
  1290    0.9947803767E+00
  1291    0.9992643091E+00
  1292    0.1002963844E+01
  1293    0.1003498436E+01
  1294    0.9995946033E+00
  1295    0.9993754727E+00
  1296    0.1005765170E+01
  1297    0.1010168209E+01
  1298    0.1009976965E+01
  1299    0.1007821081E+01
  1300    0.1005753050E+01
  1301    0.1004117582E+01
  1302    0.1005534193E+01
  1303    0.1010184035E+01
  1304    0.1010882942E+01
  1305    0.1004674923E+01
  1306    0.1000568358E+01
  1307    0.1004231651E+01
  1308    0.1010977898E+01
  1309    0.1013688859E+01
  1310    0.1011939732E+01
  1311    0.1009754360E+01
  1312    0.1007189797E+01
  1313    0.1003823822E+01
  1314    0.1003731157E+01
  1315    0.1006554587E+01
  1316    0.1008566328E+01
  1317    0.1008678602E+01
  1318    0.1008189078E+01
  1319    0.1007312477E+01
  1320    0.1006517093E+01
  1321    0.1007151087E+01
  1322    0.1009115624E+01
  1323    0.1010732053E+01
  1324    0.1011031344E+01
  1325    0.1009469067E+01
  1326    0.1006154068E+01
  1327    0.1003908144E+01
  1328    0.1004803566E+01
  1329    0.1007656888E+01
  1330    0.1010427915E+01
  1331    0.1011826416E+01
  1332    0.1010632536E+01
  1333    0.1009286697E+01
  1334    0.1009346160E+01
  1335    0.1009738595E+01
  1336    0.1009980420E+01
  1337    0.1010496198E+01
  1338    0.1010526356E+01
  1339    0.1008758747E+01
  1340    0.1006814644E+01
  1341    0.1006583535E+01
  1342    0.1007840327E+01
  1343    0.1008809724E+01
  1344    0.1008987649E+01
  1345    0.1008695461E+01
  1346    0.1007559897E+01
  1347    0.1005842858E+01
  1348    0.1004639345E+01
  1349    0.1004255972E+01
  1350    0.1004478347E+01
  1351    0.1003889243E+01
  1352    0.1002324055E+01
  1353    0.1001504145E+01
  1354    0.1001344487E+01
  1355    0.1001002948E+01
  1356    0.1000463107E+01
  1357    0.1000141424E+01
  1358    0.1000035790E+01
  1359    0.1000008947E+01
  1360    0.1000002237E+01
  1361    0.1000000559E+01
  1362    0.1000000140E+01
  1363    0.1000000035E+01
  1364    0.1000000009E+01
  1365    0.1000000002E+01
  1366    0.1000000001E+01
  1367    0.1000000000E+01
  1368    0.1000000000E+01
  1369    0.1000000000E+01
  1370    0.1000000000E+01
  1371    0.1000000000E+01
  1372    0.1000000000E+01
  1373    0.1000000000E+01
  1374    0.1000000000E+01
  1375    0.1000000000E+01
  1376    0.1000000000E+01
  1377    0.1000000000E+01
  1378    0.1000000000E+01
  1379    0.1000000000E+01
  1380    0.1000000000E+01
  1381    0.1000000000E+01
  1382    0.1000000000E+01
  1383    0.1000000000E+01
  1384    0.1000000000E+01
  1385    0.1000000000E+01
  1386    0.1000000000E+01
  1387    0.1000000000E+01
  1388    0.1000000000E+01
  1389    0.1000000000E+01
  1390    0.1000000000E+01
  1391    0.1000000000E+01
  1392    0.1000000000E+01
  1393    0.1000000000E+01
  1394    0.1000000000E+01
  1395    0.1000000000E+01
  1396    0.1000000000E+01
  1397    0.1000000000E+01
  1398    0.1000000000E+01
  1399    0.1000000000E+01
  1400    0.1000000000E+01
  1401    0.1000000000E+01
  1402    0.1000000000E+01
  1403    0.1000000000E+01
  1404    0.1000000000E+01
  1405    0.1000000000E+01
  1406    0.1000000000E+01
  1407    0.1000000000E+01
  1408    0.1000000000E+01
  1409    0.1000000000E+01
  1410    0.1000000000E+01
  1411    0.1000000000E+01
  1412    0.1000000000E+01
  1413    0.1000000000E+01
  1414    0.1000000000E+01
  1415    0.1000000000E+01
  1416    0.1000000000E+01
  1417    0.1000000000E+01
  1418    0.1000000000E+01
  1419    0.1000000000E+01
  1420    0.1000000000E+01
  1421    0.1000000000E+01
  1422    0.1000000000E+01
  1423    0.1000000000E+01
  1424    0.1000000000E+01
  1425    0.1000000000E+01
  1426    0.1000000000E+01
  1427    0.1000000000E+01
  1428    0.1000000000E+01
  1429    0.1000000000E+01
  1430    0.1000000000E+01
  1431    0.1000000000E+01
  1432    0.1000000000E+01
  1433    0.1000000000E+01
  1434    0.1000000000E+01
  1435    0.1000000000E+01
  1436    0.1000000000E+01
  1437    0.1000000000E+01
  1438    0.1000000000E+01
  1439    0.1000000000E+01
  1440    0.1000000000E+01
  1441    0.1000000000E+01
  1442    0.1000000000E+01
  1443    0.1000000000E+01
  1444    0.1000000000E+01
  1445    0.1000000000E+01
  1446    0.1000000000E+01
  1447    0.1000000000E+01
  1448    0.1000000000E+01
  1449    0.1000000000E+01
  1450    0.1000000000E+01
  1451    0.1000000000E+01
  1452    0.1000000000E+01
  1453    0.1000000000E+01
  1454    0.1000000000E+01
  1455    0.1000000000E+01
  1456    0.1000000000E+01
  1457    0.1000000000E+01
  1458    0.1000000000E+01
  1459    0.1000000000E+01
  1460    0.1000000000E+01
  1461    0.1000000000E+01
  1462    0.1000000000E+01
  1463    0.1000000000E+01
  1464    0.1000000000E+01
  1465    0.1000000000E+01
  1466    0.1000000000E+01
  1467    0.1000000000E+01
  1468    0.1000000000E+01
  1469    0.1000000000E+01
  1470    0.1000000000E+01
  1471    0.1000000000E+01
  1472    0.1000000000E+01
  1473    0.1000000000E+01
  1474    0.1000000000E+01
  1475    0.1000000000E+01
  1476    0.1000000000E+01
  1477    0.1000000000E+01
  1478    0.1000000000E+01
  1479    0.1000000000E+01
  1480    0.1000000000E+01
  1481    0.1000000000E+01
  1482    0.1000000000E+01
  1483    0.1000000000E+01
  1484    0.1000000000E+01
  1485    0.1000000000E+01
  1486    0.1000000000E+01
  1487    0.1000000000E+01
  1488    0.1000000000E+01
  1489    0.1000000000E+01
  1490    0.1000000000E+01
  1491    0.1000000000E+01
  1492    0.1000000000E+01
  1493    0.1000000000E+01
  1494    0.1000000000E+01
  1495    0.1000000000E+01
  1496    0.1000000000E+01
  1497    0.1000000000E+01
  1498    0.1000000000E+01
  1499    0.1000000000E+01
  1500    0.8337500000E+00
  1501    0.1662500000E+00
  1502    0.0000000000E+00
