    -1    0.1815820191E+00
     0    0.9105774676E+00
     1    0.1339480970E+01
     2    0.1009172534E+01
     3    0.1243873591E+01
     4    0.1051366975E+01
     5    0.1093639570E+01
     6    0.1290453305E+01
     7    0.7691142894E+00
     8    0.9566690953E+00
     9    0.9030608347E+00
    10    0.8538228021E+00
    11    0.7387248825E+00
    12    0.8582004257E+00
    13    0.1116636072E+01
    14    0.1180854761E+01
    15    0.9660420980E+00
    16    0.8190143700E+00
    17    0.7145934779E+00
    18    0.9497380710E+00
    19    0.1040303097E+01
    20    0.1295885304E+01
    21    0.8237828201E+00
    22    0.7826579052E+00
    23    0.1054514261E+01
    24    0.8728992338E+00
    25    0.1110309518E+01
    26    0.6640037424E+00
    27    0.8343395180E+00
    28    0.9431244199E+00
    29    0.1089992435E+01
    30    0.9425007921E+00
    31    0.8755097420E+00
    32    0.7479909746E+00
    33    0.9706029479E+00
    34    0.9276469936E+00
    35    0.9072100478E+00
    36    0.1052431592E+01
    37    0.9197661642E+00
    38    0.1112029546E+01
    39    0.1136265630E+01
    40    0.8112911866E+00
    41    0.7319009068E+00
    42    0.6434374237E+00
    43    0.8804812340E+00
    44    0.1006164254E+01
    45    0.1076243196E+01
    46    0.1056874391E+01
    47    0.8599128214E+00
    48    0.8175541484E+00
    49    0.8269437867E+00
    50    0.7473956484E+00
    51    0.8815160119E+00
    52    0.7602137942E+00
    53    0.6845378015E+00
    54    0.8393065668E+00
    55    0.7109213694E+00
    56    0.7456408303E+00
    57    0.7935955309E+00
    58    0.8203133327E+00
    59    0.7066215096E+00
    60    0.7809606586E+00
    61    0.9251342102E+00
    62    0.7770988870E+00
    63    0.7082711038E+00
    64    0.9550874808E+00
    65    0.5635267143E+00
    66    0.5682030459E+00
    67    0.7238384728E+00
    68    0.8004748879E+00
    69    0.6724007766E+00
    70    0.6207565817E+00
    71    0.6786700674E+00
    72    0.7039062292E+00
    73    0.5779457446E+00
    74    0.6089778264E+00
    75    0.7334704206E+00
    76    0.5108778211E+00
    77    0.6631885734E+00
    78    0.6469278211E+00
    79    0.9759546988E+00
    80    0.7343145608E+00
    81    0.6307122196E+00
    82    0.6308603607E+00
    83    0.6253387336E+00
    84    0.8633621399E+00
    85    0.1102670843E+01
    86    0.6435429901E+00
    87    0.4277933895E+00
    88    0.9053322951E+00
    89    0.9329162578E+00
    90    0.8350532397E+00
    91    0.7396460278E+00
    92    0.6353833937E+00
    93    0.7123008977E+00
    94    0.8308786671E+00
    95    0.8007541052E+00
    96    0.5054947823E+00
    97    0.3186028688E+00
    98    0.6278812750E+00
    99    0.7083627923E+00
   100    0.5898750778E+00
   101    0.7665771899E+00
   102    0.8943169244E+00
   103    0.3553752654E+00
   104    0.7417543309E+00
   105    0.5705015253E+00
   106    0.6932784935E+00
   107    0.7935395442E+00
   108    0.8044085813E+00
   109    0.8067586692E+00
   110    0.5694996404E+00
   111    0.7243086452E+00
   112    0.5584331727E+00
   113    0.6920416145E+00
   114    0.7517063817E+00
   115    0.6038480969E+00
   116    0.5746366614E+00
   117    0.6817213565E+00
   118    0.5165377046E+00
   119    0.7737529138E+00
   120    0.5956410953E+00
   121    0.6111214801E+00
   122    0.4917829752E+00
   123    0.6859759329E+00
   124    0.7053668438E+00
   125    0.8824973196E+00
   126    0.5023458552E+00
   127    0.7357626863E+00
   128    0.8876153191E+00
   129    0.7158418421E+00
   130    0.1048097982E+01
   131    0.3983226563E+00
   132    0.3508541239E+00
   133    0.6899640088E+00
   134    0.7799793772E+00
   135    0.1012572380E+01
   136    0.5521884737E+00
   137    0.5044647427E+00
   138    0.7342156911E+00
   139    0.7656158089E+00
   140    0.7646063427E+00
   141    0.5974590458E+00
   142    0.5833460889E+00
   143    0.5302216584E+00
   144    0.8182006046E+00
   145    0.7547948783E+00
   146    0.5642485258E+00
   147    0.5880146922E+00
   148    0.5453505305E+00
   149    0.7730235839E+00
   150    0.5989720925E+00
   151    0.5212645723E+00
   152    0.7100528318E+00
   153    0.7368739824E+00
   154    0.6538932423E+00
   155    0.7881867461E+00
   156    0.6783949032E+00
   157    0.7877192641E+00
   158    0.6905671381E+00
   159    0.7429060829E+00
   160    0.5695439027E+00
   161    0.4344214299E+00
   162    0.7146326272E+00
   163    0.7659366737E+00
   164    0.4928175820E+00
   165    0.7590537250E+00
   166    0.7253160991E+00
   167    0.5958401890E+00
   168    0.5053469576E+00
   169    0.6037942064E+00
   170    0.7740356539E+00
   171    0.6830376189E+00
   172    0.4418328945E+00
   173    0.4961361404E+00
   174    0.4843902269E+00
   175    0.4480679587E+00
   176    0.8257667533E+00
   177    0.9447872795E+00
   178    0.7481170232E+00
   179    0.7723475238E+00
   180    0.6797258639E+00
   181    0.8817201064E+00
   182    0.7301065572E+00
   183    0.9744168155E+00
   184    0.5561325761E+00
   185    0.4817655028E+00
   186    0.6912640040E+00
   187    0.7139849054E+00
   188    0.5058371153E+00
   189    0.8888823621E+00
   190    0.8338576753E+00
   191    0.8993101638E+00
   192    0.7535371383E+00
   193    0.8958558157E+00
   194    0.9208435581E+00
   195    0.6565627044E+00
   196    0.6539717156E+00
   197    0.8449814212E+00
   198    0.4090201248E+00
   199    0.6663822508E+00
   200    0.5399605828E+00
   201    0.5809273250E+00
   202    0.7203666759E+00
   203    0.7117771373E+00
   204    0.8978438773E+00
   205    0.8684346141E+00
   206    0.7318575281E+00
   207    0.6609344739E+00
   208    0.5829795206E+00
   209    0.6885108293E+00
   210    0.6020275589E+00
   211    0.7437994225E+00
   212    0.3029472941E+00
   213    0.6763275480E+00
   214    0.7214896122E+00
   215    0.5856675732E+00
   216    0.5070330586E+00
   217    0.5318532896E+00
   218    0.7389275641E+00
   219    0.5111834651E+00
   220    0.6546657740E+00
   221    0.5059076121E+00
   222    0.8593378351E+00
   223    0.6929021460E+00
   224    0.7013779470E+00
   225    0.5669882778E+00
   226    0.4332658044E+00
   227    0.4937431090E+00
   228    0.5533345189E+00
   229    0.8815795315E+00
   230    0.7315922330E+00
   231    0.5768712381E+00
   232    0.9515702915E+00
   233    0.6910874157E+00
   234    0.4891992246E+00
   235    0.6996158646E+00
   236    0.7852524250E+00
   237    0.7744762403E+00
   238    0.8829963240E+00
   239    0.5324762263E+00
   240    0.4797017587E+00
   241    0.4382992315E+00
   242    0.5588242927E+00
   243    0.6890574515E+00
   244    0.5129716225E+00
   245    0.5205398853E+00
   246    0.8373695503E+00
   247    0.4576959032E+00
   248    0.6169988021E+00
   249    0.6950226917E+00
   250    0.3658189397E+00
   251    0.3150570541E+00
   252    0.5057036572E+00
   253    0.3973897591E+00
   254    0.4541819257E+00
   255    0.6711330769E+00
   256    0.7679714994E+00
   257    0.4773694978E+00
   258    0.3658060885E+00
   259    0.5874646328E+00
   260    0.7564285498E+00
   261    0.6457701869E+00
   262    0.7316043135E+00
   263    0.4454172931E+00
   264    0.4733274879E+00
   265    0.5519613896E+00
   266    0.3466388116E+00
   267    0.4166212421E+00
   268    0.6853993015E+00
   269    0.4461248643E+00
   270    0.3070112156E+00
   271    0.4800738919E+00
   272    0.4557440650E+00
   273    0.6757865325E+00
   274    0.5409282067E+00
   275    0.6698209399E+00
   276    0.3790616699E+00
   277    0.4748447914E+00
   278    0.4803095796E+00
   279    0.7657472573E+00
   280    0.6541806484E+00
   281    0.5122176480E+00
   282    0.1912904933E+00
   283    0.4947342713E+00
   284    0.6878202796E+00
   285    0.6176493824E+00
   286    0.5218847773E+00
   287    0.5652952512E+00
   288    0.6750592727E+00
   289    0.5596440033E+00
   290    0.4819685658E+00
   291    0.6132335879E+00
   292    0.5530684013E+00
   293    0.5169732321E+00
   294    0.4495997104E+00
   295    0.6004116795E+00
   296    0.5645631956E+00
   297    0.6291324740E+00
   298    0.5709090570E+00
   299    0.7069817283E+00
   300    0.9933136259E+00
   301    0.8517464000E+00
   302    0.4851670435E+00
   303    0.7025174290E+00
   304    0.5608661750E+00
   305    0.5088977730E+00
   306    0.7090831927E+00
   307    0.6647918512E+00
   308    0.6109525431E+00
   309    0.5427386780E+00
   310    0.4990879388E+00
   311    0.4605527609E+00
   312    0.7219100850E+00
   313    0.7196140483E+00
   314    0.7244315421E+00
   315    0.4588266693E+00
   316    0.4161788201E+00
   317    0.6263316383E+00
   318    0.6875007233E+00
   319    0.7804305906E+00
   320    0.5901767212E+00
   321    0.8479258383E+00
   322    0.9824721256E+00
   323    0.1124539668E+01
   324    0.1143087362E+01
   325    0.1194302289E+01
   326    0.9185735238E+00
   327    0.9033923501E+00
   328    0.1197989709E+01
   329    0.7521218771E+00
   330    0.9469242901E+00
   331    0.8026956116E+00
   332    0.8995997484E+00
   333    0.1211554358E+01
   334    0.8605595167E+00
   335    0.1428559458E+01
   336    0.1488427954E+01
   337    0.1199933777E+01
   338    0.1036073891E+01
   339    0.1199841482E+01
   340    0.8830077278E+00
   341    0.7774396228E+00
   342    0.1349228507E+01
   343    0.1529711953E+01
   344    0.1432457594E+01
   345    0.1342465107E+01
   346    0.1553399591E+01
   347    0.1401342842E+01
   348    0.1120835538E+01
   349    0.7951753604E+00
   350    0.1030437819E+01
   351    0.1098793912E+01
   352    0.8165344527E+00
   353    0.6823949514E+00
   354    0.6339984425E+00
   355    0.7334837285E+00
   356    0.1944268345E+01
   357    0.1477183973E+01
   358    0.1458429582E+01
   359    0.1630392049E+01
   360    0.1541306981E+01
   361    0.1523171639E+01
   362    0.2341708704E+01
   363    0.2129970245E+01
   364    0.2114845685E+01
   365    0.1799396746E+01
   366    0.1487617453E+01
   367    0.1801714299E+01
   368    0.2447462542E+01
   369    0.1983448171E+01
   370    0.1608124865E+01
   371    0.1627002665E+01
   372    0.7394538522E+00
   373    0.6742626667E+00
   374    0.1383194218E+01
   375    0.1204380256E+01
   376    0.8211236287E+00
   377    0.1306467259E+01
   378    0.1373899332E+01
   379    0.1166805147E+01
   380    0.1204679852E+01
   381    0.1071818587E+01
   382    0.7599037006E+00
   383    0.5553509690E+00
   384    0.1191903975E+01
   385    0.1039054813E+01
   386    0.5831487350E+00
   387    0.7648324318E+00
   388    0.9179409899E+00
   389    0.7951323409E+00
   390    0.6450660397E+00
   391    0.3751551677E+00
   392    0.7228067494E+00
   393    0.5526108873E+00
   394    0.4350276470E+00
   395    0.8312070722E+00
   396    0.6306930307E+00
   397    0.6668204910E+00
   398    0.9322680609E+00
   399    0.6061276793E+00
   400    0.5102526343E+00
   401    0.5792633505E+00
   402    0.3595509276E+00
   403    0.7459720858E+00
   404    0.3883192278E+00
   405    0.7573408382E+00
   406    0.5478153179E+00
   407    0.5552206775E+00
   408    0.7007567297E+00
   409    0.3563707278E+00
   410    0.7650281507E+00
   411    0.4217036573E+00
   412    0.4706571967E+00
   413    0.5326295233E+00
   414    0.4931957472E+00
   415    0.4282835335E+00
   416    0.5196625963E+00
   417    0.4393102008E+00
   418    0.4338623362E+00
   419    0.6517291854E+00
   420    0.3801040578E+00
   421    0.4074097154E+00
   422    0.5475584845E+00
   423    0.3510399425E+00
   424    0.5530258923E+00
   425    0.4106254093E+00
   426    0.5113967425E+00
   427    0.4513956442E+00
   428    0.4402317824E+00
   429    0.3897232423E+00
   430    0.3354728380E+00
   431    0.4648658863E+00
   432    0.3877910362E+00
   433    0.3438344545E+00
   434    0.4782119533E+00
   435    0.2899533068E+00
   436    0.3041949640E+00
   437    0.3333745233E+00
   438    0.4898798884E+00
   439    0.3152550752E+00
   440    0.2447522463E+00
   441    0.3229093474E+00
   442    0.2370032259E+00
   443    0.3987684025E+00
   444    0.2450464135E+00
   445    0.4161038623E+00
   446    0.2592200520E+00
   447    0.3879116917E+00
   448    0.2955950228E+00
   449    0.3834378433E+00
   450    0.2541579068E+00
   451    0.3180430069E+00
   452    0.2842187185E+00
   453    0.2474070195E+00
   454    0.4243477226E+00
   455    0.1852743128E+00
   456    0.2697481279E+00
   457    0.1933135428E+00
   458    0.1740912128E+00
   459    0.3658180142E+00
   460    0.3326584263E+00
   461    0.2710060975E+00
   462    0.3281037168E+00
   463    0.2476289244E+00
   464    0.2951338485E+00
   465    0.2330294668E+00
   466    0.3015874593E+00
   467    0.2966171192E+00
   468    0.2166830808E+00
   469    0.2059384057E+00
   470    0.2106669352E+00
   471    0.2007879724E+00
   472    0.2561161401E+00
   473    0.3740873875E+00
   474    0.1812330230E+00
   475    0.1706908350E+00
   476    0.2221036943E+00
   477    0.2112325834E+00
   478    0.1770279404E+00
   479    0.3059492087E+00
   480    0.2626204373E+00
   481    0.1978224538E+00
   482    0.1763572016E+00
   483    0.1814478060E+00
   484    0.3095709094E+00
   485    0.2028093394E+00
   486    0.2369039981E+00
   487    0.1175054606E+00
   488    0.1944393068E+00
   489    0.1491628573E+00
   490    0.3399247668E+00
   491    0.2026626514E+00
   492    0.2352824135E+00
   493    0.1677755907E+00
   494    0.2654001006E+00
   495    0.2078364274E+00
   496    0.2593137883E+00
   497    0.1730162577E+00
   498    0.1549697891E+00
   499    0.1458661039E+00
   500    0.2075049689E+00
   501    0.1263102314E+00
   502    0.2656897510E+00
   503    0.1926125204E+00
   504    0.2912947057E+00
   505    0.1632775906E+00
   506    0.1899555252E+00
   507    0.1299076499E+00
   508    0.1230773175E+00
   509    0.2313380599E+00
   510    0.2191171219E+00
   511    0.1396437031E+00
   512    0.1405419892E+00
   513    0.2279659638E+00
   514    0.2893196296E+00
   515    0.2375006980E+00
   516    0.1488336217E+00
   517    0.1472877825E+00
   518    0.1639297667E+00
   519    0.2132020451E+00
   520    0.1998737177E+00
   521    0.8768556694E-01
   522    0.1107934416E+00
   523    0.2463993633E+00
   524    0.1606248786E+00
   525    0.3383991130E+00
   526    0.2126416853E+00
   527    0.1899161472E+00
   528    0.8652187410E-01
   529    0.1274833136E+00
   530    0.1495317561E+00
   531    0.1725240895E+00
   532    0.1854516117E+00
   533    0.2239058674E+00
   534    0.1490304806E+00
   535    0.1922294522E+00
   536    0.1591574856E+00
   537    0.2006498808E+00
   538    0.1557527972E+00
   539    0.1843266362E+00
   540    0.2009388444E+00
   541    0.2297201309E+00
   542    0.9009005617E-01
   543    0.1757715960E+00
   544    0.1708523749E+00
   545    0.1351025454E+00
   546    0.1433547479E+00
   547    0.1123235718E+00
   548    0.2462487856E+00
   549    0.2363466587E+00
   550    0.2371217139E+00
   551    0.2207350030E+00
   552    0.2236141946E+00
   553    0.1318863159E+00
   554    0.1420393444E+00
   555    0.1060222071E+00
   556    0.2312121674E+00
   557    0.1496048240E+00
   558    0.1821706554E+00
   559    0.2176981562E+00
   560    0.1730766526E+00
   561    0.1642450949E+00
   562    0.2370650263E+00
   563    0.2051665704E+00
   564    0.1883869666E+00
   565    0.1558102312E+00
   566    0.2523245465E+00
   567    0.8551568770E-01
   568    0.8299264195E-01
   569    0.2108224761E+00
   570    0.2716490929E+00
   571    0.1348136098E+00
   572    0.1789245108E+00
   573    0.1640496464E+00
   574    0.1612121831E+00
   575    0.9623559266E-01
   576    0.1791536260E+00
   577    0.2631730633E+00
   578    0.2728089505E+00
   579    0.1494559896E+00
   580    0.2498927426E+00
   581    0.1734014607E+00
   582    0.2180711405E+00
   583    0.1094912389E+00
   584    0.6505197945E-01
   585    0.1525275159E+00
   586    0.1290765890E+00
   587    0.1803506886E+00
   588    0.2207076333E+00
   589    0.2267222948E+00
   590    0.1570680582E+00
   591    0.1127575723E+00
   592    0.1740039087E+00
   593    0.1761389060E+00
   594    0.1263295503E+00
   595    0.1630283803E+00
   596    0.1142330689E+00
   597    0.2305859026E+00
   598    0.1299908973E+00
   599    0.2279139796E+00
   600    0.1684626716E+00
   601    0.2006228282E+00
   602    0.1438349831E+00
   603    0.1116179294E+00
   604    0.1156636944E+00
   605    0.2238097361E+00
   606    0.1852617272E+00
   607    0.2322624462E+00
   608    0.1793159329E+00
   609    0.1618552539E+00
   610    0.9506066890E-01
   611    0.1441708326E+00
   612    0.1788661748E+00
   613    0.1121821737E+00
   614    0.2348013092E+00
   615    0.2225055777E+00
   616    0.2179959440E+00
   617    0.1294010112E+00
   618    0.1376322495E+00
   619    0.1360785139E+00
   620    0.3124487205E+00
   621    0.3734281993E+00
   622    0.1774980483E+00
   623    0.7232550356E-01
   624    0.1914226516E+00
   625    0.1722993157E+00
   626    0.2357355827E+00
   627    0.2099615169E+00
   628    0.2147929340E+00
   629    0.2082971019E+00
   630    0.3791649249E-01
   631    0.1388016626E+00
   632    0.2793714781E+00
   633    0.1452422579E+00
   634    0.2562557468E+00
   635    0.1739040756E+00
   636    0.2829772946E+00
   637    0.1952844044E+00
   638    0.1857531099E+00
   639    0.1414541237E+00
   640    0.1807533721E+00
   641    0.2209813194E+00
   642    0.1821332081E+00
   643    0.2976046152E+00
   644    0.4219549116E+00
   645    0.1155389290E+00
   646    0.1804631920E+00
   647    0.1784058412E+00
   648    0.3098057661E+00
   649    0.2740573224E+00
   650    0.2567251773E+00
   651    0.1607342349E+00
   652    0.2600432649E+00
   653    0.2951688536E+00
   654    0.3128333299E+00
   655    0.3481959955E+00
   656    0.1856341056E+00
   657    0.2623378335E+00
   658    0.3499225744E+00
   659    0.3511673968E+00
   660    0.3484149534E+00
   661    0.3216442753E+00
   662    0.2322156933E+00
   663    0.2835095358E+00
   664    0.2302328948E+00
   665    0.4096999806E+00
   666    0.4000509544E+00
   667    0.3165187227E+00
   668    0.2794299986E+00
   669    0.2071108665E+00
   670    0.4983334671E+00
   671    0.4744798740E+00
   672    0.3010708153E+00
   673    0.2987815994E+00
   674    0.3283452367E+00
   675    0.4909864766E+00
   676    0.4425732831E+00
   677    0.4571815302E+00
   678    0.5374994509E+00
   679    0.4123593615E+00
   680    0.4612847451E+00
   681    0.5634398494E+00
   682    0.6526628949E+00
   683    0.8399076018E+00
   684    0.8733395953E+00
   685    0.1031166622E+01
   686    0.1391560086E+01
   687    0.1497280247E+01
   688    0.1801622209E+01
   689    0.1281630663E+01
   690    0.1471796002E+01
   691    0.1856059920E+01
   692    0.2006358324E+01
   693    0.2115321878E+01
   694    0.2125426645E+01
   695    0.2299881607E+01
   696    0.2317068044E+01
   697    0.2560217476E+01
   698    0.1802387941E+01
   699    0.1705493139E+01
   700    0.1966045818E+01
   701    0.2108585488E+01
   702    0.1649987517E+01
   703    0.1638356087E+01
   704    0.1912368600E+01
   705    0.2349791667E+01
   706    0.2643414564E+01
   707    0.2371386796E+01
   708    0.2155591070E+01
   709    0.2717581068E+01
   710    0.4012812960E+01
   711    0.3343705618E+01
   712    0.3113257373E+01
   713    0.2592606163E+01
   714    0.2215805359E+01
   715    0.2093483432E+01
   716    0.2062394297E+01
   717    0.2257534860E+01
   718    0.1920934564E+01
   719    0.2157415237E+01
   720    0.2218502710E+01
   721    0.1747714110E+01
   722    0.1635387886E+01
   723    0.1664152935E+01
   724    0.1536742639E+01
   725    0.1593978247E+01
   726    0.1297416762E+01
   727    0.1174252145E+01
   728    0.1310748591E+01
   729    0.1225469698E+01
   730    0.1018699785E+01
   731    0.1004021498E+01
   732    0.1264093433E+01
   733    0.7521528178E+00
   734    0.9600746851E+00
   735    0.8388956294E+00
   736    0.1005832901E+01
   737    0.7363067411E+00
   738    0.6175288712E+00
   739    0.8323968165E+00
   740    0.8974672623E+00
   741    0.8014202977E+00
   742    0.7003452527E+00
   743    0.5924102106E+00
   744    0.6509098414E+00
   745    0.5626258865E+00
   746    0.7085155593E+00
   747    0.7062656446E+00
   748    0.7374144364E+00
   749    0.7178083712E+00
   750    0.5422355476E+00
   751    0.5710848882E+00
   752    0.5843095213E+00
   753    0.4940437216E+00
   754    0.5507068120E+00
   755    0.7828551279E+00
   756    0.5258788847E+00
   757    0.4402008440E+00
   758    0.5495032701E+00
   759    0.5462939172E+00
   760    0.6031715919E+00
   761    0.6807111827E+00
   762    0.3767218889E+00
   763    0.3718926861E+00
   764    0.5916105848E+00
   765    0.4626507164E+00
   766    0.6068620752E+00
   767    0.4018795063E+00
   768    0.4682108203E+00
   769    0.6820677228E+00
   770    0.4020333803E+00
   771    0.5891324491E+00
   772    0.4040200326E+00
   773    0.3640543688E+00
   774    0.4482531672E+00
   775    0.3566172890E+00
   776    0.4950327607E+00
   777    0.5568457985E+00
   778    0.2992884117E+00
   779    0.3608481945E+00
   780    0.5200058644E+00
   781    0.4960740820E+00
   782    0.4940601565E+00
   783    0.4077849063E+00
   784    0.4713868381E+00
   785    0.3614121465E+00
   786    0.2519167732E+00
   787    0.3986440957E+00
   788    0.4710707736E+00
   789    0.4632723078E+00
   790    0.4296352808E+00
   791    0.4813114238E+00
   792    0.5141677601E+00
   793    0.4683477930E+00
   794    0.3876365022E+00
   795    0.3105000428E+00
   796    0.6344826212E+00
   797    0.4086257861E+00
   798    0.4026279353E+00
   799    0.3591776844E+00
   800    0.4004272220E+00
   801    0.3928156635E+00
   802    0.2793125942E+00
   803    0.4890598718E+00
   804    0.5792593033E+00
   805    0.5048243517E+00
   806    0.4313952338E+00
   807    0.3161373144E+00
   808    0.4944478873E+00
   809    0.3087254191E+00
   810    0.3835521419E+00
   811    0.4696672412E+00
   812    0.3336645109E+00
   813    0.4430450761E+00
   814    0.2957399056E+00
   815    0.4307048263E+00
   816    0.5115676660E+00
   817    0.3041399703E+00
   818    0.6135896163E+00
   819    0.4110032730E+00
   820    0.4191764203E+00
   821    0.5548875885E+00
   822    0.4099233143E+00
   823    0.5294069807E+00
   824    0.4300198525E+00
   825    0.5660018447E+00
   826    0.4172126423E+00
   827    0.3666397601E+00
   828    0.5465419947E+00
   829    0.4705026451E+00
   830    0.6409115338E+00
   831    0.2848881402E+00
   832    0.3190835986E+00
   833    0.4274166753E+00
   834    0.5382861029E+00
   835    0.6538991130E+00
   836    0.5024059738E+00
   837    0.6574430714E+00
   838    0.7656707889E+00
   839    0.5036519996E+00
   840    0.6090960172E+00
   841    0.5397513338E+00
   842    0.4216039725E+00
   843    0.4349059165E+00
   844    0.5031193266E+00
   845    0.5780579402E+00
   846    0.6169764152E+00
   847    0.4447838416E+00
   848    0.6216479293E+00
   849    0.8827934687E+00
   850    0.8415238273E+00
   851    0.7247743331E+00
   852    0.8526354372E+00
   853    0.8892112522E+00
   854    0.1251058132E+01
   855    0.9985142272E+00
   856    0.1050108084E+01
   857    0.1125637164E+01
   858    0.1101861504E+01
   859    0.1086989881E+01
   860    0.7545769973E+00
   861    0.8894226667E+00
   862    0.1282260729E+01
   863    0.1036625284E+01
   864    0.8457479555E+00
   865    0.1132070455E+01
   866    0.1259544785E+01
   867    0.1384015329E+01
   868    0.1621128188E+01
   869    0.1375008733E+01
   870    0.1253053579E+01
   871    0.1136314233E+01
   872    0.1473185343E+01
   873    0.1719395865E+01
   874    0.1080401194E+01
   875    0.1412301343E+01
   876    0.1403071048E+01
   877    0.1104406403E+01
   878    0.1227914846E+01
   879    0.1379056833E+01
   880    0.1625573685E+01
   881    0.1571401217E+01
   882    0.1619494154E+01
   883    0.1886170457E+01
   884    0.1638445107E+01
   885    0.1377129412E+01
   886    0.1248003339E+01
   887    0.1320641888E+01
   888    0.1431671682E+01
   889    0.1404536212E+01
   890    0.1105955956E+01
   891    0.1201161495E+01
   892    0.1291253319E+01
   893    0.1480436783E+01
   894    0.1348957635E+01
   895    0.1246267843E+01
   896    0.1457528054E+01
   897    0.1528732151E+01
   898    0.1420793886E+01
   899    0.1449904038E+01
   900    0.1378811025E+01
   901    0.1308108940E+01
   902    0.1339984029E+01
   903    0.1324116534E+01
   904    0.1421433011E+01
   905    0.1436659842E+01
   906    0.1344083296E+01
   907    0.1178181188E+01
   908    0.1220299663E+01
   909    0.1234836368E+01
   910    0.1182206188E+01
   911    0.1155907962E+01
   912    0.1129930048E+01
   913    0.1174673530E+01
   914    0.1199695634E+01
   915    0.1182667687E+01
   916    0.1220915883E+01
   917    0.1189628338E+01
   918    0.1119369712E+01
   919    0.1068743987E+01
   920    0.1026752927E+01
   921    0.1075090578E+01
   922    0.1087913621E+01
   923    0.1118497480E+01
   924    0.1101285092E+01
   925    0.1139508430E+01
   926    0.1165934399E+01
   927    0.1178995067E+01
   928    0.1183119125E+01
   929    0.1099312981E+01
   930    0.1032989577E+01
   931    0.1047994026E+01
   932    0.1080687205E+01
   933    0.1036516136E+01
   934    0.9554314093E+00
   935    0.8787179624E+00
   936    0.8735101484E+00
   937    0.9409223503E+00
   938    0.1024791470E+01
   939    0.1061778904E+01
   940    0.1005285023E+01
   941    0.9315972481E+00
   942    0.9006740710E+00
   943    0.9108305056E+00
   944    0.9159784233E+00
   945    0.8921025270E+00
   946    0.8779402005E+00
   947    0.8747632018E+00
   948    0.8947744130E+00
   949    0.9144174015E+00
   950    0.9076795121E+00
   951    0.8873520145E+00
   952    0.8818935944E+00
   953    0.8722653186E+00
   954    0.8449019236E+00
   955    0.8113994766E+00
   956    0.8120287097E+00
   957    0.8648332988E+00
   958    0.9325949083E+00
   959    0.9608684769E+00
   960    0.9289935802E+00
   961    0.8767688330E+00
   962    0.8349984988E+00
   963    0.8297917391E+00
   964    0.8294001274E+00
   965    0.8332526440E+00
   966    0.8721169460E+00
   967    0.9003868521E+00
   968    0.9048750200E+00
   969    0.8756246927E+00
   970    0.8529208916E+00
   971    0.8366371063E+00
   972    0.8269658332E+00
   973    0.8141006813E+00
   974    0.8211100776E+00
   975    0.8294531107E+00
   976    0.8423624676E+00
   977    0.8587557158E+00
   978    0.8978191511E+00
   979    0.9546329988E+00
   980    0.1045080116E+01
   981    0.1096012860E+01
   982    0.1026073719E+01
   983    0.9022227315E+00
   984    0.8266332762E+00
   985    0.8452786252E+00
   986    0.8793667114E+00
   987    0.8540909201E+00
   988    0.8234237581E+00
   989    0.8255743485E+00
   990    0.8475205063E+00
   991    0.8793685400E+00
   992    0.8870234596E+00
   993    0.8578336105E+00
   994    0.8489808483E+00
   995    0.8586866772E+00
   996    0.8727818614E+00
   997    0.8830092684E+00
   998    0.8948701827E+00
   999    0.8870686319E+00
  1000    0.8619233715E+00
  1001    0.8520807695E+00
  1002    0.8240624443E+00
  1003    0.8231797806E+00
  1004    0.8679759853E+00
  1005    0.9002147167E+00
  1006    0.8855191095E+00
  1007    0.8789228206E+00
  1008    0.9025934628E+00
  1009    0.9104677534E+00
  1010    0.8992979218E+00
  1011    0.9252719800E+00
  1012    0.9285557230E+00
  1013    0.8993304416E+00
  1014    0.9121651311E+00
  1015    0.9201697623E+00
  1016    0.8727074091E+00
  1017    0.8422047100E+00
  1018    0.8654296868E+00
  1019    0.9084068834E+00
  1020    0.9257441566E+00
  1021    0.9340805606E+00
  1022    0.9866648683E+00
  1023    0.1031461721E+01
  1024    0.1044314029E+01
  1025    0.1042777018E+01
  1026    0.1030310172E+01
  1027    0.1022870647E+01
  1028    0.1033329670E+01
  1029    0.1043123709E+01
  1030    0.1014152711E+01
  1031    0.9773891833E+00
  1032    0.9570835302E+00
  1033    0.9324767287E+00
  1034    0.9371449826E+00
  1035    0.9783119964E+00
  1036    0.1036703325E+01
  1037    0.1069834425E+01
  1038    0.1037654079E+01
  1039    0.1012192290E+01
  1040    0.1039595115E+01
  1041    0.1072687291E+01
  1042    0.1062691929E+01
  1043    0.1047740541E+01
  1044    0.1039809657E+01
  1045    0.1006770233E+01
  1046    0.9601539448E+00
  1047    0.9578047970E+00
  1048    0.9915901875E+00
  1049    0.1027962967E+01
  1050    0.1088479883E+01
  1051    0.1189066576E+01
  1052    0.1218702951E+01
  1053    0.1125771143E+01
  1054    0.1048989399E+01
  1055    0.1023731046E+01
  1056    0.1040158872E+01
  1057    0.1065014783E+01
  1058    0.1072126471E+01
  1059    0.1074040530E+01
  1060    0.1063293124E+01
  1061    0.1070331681E+01
  1062    0.1075612660E+01
  1063    0.1035165166E+01
  1064    0.1002812271E+01
  1065    0.1004262215E+01
  1066    0.9949253644E+00
  1067    0.9883621048E+00
  1068    0.9827986871E+00
  1069    0.9707396762E+00
  1070    0.9758630510E+00
  1071    0.9859728183E+00
  1072    0.9748844522E+00
  1073    0.9604107300E+00
  1074    0.9840982963E+00
  1075    0.1077382317E+01
  1076    0.1165397017E+01
  1077    0.1122886030E+01
  1078    0.1100777707E+01
  1079    0.1095106406E+01
  1080    0.1043553270E+01
  1081    0.1040901850E+01
  1082    0.1082006662E+01
  1083    0.1057001308E+01
  1084    0.9814730852E+00
  1085    0.9497450471E+00
  1086    0.9654353225E+00
  1087    0.9996510141E+00
  1088    0.1052836551E+01
  1089    0.1113360890E+01
  1090    0.1097981756E+01
  1091    0.1031106339E+01
  1092    0.9945107068E+00
  1093    0.9773376024E+00
  1094    0.9531678037E+00
  1095    0.9506503491E+00
  1096    0.9662851596E+00
  1097    0.9690806626E+00
  1098    0.9601000259E+00
  1099    0.9705718577E+00
  1100    0.1003835630E+01
  1101    0.1041228139E+01
  1102    0.1041886692E+01
  1103    0.1017525850E+01
  1104    0.1002309459E+01
  1105    0.9862166978E+00
  1106    0.9756984801E+00
  1107    0.9619841363E+00
  1108    0.9493638194E+00
  1109    0.9474775065E+00
  1110    0.9539175977E+00
  1111    0.9660062917E+00
  1112    0.9749432670E+00
  1113    0.9765276531E+00
  1114    0.9781853873E+00
  1115    0.9844939842E+00
  1116    0.9811701104E+00
  1117    0.9617306341E+00
  1118    0.9533773696E+00
  1119    0.9622261493E+00
  1120    0.9713269935E+00
  1121    0.9858801071E+00
  1122    0.1007615082E+01
  1123    0.1020796515E+01
  1124    0.1009834123E+01
  1125    0.9882807866E+00
  1126    0.9740794430E+00
  1127    0.9676786848E+00
  1128    0.9806059937E+00
  1129    0.1004043099E+01
  1130    0.1003393900E+01
  1131    0.9866206181E+00
  1132    0.9916524808E+00
  1133    0.1000181161E+01
  1134    0.1000787306E+01
  1135    0.1006171944E+01
  1136    0.1019205871E+01
  1137    0.1028869340E+01
  1138    0.1022290418E+01
  1139    0.1016608054E+01
  1140    0.1022492041E+01
  1141    0.1025595528E+01
  1142    0.1019290022E+01
  1143    0.1013984925E+01
  1144    0.1021818200E+01
  1145    0.1031321776E+01
  1146    0.1031424270E+01
  1147    0.1025104770E+01
  1148    0.1025287741E+01
  1149    0.1018051017E+01
  1150    0.1001479246E+01
  1151    0.9971696053E+00
  1152    0.1010790886E+01
  1153    0.1031106267E+01
  1154    0.1038613280E+01
  1155    0.1033057868E+01
  1156    0.1022398277E+01
  1157    0.1021649281E+01
  1158    0.1035732117E+01
  1159    0.1052589270E+01
  1160    0.1052252361E+01
  1161    0.1034436439E+01
  1162    0.1017819185E+01
  1163    0.1011253892E+01
  1164    0.1008579316E+01
  1165    0.1008530062E+01
  1166    0.1014320792E+01
  1167    0.1026014994E+01
  1168    0.1035979005E+01
  1169    0.1041868218E+01
  1170    0.1046999764E+01
  1171    0.1040761012E+01
  1172    0.1025625355E+01
  1173    0.1021436082E+01
  1174    0.1024884246E+01
  1175    0.1022960930E+01
  1176    0.1016228508E+01
  1177    0.1009134304E+01
  1178    0.1009442351E+01
  1179    0.1015114635E+01
  1180    0.1013894347E+01
  1181    0.1005518727E+01
  1182    0.1000040190E+01
  1183    0.9997961726E+00
  1184    0.1003788503E+01
  1185    0.1008966986E+01
  1186    0.1013123049E+01
  1187    0.1015785150E+01
  1188    0.1013893414E+01
  1189    0.1012136618E+01
  1190    0.1012183153E+01
  1191    0.1010248810E+01
  1192    0.1009451802E+01
  1193    0.1011655170E+01
  1194    0.1016422354E+01
  1195    0.1017634903E+01
  1196    0.1012412168E+01
  1197    0.1008032741E+01
  1198    0.1006440992E+01
  1199    0.1008668438E+01
  1200    0.1015540926E+01
  1201    0.1021821467E+01
  1202    0.1020704830E+01
  1203    0.1014698695E+01
  1204    0.1011043172E+01
  1205    0.1007490592E+01
  1206    0.1004352441E+01
  1207    0.1003216194E+01
  1208    0.1002596155E+01
  1209    0.1003238104E+01
  1210    0.1005613258E+01
  1211    0.1007742946E+01
  1212    0.1008190546E+01
  1213    0.1006978476E+01
  1214    0.1006885365E+01
  1215    0.1008880916E+01
  1216    0.1010137475E+01
  1217    0.1009693014E+01
  1218    0.1009633736E+01
  1219    0.1010671964E+01
  1220    0.1010757042E+01
  1221    0.1010004936E+01
  1222    0.1009473367E+01
  1223    0.1008848579E+01
  1224    0.1007177820E+01
  1225    0.1005091905E+01
  1226    0.1004749749E+01
  1227    0.1006327021E+01
  1228    0.1007841486E+01
  1229    0.1007552159E+01
  1230    0.1005943641E+01
  1231    0.1005180497E+01
  1232    0.1004385626E+01
  1233    0.1002805078E+01
  1234    0.1001756931E+01
  1235    0.1001452741E+01
  1236    0.1001596420E+01
  1237    0.1002133912E+01
  1238    0.1002450751E+01
  1239    0.1001974628E+01
  1240    0.1001000952E+01
  1241    0.1000392526E+01
  1242    0.1000361597E+01
  1243    0.1000584490E+01
  1244    0.1000531564E+01
  1245    0.1000239097E+01
  1246    0.1000068786E+01
  1247    0.1000017198E+01
  1248    0.1000004299E+01
  1249    0.1000001075E+01
  1250    0.1000000269E+01
  1251    0.1000000067E+01
  1252    0.1000000017E+01
  1253    0.1000000004E+01
  1254    0.1000000001E+01
  1255    0.1000000000E+01
  1256    0.1000000000E+01
  1257    0.1000000000E+01
  1258    0.1000000000E+01
  1259    0.1000000000E+01
  1260    0.1000000000E+01
  1261    0.1000000000E+01
  1262    0.1000000000E+01
  1263    0.1000000000E+01
  1264    0.1000000000E+01
  1265    0.1000000000E+01
  1266    0.1000000000E+01
  1267    0.1000000000E+01
  1268    0.1000000000E+01
  1269    0.1000000000E+01
  1270    0.1000000000E+01
  1271    0.1000000000E+01
  1272    0.1000000000E+01
  1273    0.1000000000E+01
  1274    0.1000000000E+01
  1275    0.1000000000E+01
  1276    0.1000000000E+01
  1277    0.1000000000E+01
  1278    0.1000000000E+01
  1279    0.1000000000E+01
  1280    0.1000000000E+01
  1281    0.1000000000E+01
  1282    0.1000000000E+01
  1283    0.1000000000E+01
  1284    0.1000000000E+01
  1285    0.1000000000E+01
  1286    0.1000000000E+01
  1287    0.1000000000E+01
  1288    0.1000000000E+01
  1289    0.1000000000E+01
  1290    0.1000000000E+01
  1291    0.1000000000E+01
  1292    0.1000000000E+01
  1293    0.1000000000E+01
  1294    0.1000000000E+01
  1295    0.1000000000E+01
  1296    0.1000000000E+01
  1297    0.1000000000E+01
  1298    0.1000000000E+01
  1299    0.1000000000E+01
  1300    0.1000000000E+01
  1301    0.1000000000E+01
  1302    0.1000000000E+01
  1303    0.1000000000E+01
  1304    0.1000000000E+01
  1305    0.1000000000E+01
  1306    0.1000000000E+01
  1307    0.1000000000E+01
  1308    0.1000000000E+01
  1309    0.1000000000E+01
  1310    0.1000000000E+01
  1311    0.1000000000E+01
  1312    0.1000000000E+01
  1313    0.1000000000E+01
  1314    0.1000000000E+01
  1315    0.1000000000E+01
  1316    0.1000000000E+01
  1317    0.1000000000E+01
  1318    0.1000000000E+01
  1319    0.1000000000E+01
  1320    0.1000000000E+01
  1321    0.1000000000E+01
  1322    0.1000000000E+01
  1323    0.1000000000E+01
  1324    0.1000000000E+01
  1325    0.1000000000E+01
  1326    0.1000000000E+01
  1327    0.1000000000E+01
  1328    0.1000000000E+01
  1329    0.1000000000E+01
  1330    0.1000000000E+01
  1331    0.1000000000E+01
  1332    0.1000000000E+01
  1333    0.1000000000E+01
  1334    0.1000000000E+01
  1335    0.1000000000E+01
  1336    0.1000000000E+01
  1337    0.1000000000E+01
  1338    0.1000000000E+01
  1339    0.1000000000E+01
  1340    0.1000000000E+01
  1341    0.1000000000E+01
  1342    0.1000000000E+01
  1343    0.1000000000E+01
  1344    0.1000000000E+01
  1345    0.1000000000E+01
  1346    0.1000000000E+01
  1347    0.1000000000E+01
  1348    0.1000000000E+01
  1349    0.1000000000E+01
  1350    0.1000000000E+01
  1351    0.1000000000E+01
  1352    0.1000000000E+01
  1353    0.1000000000E+01
  1354    0.1000000000E+01
  1355    0.1000000000E+01
  1356    0.1000000000E+01
  1357    0.1000000000E+01
  1358    0.1000000000E+01
  1359    0.1000000000E+01
  1360    0.1000000000E+01
  1361    0.1000000000E+01
  1362    0.1000000000E+01
  1363    0.1000000000E+01
  1364    0.1000000000E+01
  1365    0.1000000000E+01
  1366    0.1000000000E+01
  1367    0.1000000000E+01
  1368    0.1000000000E+01
  1369    0.1000000000E+01
  1370    0.1000000000E+01
  1371    0.1000000000E+01
  1372    0.1000000000E+01
  1373    0.1000000000E+01
  1374    0.1000000000E+01
  1375    0.1000000000E+01
  1376    0.1000000000E+01
  1377    0.1000000000E+01
  1378    0.1000000000E+01
  1379    0.1000000000E+01
  1380    0.1000000000E+01
  1381    0.1000000000E+01
  1382    0.1000000000E+01
  1383    0.1000000000E+01
  1384    0.1000000000E+01
  1385    0.1000000000E+01
  1386    0.1000000000E+01
  1387    0.1000000000E+01
  1388    0.1000000000E+01
  1389    0.1000000000E+01
  1390    0.1000000000E+01
  1391    0.1000000000E+01
  1392    0.1000000000E+01
  1393    0.1000000000E+01
  1394    0.1000000000E+01
  1395    0.1000000000E+01
  1396    0.1000000000E+01
  1397    0.1000000000E+01
  1398    0.1000000000E+01
  1399    0.1000000000E+01
  1400    0.1000000000E+01
  1401    0.1000000000E+01
  1402    0.1000000000E+01
  1403    0.1000000000E+01
  1404    0.1000000000E+01
  1405    0.1000000000E+01
  1406    0.1000000000E+01
  1407    0.1000000000E+01
  1408    0.1000000000E+01
  1409    0.1000000000E+01
  1410    0.1000000000E+01
  1411    0.1000000000E+01
  1412    0.1000000000E+01
  1413    0.1000000000E+01
  1414    0.1000000000E+01
  1415    0.1000000000E+01
  1416    0.1000000000E+01
  1417    0.1000000000E+01
  1418    0.1000000000E+01
  1419    0.1000000000E+01
  1420    0.1000000000E+01
  1421    0.1000000000E+01
  1422    0.1000000000E+01
  1423    0.1000000000E+01
  1424    0.1000000000E+01
  1425    0.1000000000E+01
  1426    0.1000000000E+01
  1427    0.1000000000E+01
  1428    0.1000000000E+01
  1429    0.1000000000E+01
  1430    0.1000000000E+01
  1431    0.1000000000E+01
  1432    0.1000000000E+01
  1433    0.1000000000E+01
  1434    0.1000000000E+01
  1435    0.1000000000E+01
  1436    0.1000000000E+01
  1437    0.1000000000E+01
  1438    0.1000000000E+01
  1439    0.1000000000E+01
  1440    0.1000000000E+01
  1441    0.1000000000E+01
  1442    0.1000000000E+01
  1443    0.1000000000E+01
  1444    0.1000000000E+01
  1445    0.1000000000E+01
  1446    0.1000000000E+01
  1447    0.1000000000E+01
  1448    0.1000000000E+01
  1449    0.1000000000E+01
  1450    0.1000000000E+01
  1451    0.1000000000E+01
  1452    0.1000000000E+01
  1453    0.1000000000E+01
  1454    0.1000000000E+01
  1455    0.1000000000E+01
  1456    0.1000000000E+01
  1457    0.1000000000E+01
  1458    0.1000000000E+01
  1459    0.1000000000E+01
  1460    0.1000000000E+01
  1461    0.1000000000E+01
  1462    0.1000000000E+01
  1463    0.1000000000E+01
  1464    0.1000000000E+01
  1465    0.1000000000E+01
  1466    0.1000000000E+01
  1467    0.1000000000E+01
  1468    0.1000000000E+01
  1469    0.1000000000E+01
  1470    0.1000000000E+01
  1471    0.1000000000E+01
  1472    0.1000000000E+01
  1473    0.1000000000E+01
  1474    0.1000000000E+01
  1475    0.1000000000E+01
  1476    0.1000000000E+01
  1477    0.1000000000E+01
  1478    0.1000000000E+01
  1479    0.1000000000E+01
  1480    0.1000000000E+01
  1481    0.1000000000E+01
  1482    0.1000000000E+01
  1483    0.1000000000E+01
  1484    0.1000000000E+01
  1485    0.1000000000E+01
  1486    0.1000000000E+01
  1487    0.1000000000E+01
  1488    0.1000000000E+01
  1489    0.1000000000E+01
  1490    0.1000000000E+01
  1491    0.1000000000E+01
  1492    0.1000000000E+01
  1493    0.1000000000E+01
  1494    0.1000000000E+01
  1495    0.1000000000E+01
  1496    0.1000000000E+01
  1497    0.1000000000E+01
  1498    0.1000000000E+01
  1499    0.1000000000E+01
  1500    0.8337500000E+00
  1501    0.1662500000E+00
  1502    0.0000000000E+00
