    -1    0.0000000000E+00
     0    0.1948162436E+00
     1    0.1184007101E+01
     2    0.9582187219E+00
     3    0.8724581604E+00
     4    0.6490095181E+00
     5    0.8541477603E+00
     6    0.8055953011E+00
     7    0.1119113286E+01
     8    0.1403100933E+01
     9    0.1366125074E+01
    10    0.1256973570E+01
    11    0.1065244694E+01
    12    0.7404918169E+00
    13    0.6339366216E+00
    14    0.9266215361E+00
    15    0.1043299686E+01
    16    0.1037683403E+01
    17    0.1154990569E+01
    18    0.1175737248E+01
    19    0.9714920755E+00
    20    0.1226006222E+01
    21    0.1172484289E+01
    22    0.1022603108E+01
    23    0.9048984903E+00
    24    0.1201658587E+01
    25    0.1003047940E+01
    26    0.6762477624E+00
    27    0.1310347657E+01
    28    0.1434881692E+01
    29    0.1229758313E+01
    30    0.9216310570E+00
    31    0.1014302045E+01
    32    0.8782424747E+00
    33    0.9920421083E+00
    34    0.9665651702E+00
    35    0.9394621361E+00
    36    0.9146236074E+00
    37    0.6920381177E+00
    38    0.8491429502E+00
    39    0.1185076879E+01
    40    0.1409703434E+01
    41    0.1323505389E+01
    42    0.9890764841E+00
    43    0.7749344062E+00
    44    0.9378404730E+00
    45    0.1103707072E+01
    46    0.8840979486E+00
    47    0.8956595457E+00
    48    0.8734379678E+00
    49    0.8682066214E+00
    50    0.1000102195E+01
    51    0.8672477123E+00
    52    0.1035379953E+01
    53    0.9764919768E+00
    54    0.1192880252E+01
    55    0.9703625053E+00
    56    0.7045823631E+00
    57    0.8754383877E+00
    58    0.9280629294E+00
    59    0.1327652472E+01
    60    0.8268120477E+00
    61    0.7237673112E+00
    62    0.9675393553E+00
    63    0.1132880874E+01
    64    0.7907928519E+00
    65    0.7304641784E+00
    66    0.1042644588E+01
    67    0.1125608838E+01
    68    0.7421737609E+00
    69    0.5487912299E+00
    70    0.8658233165E+00
    71    0.1174307582E+01
    72    0.1067102975E+01
    73    0.9049481154E+00
    74    0.1179237027E+01
    75    0.6441663350E+00
    76    0.9191152537E+00
    77    0.1179741018E+01
    78    0.1002762316E+01
    79    0.1075244486E+01
    80    0.1007549997E+01
    81    0.9977249442E+00
    82    0.1185537415E+01
    83    0.7960928888E+00
    84    0.6223549172E+00
    85    0.9288047452E+00
    86    0.1131045353E+01
    87    0.7075110540E+00
    88    0.8005301284E+00
    89    0.9646803028E+00
    90    0.8939461742E+00
    91    0.7643307996E+00
    92    0.1112759541E+01
    93    0.1115437064E+01
    94    0.1122167196E+01
    95    0.9176388933E+00
    96    0.9062927702E+00
    97    0.1051749551E+01
    98    0.7611278711E+00
    99    0.1068999250E+01
   100    0.7421870104E+00
   101    0.8531549953E+00
   102    0.1079192225E+01
   103    0.8018419420E+00
   104    0.9241330409E+00
   105    0.6800223148E+00
   106    0.7828613572E+00
   107    0.7169218839E+00
   108    0.6063893097E+00
   109    0.8915637190E+00
   110    0.9333096752E+00
   111    0.1197417900E+01
   112    0.9021593950E+00
   113    0.1075286418E+01
   114    0.7751624728E+00
   115    0.9735007432E+00
   116    0.8755929623E+00
   117    0.8379721056E+00
   118    0.9868127813E+00
   119    0.1445102811E+01
   120    0.1347306473E+01
   121    0.1031783610E+01
   122    0.8768255658E+00
   123    0.8584595316E+00
   124    0.9339000862E+00
   125    0.1349331952E+01
   126    0.1171987481E+01
   127    0.8420828305E+00
   128    0.8171331707E+00
   129    0.1020591416E+01
   130    0.1181017476E+01
   131    0.1013193892E+01
   132    0.7988415969E+00
   133    0.1228047012E+01
   134    0.9067210477E+00
   135    0.1032607100E+01
   136    0.1096809148E+01
   137    0.8675100966E+00
   138    0.7384717391E+00
   139    0.1124516731E+01
   140    0.1139428717E+01
   141    0.9937654134E+00
   142    0.8480979917E+00
   143    0.9089150958E+00
   144    0.1338656098E+01
   145    0.1231472884E+01
   146    0.1235491244E+01
   147    0.9309647366E+00
   148    0.6793546469E+00
   149    0.9875271780E+00
   150    0.1142321095E+01
   151    0.1248039080E+01
   152    0.1116018397E+01
   153    0.1057098251E+01
   154    0.7422181730E+00
   155    0.1413146221E+01
   156    0.1301936895E+01
   157    0.6411263734E+00
   158    0.7105423181E+00
   159    0.1211309368E+01
   160    0.1258572176E+01
   161    0.1045084721E+01
   162    0.1235381215E+01
   163    0.1312961248E+01
   164    0.1200749757E+01
   165    0.1059560841E+01
   166    0.1213585141E+01
   167    0.9895910462E+00
   168    0.8350648287E+00
   169    0.1083722535E+01
   170    0.1054176715E+01
   171    0.1411870262E+01
   172    0.1206364022E+01
   173    0.1335562945E+01
   174    0.1116238584E+01
   175    0.1128267434E+01
   176    0.1217585723E+01
   177    0.1243772433E+01
   178    0.1048039338E+01
   179    0.1035903991E+01
   180    0.1022000023E+01
   181    0.1336996541E+01
   182    0.1121157413E+01
   183    0.1128631780E+01
   184    0.9883999493E+00
   185    0.8264586814E+00
   186    0.7837877483E+00
   187    0.7274226065E+00
   188    0.1232797048E+01
   189    0.7854557089E+00
   190    0.8181084796E+00
   191    0.7543402180E+00
   192    0.1133384171E+01
   193    0.1387959514E+01
   194    0.1073410429E+01
   195    0.9941208790E+00
   196    0.1277032661E+01
   197    0.1147843456E+01
   198    0.9066831580E+00
   199    0.9510229578E+00
   200    0.8667697198E+00
   201    0.7135527954E+00
   202    0.7496774894E+00
   203    0.1197279443E+01
   204    0.8984301064E+00
   205    0.1282669601E+01
   206    0.1026482181E+01
   207    0.7887462140E+00
   208    0.9583915756E+00
   209    0.1130305537E+01
   210    0.9852192610E+00
   211    0.1075584185E+01
   212    0.8683373987E+00
   213    0.5373672885E+00
   214    0.7343297533E+00
   215    0.8366141357E+00
   216    0.7915921899E+00
   217    0.6160053144E+00
   218    0.8956750110E+00
   219    0.6436486236E+00
   220    0.7701967793E+00
   221    0.1101963550E+01
   222    0.1042804102E+01
   223    0.1152947390E+01
   224    0.9074527323E+00
   225    0.7066573937E+00
   226    0.8000276356E+00
   227    0.7792442516E+00
   228    0.8338617610E+00
   229    0.7634083552E+00
   230    0.8369256460E+00
   231    0.9146182715E+00
   232    0.9362196256E+00
   233    0.1104011163E+01
   234    0.7633773532E+00
   235    0.1084431173E+01
   236    0.6167279006E+00
   237    0.5882756879E+00
   238    0.1230828756E+01
   239    0.9360076079E+00
   240    0.6698447171E+00
   241    0.6002591854E+00
   242    0.8829159473E+00
   243    0.7860626459E+00
   244    0.4770288467E+00
   245    0.6319379350E+00
   246    0.6797107217E+00
   247    0.7877017286E+00
   248    0.7990541469E+00
   249    0.8181219102E+00
   250    0.9089876243E+00
   251    0.1202165495E+01
   252    0.1053965988E+01
   253    0.9096433101E+00
   254    0.7264397127E+00
   255    0.9778012527E+00
   256    0.5618519163E+00
   257    0.9281417954E+00
   258    0.7330720187E+00
   259    0.9276714091E+00
   260    0.1151228207E+01
   261    0.8816111976E+00
   262    0.8389170891E+00
   263    0.7247049296E+00
   264    0.9918644754E+00
   265    0.9561258044E+00
   266    0.9242401369E+00
   267    0.1134119818E+01
   268    0.1022042463E+01
   269    0.7522676394E+00
   270    0.8317170592E+00
   271    0.1430586096E+01
   272    0.9910353616E+00
   273    0.7221224366E+00
   274    0.7602396766E+00
   275    0.7094818541E+00
   276    0.4204288208E+00
   277    0.1170253161E+01
   278    0.1553536307E+01
   279    0.1390337393E+01
   280    0.1208082076E+01
   281    0.9837212753E+00
   282    0.1158094259E+01
   283    0.9534901562E+00
   284    0.1213272473E+01
   285    0.1269055493E+01
   286    0.7777361412E+00
   287    0.1209070600E+01
   288    0.1018414478E+01
   289    0.7063746965E+00
   290    0.1051078048E+01
   291    0.1005666357E+01
   292    0.1284689794E+01
   293    0.9906916945E+00
   294    0.9002431889E+00
   295    0.7514914951E+00
   296    0.8438603854E+00
   297    0.1259352437E+01
   298    0.1286096176E+01
   299    0.1367455339E+01
   300    0.1248276809E+01
   301    0.1219155713E+01
   302    0.1240789965E+01
   303    0.1068194304E+01
   304    0.1197593567E+01
   305    0.1375704444E+01
   306    0.1379796614E+01
   307    0.1127843814E+01
   308    0.1230938860E+01
   309    0.1637654136E+01
   310    0.1449847675E+01
   311    0.1056324708E+01
   312    0.9907544518E+00
   313    0.9925303403E+00
   314    0.1108189625E+01
   315    0.1333994260E+01
   316    0.1051811892E+01
   317    0.1189099607E+01
   318    0.1458727976E+01
   319    0.1407535110E+01
   320    0.8769744368E+00
   321    0.7118337324E+00
   322    0.1285548405E+01
   323    0.1413951376E+01
   324    0.1096293617E+01
   325    0.1174884466E+01
   326    0.1144331088E+01
   327    0.8837028036E+00
   328    0.9701770186E+00
   329    0.9664170263E+00
   330    0.9138667193E+00
   331    0.1308478600E+01
   332    0.1077683037E+01
   333    0.1283203960E+01
   334    0.1084136312E+01
   335    0.1321859339E+01
   336    0.9650408475E+00
   337    0.7937168589E+00
   338    0.1202882667E+01
   339    0.1111453779E+01
   340    0.1140129401E+01
   341    0.1053154773E+01
   342    0.9996124356E+00
   343    0.8387173429E+00
   344    0.8222368265E+00
   345    0.9586033299E+00
   346    0.1245675352E+01
   347    0.1033755835E+01
   348    0.7512196609E+00
   349    0.6126583365E+00
   350    0.8297585111E+00
   351    0.1013872970E+01
   352    0.8851263745E+00
   353    0.9597776286E+00
   354    0.1120657033E+01
   355    0.1162424076E+01
   356    0.8319275170E+00
   357    0.6880569305E+00
   358    0.8455789102E+00
   359    0.1215081294E+01
   360    0.1171521557E+01
   361    0.8075338460E+00
   362    0.8956949120E+00
   363    0.7993152442E+00
   364    0.8576298593E+00
   365    0.1017494244E+01
   366    0.9546178587E+00
   367    0.6424948047E+00
   368    0.7114156397E+00
   369    0.9149844073E+00
   370    0.1008545522E+01
   371    0.1037249528E+01
   372    0.1089007673E+01
   373    0.6110708525E+00
   374    0.5963899849E+00
   375    0.9912553112E+00
   376    0.5915935522E+00
   377    0.7939611771E+00
   378    0.7147788111E+00
   379    0.7455038454E+00
   380    0.1182841847E+01
   381    0.1050905421E+01
   382    0.6897468015E+00
   383    0.6294620568E+00
   384    0.8333098279E+00
   385    0.8578673282E+00
   386    0.6783972880E+00
   387    0.7086889688E+00
   388    0.9324635750E+00
   389    0.9406864434E+00
   390    0.8620371008E+00
   391    0.6795432114E+00
   392    0.1200921938E+01
   393    0.1010619307E+01
   394    0.5737723529E+00
   395    0.9727382446E+00
   396    0.9419862855E+00
   397    0.5869597744E+00
   398    0.1005724443E+01
   399    0.9466301977E+00
   400    0.8892510538E+00
   401    0.5703381450E+00
   402    0.5842239376E+00
   403    0.6602110631E+00
   404    0.9156525626E+00
   405    0.7533783078E+00
   406    0.7304417524E+00
   407    0.6823635536E+00
   408    0.7306524231E+00
   409    0.9698222056E+00
   410    0.9993534558E+00
   411    0.5725012624E+00
   412    0.1392848061E+01
   413    0.1525404627E+01
   414    0.9041727891E+00
   415    0.1089077176E+01
   416    0.1311145372E+01
   417    0.5712779134E+00
   418    0.6702082416E+00
   419    0.6872626757E+00
   420    0.9738745313E+00
   421    0.1127723940E+01
   422    0.8897109636E+00
   423    0.1045223069E+01
   424    0.8272150612E+00
   425    0.8407167295E+00
   426    0.5270678275E+00
   427    0.1114024812E+01
   428    0.1268159418E+01
   429    0.9961081798E+00
   430    0.6988801475E+00
   431    0.1024685885E+01
   432    0.9408589197E+00
   433    0.9583212333E+00
   434    0.8245869600E+00
   435    0.1046311124E+01
   436    0.1040711338E+01
   437    0.1128901824E+01
   438    0.9881421044E+00
   439    0.9320334112E+00
   440    0.8965202848E+00
   441    0.1250771595E+01
   442    0.1069963327E+01
   443    0.1284246922E+01
   444    0.1334470529E+01
   445    0.9791569508E+00
   446    0.9078719329E+00
   447    0.1263206315E+01
   448    0.1336200255E+01
   449    0.1210281880E+01
   450    0.8292711156E+00
   451    0.1124813630E+01
   452    0.1434156306E+01
   453    0.9305715756E+00
   454    0.1195013325E+01
   455    0.1791331365E+01
   456    0.1027291403E+01
   457    0.7534172811E+00
   458    0.1408086161E+01
   459    0.1546181311E+01
   460    0.9369724539E+00
   461    0.6560163042E+00
   462    0.1151372347E+01
   463    0.1013518469E+01
   464    0.1171094548E+01
   465    0.1258755342E+01
   466    0.1154610901E+01
   467    0.1296100879E+01
   468    0.1132062575E+01
   469    0.1567046096E+01
   470    0.1017832647E+01
   471    0.1108152887E+01
   472    0.1134548314E+01
   473    0.7853019443E+00
   474    0.1113490044E+01
   475    0.2074686588E+01
   476    0.1146093393E+01
   477    0.7155610463E+00
   478    0.9487358941E+00
   479    0.1101955109E+01
   480    0.1284021149E+01
   481    0.1042796752E+01
   482    0.7243607317E+00
   483    0.1112089817E+01
   484    0.1103381338E+01
   485    0.1387194741E+01
   486    0.1246175676E+01
   487    0.1405549494E+01
   488    0.1006434685E+01
   489    0.8802030626E+00
   490    0.1317905749E+01
   491    0.1361000649E+01
   492    0.9675287673E+00
   493    0.8984984051E+00
   494    0.9706137148E+00
   495    0.7996637649E+00
   496    0.1143295928E+01
   497    0.1127579276E+01
   498    0.8116292511E+00
   499    0.4256001419E+00
   500    0.8937579867E+00
   501    0.1055502177E+01
   502    0.1579714905E+01
   503    0.1434755725E+01
   504    0.7061815935E+00
   505    0.6607139233E+00
   506    0.9507869653E+00
   507    0.1118047599E+01
   508    0.1176621887E+01
   509    0.9787193143E+00
   510    0.1084383925E+01
   511    0.1119986591E+01
   512    0.7837795482E+00
   513    0.6319261231E+00
   514    0.9452068963E+00
   515    0.1064264941E+01
   516    0.8305200299E+00
   517    0.9273581936E+00
   518    0.9950499310E+00
   519    0.1052238089E+01
   520    0.1054235466E+01
   521    0.8497138098E+00
   522    0.4716041204E+00
   523    0.9188272502E+00
   524    0.1137370072E+01
   525    0.8339680776E+00
   526    0.9609106755E+00
   527    0.6941392491E+00
   528    0.5982218696E+00
   529    0.7963705048E+00
   530    0.9749227330E+00
   531    0.9378406893E+00
   532    0.9121970365E+00
   533    0.7275511410E+00
   534    0.8326772756E+00
   535    0.8751410547E+00
   536    0.1062395772E+01
   537    0.1082300945E+01
   538    0.9579345294E+00
   539    0.9663143726E+00
   540    0.1132761158E+01
   541    0.1042305890E+01
   542    0.7068606960E+00
   543    0.1006616241E+01
   544    0.4606837677E+00
   545    0.7423515650E+00
   546    0.7260710636E+00
   547    0.8865661347E+00
   548    0.7770023952E+00
   549    0.1079736342E+01
   550    0.9729983889E+00
   551    0.9042802833E+00
   552    0.1265045048E+01
   553    0.1081363929E+01
   554    0.9141558640E+00
   555    0.8318976121E+00
   556    0.7730203437E+00
   557    0.6861020820E+00
   558    0.1091647990E+01
   559    0.9395299379E+00
   560    0.7515230745E+00
   561    0.1106932126E+01
   562    0.8588105513E+00
   563    0.5856468126E+00
   564    0.1002528107E+01
   565    0.7775471239E+00
   566    0.6479161334E+00
   567    0.8691213018E+00
   568    0.8183481010E+00
   569    0.6799427980E+00
   570    0.9108951245E+00
   571    0.8959114711E+00
   572    0.7193374521E+00
   573    0.7934318124E+00
   574    0.5636965314E+00
   575    0.8265512273E+00
   576    0.1053598014E+01
   577    0.1152317743E+01
   578    0.9709287584E+00
   579    0.6448736667E+00
   580    0.9437093758E+00
   581    0.9476535560E+00
   582    0.6399720870E+00
   583    0.7697454542E+00
   584    0.1159680120E+01
   585    0.1084762462E+01
   586    0.9221115890E+00
   587    0.6733436184E+00
   588    0.8876306733E+00
   589    0.7746117543E+00
   590    0.9500216264E+00
   591    0.8439994177E+00
   592    0.9515040017E+00
   593    0.9801438785E+00
   594    0.1101925601E+01
   595    0.7451416162E+00
   596    0.1023001550E+01
   597    0.6815489703E+00
   598    0.8300406705E+00
   599    0.1307427332E+01
   600    0.8940852908E+00
   601    0.7491465086E+00
   602    0.1074580599E+01
   603    0.1259999356E+01
   604    0.9583904326E+00
   605    0.1341471403E+01
   606    0.1585471295E+01
   607    0.1589434350E+01
   608    0.9720270691E+00
   609    0.1070977091E+01
   610    0.1334400579E+01
   611    0.1294422698E+01
   612    0.1076900603E+01
   613    0.8862999257E+00
   614    0.7616417008E+00
   615    0.1191464291E+01
   616    0.8982813914E+00
   617    0.8574040381E+00
   618    0.8168549635E+00
   619    0.1200723143E+01
   620    0.9153826848E+00
   621    0.9125997053E+00
   622    0.1575670550E+01
   623    0.1548241570E+01
   624    0.9375341249E+00
   625    0.7295847476E+00
   626    0.8043363839E+00
   627    0.1325257899E+01
   628    0.1499890109E+01
   629    0.1076431330E+01
   630    0.1627402943E+01
   631    0.1090547211E+01
   632    0.7626371427E+00
   633    0.1374600694E+01
   634    0.9524519703E+00
   635    0.1105719229E+01
   636    0.1041135690E+01
   637    0.1194417735E+01
   638    0.9890675969E+00
   639    0.1222638586E+01
   640    0.1245320676E+01
   641    0.1161520444E+01
   642    0.1075370929E+01
   643    0.1319371255E+01
   644    0.1417328302E+01
   645    0.1163500320E+01
   646    0.1068492438E+01
   647    0.1352582155E+01
   648    0.1297469703E+01
   649    0.1321231682E+01
   650    0.1102152197E+01
   651    0.1112134893E+01
   652    0.1056849419E+01
   653    0.1585926926E+01
   654    0.1618796816E+01
   655    0.1401528245E+01
   656    0.1378402201E+01
   657    0.1147457484E+01
   658    0.6997440813E+00
   659    0.1042310207E+01
   660    0.8841642617E+00
   661    0.8892816835E+00
   662    0.1088288358E+01
   663    0.1419572392E+01
   664    0.9463882449E+00
   665    0.8232301899E+00
   666    0.1162512184E+01
   667    0.9634146518E+00
   668    0.8891964322E+00
   669    0.1072416158E+01
   670    0.1161937254E+01
   671    0.1019877189E+01
   672    0.6757743849E+00
   673    0.1050651462E+01
   674    0.1390381978E+01
   675    0.7063398669E+00
   676    0.8757645634E+00
   677    0.7926938576E+00
   678    0.9254774061E+00
   679    0.1077608103E+01
   680    0.7399470318E+00
   681    0.9381568976E+00
   682    0.1101690693E+01
   683    0.8114241403E+00
   684    0.6760593212E+00
   685    0.8555656887E+00
   686    0.9933546287E+00
   687    0.8258298096E+00
   688    0.8774327258E+00
   689    0.8178835055E+00
   690    0.8983942068E+00
   691    0.8132143242E+00
   692    0.7925781984E+00
   693    0.8603488381E+00
   694    0.6629984829E+00
   695    0.5620071025E+00
   696    0.9293831265E+00
   697    0.6301872699E+00
   698    0.7089004568E+00
   699    0.8259544676E+00
   700    0.7768380641E+00
   701    0.8700355496E+00
   702    0.6919661770E+00
   703    0.8562791604E+00
   704    0.9745146815E+00
   705    0.8503447993E+00
   706    0.7751155242E+00
   707    0.7404827239E+00
   708    0.6777877303E+00
   709    0.7506885449E+00
   710    0.7592139653E+00
   711    0.6182288937E+00
   712    0.9461567139E+00
   713    0.7760373159E+00
   714    0.7406479021E+00
   715    0.7118796264E+00
   716    0.4986087524E+00
   717    0.9129067001E+00
   718    0.9568810212E+00
   719    0.8265509814E+00
   720    0.5252274250E+00
   721    0.5546979448E+00
   722    0.6721066990E+00
   723    0.7908070142E+00
   724    0.7102801374E+00
   725    0.9462651571E+00
   726    0.1149696342E+01
   727    0.7894447659E+00
   728    0.8460714111E+00
   729    0.9292710198E+00
   730    0.9259697906E+00
   731    0.6710628947E+00
   732    0.9031474160E+00
   733    0.1071280726E+01
   734    0.7308011873E+00
   735    0.7939485730E+00
   736    0.8434808673E+00
   737    0.8170837811E+00
   738    0.8112116052E+00
   739    0.8140810942E+00
   740    0.7019299143E+00
   741    0.7364706407E+00
   742    0.7814784471E+00
   743    0.6762009101E+00
   744    0.6824410005E+00
   745    0.7791657365E+00
   746    0.1207520467E+01
   747    0.9179139408E+00
   748    0.7397494816E+00
   749    0.1219233423E+01
   750    0.1311264663E+01
   751    0.8487893683E+00
   752    0.8845387426E+00
   753    0.1167719000E+01
   754    0.1011602576E+01
   755    0.8320178148E+00
   756    0.8468683556E+00
   757    0.1009982733E+01
   758    0.7363693275E+00
   759    0.9329264491E+00
   760    0.1200621389E+01
   761    0.1207241374E+01
   762    0.8230686836E+00
   763    0.7595585760E+00
   764    0.8320691399E+00
   765    0.9043879147E+00
   766    0.1247170257E+01
   767    0.8876784056E+00
   768    0.9341986910E+00
   769    0.1168619514E+01
   770    0.1351802165E+01
   771    0.1108047962E+01
   772    0.9624298025E+00
   773    0.1338775338E+01
   774    0.1011687542E+01
   775    0.1283814523E+01
   776    0.1755417735E+01
   777    0.1183848674E+01
   778    0.1143790039E+01
   779    0.1379834937E+01
   780    0.1406668985E+01
   781    0.1541423846E+01
   782    0.1071856844E+01
   783    0.1677655104E+01
   784    0.1080192993E+01
   785    0.9350864104E+00
   786    0.1274111389E+01
   787    0.1507973011E+01
   788    0.1656703128E+01
   789    0.1088073293E+01
   790    0.1083515920E+01
   791    0.1360009524E+01
   792    0.1417777128E+01
   793    0.1272289877E+01
   794    0.1077363574E+01
   795    0.9801541471E+00
   796    0.1205912345E+01
   797    0.1533955311E+01
   798    0.1240850023E+01
   799    0.9413528677E+00
   800    0.1310857071E+01
   801    0.1165588076E+01
   802    0.1354865174E+01
   803    0.1042496478E+01
   804    0.6853723040E+00
   805    0.8226551372E+00
   806    0.9402635476E+00
   807    0.1070968150E+01
   808    0.1271137085E+01
   809    0.1274795324E+01
   810    0.1356179374E+01
   811    0.1067566581E+01
   812    0.1301643104E+01
   813    0.1061263693E+01
   814    0.7010661892E+00
   815    0.6627470383E+00
   816    0.6151595964E+00
   817    0.1103041267E+01
   818    0.1424523683E+01
   819    0.1100880290E+01
   820    0.9987523709E+00
   821    0.1127343534E+01
   822    0.8654079513E+00
   823    0.1061969416E+01
   824    0.1043766138E+01
   825    0.1252732229E+01
   826    0.1166637222E+01
   827    0.6994772943E+00
   828    0.6009030214E+00
   829    0.1002648693E+01
   830    0.1456319962E+01
   831    0.1156276649E+01
   832    0.9956813792E+00
   833    0.1089315632E+01
   834    0.8136120145E+00
   835    0.1056981096E+01
   836    0.1152747094E+01
   837    0.1237287850E+01
   838    0.7997454420E+00
   839    0.7098288177E+00
   840    0.5975559700E+00
   841    0.8227390556E+00
   842    0.8150286025E+00
   843    0.9997431983E+00
   844    0.1067754905E+01
   845    0.1112137046E+01
   846    0.7058764428E+00
   847    0.9080168801E+00
   848    0.9061783179E+00
   849    0.9286810033E+00
   850    0.4919442656E+00
   851    0.6204040488E+00
   852    0.1134266948E+01
   853    0.8842785196E+00
   854    0.1142761050E+01
   855    0.7105147163E+00
   856    0.6652508108E+00
   857    0.7175707247E+00
   858    0.8445602767E+00
   859    0.4747260703E+00
   860    0.5170018954E+00
   861    0.9841611327E+00
   862    0.1041149243E+01
   863    0.1075029670E+01
   864    0.9306829725E+00
   865    0.6347912547E+00
   866    0.1071664568E+01
   867    0.6903201722E+00
   868    0.6827528624E+00
   869    0.6915586952E+00
   870    0.7938169717E+00
   871    0.9910828402E+00
   872    0.1008844900E+01
   873    0.7377150653E+00
   874    0.7906987964E+00
   875    0.6613741474E+00
   876    0.5849186609E+00
   877    0.6921759394E+00
   878    0.9425347141E+00
   879    0.9080153197E+00
   880    0.7805262803E+00
   881    0.8274502365E+00
   882    0.6662485737E+00
   883    0.6305733414E+00
   884    0.9231984948E+00
   885    0.9479141056E+00
   886    0.9859975101E+00
   887    0.7154925470E+00
   888    0.8296574402E+00
   889    0.9875152906E+00
   890    0.1181227655E+01
   891    0.9836532597E+00
   892    0.7982748877E+00
   893    0.5674487364E+00
   894    0.6241039724E+00
   895    0.1047826209E+01
   896    0.1449252339E+01
   897    0.9318805346E+00
   898    0.8514065574E+00
   899    0.1257339032E+01
   900    0.9055044026E+00
   901    0.8715865650E+00
   902    0.6856159439E+00
   903    0.6668456406E+00
   904    0.7936724499E+00
   905    0.8792333774E+00
   906    0.1045999194E+01
   907    0.1128840568E+01
   908    0.9710526501E+00
   909    0.9465475216E+00
   910    0.1030046704E+01
   911    0.1001019814E+01
   912    0.9104169150E+00
   913    0.1098831617E+01
   914    0.6986619936E+00
   915    0.6829200911E+00
   916    0.1122745285E+01
   917    0.1670151792E+01
   918    0.1498321192E+01
   919    0.1311357509E+01
   920    0.8844357628E+00
   921    0.8961447438E+00
   922    0.9805599948E+00
   923    0.8651572530E+00
   924    0.9621379233E+00
   925    0.1160299108E+01
   926    0.1188366563E+01
   927    0.1368542526E+01
   928    0.8311582881E+00
   929    0.8523073033E+00
   930    0.8558779082E+00
   931    0.9699509110E+00
   932    0.9539186531E+00
   933    0.6596277692E+00
   934    0.9676588983E+00
   935    0.1416796715E+01
   936    0.1646023735E+01
   937    0.1354672099E+01
   938    0.1329068464E+01
   939    0.1074632014E+01
   940    0.9622395068E+00
   941    0.1158751684E+01
   942    0.1265985750E+01
   943    0.1016329340E+01
   944    0.7958334724E+00
   945    0.1075839273E+01
   946    0.1220101100E+01
   947    0.1630041798E+01
   948    0.1617451042E+01
   949    0.1250786342E+01
   950    0.7879204141E+00
   951    0.5180663583E+00
   952    0.8650085034E+00
   953    0.1348019234E+01
   954    0.9455319515E+00
   955    0.7969908092E+00
   956    0.1025293992E+01
   957    0.1368261359E+01
   958    0.1003057492E+01
   959    0.1370998066E+01
   960    0.1259450035E+01
   961    0.1350265605E+01
   962    0.1126959468E+01
   963    0.1253641649E+01
   964    0.1469984227E+01
   965    0.8831389668E+00
   966    0.9303345929E+00
   967    0.7590942992E+00
   968    0.6417585479E+00
   969    0.8358201125E+00
   970    0.8283525497E+00
   971    0.9838333569E+00
   972    0.1156171778E+01
   973    0.1088558296E+01
   974    0.9857008586E+00
   975    0.1025939104E+01
   976    0.1080470330E+01
   977    0.1076815388E+01
   978    0.8015226334E+00
   979    0.9170586524E+00
   980    0.8657624825E+00
   981    0.9360215649E+00
   982    0.1233281585E+01
   983    0.1092617003E+01
   984    0.1014168766E+01
   985    0.9587173849E+00
   986    0.9120207979E+00
   987    0.1035053334E+01
   988    0.7693129956E+00
   989    0.1019010209E+01
   990    0.6897296973E+00
   991    0.8351608308E+00
   992    0.6311818700E+00
   993    0.3267375703E+00
   994    0.8780387481E+00
   995    0.9656186175E+00
   996    0.1111882367E+01
   997    0.1141709932E+01
   998    0.8406299104E+00
   999    0.8122616701E+00
  1000    0.8189756322E+00
  1001    0.9368404761E+00
  1002    0.9761737039E+00
  1003    0.7817835994E+00
  1004    0.6571729320E+00
  1005    0.7251312682E+00
  1006    0.6903007212E+00
  1007    0.9658551851E+00
  1008    0.9343027455E+00
  1009    0.1049266850E+01
  1010    0.1198183755E+01
  1011    0.1320715617E+01
  1012    0.1016125428E+01
  1013    0.9357749091E+00
  1014    0.9533177256E+00
  1015    0.1114034487E+01
  1016    0.1022024484E+01
  1017    0.1130582173E+01
  1018    0.1090892543E+01
  1019    0.9005769375E+00
  1020    0.9292771597E+00
  1021    0.1002482866E+01
  1022    0.1027269027E+01
  1023    0.8603988643E+00
  1024    0.6711090287E+00
  1025    0.5918995956E+00
  1026    0.7795098683E+00
  1027    0.9796524095E+00
  1028    0.8767302248E+00
  1029    0.9598762774E+00
  1030    0.1040438244E+01
  1031    0.9110349003E+00
  1032    0.9303735384E+00
  1033    0.9420625285E+00
  1034    0.7664140260E+00
  1035    0.7958664962E+00
  1036    0.9010465416E+00
  1037    0.7108129676E+00
  1038    0.7002073635E+00
  1039    0.9446253974E+00
  1040    0.8292945049E+00
  1041    0.8690349998E+00
  1042    0.9600816420E+00
  1043    0.8221779782E+00
  1044    0.8708459869E+00
  1045    0.9985343492E+00
  1046    0.1019525409E+01
  1047    0.8955389232E+00
  1048    0.8149492436E+00
  1049    0.8933777519E+00
  1050    0.9234204593E+00
  1051    0.8925120741E+00
  1052    0.9049136536E+00
  1053    0.9691106510E+00
  1054    0.1004141243E+01
  1055    0.9828782802E+00
  1056    0.1072188913E+01
  1057    0.1082260457E+01
  1058    0.1074821568E+01
  1059    0.1148130327E+01
  1060    0.1150988607E+01
  1061    0.1149257890E+01
  1062    0.9550147771E+00
  1063    0.7060769179E+00
  1064    0.7156618099E+00
  1065    0.8315299441E+00
  1066    0.9686328607E+00
  1067    0.1040315230E+01
  1068    0.9646981751E+00
  1069    0.1078979422E+01
  1070    0.9949832392E+00
  1071    0.9037544252E+00
  1072    0.8093841088E+00
  1073    0.8290591555E+00
  1074    0.9314991711E+00
  1075    0.1111472524E+01
  1076    0.1372052667E+01
  1077    0.1236240426E+01
  1078    0.1239668181E+01
  1079    0.1258702113E+01
  1080    0.1103499616E+01
  1081    0.9791445292E+00
  1082    0.1010223197E+01
  1083    0.1088575513E+01
  1084    0.1079908567E+01
  1085    0.1012235346E+01
  1086    0.9595906202E+00
  1087    0.9096491210E+00
  1088    0.8816934192E+00
  1089    0.9410216529E+00
  1090    0.1049275082E+01
  1091    0.1034085145E+01
  1092    0.9422747726E+00
  1093    0.9415548887E+00
  1094    0.1004093622E+01
  1095    0.1001110136E+01
  1096    0.9128918106E+00
  1097    0.8623692050E+00
  1098    0.9151962513E+00
  1099    0.1038334916E+01
  1100    0.1215381118E+01
  1101    0.1444157929E+01
  1102    0.1459281780E+01
  1103    0.1178552724E+01
  1104    0.1104078107E+01
  1105    0.1212592815E+01
  1106    0.1164529452E+01
  1107    0.1022476130E+01
  1108    0.9800902274E+00
  1109    0.9924068119E+00
  1110    0.9966091410E+00
  1111    0.1026020033E+01
  1112    0.1088408896E+01
  1113    0.1130139596E+01
  1114    0.1090068998E+01
  1115    0.1019267324E+01
  1116    0.9991527369E+00
  1117    0.9868135556E+00
  1118    0.9266621517E+00
  1119    0.8896493745E+00
  1120    0.9111597186E+00
  1121    0.1000606986E+01
  1122    0.1112387288E+01
  1123    0.1080776414E+01
  1124    0.9648025439E+00
  1125    0.9241708452E+00
  1126    0.9028716469E+00
  1127    0.8774396504E+00
  1128    0.9027293797E+00
  1129    0.9549110162E+00
  1130    0.9510671957E+00
  1131    0.9209997364E+00
  1132    0.9568801632E+00
  1133    0.1001428963E+01
  1134    0.9689562953E+00
  1135    0.9172429365E+00
  1136    0.9455099457E+00
  1137    0.1036307999E+01
  1138    0.1081370982E+01
  1139    0.1027029221E+01
  1140    0.9304701165E+00
  1141    0.8676292821E+00
  1142    0.8769922498E+00
  1143    0.9216321714E+00
  1144    0.9309689526E+00
  1145    0.9104681937E+00
  1146    0.9354555918E+00
  1147    0.9942846993E+00
  1148    0.9758125528E+00
  1149    0.9320283066E+00
  1150    0.9449393301E+00
  1151    0.9614616987E+00
  1152    0.9263817556E+00
  1153    0.8964108091E+00
  1154    0.8977940204E+00
  1155    0.8684595297E+00
  1156    0.8549996056E+00
  1157    0.9156476463E+00
  1158    0.1049193177E+01
  1159    0.1112315826E+01
  1160    0.1010046470E+01
  1161    0.9635353791E+00
  1162    0.1064506557E+01
  1163    0.1129015128E+01
  1164    0.1023064023E+01
  1165    0.9134712480E+00
  1166    0.9083246002E+00
  1167    0.9721729615E+00
  1168    0.9595589208E+00
  1169    0.9392805156E+00
  1170    0.9943294266E+00
  1171    0.1004629156E+01
  1172    0.9442858606E+00
  1173    0.9367329019E+00
  1174    0.9760927150E+00
  1175    0.9950432005E+00
  1176    0.9391396972E+00
  1177    0.8771076107E+00
  1178    0.9056292486E+00
  1179    0.9887941956E+00
  1180    0.1007140732E+01
  1181    0.9701727471E+00
  1182    0.9953837632E+00
  1183    0.1059389897E+01
  1184    0.1062162283E+01
  1185    0.1027505813E+01
  1186    0.1021294931E+01
  1187    0.1010271032E+01
  1188    0.1019917635E+01
  1189    0.1029222266E+01
  1190    0.9897935172E+00
  1191    0.9551205318E+00
  1192    0.9956433118E+00
  1193    0.1061165098E+01
  1194    0.1064074805E+01
  1195    0.1018045346E+01
  1196    0.9628875794E+00
  1197    0.9431804170E+00
  1198    0.1000744693E+01
  1199    0.1091435079E+01
  1200    0.1062713137E+01
  1201    0.9637169921E+00
  1202    0.9165703139E+00
  1203    0.9625352948E+00
  1204    0.1052518139E+01
  1205    0.1069425211E+01
  1206    0.1026923544E+01
  1207    0.9769800843E+00
  1208    0.9649127070E+00
  1209    0.1016276610E+01
  1210    0.1109555570E+01
  1211    0.1132184895E+01
  1212    0.1035110035E+01
  1213    0.9457444386E+00
  1214    0.9247315702E+00
  1215    0.9645934770E+00
  1216    0.1047435963E+01
  1217    0.1078480791E+01
  1218    0.1006866529E+01
  1219    0.9564378892E+00
  1220    0.9915778937E+00
  1221    0.1053337075E+01
  1222    0.1043557884E+01
  1223    0.1000406179E+01
  1224    0.9993039832E+00
  1225    0.9851520267E+00
  1226    0.9618434779E+00
  1227    0.9772167168E+00
  1228    0.1023596856E+01
  1229    0.1068598459E+01
  1230    0.1059624584E+01
  1231    0.1010305388E+01
  1232    0.1018206336E+01
  1233    0.1061023600E+01
  1234    0.1037185662E+01
  1235    0.9559810135E+00
  1236    0.9349799971E+00
  1237    0.9761941910E+00
  1238    0.1019623426E+01
  1239    0.1011513393E+01
  1240    0.9858084893E+00
  1241    0.1015761284E+01
  1242    0.1065708326E+01
  1243    0.1067777733E+01
  1244    0.1039990776E+01
  1245    0.1012105435E+01
  1246    0.1032001924E+01
  1247    0.1073555980E+01
  1248    0.1032237241E+01
  1249    0.9844799126E+00
  1250    0.9882714150E+00
  1251    0.1022052707E+01
  1252    0.1022892017E+01
  1253    0.9962018151E+00
  1254    0.9887007762E+00
  1255    0.1007945473E+01
  1256    0.1011515855E+01
  1257    0.1004289865E+01
  1258    0.1022330923E+01
  1259    0.1042550081E+01
  1260    0.1024983873E+01
  1261    0.9976619913E+00
  1262    0.9831985905E+00
  1263    0.9883379986E+00
  1264    0.1015039071E+01
  1265    0.1024876757E+01
  1266    0.1003711529E+01
  1267    0.1001369832E+01
  1268    0.1019765520E+01
  1269    0.1013679290E+01
  1270    0.9932251893E+00
  1271    0.1005112919E+01
  1272    0.1041315721E+01
  1273    0.1037997643E+01
  1274    0.1002306607E+01
  1275    0.9885902737E+00
  1276    0.1005852942E+01
  1277    0.1024668802E+01
  1278    0.1008819982E+01
  1279    0.9788557645E+00
  1280    0.9811930719E+00
  1281    0.1021324334E+01
  1282    0.1055617825E+01
  1283    0.1041451477E+01
  1284    0.1005149628E+01
  1285    0.9892931951E+00
  1286    0.9910932201E+00
  1287    0.1000181438E+01
  1288    0.1017308488E+01
  1289    0.1027371596E+01
  1290    0.1014235600E+01
  1291    0.9994184685E+00
  1292    0.1006407731E+01
  1293    0.1013362698E+01
  1294    0.1001504834E+01
  1295    0.9939780756E+00
  1296    0.1003519709E+01
  1297    0.1012345749E+01
  1298    0.1007137079E+01
  1299    0.9945195999E+00
  1300    0.9876435193E+00
  1301    0.9952941033E+00
  1302    0.1011830779E+01
  1303    0.1014543265E+01
  1304    0.1004469820E+01
  1305    0.1001775211E+01
  1306    0.9971529551E+00
  1307    0.9926391827E+00
  1308    0.1004732669E+01
  1309    0.1011372331E+01
  1310    0.9963142227E+00
  1311    0.9837108016E+00
  1312    0.9892481904E+00
  1313    0.1004179712E+01
  1314    0.1009978797E+01
  1315    0.1006105375E+01
  1316    0.1002423010E+01
  1317    0.9969589465E+00
  1318    0.9946361583E+00
  1319    0.9990649258E+00
  1320    0.9990794373E+00
  1321    0.9940394138E+00
  1322    0.9985511230E+00
  1323    0.1003427591E+01
  1324    0.9973619533E+00
  1325    0.9890426062E+00
  1326    0.9911194662E+00
  1327    0.1002509399E+01
  1328    0.1003805840E+01
  1329    0.9929533276E+00
  1330    0.9871254358E+00
  1331    0.9910015340E+00
  1332    0.9987383111E+00
  1333    0.1002250755E+01
  1334    0.1000484542E+01
  1335    0.9967555127E+00
  1336    0.9951173631E+00
  1337    0.1000188982E+01
  1338    0.1002737021E+01
  1339    0.9951989704E+00
  1340    0.9882636304E+00
  1341    0.9901610794E+00
  1342    0.1000755180E+01
  1343    0.1007518702E+01
  1344    0.1001094149E+01
  1345    0.9910106934E+00
  1346    0.9881681503E+00
  1347    0.9929042641E+00
  1348    0.1000447799E+01
  1349    0.1005504513E+01
  1350    0.1001768732E+01
  1351    0.9959867338E+00
  1352    0.9949814209E+00
  1353    0.9952707292E+00
  1354    0.9974256098E+00
  1355    0.9994684639E+00
  1356    0.9974456769E+00
  1357    0.9951741441E+00
  1358    0.9976639706E+00
  1359    0.1002738475E+01
  1360    0.1003026861E+01
  1361    0.9999607446E+00
  1362    0.1000638665E+01
  1363    0.1002395876E+01
  1364    0.9997744925E+00
  1365    0.9966255307E+00
  1366    0.9967350984E+00
  1367    0.9981493976E+00
  1368    0.1000537393E+01
  1369    0.1002190555E+01
  1370    0.1000440733E+01
  1371    0.9992262234E+00
  1372    0.1000921533E+01
  1373    0.1004653329E+01
  1374    0.1006253622E+01
  1375    0.1003071428E+01
  1376    0.1001042542E+01
  1377    0.1001188674E+01
  1378    0.1001508217E+01
  1379    0.1002453252E+01
  1380    0.1004351453E+01
  1381    0.1004960094E+01
  1382    0.1004206739E+01
  1383    0.1004874933E+01
  1384    0.1006525024E+01
  1385    0.1007555482E+01
  1386    0.1007052805E+01
  1387    0.1006152134E+01
  1388    0.1006379789E+01
  1389    0.1006801386E+01
  1390    0.1007263419E+01
  1391    0.1007190725E+01
  1392    0.1006164606E+01
  1393    0.1005784764E+01
  1394    0.1007446090E+01
  1395    0.1008523304E+01
  1396    0.1007583434E+01
  1397    0.1006994152E+01
  1398    0.1007817362E+01
  1399    0.1008274966E+01
  1400    0.1007402059E+01
  1401    0.1007858556E+01
  1402    0.1010941040E+01
  1403    0.1011334955E+01
  1404    0.1008287964E+01
  1405    0.1006605290E+01
  1406    0.1007388918E+01
  1407    0.1009484828E+01
  1408    0.1011125651E+01
  1409    0.1010212120E+01
  1410    0.1008034496E+01
  1411    0.1008178847E+01
  1412    0.1010322999E+01
  1413    0.1010044079E+01
  1414    0.1008179898E+01
  1415    0.1008823407E+01
  1416    0.1010178105E+01
  1417    0.1010329062E+01
  1418    0.1009315932E+01
  1419    0.1008323020E+01
  1420    0.1008645675E+01
  1421    0.1008680841E+01
  1422    0.1008939451E+01
  1423    0.1010543706E+01
  1424    0.1010403292E+01
  1425    0.1007792224E+01
  1426    0.1006674280E+01
  1427    0.1007354173E+01
  1428    0.1006878153E+01
  1429    0.1005199807E+01
  1430    0.1003122868E+01
  1431    0.1001359298E+01
  1432    0.1000427666E+01
  1433    0.1000111251E+01
  1434    0.1000027809E+01
  1435    0.1000006952E+01
  1436    0.1000001738E+01
  1437    0.1000000434E+01
  1438    0.1000000109E+01
  1439    0.1000000027E+01
  1440    0.1000000007E+01
  1441    0.1000000002E+01
  1442    0.1000000000E+01
  1443    0.1000000000E+01
  1444    0.1000000000E+01
  1445    0.1000000000E+01
  1446    0.1000000000E+01
  1447    0.1000000000E+01
  1448    0.1000000000E+01
  1449    0.1000000000E+01
  1450    0.1000000000E+01
  1451    0.1000000000E+01
  1452    0.1000000000E+01
  1453    0.1000000000E+01
  1454    0.1000000000E+01
  1455    0.1000000000E+01
  1456    0.1000000000E+01
  1457    0.1000000000E+01
  1458    0.1000000000E+01
  1459    0.1000000000E+01
  1460    0.1000000000E+01
  1461    0.1000000000E+01
  1462    0.1000000000E+01
  1463    0.1000000000E+01
  1464    0.1000000000E+01
  1465    0.1000000000E+01
  1466    0.1000000000E+01
  1467    0.1000000000E+01
  1468    0.1000000000E+01
  1469    0.1000000000E+01
  1470    0.1000000000E+01
  1471    0.1000000000E+01
  1472    0.1000000000E+01
  1473    0.1000000000E+01
  1474    0.1000000000E+01
  1475    0.1000000000E+01
  1476    0.1000000000E+01
  1477    0.1000000000E+01
  1478    0.1000000000E+01
  1479    0.1000000000E+01
  1480    0.1000000000E+01
  1481    0.1000000000E+01
  1482    0.1000000000E+01
  1483    0.1000000000E+01
  1484    0.1000000000E+01
  1485    0.1000000000E+01
  1486    0.1000000000E+01
  1487    0.1000000000E+01
  1488    0.1000000000E+01
  1489    0.1000000000E+01
  1490    0.1000000000E+01
  1491    0.1000000000E+01
  1492    0.1000000000E+01
  1493    0.1000000000E+01
  1494    0.1000000000E+01
  1495    0.1000000000E+01
  1496    0.1000000000E+01
  1497    0.1000000000E+01
  1498    0.1000000000E+01
  1499    0.1000000000E+01
  1500    0.8337500000E+00
  1501    0.1662500000E+00
  1502    0.0000000000E+00
