    -1    0.0000000000E+00
     0    0.6572087806E-01
     1    0.6924521509E+00
     2    0.1020182918E+01
     3    0.9635274637E+00
     4    0.1045549908E+01
     5    0.9617480490E+00
     6    0.1063487445E+01
     7    0.9252032309E+00
     8    0.1089048791E+01
     9    0.9053185618E+00
    10    0.1045098581E+01
    11    0.9869846386E+00
    12    0.1000728000E+01
    13    0.9662200732E+00
    14    0.1029203454E+01
    15    0.9956890067E+00
    16    0.9502124003E+00
    17    0.1051369846E+01
    18    0.9562626333E+00
    19    0.9727672458E+00
    20    0.1049228253E+01
    21    0.9554007647E+00
    22    0.1005981403E+01
    23    0.9689239599E+00
    24    0.9900356953E+00
    25    0.1037601212E+01
    26    0.9667341068E+00
    27    0.9349680479E+00
    28    0.1066030761E+01
    29    0.9785109364E+00
    30    0.9451027526E+00
    31    0.1017042286E+01
    32    0.1001002973E+01
    33    0.9941285107E+00
    34    0.9424451333E+00
    35    0.9989217226E+00
    36    0.1041530884E+01
    37    0.9680651040E+00
    38    0.9087321956E+00
    39    0.1067296072E+01
    40    0.9856619017E+00
    41    0.9508913345E+00
    42    0.9903549712E+00
    43    0.1020640872E+01
    44    0.9673266736E+00
    45    0.9457651990E+00
    46    0.1001295291E+01
    47    0.1081553854E+01
    48    0.8814527655E+00
    49    0.9726247497E+00
    50    0.1079255623E+01
    51    0.9226547050E+00
    52    0.9916716967E+00
    53    0.9839018100E+00
    54    0.9905658919E+00
    55    0.1012036325E+01
    56    0.9496949778E+00
    57    0.1008649160E+01
    58    0.9993620448E+00
    59    0.9593635728E+00
    60    0.9869183089E+00
    61    0.9990129053E+00
    62    0.1025427788E+01
    63    0.9296960948E+00
    64    0.1011943824E+01
    65    0.1002854752E+01
    66    0.9964391742E+00
    67    0.9156067396E+00
    68    0.1087338397E+01
    69    0.9515779140E+00
    70    0.9789503880E+00
    71    0.9514961485E+00
    72    0.1067400213E+01
    73    0.1016301073E+01
    74    0.8312747156E+00
    75    0.1069412494E+01
    76    0.1072929643E+01
    77    0.9165753058E+00
    78    0.9630375753E+00
    79    0.1072523642E+01
    80    0.8725446176E+00
    81    0.1121116048E+01
    82    0.8581832641E+00
    83    0.1133624624E+01
    84    0.8723909776E+00
    85    0.1030004709E+01
    86    0.1075276199E+01
    87    0.8566487556E+00
    88    0.1082985433E+01
    89    0.1015073511E+01
    90    0.9954983957E+00
    91    0.9665833549E+00
    92    0.9544951850E+00
    93    0.1163093878E+01
    94    0.8672165818E+00
    95    0.1044384926E+01
    96    0.1016543704E+01
    97    0.1053617192E+01
    98    0.9687311783E+00
    99    0.9613679519E+00
   100    0.1066204168E+01
   101    0.1036723329E+01
   102    0.9902123960E+00
   103    0.9794239623E+00
   104    0.1049759492E+01
   105    0.1065688203E+01
   106    0.9667941408E+00
   107    0.9339888299E+00
   108    0.1102791416E+01
   109    0.9991929807E+00
   110    0.1052784836E+01
   111    0.9994325924E+00
   112    0.9670967153E+00
   113    0.1060946550E+01
   114    0.1044945614E+01
   115    0.1007373119E+01
   116    0.1011689070E+01
   117    0.9742668962E+00
   118    0.1065585686E+01
   119    0.1051726214E+01
   120    0.8682733132E+00
   121    0.1127326249E+01
   122    0.1036848135E+01
   123    0.1024038773E+01
   124    0.9340939958E+00
   125    0.1024392784E+01
   126    0.1104180380E+01
   127    0.9747131462E+00
   128    0.1058319232E+01
   129    0.9045525030E+00
   130    0.1122615527E+01
   131    0.9908345278E+00
   132    0.1033438950E+01
   133    0.9971772914E+00
   134    0.9562022483E+00
   135    0.1110240371E+01
   136    0.9958949241E+00
   137    0.1043849895E+01
   138    0.9692084351E+00
   139    0.1007585698E+01
   140    0.1035281026E+01
   141    0.1032951754E+01
   142    0.9790902495E+00
   143    0.1034936152E+01
   144    0.1092122826E+01
   145    0.9271218236E+00
   146    0.1003720082E+01
   147    0.1082572525E+01
   148    0.1008630649E+01
   149    0.9477745914E+00
   150    0.9945462319E+00
   151    0.1068404063E+01
   152    0.1015081197E+01
   153    0.9842716233E+00
   154    0.9276357027E+00
   155    0.1071882029E+01
   156    0.1057124117E+01
   157    0.9423742158E+00
   158    0.9952410126E+00
   159    0.1009828356E+01
   160    0.1031404067E+01
   161    0.9575112185E+00
   162    0.1045169842E+01
   163    0.1062770261E+01
   164    0.8580976965E+00
   165    0.1023509167E+01
   166    0.1023703539E+01
   167    0.1044696324E+01
   168    0.8998890320E+00
   169    0.1057899128E+01
   170    0.9665538079E+00
   171    0.9845681325E+00
   172    0.1022388822E+01
   173    0.1002196888E+01
   174    0.9476897076E+00
   175    0.9489829864E+00
   176    0.1116398587E+01
   177    0.9579671722E+00
   178    0.9180046440E+00
   179    0.1067766356E+01
   180    0.9552340889E+00
   181    0.9994504307E+00
   182    0.9432068856E+00
   183    0.1096244391E+01
   184    0.8165030751E+00
   185    0.1012955508E+01
   186    0.9943868434E+00
   187    0.1047438768E+01
   188    0.9698339532E+00
   189    0.9352481515E+00
   190    0.1007227183E+01
   191    0.1052428325E+01
   192    0.8550405164E+00
   193    0.1038557879E+01
   194    0.1009171113E+01
   195    0.9441861240E+00
   196    0.1029532942E+01
   197    0.1005407161E+01
   198    0.8267464688E+00
   199    0.1134097835E+01
   200    0.8986721453E+00
   201    0.1023088684E+01
   202    0.1069911588E+01
   203    0.8152616376E+00
   204    0.1042095588E+01
   205    0.1048810524E+01
   206    0.9177692893E+00
   207    0.9711872676E+00
   208    0.1055292535E+01
   209    0.9347653635E+00
   210    0.8850647904E+00
   211    0.1174729122E+01
   212    0.8901565851E+00
   213    0.1070360032E+01
   214    0.8932195992E+00
   215    0.9280065723E+00
   216    0.1082704089E+01
   217    0.9592315375E+00
   218    0.9865689689E+00
   219    0.9441771182E+00
   220    0.1002324530E+01
   221    0.9866256397E+00
   222    0.9769339022E+00
   223    0.1004142170E+01
   224    0.9566263643E+00
   225    0.1008351873E+01
   226    0.1009938602E+01
   227    0.8601299166E+00
   228    0.1093661655E+01
   229    0.9762615814E+00
   230    0.9768124781E+00
   231    0.1087436965E+01
   232    0.7545136766E+00
   233    0.1202318393E+01
   234    0.9303136912E+00
   235    0.9300492348E+00
   236    0.1030779013E+01
   237    0.9967043824E+00
   238    0.1114565765E+01
   239    0.8413772093E+00
   240    0.1000425356E+01
   241    0.9734048275E+00
   242    0.1152092095E+01
   243    0.8195842499E+00
   244    0.9467864254E+00
   245    0.1128603327E+01
   246    0.1052687845E+01
   247    0.8590608932E+00
   248    0.1058566188E+01
   249    0.1100015311E+01
   250    0.9697228995E+00
   251    0.9709040631E+00
   252    0.8894340816E+00
   253    0.1108735452E+01
   254    0.1155661207E+01
   255    0.9298155921E+00
   256    0.8841941312E+00
   257    0.1084507718E+01
   258    0.1080990249E+01
   259    0.8395058951E+00
   260    0.9833792588E+00
   261    0.1211465830E+01
   262    0.9689146461E+00
   263    0.9639534444E+00
   264    0.1033158565E+01
   265    0.1016650883E+01
   266    0.1036446466E+01
   267    0.1020306762E+01
   268    0.1002881935E+01
   269    0.9600169928E+00
   270    0.1106351720E+01
   271    0.9832698417E+00
   272    0.9717229162E+00
   273    0.9574115730E+00
   274    0.9820961288E+00
   275    0.9774603682E+00
   276    0.1053347776E+01
   277    0.1004200445E+01
   278    0.1083829468E+01
   279    0.8700454117E+00
   280    0.1173175859E+01
   281    0.1042082175E+01
   282    0.1011635861E+01
   283    0.9635845747E+00
   284    0.1003561050E+01
   285    0.1110282005E+01
   286    0.9904223642E+00
   287    0.1029640709E+01
   288    0.9807326086E+00
   289    0.1027257573E+01
   290    0.1039656556E+01
   291    0.1058040356E+01
   292    0.8893048650E+00
   293    0.9872989335E+00
   294    0.1304499752E+01
   295    0.8029938576E+00
   296    0.1081932021E+01
   297    0.1007249613E+01
   298    0.9167047699E+00
   299    0.1017928203E+01
   300    0.1326942769E+01
   301    0.8155555743E+00
   302    0.9157302548E+00
   303    0.1263221210E+01
   304    0.9657528618E+00
   305    0.1031097310E+01
   306    0.8237141962E+00
   307    0.1121957686E+01
   308    0.1092566379E+01
   309    0.1046406111E+01
   310    0.8962000113E+00
   311    0.9537614914E+00
   312    0.1180249061E+01
   313    0.9165210569E+00
   314    0.1038887971E+01
   315    0.9987475280E+00
   316    0.9694472488E+00
   317    0.1038412304E+01
   318    0.1089724221E+01
   319    0.8799554510E+00
   320    0.1003670726E+01
   321    0.1062188159E+01
   322    0.1065630716E+01
   323    0.9273610788E+00
   324    0.9381828358E+00
   325    0.1114578580E+01
   326    0.9297979086E+00
   327    0.1017991262E+01
   328    0.1010083362E+01
   329    0.9577462054E+00
   330    0.1091981567E+01
   331    0.9595442866E+00
   332    0.6994962053E+00
   333    0.1225212567E+01
   334    0.1122961807E+01
   335    0.9198862693E+00
   336    0.9685354972E+00
   337    0.8817472262E+00
   338    0.1056872876E+01
   339    0.9540993422E+00
   340    0.9941229184E+00
   341    0.1011711719E+01
   342    0.9506022507E+00
   343    0.9724529383E+00
   344    0.9372507667E+00
   345    0.1034499393E+01
   346    0.1037874296E+01
   347    0.1097239801E+01
   348    0.9045554110E+00
   349    0.7567709392E+00
   350    0.1297675035E+01
   351    0.9851070213E+00
   352    0.8552766376E+00
   353    0.1032610767E+01
   354    0.9327545257E+00
   355    0.1084694370E+01
   356    0.9023892476E+00
   357    0.7256538320E+00
   358    0.1329782485E+01
   359    0.1081946877E+01
   360    0.8374179725E+00
   361    0.8958287287E+00
   362    0.9531993622E+00
   363    0.1017127408E+01
   364    0.1046053183E+01
   365    0.9728142817E+00
   366    0.9558992473E+00
   367    0.9254215770E+00
   368    0.1073678274E+01
   369    0.9793944965E+00
   370    0.1035452808E+01
   371    0.9533784198E+00
   372    0.8635840578E+00
   373    0.1115563924E+01
   374    0.1067230004E+01
   375    0.8756899336E+00
   376    0.1011828316E+01
   377    0.9032805357E+00
   378    0.1048031183E+01
   379    0.8696112537E+00
   380    0.1013626349E+01
   381    0.1077568700E+01
   382    0.9418442304E+00
   383    0.8309435819E+00
   384    0.1093313263E+01
   385    0.1067305343E+01
   386    0.9079196871E+00
   387    0.9032526366E+00
   388    0.1016045634E+01
   389    0.9955309485E+00
   390    0.9772588946E+00
   391    0.1104488179E+01
   392    0.8838900407E+00
   393    0.9066048479E+00
   394    0.9467548969E+00
   395    0.1165747163E+01
   396    0.1042144248E+01
   397    0.7442394163E+00
   398    0.1173858642E+01
   399    0.9348520939E+00
   400    0.9433649157E+00
   401    0.1067804053E+01
   402    0.1020821623E+01
   403    0.9391284951E+00
   404    0.1078916579E+01
   405    0.9231412964E+00
   406    0.9014155802E+00
   407    0.1061929680E+01
   408    0.1026545733E+01
   409    0.9664265396E+00
   410    0.8325612119E+00
   411    0.1166885580E+01
   412    0.1037835205E+01
   413    0.9724154594E+00
   414    0.9186633658E+00
   415    0.1111162690E+01
   416    0.1033289018E+01
   417    0.1035605948E+01
   418    0.8907577483E+00
   419    0.9563159182E+00
   420    0.1022278978E+01
   421    0.1034146520E+01
   422    0.1194302509E+01
   423    0.9367972378E+00
   424    0.8966964719E+00
   425    0.9396775771E+00
   426    0.9975041168E+00
   427    0.1005360768E+01
   428    0.8862071022E+00
   429    0.1169324430E+01
   430    0.1037219650E+01
   431    0.1089054438E+01
   432    0.1122033332E+01
   433    0.9108156627E+00
   434    0.9551363448E+00
   435    0.9832478015E+00
   436    0.9913027624E+00
   437    0.1117366090E+01
   438    0.9898820515E+00
   439    0.1082292333E+01
   440    0.9470198874E+00
   441    0.1033264811E+01
   442    0.1095765926E+01
   443    0.1085106117E+01
   444    0.9012505216E+00
   445    0.1024036496E+01
   446    0.1019584158E+01
   447    0.9448022187E+00
   448    0.1027731794E+01
   449    0.1016291342E+01
   450    0.1174266845E+01
   451    0.8565103912E+00
   452    0.1062744678E+01
   453    0.1193991728E+01
   454    0.9138119630E+00
   455    0.8930163324E+00
   456    0.1058270148E+01
   457    0.1178253733E+01
   458    0.1083594907E+01
   459    0.8784329193E+00
   460    0.1144123006E+01
   461    0.8073966915E+00
   462    0.8739072864E+00
   463    0.1091738114E+01
   464    0.1069233973E+01
   465    0.1175021380E+01
   466    0.9492363660E+00
   467    0.9858665917E+00
   468    0.1154511911E+01
   469    0.7528184947E+00
   470    0.1004460912E+01
   471    0.1149127072E+01
   472    0.9128290518E+00
   473    0.1141583869E+01
   474    0.1071719960E+01
   475    0.1045039699E+01
   476    0.1011406415E+01
   477    0.7731080614E+00
   478    0.1205841083E+01
   479    0.1193517836E+01
   480    0.1007559686E+01
   481    0.8542675369E+00
   482    0.8663188139E+00
   483    0.9902646831E+00
   484    0.1086868319E+01
   485    0.1054869859E+01
   486    0.9171197947E+00
   487    0.9557319007E+00
   488    0.1093770459E+01
   489    0.1112915488E+01
   490    0.9672149942E+00
   491    0.8598577826E+00
   492    0.1097494709E+01
   493    0.1049651394E+01
   494    0.9080181049E+00
   495    0.1013528763E+01
   496    0.1213088321E+01
   497    0.1032751456E+01
   498    0.7803209511E+00
   499    0.9560862044E+00
   500    0.1041148422E+01
   501    0.9874425658E+00
   502    0.9268334224E+00
   503    0.1027847085E+01
   504    0.1019631549E+01
   505    0.1139303825E+01
   506    0.1016912755E+01
   507    0.7610443762E+00
   508    0.8092016202E+00
   509    0.1231001296E+01
   510    0.1218044488E+01
   511    0.1179613085E+01
   512    0.7013687948E+00
   513    0.9325740074E+00
   514    0.7609591545E+00
   515    0.8232371870E+00
   516    0.8951490351E+00
   517    0.1394568539E+01
   518    0.9772663399E+00
   519    0.9917665342E+00
   520    0.8881733931E+00
   521    0.1006956092E+01
   522    0.1101165997E+01
   523    0.1079704769E+01
   524    0.8050677823E+00
   525    0.1017688183E+01
   526    0.9263926730E+00
   527    0.1230984296E+01
   528    0.7758792226E+00
   529    0.1016546271E+01
   530    0.1189357992E+01
   531    0.8854240790E+00
   532    0.8480468854E+00
   533    0.8117885028E+00
   534    0.9668578711E+00
   535    0.9916599465E+00
   536    0.1068218551E+01
   537    0.1129303362E+01
   538    0.1035630337E+01
   539    0.6488308295E+00
   540    0.7173554600E+00
   541    0.1071474170E+01
   542    0.1002526325E+01
   543    0.1019080400E+01
   544    0.1327324663E+01
   545    0.8918973360E+00
   546    0.9342951277E+00
   547    0.1167857477E+01
   548    0.9740043353E+00
   549    0.8501906806E+00
   550    0.9687970660E+00
   551    0.1100571497E+01
   552    0.1259684391E+01
   553    0.9962932068E+00
   554    0.7981872979E+00
   555    0.1106350168E+01
   556    0.9795567108E+00
   557    0.1307260832E+01
   558    0.1082945633E+01
   559    0.8479343040E+00
   560    0.8409342780E+00
   561    0.1073718603E+01
   562    0.8611841510E+00
   563    0.9207482222E+00
   564    0.1553148967E+01
   565    0.8951682422E+00
   566    0.7172509808E+00
   567    0.7732390805E+00
   568    0.9453387359E+00
   569    0.1555954803E+01
   570    0.1348199564E+01
   571    0.7055026728E+00
   572    0.9955702483E+00
   573    0.8271323738E+00
   574    0.7324017533E+00
   575    0.1047797989E+01
   576    0.9624791940E+00
   577    0.1212054479E+01
   578    0.1316907560E+01
   579    0.8108209182E+00
   580    0.8746112764E+00
   581    0.7871960844E+00
   582    0.1321841475E+01
   583    0.1116083272E+01
   584    0.7285442187E+00
   585    0.8728478160E+00
   586    0.1177250459E+01
   587    0.1037683032E+01
   588    0.9887759050E+00
   589    0.9356879778E+00
   590    0.8788956614E+00
   591    0.1111804840E+01
   592    0.1191912547E+01
   593    0.8670941524E+00
   594    0.5730636673E+00
   595    0.1010992696E+01
   596    0.1238982479E+01
   597    0.1191683378E+01
   598    0.1037233847E+01
   599    0.1087460970E+01
   600    0.9691940321E+00
   601    0.1041895476E+01
   602    0.8383955344E+00
   603    0.9005286774E+00
   604    0.9793402595E+00
   605    0.1157330920E+01
   606    0.8550113646E+00
   607    0.7879011495E+00
   608    0.1144422708E+01
   609    0.1317273983E+01
   610    0.9386415166E+00
   611    0.1082045879E+01
   612    0.8227907761E+00
   613    0.6425627542E+00
   614    0.1240745391E+01
   615    0.1290187014E+01
   616    0.8703450885E+00
   617    0.1289259443E+01
   618    0.9065130630E+00
   619    0.7483504440E+00
   620    0.9050732877E+00
   621    0.1080867307E+01
   622    0.9059940391E+00
   623    0.8239585512E+00
   624    0.9936988893E+00
   625    0.1262617261E+01
   626    0.1137737909E+01
   627    0.9895597517E+00
   628    0.9774808002E+00
   629    0.1088498209E+01
   630    0.1057411180E+01
   631    0.8282479401E+00
   632    0.7712449402E+00
   633    0.9143616226E+00
   634    0.1455377360E+01
   635    0.9915881176E+00
   636    0.1045539718E+01
   637    0.1107441105E+01
   638    0.7620309728E+00
   639    0.5546546107E+00
   640    0.1081520332E+01
   641    0.1427556973E+01
   642    0.8076543919E+00
   643    0.1240156842E+01
   644    0.8394077456E+00
   645    0.9674129778E+00
   646    0.1156196333E+01
   647    0.9102202638E+00
   648    0.1066223128E+01
   649    0.9989288653E+00
   650    0.1059114546E+01
   651    0.1053616878E+01
   652    0.1263298844E+01
   653    0.8050656620E+00
   654    0.1015442033E+01
   655    0.1070872409E+01
   656    0.1010004116E+01
   657    0.9217128528E+00
   658    0.9686456214E+00
   659    0.1075494430E+01
   660    0.9358365428E+00
   661    0.9143610571E+00
   662    0.1023618313E+01
   663    0.1171348302E+01
   664    0.1017706253E+01
   665    0.1053258732E+01
   666    0.8284219904E+00
   667    0.8578693101E+00
   668    0.9549542639E+00
   669    0.1025044057E+01
   670    0.1131806987E+01
   671    0.9660630305E+00
   672    0.9529282036E+00
   673    0.9294511316E+00
   674    0.1325097736E+01
   675    0.1316987246E+01
   676    0.6747955352E+00
   677    0.6605875418E+00
   678    0.9319222340E+00
   679    0.9834686881E+00
   680    0.8858613342E+00
   681    0.9522540863E+00
   682    0.1032061214E+01
   683    0.1172679171E+01
   684    0.1217251133E+01
   685    0.7454349227E+00
   686    0.9857326442E+00
   687    0.9483224519E+00
   688    0.1343815758E+01
   689    0.8425912530E+00
   690    0.6935235475E+00
   691    0.9454876568E+00
   692    0.1096600925E+01
   693    0.1101774190E+01
   694    0.1136340333E+01
   695    0.1277890607E+01
   696    0.8800666933E+00
   697    0.7853188969E+00
   698    0.8033032806E+00
   699    0.1187355467E+01
   700    0.1005265842E+01
   701    0.6640230572E+00
   702    0.8039763919E+00
   703    0.1296330848E+01
   704    0.1201866958E+01
   705    0.1054480390E+01
   706    0.1083230854E+01
   707    0.8168965010E+00
   708    0.9216457910E+00
   709    0.1043596564E+01
   710    0.1127844242E+01
   711    0.9086381210E+00
   712    0.1186541918E+01
   713    0.9213655298E+00
   714    0.1008038678E+01
   715    0.1331215328E+01
   716    0.8649312956E+00
   717    0.6012047624E+00
   718    0.8040975950E+00
   719    0.1143449759E+01
   720    0.1000971330E+01
   721    0.1231255934E+01
   722    0.1022251621E+01
   723    0.8305612701E+00
   724    0.1077411486E+01
   725    0.8443559135E+00
   726    0.1108748277E+01
   727    0.1147278304E+01
   728    0.1018876671E+01
   729    0.1051920807E+01
   730    0.1159503396E+01
   731    0.1104541868E+01
   732    0.7479045315E+00
   733    0.9264172442E+00
   734    0.1235005213E+01
   735    0.1006760622E+01
   736    0.9014231998E+00
   737    0.1007653203E+01
   738    0.8199375410E+00
   739    0.1081049452E+01
   740    0.9476002854E+00
   741    0.9108506368E+00
   742    0.1239852751E+01
   743    0.9674167366E+00
   744    0.1272242716E+01
   745    0.1166410225E+01
   746    0.9701712981E+00
   747    0.8713063045E+00
   748    0.1013879173E+01
   749    0.1002265510E+01
   750    0.9158984785E+00
   751    0.1065782078E+01
   752    0.1045986086E+01
   753    0.9374377961E+00
   754    0.9050827908E+00
   755    0.1045948180E+01
   756    0.9369256336E+00
   757    0.8969772231E+00
   758    0.1065689818E+01
   759    0.1337383878E+01
   760    0.1007080764E+01
   761    0.1014074615E+01
   762    0.9680251211E+00
   763    0.1190578073E+01
   764    0.1044444122E+01
   765    0.7903356249E+00
   766    0.8776094806E+00
   767    0.1110524584E+01
   768    0.8156972993E+00
   769    0.9771625666E+00
   770    0.1262630942E+01
   771    0.9972483240E+00
   772    0.1054847624E+01
   773    0.7197425937E+00
   774    0.8784791813E+00
   775    0.1103330454E+01
   776    0.1354068631E+01
   777    0.9545963287E+00
   778    0.8379246826E+00
   779    0.7381096677E+00
   780    0.1088651720E+01
   781    0.1193392830E+01
   782    0.7891110249E+00
   783    0.9837042555E+00
   784    0.1194734796E+01
   785    0.8642961947E+00
   786    0.8413400454E+00
   787    0.1187510468E+01
   788    0.1009010828E+01
   789    0.1106571779E+01
   790    0.8648034467E+00
   791    0.7800367356E+00
   792    0.8783959292E+00
   793    0.1169917563E+01
   794    0.1117461457E+01
   795    0.1171049781E+01
   796    0.1165349933E+01
   797    0.9491197212E+00
   798    0.8175087941E+00
   799    0.1161667075E+01
   800    0.9636233592E+00
   801    0.9494162040E+00
   802    0.9249047050E+00
   803    0.9504185004E+00
   804    0.1127604223E+01
   805    0.1024615946E+01
   806    0.1244001592E+01
   807    0.8583315686E+00
   808    0.9679420926E+00
   809    0.8624023362E+00
   810    0.8959314162E+00
   811    0.9904802268E+00
   812    0.9487567631E+00
   813    0.9721416317E+00
   814    0.1065862145E+01
   815    0.6085793218E+00
   816    0.1030894764E+01
   817    0.1153899325E+01
   818    0.8921506916E+00
   819    0.1080465256E+01
   820    0.1170605380E+01
   821    0.9976963769E+00
   822    0.9236725732E+00
   823    0.1156407752E+01
   824    0.1121198408E+01
   825    0.7662423363E+00
   826    0.9373141002E+00
   827    0.8892144128E+00
   828    0.8445794299E+00
   829    0.1178117406E+01
   830    0.1143699356E+01
   831    0.9581403022E+00
   832    0.8661165501E+00
   833    0.8189970755E+00
   834    0.1083732905E+01
   835    0.1367027969E+01
   836    0.9822794013E+00
   837    0.8341130011E+00
   838    0.1098896577E+01
   839    0.1039580855E+01
   840    0.9758004646E+00
   841    0.6973357821E+00
   842    0.1039683873E+01
   843    0.1172397008E+01
   844    0.1095101942E+01
   845    0.9889624168E+00
   846    0.9679263340E+00
   847    0.1218816939E+01
   848    0.1020464974E+01
   849    0.8670100322E+00
   850    0.1004210993E+01
   851    0.9543139714E+00
   852    0.9186996335E+00
   853    0.1120549879E+01
   854    0.1124962077E+01
   855    0.1074624303E+01
   856    0.8860141043E+00
   857    0.1115819111E+01
   858    0.1098803638E+01
   859    0.9230447334E+00
   860    0.9018882007E+00
   861    0.1016367785E+01
   862    0.1007719209E+01
   863    0.9129884725E+00
   864    0.9722823986E+00
   865    0.1135572762E+01
   866    0.1148054510E+01
   867    0.9790936003E+00
   868    0.8524659969E+00
   869    0.1005722706E+01
   870    0.1101167606E+01
   871    0.9431239326E+00
   872    0.9504143415E+00
   873    0.9389215989E+00
   874    0.1067843610E+01
   875    0.1100276775E+01
   876    0.1042704620E+01
   877    0.9404698218E+00
   878    0.9753811034E+00
   879    0.1068134483E+01
   880    0.1107804248E+01
   881    0.9852256607E+00
   882    0.1043919054E+01
   883    0.9574640070E+00
   884    0.9311538360E+00
   885    0.8199615705E+00
   886    0.8920721275E+00
   887    0.8253956581E+00
   888    0.1075581300E+01
   889    0.1165669054E+01
   890    0.1021183376E+01
   891    0.8724761541E+00
   892    0.9681975379E+00
   893    0.1011469280E+01
   894    0.9907119804E+00
   895    0.1082137838E+01
   896    0.9212406012E+00
   897    0.1078428679E+01
   898    0.1112216519E+01
   899    0.1000018173E+01
   900    0.9344282134E+00
   901    0.9400768615E+00
   902    0.1045238271E+01
   903    0.1064653194E+01
   904    0.9515205631E+00
   905    0.9567194958E+00
   906    0.9609593891E+00
   907    0.9506916442E+00
   908    0.9061907685E+00
   909    0.1027446596E+01
   910    0.1143293165E+01
   911    0.1197580279E+01
   912    0.1110382192E+01
   913    0.1120067733E+01
   914    0.9051054211E+00
   915    0.7836447135E+00
   916    0.9554651346E+00
   917    0.1233733545E+01
   918    0.9453784796E+00
   919    0.5660065732E+00
   920    0.7077210493E+00
   921    0.9468139840E+00
   922    0.1292959622E+01
   923    0.1227254009E+01
   924    0.1090987048E+01
   925    0.1000494562E+01
   926    0.8561520552E+00
   927    0.9371011587E+00
   928    0.1007646674E+01
   929    0.1149231065E+01
   930    0.8201376497E+00
   931    0.1049973042E+01
   932    0.1172701358E+01
   933    0.8712433185E+00
   934    0.7326453376E+00
   935    0.8410138938E+00
   936    0.9777805190E+00
   937    0.1168209317E+01
   938    0.1187780519E+01
   939    0.1239402250E+01
   940    0.1040095991E+01
   941    0.9011585582E+00
   942    0.1073226118E+01
   943    0.1014971387E+01
   944    0.9047982765E+00
   945    0.9176642332E+00
   946    0.9752682217E+00
   947    0.8700839877E+00
   948    0.1084126100E+01
   949    0.1021553591E+01
   950    0.9597167552E+00
   951    0.1009064336E+01
   952    0.1047064259E+01
   953    0.1031544419E+01
   954    0.8746954645E+00
   955    0.1093647201E+01
   956    0.9173244375E+00
   957    0.8268148266E+00
   958    0.9913984405E+00
   959    0.9212894321E+00
   960    0.1014798268E+01
   961    0.8852109510E+00
   962    0.9365171802E+00
   963    0.1106461364E+01
   964    0.9701405376E+00
   965    0.1028761750E+01
   966    0.1041775678E+01
   967    0.9545720346E+00
   968    0.1099745665E+01
   969    0.1097484370E+01
   970    0.1068100367E+01
   971    0.9575777830E+00
   972    0.8043729338E+00
   973    0.9852369283E+00
   974    0.1291418518E+01
   975    0.9983474058E+00
   976    0.1051272646E+01
   977    0.8917168440E+00
   978    0.1075157634E+01
   979    0.9923112914E+00
   980    0.9029948325E+00
   981    0.9251374024E+00
   982    0.1012038016E+01
   983    0.1086610297E+01
   984    0.1073024533E+01
   985    0.9513972889E+00
   986    0.1024330324E+01
   987    0.1002768481E+01
   988    0.9420267659E+00
   989    0.9609327940E+00
   990    0.1093541592E+01
   991    0.1168060905E+01
   992    0.8784344420E+00
   993    0.9372818622E+00
   994    0.8758273211E+00
   995    0.9386158781E+00
   996    0.1019184909E+01
   997    0.9898913495E+00
   998    0.1030830596E+01
   999    0.1012766573E+01
  1000    0.9883260172E+00
  1001    0.9721816388E+00
  1002    0.9899651187E+00
  1003    0.9553780610E+00
  1004    0.9480271445E+00
  1005    0.9426187618E+00
  1006    0.1096064290E+01
  1007    0.1211088757E+01
  1008    0.1121036059E+01
  1009    0.1011726616E+01
  1010    0.1054019394E+01
  1011    0.1070480833E+01
  1012    0.1047359847E+01
  1013    0.9551238271E+00
  1014    0.9418824857E+00
  1015    0.1027168234E+01
  1016    0.9370708671E+00
  1017    0.8691753595E+00
  1018    0.9027488432E+00
  1019    0.9644395095E+00
  1020    0.1075698070E+01
  1021    0.9264099800E+00
  1022    0.1023083018E+01
  1023    0.9649687125E+00
  1024    0.9372542647E+00
  1025    0.9218009719E+00
  1026    0.1027618107E+01
  1027    0.1016253261E+01
  1028    0.8863300522E+00
  1029    0.9363761499E+00
  1030    0.9772117133E+00
  1031    0.9224062300E+00
  1032    0.9910367805E+00
  1033    0.1042683525E+01
  1034    0.9386240151E+00
  1035    0.9196289312E+00
  1036    0.9939720059E+00
  1037    0.9919206431E+00
  1038    0.9299977216E+00
  1039    0.9242068067E+00
  1040    0.9451896325E+00
  1041    0.9498237683E+00
  1042    0.9470177456E+00
  1043    0.9339664886E+00
  1044    0.9301743725E+00
  1045    0.9323894116E+00
  1046    0.9454945188E+00
  1047    0.9635308334E+00
  1048    0.9589344376E+00
  1049    0.9308770230E+00
  1050    0.9269625529E+00
  1051    0.9516766460E+00
  1052    0.9640037835E+00
  1053    0.9508250868E+00
  1054    0.1028410008E+01
  1055    0.1036683873E+01
  1056    0.9362949045E+00
  1057    0.9409435011E+00
  1058    0.9717791922E+00
  1059    0.9401951160E+00
  1060    0.8965962647E+00
  1061    0.9669738279E+00
  1062    0.1038207603E+01
  1063    0.9965508420E+00
  1064    0.9197385265E+00
  1065    0.9300383542E+00
  1066    0.9816190272E+00
  1067    0.1003197334E+01
  1068    0.8687668833E+00
  1069    0.8322745424E+00
  1070    0.9073909569E+00
  1071    0.1049205477E+01
  1072    0.1008580703E+01
  1073    0.8478541353E+00
  1074    0.8147266980E+00
  1075    0.9201167666E+00
  1076    0.1027194819E+01
  1077    0.9674136559E+00
  1078    0.9390958125E+00
  1079    0.1017236145E+01
  1080    0.1098417545E+01
  1081    0.1062932747E+01
  1082    0.8976458183E+00
  1083    0.8544633981E+00
  1084    0.1063577090E+01
  1085    0.1177988899E+01
  1086    0.1021678895E+01
  1087    0.9226200200E+00
  1088    0.9433849394E+00
  1089    0.1115216467E+01
  1090    0.1257165753E+01
  1091    0.1120226297E+01
  1092    0.9423016351E+00
  1093    0.9070338861E+00
  1094    0.1006835866E+01
  1095    0.1147814419E+01
  1096    0.1082300373E+01
  1097    0.9149425320E+00
  1098    0.9532939175E+00
  1099    0.1089817690E+01
  1100    0.1031070294E+01
  1101    0.8761714687E+00
  1102    0.9239312703E+00
  1103    0.1015642682E+01
  1104    0.1026870237E+01
  1105    0.9996884469E+00
  1106    0.9729652842E+00
  1107    0.9509097601E+00
  1108    0.9740232987E+00
  1109    0.1003627839E+01
  1110    0.9780077613E+00
  1111    0.9627876724E+00
  1112    0.1012313000E+01
  1113    0.1037891083E+01
  1114    0.9549804118E+00
  1115    0.8953977783E+00
  1116    0.9389161301E+00
  1117    0.1055624255E+01
  1118    0.1088624559E+01
  1119    0.9919463930E+00
  1120    0.9179769832E+00
  1121    0.9410152773E+00
  1122    0.9846315507E+00
  1123    0.9608647748E+00
  1124    0.9866460149E+00
  1125    0.1061079248E+01
  1126    0.1003036712E+01
  1127    0.9415775850E+00
  1128    0.9789748565E+00
  1129    0.1015277337E+01
  1130    0.1001977782E+01
  1131    0.1025541973E+01
  1132    0.1062179128E+01
  1133    0.1015550178E+01
  1134    0.9526482038E+00
  1135    0.9718505860E+00
  1136    0.1025418295E+01
  1137    0.1008618300E+01
  1138    0.9817906563E+00
  1139    0.1003510571E+01
  1140    0.1053453767E+01
  1141    0.1056587620E+01
  1142    0.9926395572E+00
  1143    0.9462337401E+00
  1144    0.9528332056E+00
  1145    0.1017963251E+01
  1146    0.1089212374E+01
  1147    0.1047480908E+01
  1148    0.9726441452E+00
  1149    0.9476190127E+00
  1150    0.9710788609E+00
  1151    0.1050308937E+01
  1152    0.1078992349E+01
  1153    0.9801309425E+00
  1154    0.9635750640E+00
  1155    0.1043751058E+01
  1156    0.1052632063E+01
  1157    0.9793854846E+00
  1158    0.9776397255E+00
  1159    0.1008997866E+01
  1160    0.1003465381E+01
  1161    0.9914775654E+00
  1162    0.1004951915E+01
  1163    0.9998742893E+00
  1164    0.9927656763E+00
  1165    0.1017063312E+01
  1166    0.1018702508E+01
  1167    0.9883602857E+00
  1168    0.1004550589E+01
  1169    0.1024114062E+01
  1170    0.9945115875E+00
  1171    0.9964787001E+00
  1172    0.1011317369E+01
  1173    0.9754000927E+00
  1174    0.9635917129E+00
  1175    0.1018188829E+01
  1176    0.1067989276E+01
  1177    0.1019912226E+01
  1178    0.9540246011E+00
  1179    0.9762930092E+00
  1180    0.1017953613E+01
  1181    0.1004980654E+01
  1182    0.9855583251E+00
  1183    0.9994011169E+00
  1184    0.9920252274E+00
  1185    0.9675061239E+00
  1186    0.9801130238E+00
  1187    0.9876169509E+00
  1188    0.9719635897E+00
  1189    0.9902469309E+00
  1190    0.1015277630E+01
  1191    0.9884855522E+00
  1192    0.9717333306E+00
  1193    0.9958995077E+00
  1194    0.1007752684E+01
  1195    0.9933616116E+00
  1196    0.9834805801E+00
  1197    0.9927453776E+00
  1198    0.1017269515E+01
  1199    0.1008462853E+01
  1200    0.9615280960E+00
  1201    0.9498429640E+00
  1202    0.1000685979E+01
  1203    0.1030875049E+01
  1204    0.9827513880E+00
  1205    0.9540025299E+00
  1206    0.9894436773E+00
  1207    0.1022894825E+01
  1208    0.1005175663E+01
  1209    0.9935630115E+00
  1210    0.1010526852E+01
  1211    0.1004315936E+01
  1212    0.9828195718E+00
  1213    0.9858175368E+00
  1214    0.9958509134E+00
  1215    0.1004187430E+01
  1216    0.1004238600E+01
  1217    0.9987733893E+00
  1218    0.9966469333E+00
  1219    0.9896644903E+00
  1220    0.9925177404E+00
  1221    0.1004957399E+01
  1222    0.1008396743E+01
  1223    0.1000270670E+01
  1224    0.9889128771E+00
  1225    0.9947395870E+00
  1226    0.1016881153E+01
  1227    0.1013161937E+01
  1228    0.9944130335E+00
  1229    0.9889050476E+00
  1230    0.9927756215E+00
  1231    0.1005026115E+01
  1232    0.1018622490E+01
  1233    0.1016028890E+01
  1234    0.1003568158E+01
  1235    0.9923679049E+00
  1236    0.9905366449E+00
  1237    0.9999569485E+00
  1238    0.1013926790E+01
  1239    0.1011661873E+01
  1240    0.1001488535E+01
  1241    0.1003250906E+01
  1242    0.1014337625E+01
  1243    0.1015738634E+01
  1244    0.1001570299E+01
  1245    0.9951380218E+00
  1246    0.1000782702E+01
  1247    0.1000592579E+01
  1248    0.1009303670E+01
  1249    0.1031419763E+01
  1250    0.1019668316E+01
  1251    0.9947803436E+00
  1252    0.1000407164E+01
  1253    0.1013554348E+01
  1254    0.1021537409E+01
  1255    0.1022246304E+01
  1256    0.1009454841E+01
  1257    0.1003930054E+01
  1258    0.1018942101E+01
  1259    0.1021378502E+01
  1260    0.1003634810E+01
  1261    0.9991446201E+00
  1262    0.1017423769E+01
  1263    0.1023528037E+01
  1264    0.1008988949E+01
  1265    0.1010691532E+01
  1266    0.1015216746E+01
  1267    0.1007577506E+01
  1268    0.1017442732E+01
  1269    0.1028526539E+01
  1270    0.1022891965E+01
  1271    0.1013514146E+01
  1272    0.1009683934E+01
  1273    0.1015263418E+01
  1274    0.1016062142E+01
  1275    0.1010079624E+01
  1276    0.1005420070E+01
  1277    0.1009912329E+01
  1278    0.1013231239E+01
  1279    0.1012590287E+01
  1280    0.1019191972E+01
  1281    0.1025491488E+01
  1282    0.1017792955E+01
  1283    0.1011903249E+01
  1284    0.1008351488E+01
  1285    0.1007152055E+01
  1286    0.1014507832E+01
  1287    0.1018646441E+01
  1288    0.1008220817E+01
  1289    0.1008149778E+01
  1290    0.1020764632E+01
  1291    0.1019944777E+01
  1292    0.1008830663E+01
  1293    0.1010774549E+01
  1294    0.1023444847E+01
  1295    0.1020949350E+01
  1296    0.1008091232E+01
  1297    0.1002969037E+01
  1298    0.1007982332E+01
  1299    0.1011209906E+01
  1300    0.1008761160E+01
  1301    0.1001013499E+01
  1302    0.1003006973E+01
  1303    0.1016920725E+01
  1304    0.1022274148E+01
  1305    0.1018449001E+01
  1306    0.1010545874E+01
  1307    0.1000514579E+01
  1308    0.1001162029E+01
  1309    0.1007162951E+01
  1310    0.1012197931E+01
  1311    0.1014719133E+01
  1312    0.1012255832E+01
  1313    0.1006536828E+01
  1314    0.1006568935E+01
  1315    0.1008944517E+01
  1316    0.1005196506E+01
  1317    0.1002718361E+01
  1318    0.1005179386E+01
  1319    0.1006737823E+01
  1320    0.1003803693E+01
  1321    0.9996594611E+00
  1322    0.9987702541E+00
  1323    0.1003173275E+01
  1324    0.1008455405E+01
  1325    0.1007122017E+01
  1326    0.1002177316E+01
  1327    0.1001891872E+01
  1328    0.1002492744E+01
  1329    0.1001314767E+01
  1330    0.1003548052E+01
  1331    0.1004013741E+01
  1332    0.9976252104E+00
  1333    0.9941270469E+00
  1334    0.9972566220E+00
  1335    0.1001727617E+01
  1336    0.1002575231E+01
  1337    0.1001431651E+01
  1338    0.1001732452E+01
  1339    0.9992414211E+00
  1340    0.9972752283E+00
  1341    0.9988805352E+00
  1342    0.9990119992E+00
  1343    0.9981492185E+00
  1344    0.9989553031E+00
  1345    0.1000183343E+01
  1346    0.9976964606E+00
  1347    0.9949602926E+00
  1348    0.9962846599E+00
  1349    0.9999728837E+00
  1350    0.9984909676E+00
  1351    0.9937896739E+00
  1352    0.9924420075E+00
  1353    0.9954784070E+00
  1354    0.9987039037E+00
  1355    0.9980535123E+00
  1356    0.9970529297E+00
  1357    0.9967464562E+00
  1358    0.9971354319E+00
  1359    0.9987434386E+00
  1360    0.9985060521E+00
  1361    0.9951431342E+00
  1362    0.9933260992E+00
  1363    0.9956894505E+00
  1364    0.9999808453E+00
  1365    0.1000347972E+01
  1366    0.9971862983E+00
  1367    0.9940113392E+00
  1368    0.9926839441E+00
  1369    0.9951385635E+00
  1370    0.9980462087E+00
  1371    0.9996012243E+00
  1372    0.9991351304E+00
  1373    0.9976549296E+00
  1374    0.9965572351E+00
  1375    0.9968510770E+00
  1376    0.9978145037E+00
  1377    0.9980710102E+00
  1378    0.9972215602E+00
  1379    0.9959771615E+00
  1380    0.9972026022E+00
  1381    0.1000179455E+01
  1382    0.1000887744E+01
  1383    0.1000101317E+01
  1384    0.9992223618E+00
  1385    0.1000270629E+01
  1386    0.1000237294E+01
  1387    0.9989820636E+00
  1388    0.9987366628E+00
  1389    0.9990747397E+00
  1390    0.9993652749E+00
  1391    0.1000321228E+01
  1392    0.1000349697E+01
  1393    0.1000360542E+01
  1394    0.1001402543E+01
  1395    0.1002551137E+01
  1396    0.1004013746E+01
  1397    0.1003742845E+01
  1398    0.1001875358E+01
  1399    0.1001519392E+01
  1400    0.1001791984E+01
  1401    0.1002237369E+01
  1402    0.1003413221E+01
  1403    0.1004478252E+01
  1404    0.1004448752E+01
  1405    0.1003694990E+01
  1406    0.1004856788E+01
  1407    0.1006355345E+01
  1408    0.1006748588E+01
  1409    0.1005671262E+01
  1410    0.1005305974E+01
  1411    0.1006490916E+01
  1412    0.1006784369E+01
  1413    0.1006403747E+01
  1414    0.1006613846E+01
  1415    0.1006506100E+01
  1416    0.1006670341E+01
  1417    0.1007620993E+01
  1418    0.1007978948E+01
  1419    0.1007315545E+01
  1420    0.1007619974E+01
  1421    0.1008242151E+01
  1422    0.1007861642E+01
  1423    0.1007705033E+01
  1424    0.1008536531E+01
  1425    0.1010071407E+01
  1426    0.1009897344E+01
  1427    0.1008381633E+01
  1428    0.1007713596E+01
  1429    0.1008462388E+01
  1430    0.1009771042E+01
  1431    0.1010204989E+01
  1432    0.1009611549E+01
  1433    0.1008853989E+01
  1434    0.1009216711E+01
  1435    0.1009727859E+01
  1436    0.1009113610E+01
  1437    0.1009145975E+01
  1438    0.1009861709E+01
  1439    0.1009819376E+01
  1440    0.1009485510E+01
  1441    0.1009154150E+01
  1442    0.1009111342E+01
  1443    0.1009257249E+01
  1444    0.1008987349E+01
  1445    0.1009471347E+01
  1446    0.1010077507E+01
  1447    0.1009162255E+01
  1448    0.1007970357E+01
  1449    0.1007932088E+01
  1450    0.1008247528E+01
  1451    0.1006934845E+01
  1452    0.1004093511E+01
  1453    0.1001622145E+01
  1454    0.1000468129E+01
  1455    0.1000117954E+01
  1456    0.1000029484E+01
  1457    0.1000007371E+01
  1458    0.1000001843E+01
  1459    0.1000000461E+01
  1460    0.1000000115E+01
  1461    0.1000000029E+01
  1462    0.1000000007E+01
  1463    0.1000000002E+01
  1464    0.1000000000E+01
  1465    0.1000000000E+01
  1466    0.1000000000E+01
  1467    0.1000000000E+01
  1468    0.1000000000E+01
  1469    0.1000000000E+01
  1470    0.1000000000E+01
  1471    0.1000000000E+01
  1472    0.1000000000E+01
  1473    0.1000000000E+01
  1474    0.1000000000E+01
  1475    0.1000000000E+01
  1476    0.1000000000E+01
  1477    0.1000000000E+01
  1478    0.1000000000E+01
  1479    0.1000000000E+01
  1480    0.1000000000E+01
  1481    0.1000000000E+01
  1482    0.1000000000E+01
  1483    0.1000000000E+01
  1484    0.1000000000E+01
  1485    0.1000000000E+01
  1486    0.1000000000E+01
  1487    0.1000000000E+01
  1488    0.1000000000E+01
  1489    0.1000000000E+01
  1490    0.1000000000E+01
  1491    0.1000000000E+01
  1492    0.1000000000E+01
  1493    0.1000000000E+01
  1494    0.1000000000E+01
  1495    0.1000000000E+01
  1496    0.1000000000E+01
  1497    0.1000000000E+01
  1498    0.1000000000E+01
  1499    0.1000000000E+01
  1500    0.8337500000E+00
  1501    0.1662500000E+00
  1502    0.0000000000E+00
