    -1    0.0000000000E+00
     0    0.1930256449E+00
     1    0.1067739816E+01
     2    0.9411059533E+00
     3    0.5007307684E+00
     4    0.6309914942E+00
     5    0.7408276557E+00
     6    0.7330882548E+00
     7    0.8871621501E+00
     8    0.8404428680E+00
     9    0.9318208759E+00
    10    0.1000308745E+01
    11    0.8880558311E+00
    12    0.7816842001E+00
    13    0.9518943868E+00
    14    0.9319601041E+00
    15    0.9361304539E+00
    16    0.9379270593E+00
    17    0.9502016272E+00
    18    0.7755407322E+00
    19    0.6514830059E+00
    20    0.8462783101E+00
    21    0.9691647799E+00
    22    0.8448894271E+00
    23    0.5592650831E+00
    24    0.5634470427E+00
    25    0.8278652514E+00
    26    0.9668691950E+00
    27    0.1066193322E+01
    28    0.9286735618E+00
    29    0.7473973576E+00
    30    0.1060765331E+01
    31    0.8376114760E+00
    32    0.5012096330E+00
    33    0.6064302651E+00
    34    0.4889062674E+00
    35    0.9870861148E+00
    36    0.9918977624E+00
    37    0.8422746282E+00
    38    0.9000220007E+00
    39    0.6016943149E+00
    40    0.5121255993E+00
    41    0.9373237189E+00
    42    0.9721166043E+00
    43    0.6330843936E+00
    44    0.5581020909E+00
    45    0.8438339874E+00
    46    0.1023519411E+01
    47    0.1068857901E+01
    48    0.1029184907E+01
    49    0.6873691463E+00
    50    0.4114658170E+00
    51    0.6920910115E+00
    52    0.1006815077E+01
    53    0.8716354334E+00
    54    0.8579748558E+00
    55    0.7340209047E+00
    56    0.7205657315E+00
    57    0.8468461480E+00
    58    0.8312498062E+00
    59    0.9775098837E+00
    60    0.1056300270E+01
    61    0.8062325381E+00
    62    0.7397317003E+00
    63    0.1218248223E+01
    64    0.1125245142E+01
    65    0.1039934214E+01
    66    0.6162043033E+00
    67    0.9716354175E+00
    68    0.1132699076E+01
    69    0.1059119117E+01
    70    0.9432712450E+00
    71    0.6753684669E+00
    72    0.9065958046E+00
    73    0.8305985116E+00
    74    0.8227469168E+00
    75    0.8049845108E+00
    76    0.1485040253E+01
    77    0.8358771622E+00
    78    0.7895634965E+00
    79    0.1085474430E+01
    80    0.1107999990E+01
    81    0.9044505856E+00
    82    0.9064720893E+00
    83    0.1177915698E+01
    84    0.1190368476E+01
    85    0.1041263092E+01
    86    0.1002062267E+01
    87    0.9926302240E+00
    88    0.1393803522E+01
    89    0.1266994396E+01
    90    0.8217545555E+00
    91    0.1150677871E+01
    92    0.1040570332E+01
    93    0.1153578790E+01
    94    0.1106475056E+01
    95    0.1022496286E+01
    96    0.1350684531E+01
    97    0.1438579805E+01
    98    0.1236718158E+01
    99    0.1742687663E+01
   100    0.1244313596E+01
   101    0.1143668022E+01
   102    0.1417115870E+01
   103    0.1407823457E+01
   104    0.9931690521E+00
   105    0.9187452941E+00
   106    0.1271754205E+01
   107    0.1309645856E+01
   108    0.1612392331E+01
   109    0.1338390586E+01
   110    0.1140619897E+01
   111    0.1312467627E+01
   112    0.1546661427E+01
   113    0.1201559719E+01
   114    0.9989996837E+00
   115    0.8282659980E+00
   116    0.1165844544E+01
   117    0.1532646558E+01
   118    0.1193284859E+01
   119    0.9118451850E+00
   120    0.1097760632E+01
   121    0.1061680748E+01
   122    0.1174901468E+01
   123    0.1309142061E+01
   124    0.1397419767E+01
   125    0.1072034080E+01
   126    0.1113243880E+01
   127    0.1232337826E+01
   128    0.8558880758E+00
   129    0.1047875618E+01
   130    0.1624754409E+01
   131    0.1198893743E+01
   132    0.1294068404E+01
   133    0.1243777990E+01
   134    0.5829384955E+00
   135    0.8543004683E+00
   136    0.1111437732E+01
   137    0.1023416821E+01
   138    0.1280582522E+01
   139    0.9673426928E+00
   140    0.1094920770E+01
   141    0.1259883610E+01
   142    0.8483499203E+00
   143    0.4664517409E+00
   144    0.8505815058E+00
   145    0.8113969159E+00
   146    0.1290271519E+01
   147    0.1126980007E+01
   148    0.8932888824E+00
   149    0.8900814918E+00
   150    0.1204927742E+01
   151    0.8271427884E+00
   152    0.1036912000E+01
   153    0.8356258305E+00
   154    0.6627787241E+00
   155    0.9937758665E+00
   156    0.8469532117E+00
   157    0.7382552873E+00
   158    0.1002019064E+01
   159    0.8300198068E+00
   160    0.7711866353E+00
   161    0.1020607370E+01
   162    0.1036015887E+01
   163    0.9550163174E+00
   164    0.1052145955E+01
   165    0.7273496120E+00
   166    0.1000203408E+01
   167    0.6350735950E+00
   168    0.9225329922E+00
   169    0.1009494840E+01
   170    0.7213150931E+00
   171    0.8435672112E+00
   172    0.6513677932E+00
   173    0.8280660570E+00
   174    0.6183250590E+00
   175    0.9408869707E+00
   176    0.8569560960E+00
   177    0.9997083764E+00
   178    0.1069786644E+01
   179    0.6548176373E+00
   180    0.5153159092E+00
   181    0.6659551159E+00
   182    0.7521923969E+00
   183    0.1055832974E+01
   184    0.8418417773E+00
   185    0.7627504535E+00
   186    0.7663849828E+00
   187    0.5539993371E+00
   188    0.5637890478E+00
   189    0.1031130374E+01
   190    0.9957235600E+00
   191    0.7498876507E+00
   192    0.7093896330E+00
   193    0.9624121749E+00
   194    0.9786519423E+00
   195    0.8609477954E+00
   196    0.7309859295E+00
   197    0.6957641499E+00
   198    0.7055938200E+00
   199    0.5739144604E+00
   200    0.5610979833E+00
   201    0.9490524991E+00
   202    0.9247069031E+00
   203    0.8868531261E+00
   204    0.9530560944E+00
   205    0.8863499506E+00
   206    0.8806394229E+00
   207    0.9441953396E+00
   208    0.6857561781E+00
   209    0.6942312021E+00
   210    0.9551119800E+00
   211    0.1086025760E+01
   212    0.8803419940E+00
   213    0.6638606409E+00
   214    0.5881891252E+00
   215    0.1165145651E+01
   216    0.8139479498E+00
   217    0.6023504618E+00
   218    0.9820148565E+00
   219    0.9798844211E+00
   220    0.6265189332E+00
   221    0.9136079699E+00
   222    0.8744949165E+00
   223    0.6729395726E+00
   224    0.4981097167E+00
   225    0.4339012577E+00
   226    0.1227009547E+01
   227    0.1268723727E+01
   228    0.5153892226E+00
   229    0.8773779936E+00
   230    0.1172963981E+01
   231    0.1207040370E+01
   232    0.9583083844E+00
   233    0.1361774388E+01
   234    0.1441854778E+01
   235    0.9670659176E+00
   236    0.1090023439E+01
   237    0.8478872841E+00
   238    0.9716532685E+00
   239    0.1025831350E+01
   240    0.7169182008E+00
   241    0.9181726672E+00
   242    0.9047693762E+00
   243    0.1142292131E+01
   244    0.1224964556E+01
   245    0.1255556737E+01
   246    0.1334492214E+01
   247    0.1345222415E+01
   248    0.7656472343E+00
   249    0.1438594678E+01
   250    0.1104522449E+01
   251    0.8418559651E+00
   252    0.9882457861E+00
   253    0.1314768159E+01
   254    0.1519095363E+01
   255    0.1191396014E+01
   256    0.1002842007E+01
   257    0.1005146752E+01
   258    0.1005451371E+01
   259    0.9269865864E+00
   260    0.1080293954E+01
   261    0.1496819934E+01
   262    0.1345559242E+01
   263    0.9881672968E+00
   264    0.1039792163E+01
   265    0.1770856823E+01
   266    0.1504250361E+01
   267    0.1053995204E+01
   268    0.9656727624E+00
   269    0.1304984984E+01
   270    0.1572365102E+01
   271    0.1767905818E+01
   272    0.1073462022E+01
   273    0.1018169539E+01
   274    0.1092941784E+01
   275    0.1356033584E+01
   276    0.1639767630E+01
   277    0.1581673041E+01
   278    0.1231559715E+01
   279    0.1039485756E+01
   280    0.1313114640E+01
   281    0.1625071622E+01
   282    0.1335440753E+01
   283    0.5912272162E+00
   284    0.1063414908E+01
   285    0.1345765481E+01
   286    0.9576192436E+00
   287    0.1053425872E+01
   288    0.1149403124E+01
   289    0.1133529838E+01
   290    0.1148092858E+01
   291    0.1066052909E+01
   292    0.1112397414E+01
   293    0.1022429109E+01
   294    0.1202028409E+01
   295    0.1182598604E+01
   296    0.8177293952E+00
   297    0.7164106286E+00
   298    0.9376157042E+00
   299    0.8851298171E+00
   300    0.1195272007E+01
   301    0.1185156559E+01
   302    0.1056058602E+01
   303    0.9672267777E+00
   304    0.1075465720E+01
   305    0.6587524871E+00
   306    0.6974304328E+00
   307    0.9398582230E+00
   308    0.1121688436E+01
   309    0.1281989687E+01
   310    0.8053179675E+00
   311    0.9687942546E+00
   312    0.7207383380E+00
   313    0.7727384355E+00
   314    0.8757483341E+00
   315    0.6004831694E+00
   316    0.9848089897E+00
   317    0.7763720553E+00
   318    0.9836851834E+00
   319    0.1129641411E+01
   320    0.1045959068E+01
   321    0.1154139877E+01
   322    0.6344479691E+00
   323    0.7057795127E+00
   324    0.8791153996E+00
   325    0.6194146668E+00
   326    0.1074865362E+01
   327    0.7595798720E+00
   328    0.7098140948E+00
   329    0.7900580794E+00
   330    0.8167040906E+00
   331    0.8639905341E+00
   332    0.8861620636E+00
   333    0.8615218892E+00
   334    0.7937809215E+00
   335    0.7438867428E+00
   336    0.6805122991E+00
   337    0.8907140748E+00
   338    0.8522414566E+00
   339    0.6964412864E+00
   340    0.6918584627E+00
   341    0.9119012808E+00
   342    0.7400895578E+00
   343    0.7869284249E+00
   344    0.7454886822E+00
   345    0.7750820727E+00
   346    0.1141386371E+01
   347    0.7839747520E+00
   348    0.9044574987E+00
   349    0.7441978750E+00
   350    0.8908740406E+00
   351    0.8840881957E+00
   352    0.1136443688E+01
   353    0.7781880247E+00
   354    0.5566915448E+00
   355    0.2919078989E+00
   356    0.6729622532E+00
   357    0.1055550017E+01
   358    0.9039354965E+00
   359    0.8501779038E+00
   360    0.8116413122E+00
   361    0.9753371313E+00
   362    0.1183311427E+01
   363    0.8259439032E+00
   364    0.4608582114E+00
   365    0.7037767657E+00
   366    0.8291722305E+00
   367    0.6947058328E+00
   368    0.7814976683E+00
   369    0.7251303564E+00
   370    0.7502233604E+00
   371    0.9207884157E+00
   372    0.1385889069E+01
   373    0.8838350813E+00
   374    0.9279854576E+00
   375    0.6219661690E+00
   376    0.7121012455E+00
   377    0.8235337775E+00
   378    0.7745312863E+00
   379    0.9523229867E+00
   380    0.9618937544E+00
   381    0.8312537202E+00
   382    0.7447069855E+00
   383    0.8135910410E+00
   384    0.9995631283E+00
   385    0.7257245370E+00
   386    0.9814559116E+00
   387    0.1267182444E+01
   388    0.1062600294E+01
   389    0.8871103445E+00
   390    0.7108182767E+00
   391    0.9547800964E+00
   392    0.8312504030E+00
   393    0.9708537413E+00
   394    0.1184821089E+01
   395    0.8298491556E+00
   396    0.1195998549E+01
   397    0.1202126352E+01
   398    0.1091574608E+01
   399    0.9086438029E+00
   400    0.7328960854E+00
   401    0.1058503564E+01
   402    0.1234043656E+01
   403    0.1113764792E+01
   404    0.1363077403E+01
   405    0.1192883165E+01
   406    0.1127042449E+01
   407    0.1151701311E+01
   408    0.8514187084E+00
   409    0.7979916514E+00
   410    0.1372651112E+01
   411    0.1479934220E+01
   412    0.1133243719E+01
   413    0.1105372990E+01
   414    0.9280156696E+00
   415    0.1299053135E+01
   416    0.1226762759E+01
   417    0.1237380812E+01
   418    0.9079037566E+00
   419    0.1020269190E+01
   420    0.1566229153E+01
   421    0.1334366799E+01
   422    0.1053018172E+01
   423    0.8555695767E+00
   424    0.1115371708E+01
   425    0.1417887382E+01
   426    0.1570046924E+01
   427    0.1465584519E+01
   428    0.1276826896E+01
   429    0.8678668241E+00
   430    0.1159951289E+01
   431    0.1405089409E+01
   432    0.1247286497E+01
   433    0.1229703647E+01
   434    0.9833917175E+00
   435    0.1212691517E+01
   436    0.1397023446E+01
   437    0.1284188557E+01
   438    0.1207464410E+01
   439    0.1318584680E+01
   440    0.1393095955E+01
   441    0.1365651617E+01
   442    0.1309266686E+01
   443    0.1391638420E+01
   444    0.1285736266E+01
   445    0.1089036552E+01
   446    0.9870298560E+00
   447    0.1082864018E+01
   448    0.1438871844E+01
   449    0.1033787107E+01
   450    0.9851549912E+00
   451    0.9294323263E+00
   452    0.9446574062E+00
   453    0.1189728714E+01
   454    0.1465336751E+01
   455    0.8598395607E+00
   456    0.9165312729E+00
   457    0.1000535986E+01
   458    0.1091163183E+01
   459    0.1027827117E+01
   460    0.8868570769E+00
   461    0.1172999604E+01
   462    0.1244078686E+01
   463    0.9424867701E+00
   464    0.1000279303E+01
   465    0.1105183657E+01
   466    0.1020952447E+01
   467    0.8673100163E+00
   468    0.7353545702E+00
   469    0.9486941938E+00
   470    0.1193500941E+01
   471    0.1094074263E+01
   472    0.9204248795E+00
   473    0.1066923576E+01
   474    0.1134871422E+01
   475    0.6289747937E+00
   476    0.8433655267E+00
   477    0.9180852834E+00
   478    0.6399525270E+00
   479    0.6784794426E+00
   480    0.1023947426E+01
   481    0.6691799124E+00
   482    0.5527094167E+00
   483    0.8466668546E+00
   484    0.1148886669E+01
   485    0.1021809081E+01
   486    0.8918974875E+00
   487    0.6812320930E+00
   488    0.8206676827E+00
   489    0.1061119717E+01
   490    0.6718117512E+00
   491    0.5674087868E+00
   492    0.8248263590E+00
   493    0.8076507904E+00
   494    0.8736402512E+00
   495    0.9293298358E+00
   496    0.6018562136E+00
   497    0.6831088654E+00
   498    0.5137991671E+00
   499    0.9332663137E+00
   500    0.9534310968E+00
   501    0.7362907258E+00
   502    0.8570159145E+00
   503    0.7696683859E+00
   504    0.8328565704E+00
   505    0.5725915673E+00
   506    0.6726994267E+00
   507    0.9510753058E+00
   508    0.8396135353E+00
   509    0.8993774096E+00
   510    0.9883861479E+00
   511    0.7197412262E+00
   512    0.8319423352E+00
   513    0.7093645338E+00
   514    0.6581104637E+00
   515    0.5619327859E+00
   516    0.5494686274E+00
   517    0.5542213002E+00
   518    0.9886730380E+00
   519    0.1052665112E+01
   520    0.1027080147E+01
   521    0.6497259527E+00
   522    0.8967588709E+00
   523    0.8633883214E+00
   524    0.8979865993E+00
   525    0.1007887092E+01
   526    0.8056215891E+00
   527    0.6342847617E+00
   528    0.6685883729E+00
   529    0.5723148403E+00
   530    0.5933530160E+00
   531    0.9632146654E+00
   532    0.1062250553E+01
   533    0.7486873630E+00
   534    0.8160870695E+00
   535    0.9177186855E+00
   536    0.8602346205E+00
   537    0.7546906901E+00
   538    0.1171635644E+01
   539    0.7190245800E+00
   540    0.4826372695E+00
   541    0.9966273601E+00
   542    0.1057401757E+01
   543    0.6723015045E+00
   544    0.8041996260E+00
   545    0.1115304487E+01
   546    0.1076963071E+01
   547    0.9888382456E+00
   548    0.1256713704E+01
   549    0.9341457528E+00
   550    0.5438324467E+00
   551    0.9801980259E+00
   552    0.1148041563E+01
   553    0.8847580852E+00
   554    0.1282304042E+01
   555    0.1457791064E+01
   556    0.1011900159E+01
   557    0.6450278215E+00
   558    0.7497778642E+00
   559    0.8117593984E+00
   560    0.1000341891E+01
   561    0.8098451113E+00
   562    0.1133169944E+01
   563    0.1032865798E+01
   564    0.1137649339E+01
   565    0.1003859857E+01
   566    0.1236317271E+01
   567    0.1383930132E+01
   568    0.1232890607E+01
   569    0.8323957190E+00
   570    0.8210249662E+00
   571    0.1328050447E+01
   572    0.1458223857E+01
   573    0.1252560337E+01
   574    0.1317708028E+01
   575    0.1338028310E+01
   576    0.1127796234E+01
   577    0.1094601817E+01
   578    0.1528807914E+01
   579    0.1396812900E+01
   580    0.1186379633E+01
   581    0.1099475173E+01
   582    0.1426165253E+01
   583    0.1433748453E+01
   584    0.1531792114E+01
   585    0.1035640175E+01
   586    0.7921320446E+00
   587    0.1169044911E+01
   588    0.1537054958E+01
   589    0.1539501368E+01
   590    0.1218208558E+01
   591    0.1185232465E+01
   592    0.1348955918E+01
   593    0.1087362090E+01
   594    0.9885771234E+00
   595    0.1716271036E+01
   596    0.1582124918E+01
   597    0.1231896034E+01
   598    0.1479243804E+01
   599    0.1455914970E+01
   600    0.1052081246E+01
   601    0.1023967461E+01
   602    0.8549993730E+00
   603    0.1245833279E+01
   604    0.8623401342E+00
   605    0.1234828745E+01
   606    0.1022263829E+01
   607    0.1325121787E+01
   608    0.1243182521E+01
   609    0.1173717377E+01
   610    0.1090070010E+01
   611    0.1100282356E+01
   612    0.1508178198E+01
   613    0.9330554951E+00
   614    0.9246020490E+00
   615    0.1103963338E+01
   616    0.8996113029E+00
   617    0.1299099860E+01
   618    0.1459998980E+01
   619    0.1145253289E+01
   620    0.8973065683E+00
   621    0.1269335198E+01
   622    0.1194862386E+01
   623    0.7647676655E+00
   624    0.5573992582E+00
   625    0.7675828838E+00
   626    0.9230417485E+00
   627    0.1039739836E+01
   628    0.1175498961E+01
   629    0.8733457200E+00
   630    0.8941225651E+00
   631    0.7333989292E+00
   632    0.8851508539E+00
   633    0.9178113037E+00
   634    0.1027691587E+01
   635    0.6997264896E+00
   636    0.6526900343E+00
   637    0.6435521273E+00
   638    0.1087667668E+01
   639    0.8236939718E+00
   640    0.1122470323E+01
   641    0.9475268391E+00
   642    0.7858417280E+00
   643    0.9507860031E+00
   644    0.7341275403E+00
   645    0.8441107662E+00
   646    0.7599586747E+00
   647    0.6077302888E+00
   648    0.6575087159E+00
   649    0.8310132377E+00
   650    0.9936974413E+00
   651    0.6170961458E+00
   652    0.6095693039E+00
   653    0.7000134795E+00
   654    0.1235769220E+01
   655    0.1025789384E+01
   656    0.7401169688E+00
   657    0.6353806164E+00
   658    0.6738360451E+00
   659    0.6282896705E+00
   660    0.6703967060E+00
   661    0.8653454608E+00
   662    0.6210380108E+00
   663    0.7385078720E+00
   664    0.8649567942E+00
   665    0.5513918667E+00
   666    0.8480831610E+00
   667    0.9171697153E+00
   668    0.9561352734E+00
   669    0.6942253396E+00
   670    0.7448238656E+00
   671    0.8602024396E+00
   672    0.8244707976E+00
   673    0.7591517260E+00
   674    0.6891155945E+00
   675    0.5684753368E+00
   676    0.7902306969E+00
   677    0.7114157273E+00
   678    0.5773159167E+00
   679    0.7639912205E+00
   680    0.7392583331E+00
   681    0.8369601551E+00
   682    0.1188265872E+01
   683    0.8945232513E+00
   684    0.6696068841E+00
   685    0.7877480292E+00
   686    0.5868576730E+00
   687    0.8182859520E+00
   688    0.7994001476E+00
   689    0.6417546104E+00
   690    0.6597751166E+00
   691    0.8747539702E+00
   692    0.1229208153E+01
   693    0.8736038612E+00
   694    0.6662146957E+00
   695    0.1012187258E+01
   696    0.8361678391E+00
   697    0.7512099815E+00
   698    0.8934341718E+00
   699    0.9615093500E+00
   700    0.9603694026E+00
   701    0.4332655328E+00
   702    0.6046945378E+00
   703    0.7963932770E+00
   704    0.9291801176E+00
   705    0.9214043612E+00
   706    0.8542514873E+00
   707    0.5698999063E+00
   708    0.5084295490E+00
   709    0.1004693896E+01
   710    0.1390468699E+01
   711    0.7394849653E+00
   712    0.1045190803E+01
   713    0.1431113790E+01
   714    0.9456845206E+00
   715    0.9816887497E+00
   716    0.1032059264E+01
   717    0.1375612214E+01
   718    0.1447106181E+01
   719    0.1237179118E+01
   720    0.1076167344E+01
   721    0.1166110400E+01
   722    0.1048181258E+01
   723    0.9879141732E+00
   724    0.7668862533E+00
   725    0.9479714278E+00
   726    0.1589729392E+01
   727    0.1225752861E+01
   728    0.1435033839E+01
   729    0.1211514697E+01
   730    0.1494751384E+01
   731    0.1245847916E+01
   732    0.8541117542E+00
   733    0.1332713675E+01
   734    0.1057134540E+01
   735    0.1531796785E+01
   736    0.1081470806E+01
   737    0.9021838208E+00
   738    0.1524144110E+01
   739    0.1261653991E+01
   740    0.1060953116E+01
   741    0.1271631926E+01
   742    0.1622358936E+01
   743    0.1791172060E+01
   744    0.1198532500E+01
   745    0.9659141228E+00
   746    0.1155979567E+01
   747    0.1150411202E+01
   748    0.1472668486E+01
   749    0.1086026161E+01
   750    0.9178443267E+00
   751    0.1459915159E+01
   752    0.1772059910E+01
   753    0.1248565419E+01
   754    0.9565741718E+00
   755    0.9182853822E+00
   756    0.1057603267E+01
   757    0.1224826018E+01
   758    0.1060999041E+01
   759    0.1233742076E+01
   760    0.1196724596E+01
   761    0.1256518271E+01
   762    0.1147034738E+01
   763    0.1349309743E+01
   764    0.1214631218E+01
   765    0.9420915876E+00
   766    0.1201112014E+01
   767    0.1054014402E+01
   768    0.1020941956E+01
   769    0.1077361259E+01
   770    0.1166288258E+01
   771    0.1120801979E+01
   772    0.1141542749E+01
   773    0.1105229741E+01
   774    0.1124255990E+01
   775    0.1259847518E+01
   776    0.1102320198E+01
   777    0.8878900035E+00
   778    0.7519342532E+00
   779    0.1077278921E+01
   780    0.9570019772E+00
   781    0.9044116773E+00
   782    0.1045449069E+01
   783    0.9933260947E+00
   784    0.8828508068E+00
   785    0.1163472030E+01
   786    0.5553714674E+00
   787    0.8917214951E+00
   788    0.7607709839E+00
   789    0.8721907977E+00
   790    0.1482845115E+01
   791    0.1040850244E+01
   792    0.8666436452E+00
   793    0.9774839273E+00
   794    0.7958258003E+00
   795    0.9259681287E+00
   796    0.1018766057E+01
   797    0.7179643684E+00
   798    0.6265605622E+00
   799    0.8907589255E+00
   800    0.1032708129E+01
   801    0.9393010020E+00
   802    0.7744213088E+00
   803    0.1075641712E+01
   804    0.1084064775E+01
   805    0.5849193340E+00
   806    0.8400808773E+00
   807    0.7969983508E+00
   808    0.7918386187E+00
   809    0.7928352984E+00
   810    0.6445362303E+00
   811    0.1100434144E+01
   812    0.7859555366E+00
   813    0.8220217437E+00
   814    0.9004442470E+00
   815    0.5855456173E+00
   816    0.9300704075E+00
   817    0.7223689365E+00
   818    0.8101486592E+00
   819    0.7979205830E+00
   820    0.7030142679E+00
   821    0.5951982112E+00
   822    0.9163125566E+00
   823    0.8698237348E+00
   824    0.7426229472E+00
   825    0.8879478218E+00
   826    0.6343078090E+00
   827    0.5394646016E+00
   828    0.9527390104E+00
   829    0.9843175638E+00
   830    0.8577953312E+00
   831    0.8165454333E+00
   832    0.5696223635E+00
   833    0.9497632499E+00
   834    0.1017081261E+01
   835    0.7186599188E+00
   836    0.8777943196E+00
   837    0.6750371341E+00
   838    0.8374433907E+00
   839    0.1059200270E+01
   840    0.1156822461E+01
   841    0.8949788117E+00
   842    0.6731531552E+00
   843    0.7961663701E+00
   844    0.8046486390E+00
   845    0.7170762661E+00
   846    0.8110030632E+00
   847    0.9524800208E+00
   848    0.1102373442E+01
   849    0.9645596100E+00
   850    0.1043862713E+01
   851    0.9440945033E+00
   852    0.1003440903E+01
   853    0.8834603582E+00
   854    0.1035347338E+01
   855    0.1074934129E+01
   856    0.1194984703E+01
   857    0.6286676340E+00
   858    0.5709921656E+00
   859    0.7906818915E+00
   860    0.8904078237E+00
   861    0.1429652124E+01
   862    0.9929075969E+00
   863    0.6962854203E+00
   864    0.7982668329E+00
   865    0.8814440066E+00
   866    0.8680450383E+00
   867    0.1283390837E+01
   868    0.1269445146E+01
   869    0.1320802840E+01
   870    0.9407398750E+00
   871    0.1338429636E+01
   872    0.1030068176E+01
   873    0.6154712574E+00
   874    0.1167689124E+01
   875    0.1230433069E+01
   876    0.1089872233E+01
   877    0.1112731356E+01
   878    0.1365261611E+01
   879    0.1263297658E+01
   880    0.9774557180E+00
   881    0.8746815451E+00
   882    0.9403588442E+00
   883    0.7114807442E+00
   884    0.8009529200E+00
   885    0.1369069879E+01
   886    0.1351520566E+01
   887    0.9878558585E+00
   888    0.1163357905E+01
   889    0.1134003685E+01
   890    0.1358226102E+01
   891    0.8851714663E+00
   892    0.1267284398E+01
   893    0.1080481607E+01
   894    0.1224309056E+01
   895    0.1406710709E+01
   896    0.1194316983E+01
   897    0.9737514758E+00
   898    0.1253533182E+01
   899    0.8798923412E+00
   900    0.1110734232E+01
   901    0.1296163783E+01
   902    0.1377885312E+01
   903    0.1127422840E+01
   904    0.1392194608E+01
   905    0.1345132972E+01
   906    0.1154593518E+01
   907    0.1226793924E+01
   908    0.1247781366E+01
   909    0.9641644069E+00
   910    0.1036352065E+01
   911    0.1090058224E+01
   912    0.1523144505E+01
   913    0.9068804934E+00
   914    0.7596156416E+00
   915    0.1133750195E+01
   916    0.1250808550E+01
   917    0.8812866527E+00
   918    0.6606790627E+00
   919    0.1030928708E+01
   920    0.1047082852E+01
   921    0.9271027508E+00
   922    0.5640498642E+00
   923    0.6998018044E+00
   924    0.9945682086E+00
   925    0.7741740717E+00
   926    0.8273459975E+00
   927    0.9366380571E+00
   928    0.8849828574E+00
   929    0.8991300593E+00
   930    0.1234602217E+01
   931    0.1194849525E+01
   932    0.7242105181E+00
   933    0.7896657473E+00
   934    0.9643491936E+00
   935    0.1408899029E+01
   936    0.1064893832E+01
   937    0.6706582334E+00
   938    0.7386595055E+00
   939    0.1362705782E+01
   940    0.1150496914E+01
   941    0.6226896361E+00
   942    0.8624588624E+00
   943    0.1024998528E+01
   944    0.1219726355E+01
   945    0.8186374762E+00
   946    0.8006532602E+00
   947    0.8512130923E+00
   948    0.6117420750E+00
   949    0.8755393864E+00
   950    0.1045308549E+01
   951    0.1282251736E+01
   952    0.9440624470E+00
   953    0.6706352869E+00
   954    0.5322878876E+00
   955    0.5197860280E+00
   956    0.9031999118E+00
   957    0.1356733707E+01
   958    0.1016574843E+01
   959    0.1102954680E+01
   960    0.1300421347E+01
   961    0.9880811629E+00
   962    0.6932264532E+00
   963    0.9575909748E+00
   964    0.1058723006E+01
   965    0.8848673629E+00
   966    0.8996364744E+00
   967    0.6788875835E+00
   968    0.6608625839E+00
   969    0.9908354734E+00
   970    0.8990121428E+00
   971    0.9557743197E+00
   972    0.6597643948E+00
   973    0.8467062807E+00
   974    0.7101295441E+00
   975    0.8551124747E+00
   976    0.8086966314E+00
   977    0.7779221906E+00
   978    0.8831708770E+00
   979    0.8593199181E+00
   980    0.1419978423E+01
   981    0.1362978054E+01
   982    0.7645612834E+00
   983    0.6130555119E+00
   984    0.7693250158E+00
   985    0.1252994029E+01
   986    0.1541286405E+01
   987    0.1011114512E+01
   988    0.7942645366E+00
   989    0.9319619744E+00
   990    0.1084344211E+01
   991    0.1100195336E+01
   992    0.1038298265E+01
   993    0.1181155484E+01
   994    0.9351128649E+00
   995    0.1220801379E+01
   996    0.1016362389E+01
   997    0.1248703410E+01
   998    0.9782311164E+00
   999    0.8286101839E+00
  1000    0.8736558605E+00
  1001    0.9212028503E+00
  1002    0.8421364430E+00
  1003    0.9262898263E+00
  1004    0.9729591407E+00
  1005    0.9707063271E+00
  1006    0.8453112364E+00
  1007    0.8174641665E+00
  1008    0.7491523063E+00
  1009    0.7456649986E+00
  1010    0.8527589891E+00
  1011    0.8208440676E+00
  1012    0.9495033477E+00
  1013    0.1133743418E+01
  1014    0.1112423171E+01
  1015    0.1007952350E+01
  1016    0.9635688525E+00
  1017    0.1056824358E+01
  1018    0.1143722270E+01
  1019    0.1031744353E+01
  1020    0.8896583577E+00
  1021    0.8333541495E+00
  1022    0.8816078705E+00
  1023    0.9625140085E+00
  1024    0.9530836027E+00
  1025    0.1004014621E+01
  1026    0.9788673812E+00
  1027    0.1099000936E+01
  1028    0.1091488796E+01
  1029    0.1005167134E+01
  1030    0.1045027190E+01
  1031    0.1101706024E+01
  1032    0.1169896031E+01
  1033    0.1158230039E+01
  1034    0.1099443296E+01
  1035    0.1090134567E+01
  1036    0.1132108859E+01
  1037    0.1207812639E+01
  1038    0.1135331175E+01
  1039    0.1020769267E+01
  1040    0.9903472249E+00
  1041    0.9332358094E+00
  1042    0.9034221819E+00
  1043    0.8946602973E+00
  1044    0.8657810776E+00
  1045    0.8611667887E+00
  1046    0.9538215922E+00
  1047    0.1079128027E+01
  1048    0.1048345131E+01
  1049    0.9420277256E+00
  1050    0.9018445402E+00
  1051    0.9116929343E+00
  1052    0.9400729857E+00
  1053    0.1004914181E+01
  1054    0.1131683386E+01
  1055    0.1198049931E+01
  1056    0.1092395056E+01
  1057    0.9929005047E+00
  1058    0.1058069000E+01
  1059    0.1143875848E+01
  1060    0.1128552943E+01
  1061    0.1005282037E+01
  1062    0.9255895614E+00
  1063    0.9610632559E+00
  1064    0.1009737324E+01
  1065    0.9315779635E+00
  1066    0.8968288336E+00
  1067    0.9518150251E+00
  1068    0.1063364293E+01
  1069    0.1106777888E+01
  1070    0.1058101403E+01
  1071    0.9977544286E+00
  1072    0.1002329420E+01
  1073    0.1099201555E+01
  1074    0.1251267835E+01
  1075    0.1246294167E+01
  1076    0.1177002592E+01
  1077    0.1153040550E+01
  1078    0.1110917869E+01
  1079    0.1048690199E+01
  1080    0.1012905120E+01
  1081    0.1018151900E+01
  1082    0.9808267443E+00
  1083    0.9599875112E+00
  1084    0.1059151291E+01
  1085    0.1205831309E+01
  1086    0.1248305698E+01
  1087    0.1192775130E+01
  1088    0.1065321389E+01
  1089    0.9343956895E+00
  1090    0.8575328311E+00
  1091    0.8472519519E+00
  1092    0.8848715456E+00
  1093    0.9782019496E+00
  1094    0.1056166159E+01
  1095    0.9979400988E+00
  1096    0.9052394399E+00
  1097    0.8242982035E+00
  1098    0.8069518060E+00
  1099    0.8351954828E+00
  1100    0.9011166827E+00
  1101    0.9057001288E+00
  1102    0.8583558965E+00
  1103    0.8165405092E+00
  1104    0.8242211429E+00
  1105    0.8756716811E+00
  1106    0.9373521576E+00
  1107    0.9436712743E+00
  1108    0.9076379272E+00
  1109    0.8913379095E+00
  1110    0.8523964817E+00
  1111    0.8270040006E+00
  1112    0.8312677660E+00
  1113    0.8942307986E+00
  1114    0.9925650842E+00
  1115    0.1006720751E+01
  1116    0.9179221145E+00
  1117    0.8632024999E+00
  1118    0.8765018127E+00
  1119    0.9320953255E+00
  1120    0.9224757182E+00
  1121    0.9141244277E+00
  1122    0.8921788673E+00
  1123    0.8760390740E+00
  1124    0.8497343910E+00
  1125    0.8208599653E+00
  1126    0.8227605814E+00
  1127    0.8536520521E+00
  1128    0.9018792082E+00
  1129    0.9227947656E+00
  1130    0.9215836084E+00
  1131    0.9304122582E+00
  1132    0.9739543520E+00
  1133    0.1009736836E+01
  1134    0.9962565206E+00
  1135    0.9683630949E+00
  1136    0.9390115062E+00
  1137    0.9330095796E+00
  1138    0.9126761115E+00
  1139    0.8842964165E+00
  1140    0.8986571419E+00
  1141    0.9807263615E+00
  1142    0.1058137450E+01
  1143    0.1035422517E+01
  1144    0.9650865377E+00
  1145    0.9111390054E+00
  1146    0.8901044748E+00
  1147    0.9408611189E+00
  1148    0.1075002182E+01
  1149    0.1129398470E+01
  1150    0.1025883185E+01
  1151    0.9762278031E+00
  1152    0.1066816882E+01
  1153    0.1151948046E+01
  1154    0.1148631865E+01
  1155    0.1164182135E+01
  1156    0.1273891975E+01
  1157    0.1395975577E+01
  1158    0.1296688823E+01
  1159    0.1103913974E+01
  1160    0.1034242897E+01
  1161    0.1110620199E+01
  1162    0.1218951153E+01
  1163    0.1142095487E+01
  1164    0.1015928681E+01
  1165    0.9678715271E+00
  1166    0.9476666575E+00
  1167    0.9313449095E+00
  1168    0.9304040722E+00
  1169    0.9475517187E+00
  1170    0.9635779623E+00
  1171    0.9490489739E+00
  1172    0.9226590931E+00
  1173    0.9065763235E+00
  1174    0.9060915489E+00
  1175    0.9490334650E+00
  1176    0.1026585391E+01
  1177    0.1086505999E+01
  1178    0.1048681953E+01
  1179    0.9668691964E+00
  1180    0.9527835130E+00
  1181    0.9693006999E+00
  1182    0.9585061363E+00
  1183    0.9300083877E+00
  1184    0.8954371075E+00
  1185    0.8767240870E+00
  1186    0.8856775853E+00
  1187    0.9030415312E+00
  1188    0.9239973721E+00
  1189    0.9568881347E+00
  1190    0.1000914945E+01
  1191    0.1020716702E+01
  1192    0.9940764426E+00
  1193    0.9685761052E+00
  1194    0.9784842428E+00
  1195    0.1015439080E+01
  1196    0.1047569498E+01
  1197    0.1026127478E+01
  1198    0.9736841714E+00
  1199    0.9737033415E+00
  1200    0.1016052840E+01
  1201    0.1040760591E+01
  1202    0.1034052391E+01
  1203    0.1010610084E+01
  1204    0.9894648259E+00
  1205    0.9633576578E+00
  1206    0.9356043290E+00
  1207    0.9237573783E+00
  1208    0.9346768312E+00
  1209    0.9771156382E+00
  1210    0.1029291591E+01
  1211    0.1048407469E+01
  1212    0.1045200922E+01
  1213    0.1067098989E+01
  1214    0.1117068532E+01
  1215    0.1130857878E+01
  1216    0.1122975489E+01
  1217    0.1129254989E+01
  1218    0.1091219828E+01
  1219    0.1039513001E+01
  1220    0.1056082351E+01
  1221    0.1084292239E+01
  1222    0.1062208342E+01
  1223    0.1061066085E+01
  1224    0.1080745905E+01
  1225    0.1062097399E+01
  1226    0.1032073105E+01
  1227    0.1013727855E+01
  1228    0.1013719271E+01
  1229    0.1023007002E+01
  1230    0.1023374216E+01
  1231    0.1016078287E+01
  1232    0.1004242120E+01
  1233    0.9931846317E+00
  1234    0.9911801531E+00
  1235    0.9928981530E+00
  1236    0.9931448063E+00
  1237    0.1000812465E+01
  1238    0.1013509882E+01
  1239    0.1011154530E+01
  1240    0.9935814926E+00
  1241    0.9856073401E+00
  1242    0.9976456557E+00
  1243    0.1009906065E+01
  1244    0.1004383941E+01
  1245    0.9925626897E+00
  1246    0.9925146168E+00
  1247    0.1007707512E+01
  1248    0.1017749754E+01
  1249    0.1017677504E+01
  1250    0.1019763518E+01
  1251    0.1007892580E+01
  1252    0.9824525765E+00
  1253    0.9753846813E+00
  1254    0.9960380393E+00
  1255    0.1024149085E+01
  1256    0.1038377627E+01
  1257    0.1033106091E+01
  1258    0.1015272010E+01
  1259    0.9941460309E+00
  1260    0.9872169739E+00
  1261    0.1004496334E+01
  1262    0.1027940267E+01
  1263    0.1028722805E+01
  1264    0.1010019318E+01
  1265    0.1001546768E+01
  1266    0.1007093617E+01
  1267    0.1003772243E+01
  1268    0.9896778522E+00
  1269    0.9930260595E+00
  1270    0.1016904714E+01
  1271    0.1025988481E+01
  1272    0.1001348044E+01
  1273    0.9718146746E+00
  1274    0.9672773789E+00
  1275    0.9913970022E+00
  1276    0.1028660756E+01
  1277    0.1046711255E+01
  1278    0.1022265670E+01
  1279    0.9828358690E+00
  1280    0.9697745608E+00
  1281    0.9821297430E+00
  1282    0.9971044162E+00
  1283    0.1002400945E+01
  1284    0.9964405362E+00
  1285    0.9831560471E+00
  1286    0.9912163982E+00
  1287    0.1029139122E+01
  1288    0.1051837515E+01
  1289    0.1022182221E+01
  1290    0.9865593091E+00
  1291    0.9792679368E+00
  1292    0.9905529056E+00
  1293    0.9964493150E+00
  1294    0.9889094755E+00
  1295    0.9912968629E+00
  1296    0.1005446493E+01
  1297    0.1003168524E+01
  1298    0.9830958471E+00
  1299    0.9751204934E+00
  1300    0.9913267238E+00
  1301    0.1013206300E+01
  1302    0.1011822383E+01
  1303    0.9924807007E+00
  1304    0.9802699949E+00
  1305    0.9909121332E+00
  1306    0.1015171933E+01
  1307    0.1018700609E+01
  1308    0.9967825421E+00
  1309    0.9843096097E+00
  1310    0.9917364489E+00
  1311    0.1001928473E+01
  1312    0.9983294853E+00
  1313    0.9861565638E+00
  1314    0.9820403772E+00
  1315    0.9932273535E+00
  1316    0.1008834558E+01
  1317    0.1011726325E+01
  1318    0.1000139500E+01
  1319    0.9885056738E+00
  1320    0.9908486133E+00
  1321    0.1003306882E+01
  1322    0.1012274969E+01
  1323    0.1008938546E+01
  1324    0.9982005690E+00
  1325    0.9908575862E+00
  1326    0.9922732111E+00
  1327    0.9999807075E+00
  1328    0.1002931282E+01
  1329    0.9969267982E+00
  1330    0.9932613491E+00
  1331    0.9987786321E+00
  1332    0.1005200988E+01
  1333    0.1005591866E+01
  1334    0.1001963854E+01
  1335    0.1001206255E+01
  1336    0.1002403479E+01
  1337    0.9991516555E+00
  1338    0.9945664434E+00
  1339    0.9940176279E+00
  1340    0.9987786932E+00
  1341    0.1005344501E+01
  1342    0.1004174547E+01
  1343    0.9983820847E+00
  1344    0.9961945580E+00
  1345    0.9991695608E+00
  1346    0.1006479465E+01
  1347    0.1008875218E+01
  1348    0.1004732810E+01
  1349    0.1002047160E+01
  1350    0.1000848886E+01
  1351    0.1001087194E+01
  1352    0.1003587644E+01
  1353    0.1006128589E+01
  1354    0.1006040555E+01
  1355    0.1005639152E+01
  1356    0.1005769371E+01
  1357    0.1006569760E+01
  1358    0.1009080961E+01
  1359    0.1009451628E+01
  1360    0.1007021788E+01
  1361    0.1006264580E+01
  1362    0.1008010336E+01
  1363    0.1007904946E+01
  1364    0.1005445328E+01
  1365    0.1004609793E+01
  1366    0.1007119799E+01
  1367    0.1009318739E+01
  1368    0.1007880428E+01
  1369    0.1006502205E+01
  1370    0.1007673833E+01
  1371    0.1008439702E+01
  1372    0.1006650583E+01
  1373    0.1007690928E+01
  1374    0.1011258432E+01
  1375    0.1011702503E+01
  1376    0.1009124274E+01
  1377    0.1006555945E+01
  1378    0.1005865023E+01
  1379    0.1008076727E+01
  1380    0.1011512913E+01
  1381    0.1011185512E+01
  1382    0.1007898192E+01
  1383    0.1007402883E+01
  1384    0.1009651224E+01
  1385    0.1010187402E+01
  1386    0.1008553383E+01
  1387    0.1008451454E+01
  1388    0.1010155893E+01
  1389    0.1011297088E+01
  1390    0.1009977462E+01
  1391    0.1007672810E+01
  1392    0.1007383863E+01
  1393    0.1008173174E+01
  1394    0.1008674289E+01
  1395    0.1010258316E+01
  1396    0.1010549800E+01
  1397    0.1007949929E+01
  1398    0.1006000849E+01
  1399    0.1006020449E+01
  1400    0.1006125033E+01
  1401    0.1004929477E+01
  1402    0.1003404918E+01
  1403    0.1002326798E+01
  1404    0.1001301810E+01
  1405    0.1000478055E+01
  1406    0.1000129175E+01
  1407    0.1000032289E+01
  1408    0.1000008072E+01
  1409    0.1000002018E+01
  1410    0.1000000504E+01
  1411    0.1000000126E+01
  1412    0.1000000032E+01
  1413    0.1000000008E+01
  1414    0.1000000002E+01
  1415    0.1000000000E+01
  1416    0.1000000000E+01
  1417    0.1000000000E+01
  1418    0.1000000000E+01
  1419    0.1000000000E+01
  1420    0.1000000000E+01
  1421    0.1000000000E+01
  1422    0.1000000000E+01
  1423    0.1000000000E+01
  1424    0.1000000000E+01
  1425    0.1000000000E+01
  1426    0.1000000000E+01
  1427    0.1000000000E+01
  1428    0.1000000000E+01
  1429    0.1000000000E+01
  1430    0.1000000000E+01
  1431    0.1000000000E+01
  1432    0.1000000000E+01
  1433    0.1000000000E+01
  1434    0.1000000000E+01
  1435    0.1000000000E+01
  1436    0.1000000000E+01
  1437    0.1000000000E+01
  1438    0.1000000000E+01
  1439    0.1000000000E+01
  1440    0.1000000000E+01
  1441    0.1000000000E+01
  1442    0.1000000000E+01
  1443    0.1000000000E+01
  1444    0.1000000000E+01
  1445    0.1000000000E+01
  1446    0.1000000000E+01
  1447    0.1000000000E+01
  1448    0.1000000000E+01
  1449    0.1000000000E+01
  1450    0.1000000000E+01
  1451    0.1000000000E+01
  1452    0.1000000000E+01
  1453    0.1000000000E+01
  1454    0.1000000000E+01
  1455    0.1000000000E+01
  1456    0.1000000000E+01
  1457    0.1000000000E+01
  1458    0.1000000000E+01
  1459    0.1000000000E+01
  1460    0.1000000000E+01
  1461    0.1000000000E+01
  1462    0.1000000000E+01
  1463    0.1000000000E+01
  1464    0.1000000000E+01
  1465    0.1000000000E+01
  1466    0.1000000000E+01
  1467    0.1000000000E+01
  1468    0.1000000000E+01
  1469    0.1000000000E+01
  1470    0.1000000000E+01
  1471    0.1000000000E+01
  1472    0.1000000000E+01
  1473    0.1000000000E+01
  1474    0.1000000000E+01
  1475    0.1000000000E+01
  1476    0.1000000000E+01
  1477    0.1000000000E+01
  1478    0.1000000000E+01
  1479    0.1000000000E+01
  1480    0.1000000000E+01
  1481    0.1000000000E+01
  1482    0.1000000000E+01
  1483    0.1000000000E+01
  1484    0.1000000000E+01
  1485    0.1000000000E+01
  1486    0.1000000000E+01
  1487    0.1000000000E+01
  1488    0.1000000000E+01
  1489    0.1000000000E+01
  1490    0.1000000000E+01
  1491    0.1000000000E+01
  1492    0.1000000000E+01
  1493    0.1000000000E+01
  1494    0.1000000000E+01
  1495    0.1000000000E+01
  1496    0.1000000000E+01
  1497    0.1000000000E+01
  1498    0.1000000000E+01
  1499    0.1000000000E+01
  1500    0.8337500000E+00
  1501    0.1662500000E+00
  1502    0.0000000000E+00
