    -1    0.8990532439E-01
     0    0.9311246128E+00
     1    0.1411033056E+01
     2    0.8216304575E+00
     3    0.7873673688E+00
     4    0.9338085790E+00
     5    0.1297148632E+01
     6    0.1545945830E+01
     7    0.1759766532E+01
     8    0.1532328421E+01
     9    0.1273576732E+01
    10    0.1593864785E+01
    11    0.1730504270E+01
    12    0.1488916484E+01
    13    0.1160988188E+01
    14    0.1285617766E+01
    15    0.1306225313E+01
    16    0.1421376434E+01
    17    0.1594869886E+01
    18    0.1813751115E+01
    19    0.1733929309E+01
    20    0.1565183474E+01
    21    0.1651407964E+01
    22    0.1681763668E+01
    23    0.1785616992E+01
    24    0.1642441895E+01
    25    0.1489675486E+01
    26    0.1377040007E+01
    27    0.1200793204E+01
    28    0.1476720313E+01
    29    0.1533300506E+01
    30    0.2093950511E+01
    31    0.1137516329E+01
    32    0.1526188337E+01
    33    0.1759286857E+01
    34    0.1379039412E+01
    35    0.1331536788E+01
    36    0.1027783041E+01
    37    0.1259931022E+01
    38    0.1008628267E+01
    39    0.1487263461E+01
    40    0.1336567225E+01
    41    0.1325329265E+01
    42    0.1053019212E+01
    43    0.1174417270E+01
    44    0.1101196043E+01
    45    0.1139124686E+01
    46    0.1121284322E+01
    47    0.9710569128E+00
    48    0.8642385182E+00
    49    0.1231002434E+01
    50    0.9687385641E+00
    51    0.9609384889E+00
    52    0.7286535742E+00
    53    0.8596879857E+00
    54    0.1204719055E+01
    55    0.8320916851E+00
    56    0.9803962398E+00
    57    0.8321307841E+00
    58    0.9486345570E+00
    59    0.8846277765E+00
    60    0.1041930206E+01
    61    0.8265398257E+00
    62    0.5223477009E+00
    63    0.6584815446E+00
    64    0.6489414846E+00
    65    0.6728244490E+00
    66    0.6039285570E+00
    67    0.8859940897E+00
    68    0.8811747477E+00
    69    0.6472191918E+00
    70    0.6009321359E+00
    71    0.9057852147E+00
    72    0.7818946602E+00
    73    0.8366373393E+00
    74    0.6185742193E+00
    75    0.5264607246E+00
    76    0.7377210469E+00
    77    0.8538858018E+00
    78    0.7105402850E+00
    79    0.5783875809E+00
    80    0.8696734920E+00
    81    0.8565316243E+00
    82    0.5527678018E+00
    83    0.7683170448E+00
    84    0.5621471432E+00
    85    0.6243211249E+00
    86    0.8411448472E+00
    87    0.5940913669E+00
    88    0.6114804852E+00
    89    0.3878428363E+00
    90    0.6096190896E+00
    91    0.5855948492E+00
    92    0.8460550770E+00
    93    0.8817670436E+00
    94    0.6124026994E+00
    95    0.5498908957E+00
    96    0.6216409712E+00
    97    0.5362727482E+00
    98    0.6339213794E+00
    99    0.6204399773E+00
   100    0.6283507852E+00
   101    0.7616988383E+00
   102    0.6409317923E+00
   103    0.6872529660E+00
   104    0.7673066110E+00
   105    0.7123864208E+00
   106    0.5343908834E+00
   107    0.5434385663E+00
   108    0.6613700765E+00
   109    0.7607966318E+00
   110    0.6687298599E+00
   111    0.6160094741E+00
   112    0.7472943884E+00
   113    0.4920198394E+00
   114    0.6018931874E+00
   115    0.6480390311E+00
   116    0.7073404934E+00
   117    0.6967458807E+00
   118    0.5465821133E+00
   119    0.9080601865E+00
   120    0.7524959591E+00
   121    0.6124253295E+00
   122    0.5450225260E+00
   123    0.6689400316E+00
   124    0.6285295835E+00
   125    0.5651779000E+00
   126    0.5578290980E+00
   127    0.8656429929E+00
   128    0.6612378068E+00
   129    0.4699083581E+00
   130    0.6071017299E+00
   131    0.1003025066E+01
   132    0.7391928605E+00
   133    0.7368262797E+00
   134    0.6811946014E+00
   135    0.6437970763E+00
   136    0.6080196339E+00
   137    0.6460345145E+00
   138    0.6376100071E+00
   139    0.7389539708E+00
   140    0.7367001536E+00
   141    0.6032341895E+00
   142    0.8547681703E+00
   143    0.1047032397E+01
   144    0.1008141361E+01
   145    0.8299872464E+00
   146    0.7173331909E+00
   147    0.6081034317E+00
   148    0.8380646202E+00
   149    0.7605634035E+00
   150    0.1099439649E+01
   151    0.6992878134E+00
   152    0.5967110859E+00
   153    0.1130262529E+01
   154    0.9022093586E+00
   155    0.8042863261E+00
   156    0.1225098840E+01
   157    0.1102951250E+01
   158    0.1050126787E+01
   159    0.1300003849E+01
   160    0.1386508219E+01
   161    0.1191513509E+01
   162    0.9985417007E+00
   163    0.1038654594E+01
   164    0.8277287458E+00
   165    0.7748260031E+00
   166    0.1198227670E+01
   167    0.1285153128E+01
   168    0.1499796249E+01
   169    0.1510276639E+01
   170    0.1275640080E+01
   171    0.1916156346E+01
   172    0.1250570385E+01
   173    0.1313327480E+01
   174    0.1329075852E+01
   175    0.1475940704E+01
   176    0.1461961063E+01
   177    0.9134126361E+00
   178    0.9038333394E+00
   179    0.1210906810E+01
   180    0.1693120661E+01
   181    0.1326015067E+01
   182    0.1111846785E+01
   183    0.1897238329E+01
   184    0.1461641185E+01
   185    0.1616006084E+01
   186    0.1806548729E+01
   187    0.1820579100E+01
   188    0.1582846888E+01
   189    0.1604311148E+01
   190    0.1463187034E+01
   191    0.1680984636E+01
   192    0.1589351836E+01
   193    0.1667768840E+01
   194    0.1645172262E+01
   195    0.1411988908E+01
   196    0.1401881920E+01
   197    0.1200187297E+01
   198    0.1380565373E+01
   199    0.1573512537E+01
   200    0.1089176079E+01
   201    0.1107152687E+01
   202    0.1192824776E+01
   203    0.1282094395E+01
   204    0.1626979570E+01
   205    0.1575611329E+01
   206    0.1303972574E+01
   207    0.1109320027E+01
   208    0.1271751914E+01
   209    0.1001952403E+01
   210    0.1246055402E+01
   211    0.9584072670E+00
   212    0.1259668566E+01
   213    0.1241052786E+01
   214    0.1284582035E+01
   215    0.1002123251E+01
   216    0.9330728763E+00
   217    0.1054255409E+01
   218    0.7760675228E+00
   219    0.9309229137E+00
   220    0.7986178393E+00
   221    0.7499832033E+00
   222    0.1052379398E+01
   223    0.1208871045E+01
   224    0.9375027807E+00
   225    0.9822366271E+00
   226    0.1004471409E+01
   227    0.7309006555E+00
   228    0.6941789121E+00
   229    0.5571738883E+00
   230    0.6934092178E+00
   231    0.9067940337E+00
   232    0.1023690279E+01
   233    0.7630309940E+00
   234    0.8154833846E+00
   235    0.8242088043E+00
   236    0.7157952663E+00
   237    0.6218489395E+00
   238    0.6871768194E+00
   239    0.7469236656E+00
   240    0.6862353622E+00
   241    0.9032094920E+00
   242    0.7646514924E+00
   243    0.9795435230E+00
   244    0.6313492213E+00
   245    0.7384488421E+00
   246    0.6073296894E+00
   247    0.5080655284E+00
   248    0.6909841323E+00
   249    0.9413022201E+00
   250    0.6600439590E+00
   251    0.3919059110E+00
   252    0.5438228103E+00
   253    0.7315765786E+00
   254    0.8200968417E+00
   255    0.8442417248E+00
   256    0.6278519590E+00
   257    0.7685108256E+00
   258    0.5027802141E+00
   259    0.4592604986E+00
   260    0.7256631546E+00
   261    0.6113375169E+00
   262    0.4262135161E+00
   263    0.8587342604E+00
   264    0.8323546146E+00
   265    0.5364311560E+00
   266    0.5035861730E+00
   267    0.5271982565E+00
   268    0.6870322063E+00
   269    0.5522027577E+00
   270    0.6329870158E+00
   271    0.6289815900E+00
   272    0.5903396845E+00
   273    0.8029293767E+00
   274    0.5401684909E+00
   275    0.5638898368E+00
   276    0.5636648726E+00
   277    0.6682626517E+00
   278    0.6715146036E+00
   279    0.5903425082E+00
   280    0.4775911588E+00
   281    0.7647061585E+00
   282    0.6068396758E+00
   283    0.5447649489E+00
   284    0.6715583451E+00
   285    0.6852180243E+00
   286    0.3894517493E+00
   287    0.7859911234E+00
   288    0.5522094451E+00
   289    0.4775012567E+00
   290    0.6836365772E+00
   291    0.7164465452E+00
   292    0.7488811686E+00
   293    0.9852756553E+00
   294    0.7554223081E+00
   295    0.5360128056E+00
   296    0.6198315070E+00
   297    0.5915010746E+00
   298    0.7347189762E+00
   299    0.8623856391E+00
   300    0.8659431197E+00
   301    0.7064459592E+00
   302    0.9455286569E+00
   303    0.1105318559E+01
   304    0.9299715119E+00
   305    0.6819046692E+00
   306    0.4629653975E+00
   307    0.2624378208E+00
   308    0.9349993199E+00
   309    0.8277701299E+00
   310    0.8146387683E+00
   311    0.9836356141E+00
   312    0.9945789600E+00
   313    0.8939092628E+00
   314    0.8077389317E+00
   315    0.1055339109E+01
   316    0.9929534684E+00
   317    0.9572196554E+00
   318    0.8890203342E+00
   319    0.6754525366E+00
   320    0.1063772721E+01
   321    0.1167452464E+01
   322    0.9165336535E+00
   323    0.9980278580E+00
   324    0.8143166394E+00
   325    0.1032961103E+01
   326    0.1399956727E+01
   327    0.1192640991E+01
   328    0.9395663890E+00
   329    0.1007705092E+01
   330    0.9990587325E+00
   331    0.9582837303E+00
   332    0.1120703061E+01
   333    0.8814181909E+00
   334    0.1211772509E+01
   335    0.1114205059E+01
   336    0.1141528059E+01
   337    0.1344453879E+01
   338    0.1746132339E+01
   339    0.1455157645E+01
   340    0.1348433919E+01
   341    0.1406490318E+01
   342    0.1359527309E+01
   343    0.1587147297E+01
   344    0.1864643061E+01
   345    0.1881890443E+01
   346    0.2149758014E+01
   347    0.1316296949E+01
   348    0.1520564790E+01
   349    0.1381834146E+01
   350    0.1200193397E+01
   351    0.1644387948E+01
   352    0.1580309426E+01
   353    0.2098291426E+01
   354    0.1949005832E+01
   355    0.1474903932E+01
   356    0.1645547192E+01
   357    0.1319315857E+01
   358    0.1282006921E+01
   359    0.1488980677E+01
   360    0.1487598634E+01
   361    0.1662422566E+01
   362    0.1641992411E+01
   363    0.1334348499E+01
   364    0.1202192622E+01
   365    0.1303240264E+01
   366    0.1310389076E+01
   367    0.1058611423E+01
   368    0.1198726983E+01
   369    0.1044230619E+01
   370    0.1183008987E+01
   371    0.1431403812E+01
   372    0.1521525720E+01
   373    0.9148074865E+00
   374    0.8944265855E+00
   375    0.1440968361E+01
   376    0.7659568572E+00
   377    0.9161539017E+00
   378    0.9618419025E+00
   379    0.8108196360E+00
   380    0.1169790915E+01
   381    0.9432173062E+00
   382    0.1213094064E+01
   383    0.1148046478E+01
   384    0.8024494941E+00
   385    0.1155709318E+01
   386    0.8626737474E+00
   387    0.6542863659E+00
   388    0.1150024510E+01
   389    0.1155535561E+01
   390    0.4642653139E+00
   391    0.6944809816E+00
   392    0.7736152457E+00
   393    0.7920540267E+00
   394    0.8799278354E+00
   395    0.7885332156E+00
   396    0.7663219702E+00
   397    0.9124299491E+00
   398    0.9708854315E+00
   399    0.7801803276E+00
   400    0.8308432179E+00
   401    0.9354459830E+00
   402    0.7870118014E+00
   403    0.8329660696E+00
   404    0.5995345692E+00
   405    0.8376590482E+00
   406    0.4953832337E+00
   407    0.5008582185E+00
   408    0.7222150013E+00
   409    0.6951927698E+00
   410    0.7929696369E+00
   411    0.7860532470E+00
   412    0.6367344042E+00
   413    0.4793141528E+00
   414    0.6952505244E+00
   415    0.7645195964E+00
   416    0.5144402641E+00
   417    0.5996692618E+00
   418    0.7617216881E+00
   419    0.5974589013E+00
   420    0.7031149756E+00
   421    0.7945580364E+00
   422    0.6502341157E+00
   423    0.8277455248E+00
   424    0.5484507786E+00
   425    0.4621165382E+00
   426    0.6354549975E+00
   427    0.7445810283E+00
   428    0.6117797146E+00
   429    0.4230681873E+00
   430    0.4739907234E+00
   431    0.6611689839E+00
   432    0.5848329359E+00
   433    0.8269409121E+00
   434    0.7923120864E+00
   435    0.5908042503E+00
   436    0.5747056029E+00
   437    0.6604149991E+00
   438    0.7152448587E+00
   439    0.3813539532E+00
   440    0.3796278068E+00
   441    0.8001521616E+00
   442    0.6952214342E+00
   443    0.4777429129E+00
   444    0.7455732539E+00
   445    0.7269074502E+00
   446    0.5183220810E+00
   447    0.3647169884E+00
   448    0.7500848756E+00
   449    0.9039549660E+00
   450    0.5846718666E+00
   451    0.7530160120E+00
   452    0.6361577201E+00
   453    0.5950957165E+00
   454    0.7098945823E+00
   455    0.7521465383E+00
   456    0.5161498805E+00
   457    0.4855055299E+00
   458    0.6796194334E+00
   459    0.8200736243E+00
   460    0.7747435725E+00
   461    0.6612705261E+00
   462    0.5307030434E+00
   463    0.7613988905E+00
   464    0.8811628524E+00
   465    0.9611283791E+00
   466    0.4858586320E+00
   467    0.4534562503E+00
   468    0.8108094048E+00
   469    0.6043314579E+00
   470    0.6790040345E+00
   471    0.1075967402E+01
   472    0.8124512146E+00
   473    0.1024932274E+01
   474    0.8684772837E+00
   475    0.6598591755E+00
   476    0.9243766323E+00
   477    0.1007262228E+01
   478    0.8838695347E+00
   479    0.7506075424E+00
   480    0.1001896556E+01
   481    0.1056891576E+01
   482    0.8838068762E+00
   483    0.9882461412E+00
   484    0.9531985544E+00
   485    0.6443252689E+00
   486    0.1053991990E+01
   487    0.9356256737E+00
   488    0.1227396974E+01
   489    0.1152160819E+01
   490    0.1074509946E+01
   491    0.1112945026E+01
   492    0.1088884151E+01
   493    0.1125352166E+01
   494    0.9188845815E+00
   495    0.6405468530E+00
   496    0.1089614279E+01
   497    0.9362718506E+00
   498    0.1134250541E+01
   499    0.1530914750E+01
   500    0.9829374102E+00
   501    0.1105276404E+01
   502    0.1206428511E+01
   503    0.9905794371E+00
   504    0.1758703269E+01
   505    0.1416377598E+01
   506    0.1508543492E+01
   507    0.1134699828E+01
   508    0.1971391566E+01
   509    0.1680869062E+01
   510    0.1354011833E+01
   511    0.1268948963E+01
   512    0.1786416409E+01
   513    0.1428648168E+01
   514    0.1799768515E+01
   515    0.1748116210E+01
   516    0.1420206944E+01
   517    0.1685907884E+01
   518    0.1487638212E+01
   519    0.2058848249E+01
   520    0.1613132225E+01
   521    0.1515609684E+01
   522    0.1321817680E+01
   523    0.1113320174E+01
   524    0.1890674985E+01
   525    0.2187781419E+01
   526    0.1705150316E+01
   527    0.1993994496E+01
   528    0.1857149576E+01
   529    0.1220224384E+01
   530    0.1054699905E+01
   531    0.1207961184E+01
   532    0.1346140395E+01
   533    0.1279738378E+01
   534    0.1116933871E+01
   535    0.1053244874E+01
   536    0.1021640938E+01
   537    0.1485215260E+01
   538    0.1451645116E+01
   539    0.1238049007E+01
   540    0.9375478901E+00
   541    0.1051130222E+01
   542    0.1001664365E+01
   543    0.7571026945E+00
   544    0.9254793998E+00
   545    0.9303732983E+00
   546    0.9126661377E+00
   547    0.1093040315E+01
   548    0.8961365011E+00
   549    0.1072846244E+01
   550    0.1079323242E+01
   551    0.1014543814E+01
   552    0.8688655080E+00
   553    0.8898745920E+00
   554    0.9533343803E+00
   555    0.9198324573E+00
   556    0.9590353427E+00
   557    0.8731950270E+00
   558    0.8947302443E+00
   559    0.7327229472E+00
   560    0.7483640947E+00
   561    0.8232756776E+00
   562    0.6209825227E+00
   563    0.7736296929E+00
   564    0.8196939967E+00
   565    0.4899053723E+00
   566    0.7941087323E+00
   567    0.7230896045E+00
   568    0.7899645643E+00
   569    0.8699505233E+00
   570    0.7661164052E+00
   571    0.6456092213E+00
   572    0.1016138514E+01
   573    0.6786224335E+00
   574    0.5335255615E+00
   575    0.4842631630E+00
   576    0.5268428044E+00
   577    0.6872842813E+00
   578    0.7382074319E+00
   579    0.8083912252E+00
   580    0.5938797788E+00
   581    0.6726007484E+00
   582    0.6052256078E+00
   583    0.5218036353E+00
   584    0.7110202938E+00
   585    0.6973407501E+00
   586    0.5894642279E+00
   587    0.6665552105E+00
   588    0.5658203902E+00
   589    0.6215616639E+00
   590    0.6655440580E+00
   591    0.7844458380E+00
   592    0.5057856699E+00
   593    0.3794002476E+00
   594    0.6911690815E+00
   595    0.8274696030E+00
   596    0.8537134482E+00
   597    0.6718036335E+00
   598    0.4959502814E+00
   599    0.5732704649E+00
   600    0.4365560262E+00
   601    0.6153678606E+00
   602    0.6279247371E+00
   603    0.8159537270E+00
   604    0.6006060011E+00
   605    0.5087104344E+00
   606    0.6413212771E+00
   607    0.4455651381E+00
   608    0.6918398793E+00
   609    0.5692632752E+00
   610    0.5747408490E+00
   611    0.6551014987E+00
   612    0.9324734675E+00
   613    0.5918626582E+00
   614    0.5075315718E+00
   615    0.6088176702E+00
   616    0.1042164390E+01
   617    0.5868711774E+00
   618    0.4734612049E+00
   619    0.6159303145E+00
   620    0.8752844657E+00
   621    0.6820367468E+00
   622    0.5092353417E+00
   623    0.4095261923E+00
   624    0.6733719925E+00
   625    0.5688328643E+00
   626    0.5461654300E+00
   627    0.4906284998E+00
   628    0.8822446645E+00
   629    0.8727837408E+00
   630    0.7052683628E+00
   631    0.6952517851E+00
   632    0.5962782590E+00
   633    0.6822124155E+00
   634    0.6568220579E+00
   635    0.5032035128E+00
   636    0.6813368819E+00
   637    0.1060320273E+01
   638    0.6393940509E+00
   639    0.1114592791E+01
   640    0.9855005028E+00
   641    0.1115224845E+01
   642    0.8084210372E+00
   643    0.7230773362E+00
   644    0.6540249710E+00
   645    0.9378444348E+00
   646    0.6934017537E+00
   647    0.6586929154E+00
   648    0.1265232178E+01
   649    0.1192038302E+01
   650    0.7447088733E+00
   651    0.9219634765E+00
   652    0.9554318966E+00
   653    0.7212342899E+00
   654    0.1025923864E+01
   655    0.1289491018E+01
   656    0.8999333967E+00
   657    0.7593676516E+00
   658    0.1275982455E+01
   659    0.1465336513E+01
   660    0.1270439928E+01
   661    0.1295928081E+01
   662    0.1456831863E+01
   663    0.1511847998E+01
   664    0.1238338028E+01
   665    0.1485539827E+01
   666    0.1477318369E+01
   667    0.1510430055E+01
   668    0.1695034657E+01
   669    0.1590655633E+01
   670    0.1291589280E+01
   671    0.1357547250E+01
   672    0.1518923923E+01
   673    0.1412873792E+01
   674    0.1195901330E+01
   675    0.1431195198E+01
   676    0.1611297413E+01
   677    0.1429682380E+01
   678    0.1690441041E+01
   679    0.1681579665E+01
   680    0.1571426158E+01
   681    0.1453558839E+01
   682    0.1596520718E+01
   683    0.1344560206E+01
   684    0.1969556626E+01
   685    0.1549660419E+01
   686    0.1220763294E+01
   687    0.1347848872E+01
   688    0.1304797673E+01
   689    0.1180653043E+01
   690    0.1261332656E+01
   691    0.1058821028E+01
   692    0.1453131729E+01
   693    0.1895193765E+01
   694    0.1040129047E+01
   695    0.1192117755E+01
   696    0.1115548277E+01
   697    0.1006526255E+01
   698    0.8853969674E+00
   699    0.1194317917E+01
   700    0.1190891067E+01
   701    0.8387265540E+00
   702    0.1123284947E+01
   703    0.1174851673E+01
   704    0.1241414577E+01
   705    0.1185953420E+01
   706    0.9270756403E+00
   707    0.9838138719E+00
   708    0.8168813215E+00
   709    0.1046314203E+01
   710    0.1162538636E+01
   711    0.1001403676E+01
   712    0.8835510028E+00
   713    0.9447871631E+00
   714    0.8968681808E+00
   715    0.8609982885E+00
   716    0.8398630304E+00
   717    0.9353306736E+00
   718    0.8062125540E+00
   719    0.1374189169E+01
   720    0.1100834437E+01
   721    0.6079591002E+00
   722    0.7162254558E+00
   723    0.1153606308E+01
   724    0.9903833483E+00
   725    0.4588364127E+00
   726    0.7679593516E+00
   727    0.9370685904E+00
   728    0.7248898968E+00
   729    0.5422754062E+00
   730    0.9010550429E+00
   731    0.8395127493E+00
   732    0.8014238232E+00
   733    0.6977091312E+00
   734    0.6278472010E+00
   735    0.7218275007E+00
   736    0.1158846135E+01
   737    0.7164143002E+00
   738    0.5403954972E+00
   739    0.5528975936E+00
   740    0.7978948989E+00
   741    0.7721822605E+00
   742    0.6654579404E+00
   743    0.8344373808E+00
   744    0.6722335685E+00
   745    0.7977142211E+00
   746    0.9309963487E+00
   747    0.5273658799E+00
   748    0.6213713735E+00
   749    0.6623121247E+00
   750    0.7129035939E+00
   751    0.7141382937E+00
   752    0.4704229327E+00
   753    0.8117201885E+00
   754    0.8833651926E+00
   755    0.6911751582E+00
   756    0.8350289754E+00
   757    0.6968643344E+00
   758    0.5463713443E+00
   759    0.6696712599E+00
   760    0.9254541515E+00
   761    0.9000599764E+00
   762    0.6964246811E+00
   763    0.8397707823E+00
   764    0.7030713743E+00
   765    0.5546691326E+00
   766    0.7085670929E+00
   767    0.4908726483E+00
   768    0.3931440534E+00
   769    0.7945081520E+00
   770    0.7560298971E+00
   771    0.5908114518E+00
   772    0.7485055484E+00
   773    0.6785798627E+00
   774    0.7650973621E+00
   775    0.8839703828E+00
   776    0.6250259615E+00
   777    0.7309627375E+00
   778    0.6644841116E+00
   779    0.9215748144E+00
   780    0.9805165366E+00
   781    0.8385441695E+00
   782    0.9919107361E+00
   783    0.8423129999E+00
   784    0.7475412516E+00
   785    0.7690163315E+00
   786    0.7642363521E+00
   787    0.6355164828E+00
   788    0.8982117329E+00
   789    0.6592103252E+00
   790    0.6266361964E+00
   791    0.9431399738E+00
   792    0.9492329004E+00
   793    0.9807663286E+00
   794    0.1258979168E+01
   795    0.9390271723E+00
   796    0.8067252268E+00
   797    0.9869455578E+00
   798    0.1142326781E+01
   799    0.9103930190E+00
   800    0.1067478990E+01
   801    0.8948650243E+00
   802    0.1176042433E+01
   803    0.1078257075E+01
   804    0.9496093515E+00
   805    0.1129746929E+01
   806    0.9813946873E+00
   807    0.9603986543E+00
   808    0.1057208179E+01
   809    0.1357585748E+01
   810    0.1425599231E+01
   811    0.1325100384E+01
   812    0.9888518788E+00
   813    0.1256986499E+01
   814    0.1140428819E+01
   815    0.8809443348E+00
   816    0.1074226030E+01
   817    0.1284863481E+01
   818    0.1181599204E+01
   819    0.1305142911E+01
   820    0.1233497139E+01
   821    0.1151323670E+01
   822    0.6278720593E+00
   823    0.1130630966E+01
   824    0.1321742766E+01
   825    0.1794650825E+01
   826    0.1589065205E+01
   827    0.1133042314E+01
   828    0.1688216534E+01
   829    0.1436899968E+01
   830    0.1174344124E+01
   831    0.1000145137E+01
   832    0.1451617937E+01
   833    0.1007306893E+01
   834    0.8621017439E+00
   835    0.8155547241E+00
   836    0.1001714762E+01
   837    0.1179356983E+01
   838    0.1325659332E+01
   839    0.1259034008E+01
   840    0.1508892526E+01
   841    0.1170604867E+01
   842    0.1136675946E+01
   843    0.1217902875E+01
   844    0.1086505401E+01
   845    0.9588151652E+00
   846    0.1160831410E+01
   847    0.1285984166E+01
   848    0.1547547454E+01
   849    0.1095226052E+01
   850    0.1449886029E+01
   851    0.1045591826E+01
   852    0.1004965843E+01
   853    0.1303294279E+01
   854    0.1133910287E+01
   855    0.9271949366E+00
   856    0.7415312203E+00
   857    0.1175176570E+01
   858    0.8638931433E+00
   859    0.1236594847E+01
   860    0.1118763483E+01
   861    0.8386132554E+00
   862    0.9033495061E+00
   863    0.7292555867E+00
   864    0.9089806496E+00
   865    0.9910946519E+00
   866    0.1389924130E+01
   867    0.1196223470E+01
   868    0.1047081715E+01
   869    0.7654303709E+00
   870    0.8410255236E+00
   871    0.1177941341E+01
   872    0.8666022148E+00
   873    0.1066503549E+01
   874    0.1047882262E+01
   875    0.9551256753E+00
   876    0.9002878493E+00
   877    0.9704988961E+00
   878    0.1115567954E+01
   879    0.7776375222E+00
   880    0.9857132786E+00
   881    0.8691324538E+00
   882    0.1014290539E+01
   883    0.8856960892E+00
   884    0.1037781837E+01
   885    0.1156409455E+01
   886    0.1097543085E+01
   887    0.7968474505E+00
   888    0.6908745391E+00
   889    0.9354468178E+00
   890    0.8890407300E+00
   891    0.6618526600E+00
   892    0.6559613238E+00
   893    0.8479973550E+00
   894    0.8021123024E+00
   895    0.1019819509E+01
   896    0.1008273177E+01
   897    0.9270255174E+00
   898    0.6554733436E+00
   899    0.1010641026E+01
   900    0.9174683995E+00
   901    0.8821323892E+00
   902    0.1160339414E+01
   903    0.6475269569E+00
   904    0.7785823556E+00
   905    0.8487879870E+00
   906    0.7939140980E+00
   907    0.9264585246E+00
   908    0.8879465643E+00
   909    0.8490713759E+00
   910    0.7178989415E+00
   911    0.1102034035E+01
   912    0.8776022806E+00
   913    0.8163738153E+00
   914    0.7899781038E+00
   915    0.8878142120E+00
   916    0.1103762459E+01
   917    0.6837298617E+00
   918    0.7490385781E+00
   919    0.9189892746E+00
   920    0.9263055573E+00
   921    0.8780387337E+00
   922    0.9950882471E+00
   923    0.7928401681E+00
   924    0.8017715126E+00
   925    0.9833176649E+00
   926    0.9617472132E+00
   927    0.1095798005E+01
   928    0.1017884185E+01
   929    0.8331334920E+00
   930    0.9684045042E+00
   931    0.1238788516E+01
   932    0.9727327318E+00
   933    0.1087658668E+01
   934    0.8240424836E+00
   935    0.7640781363E+00
   936    0.7839149814E+00
   937    0.1011094722E+01
   938    0.8779500918E+00
   939    0.8276870795E+00
   940    0.8668012017E+00
   941    0.9730634831E+00
   942    0.8879638361E+00
   943    0.9620658581E+00
   944    0.9209840363E+00
   945    0.8866545292E+00
   946    0.1066999076E+01
   947    0.1068441613E+01
   948    0.8878881371E+00
   949    0.7250016921E+00
   950    0.7243845449E+00
   951    0.8421026574E+00
   952    0.1164222357E+01
   953    0.1043925264E+01
   954    0.9256226398E+00
   955    0.8499104063E+00
   956    0.7806431193E+00
   957    0.9783267681E+00
   958    0.1052121112E+01
   959    0.9620568096E+00
   960    0.1057566085E+01
   961    0.1263044245E+01
   962    0.1049407666E+01
   963    0.8550011991E+00
   964    0.1010703498E+01
   965    0.1102602765E+01
   966    0.1099175451E+01
   967    0.9722533150E+00
   968    0.1056925249E+01
   969    0.1132773488E+01
   970    0.1078521615E+01
   971    0.1128127754E+01
   972    0.1131417507E+01
   973    0.1064641199E+01
   974    0.9795630375E+00
   975    0.1050911535E+01
   976    0.1133711133E+01
   977    0.1043295892E+01
   978    0.9435420329E+00
   979    0.9140213203E+00
   980    0.9227304898E+00
   981    0.9122734860E+00
   982    0.8794256200E+00
   983    0.9013703477E+00
   984    0.9294907179E+00
   985    0.9567767157E+00
   986    0.9517397617E+00
   987    0.9474826100E+00
   988    0.9925164710E+00
   989    0.1060943041E+01
   990    0.1065667832E+01
   991    0.1056664390E+01
   992    0.1091003682E+01
   993    0.1055108674E+01
   994    0.9651007745E+00
   995    0.9713669483E+00
   996    0.1055796945E+01
   997    0.1148920878E+01
   998    0.1205369153E+01
   999    0.1203453551E+01
  1000    0.1002805036E+01
  1001    0.9927399291E+00
  1002    0.9287140772E+00
  1003    0.8809645373E+00
  1004    0.1028261324E+01
  1005    0.9921505769E+00
  1006    0.9898691450E+00
  1007    0.1011708503E+01
  1008    0.1182751801E+01
  1009    0.1210983093E+01
  1010    0.1034730136E+01
  1011    0.1053619576E+01
  1012    0.1068222452E+01
  1013    0.1151843935E+01
  1014    0.1257466851E+01
  1015    0.1277622139E+01
  1016    0.1161006457E+01
  1017    0.1096732596E+01
  1018    0.1104523893E+01
  1019    0.1069008653E+01
  1020    0.1010127281E+01
  1021    0.9957007692E+00
  1022    0.1065792489E+01
  1023    0.8997285463E+00
  1024    0.9369867598E+00
  1025    0.9831706955E+00
  1026    0.1123621309E+01
  1027    0.1068895724E+01
  1028    0.1046218506E+01
  1029    0.1119691532E+01
  1030    0.1178360631E+01
  1031    0.1110208500E+01
  1032    0.9862133448E+00
  1033    0.9258243120E+00
  1034    0.9529723800E+00
  1035    0.9954676698E+00
  1036    0.9974967675E+00
  1037    0.1023395729E+01
  1038    0.1045820610E+01
  1039    0.1040749324E+01
  1040    0.1064289182E+01
  1041    0.1056960762E+01
  1042    0.1000646761E+01
  1043    0.9887018890E+00
  1044    0.1038569552E+01
  1045    0.1049795384E+01
  1046    0.1005471881E+01
  1047    0.9739942139E+00
  1048    0.9750216012E+00
  1049    0.9768852101E+00
  1050    0.9726873754E+00
  1051    0.9980217076E+00
  1052    0.1023172888E+01
  1053    0.9904137418E+00
  1054    0.9664223255E+00
  1055    0.1001743113E+01
  1056    0.1081449027E+01
  1057    0.1099153021E+01
  1058    0.9964635017E+00
  1059    0.9024538203E+00
  1060    0.8545149967E+00
  1061    0.8295341884E+00
  1062    0.8391647935E+00
  1063    0.8627205442E+00
  1064    0.8860574281E+00
  1065    0.9137601119E+00
  1066    0.9388444599E+00
  1067    0.9573874077E+00
  1068    0.9609662573E+00
  1069    0.9242818392E+00
  1070    0.8899578787E+00
  1071    0.8941350369E+00
  1072    0.9126169293E+00
  1073    0.8997657992E+00
  1074    0.8796643435E+00
  1075    0.8897159039E+00
  1076    0.9298345863E+00
  1077    0.9260554644E+00
  1078    0.8714453510E+00
  1079    0.8305723014E+00
  1080    0.8416923371E+00
  1081    0.8489951450E+00
  1082    0.8369487823E+00
  1083    0.8440618161E+00
  1084    0.9089789925E+00
  1085    0.9675946904E+00
  1086    0.9434127186E+00
  1087    0.8717197511E+00
  1088    0.8475617449E+00
  1089    0.8592992956E+00
  1090    0.8799032332E+00
  1091    0.9110276248E+00
  1092    0.9822939977E+00
  1093    0.1075489822E+01
  1094    0.1132823374E+01
  1095    0.1091299799E+01
  1096    0.9597510037E+00
  1097    0.8727374795E+00
  1098    0.8846228204E+00
  1099    0.9269449139E+00
  1100    0.9539927822E+00
  1101    0.9583343312E+00
  1102    0.9264796481E+00
  1103    0.8947654352E+00
  1104    0.8949603699E+00
  1105    0.9217411140E+00
  1106    0.9721497987E+00
  1107    0.1024311578E+01
  1108    0.1028058636E+01
  1109    0.9932967124E+00
  1110    0.9960460333E+00
  1111    0.1054130659E+01
  1112    0.1047410941E+01
  1113    0.9715144489E+00
  1114    0.9705644814E+00
  1115    0.1057219717E+01
  1116    0.1134919107E+01
  1117    0.1122214572E+01
  1118    0.1072551357E+01
  1119    0.1020257856E+01
  1120    0.9780456170E+00
  1121    0.9411166478E+00
  1122    0.9423114707E+00
  1123    0.9975861210E+00
  1124    0.1040629412E+01
  1125    0.1046565127E+01
  1126    0.1109881559E+01
  1127    0.1184418391E+01
  1128    0.1134190765E+01
  1129    0.1018226500E+01
  1130    0.9516661431E+00
  1131    0.9388819654E+00
  1132    0.9139797997E+00
  1133    0.8763030652E+00
  1134    0.8826694018E+00
  1135    0.9211995534E+00
  1136    0.9590802304E+00
  1137    0.9922967444E+00
  1138    0.1025312467E+01
  1139    0.1034472442E+01
  1140    0.1010386423E+01
  1141    0.9661217893E+00
  1142    0.9162183654E+00
  1143    0.8910006219E+00
  1144    0.8819217500E+00
  1145    0.8761698654E+00
  1146    0.8830194350E+00
  1147    0.8990933895E+00
  1148    0.9233252545E+00
  1149    0.9491903268E+00
  1150    0.9665972849E+00
  1151    0.9742699194E+00
  1152    0.9733187582E+00
  1153    0.9596909708E+00
  1154    0.9403483738E+00
  1155    0.9427931107E+00
  1156    0.9461834431E+00
  1157    0.9442568903E+00
  1158    0.9436211223E+00
  1159    0.9577764358E+00
  1160    0.9916077956E+00
  1161    0.1045448963E+01
  1162    0.1102988136E+01
  1163    0.1110426904E+01
  1164    0.1063943579E+01
  1165    0.1005188323E+01
  1166    0.9717021064E+00
  1167    0.9898412517E+00
  1168    0.1044810577E+01
  1169    0.1093197672E+01
  1170    0.1092092867E+01
  1171    0.1047442914E+01
  1172    0.1015396585E+01
  1173    0.1015948551E+01
  1174    0.1048490650E+01
  1175    0.1113064620E+01
  1176    0.1195276181E+01
  1177    0.1215437742E+01
  1178    0.1179861302E+01
  1179    0.1187105330E+01
  1180    0.1166690490E+01
  1181    0.1111125333E+01
  1182    0.1082802223E+01
  1183    0.1125661662E+01
  1184    0.1132740197E+01
  1185    0.1080399811E+01
  1186    0.1039514342E+01
  1187    0.1038271563E+01
  1188    0.1055724372E+01
  1189    0.1064324689E+01
  1190    0.1041109994E+01
  1191    0.9984460196E+00
  1192    0.9831810128E+00
  1193    0.1003658399E+01
  1194    0.1023492200E+01
  1195    0.1024205915E+01
  1196    0.1023716824E+01
  1197    0.1028325030E+01
  1198    0.1032763956E+01
  1199    0.1028495810E+01
  1200    0.1015964700E+01
  1201    0.1002610249E+01
  1202    0.9773664729E+00
  1203    0.9532444792E+00
  1204    0.9531799733E+00
  1205    0.9765656006E+00
  1206    0.1022012736E+01
  1207    0.1074986023E+01
  1208    0.1087333037E+01
  1209    0.1033525857E+01
  1210    0.9819914536E+00
  1211    0.9552125878E+00
  1212    0.9433788100E+00
  1213    0.9435830529E+00
  1214    0.9555981827E+00
  1215    0.9772039582E+00
  1216    0.9981398477E+00
  1217    0.1000795441E+01
  1218    0.9873814577E+00
  1219    0.9877398670E+00
  1220    0.1007787414E+01
  1221    0.1017480351E+01
  1222    0.9966733381E+00
  1223    0.9815569259E+00
  1224    0.1000663082E+01
  1225    0.1017068272E+01
  1226    0.9973006744E+00
  1227    0.9760034812E+00
  1228    0.9727560457E+00
  1229    0.9665005921E+00
  1230    0.9564052072E+00
  1231    0.9569338834E+00
  1232    0.9675475799E+00
  1233    0.9864207526E+00
  1234    0.1010174690E+01
  1235    0.1025889913E+01
  1236    0.1016494171E+01
  1237    0.9974342612E+00
  1238    0.9941326243E+00
  1239    0.1000101719E+01
  1240    0.1004248252E+01
  1241    0.1004298819E+01
  1242    0.9985965166E+00
  1243    0.9913216524E+00
  1244    0.9964070287E+00
  1245    0.1007574230E+01
  1246    0.1001588407E+01
  1247    0.9833437550E+00
  1248    0.9793084019E+00
  1249    0.9936589596E+00
  1250    0.1012465514E+01
  1251    0.1018623497E+01
  1252    0.1011828352E+01
  1253    0.1004535378E+01
  1254    0.9988560020E+00
  1255    0.9946674530E+00
  1256    0.9926891086E+00
  1257    0.9921083047E+00
  1258    0.9928180227E+00
  1259    0.9892952214E+00
  1260    0.9836372469E+00
  1261    0.9854339802E+00
  1262    0.9985694081E+00
  1263    0.1010308274E+01
  1264    0.1007869949E+01
  1265    0.1004436453E+01
  1266    0.1009041607E+01
  1267    0.1014479524E+01
  1268    0.1010958446E+01
  1269    0.1000274544E+01
  1270    0.9954368975E+00
  1271    0.9974831517E+00
  1272    0.9981286381E+00
  1273    0.9926301497E+00
  1274    0.9923025849E+00
  1275    0.1003912304E+01
  1276    0.1017879533E+01
  1277    0.1019818427E+01
  1278    0.1010744998E+01
  1279    0.1003854386E+01
  1280    0.1004649091E+01
  1281    0.1005555162E+01
  1282    0.1004865153E+01
  1283    0.1006142878E+01
  1284    0.1004449752E+01
  1285    0.9977706843E+00
  1286    0.9953206324E+00
  1287    0.1001862049E+01
  1288    0.1007848464E+01
  1289    0.1007910724E+01
  1290    0.1006633249E+01
  1291    0.1004232307E+01
  1292    0.9989470460E+00
  1293    0.9931173748E+00
  1294    0.9905186197E+00
  1295    0.9936355681E+00
  1296    0.9995282444E+00
  1297    0.1004802821E+01
  1298    0.1004338193E+01
  1299    0.9984368714E+00
  1300    0.9971526966E+00
  1301    0.1003432554E+01
  1302    0.1009521756E+01
  1303    0.1011431265E+01
  1304    0.1008834299E+01
  1305    0.1004622494E+01
  1306    0.1002969686E+01
  1307    0.1004559374E+01
  1308    0.1009057482E+01
  1309    0.1010966192E+01
  1310    0.1006333794E+01
  1311    0.1001327222E+01
  1312    0.1003409450E+01
  1313    0.1010304205E+01
  1314    0.1013275396E+01
  1315    0.1011085924E+01
  1316    0.1009361350E+01
  1317    0.1008192297E+01
  1318    0.1004795236E+01
  1319    0.1003286417E+01
  1320    0.1005651244E+01
  1321    0.1008390528E+01
  1322    0.1008762709E+01
  1323    0.1007972849E+01
  1324    0.1007511677E+01
  1325    0.1006966638E+01
  1326    0.1006564840E+01
  1327    0.1008149442E+01
  1328    0.1010592532E+01
  1329    0.1011495292E+01
  1330    0.1010342170E+01
  1331    0.1007247586E+01
  1332    0.1004308739E+01
  1333    0.1004290332E+01
  1334    0.1007160717E+01
  1335    0.1010202136E+01
  1336    0.1011537800E+01
  1337    0.1010549339E+01
  1338    0.1009101820E+01
  1339    0.1009245360E+01
  1340    0.1009603894E+01
  1341    0.1009677605E+01
  1342    0.1010280291E+01
  1343    0.1010958869E+01
  1344    0.1009706166E+01
  1345    0.1007383341E+01
  1346    0.1006482707E+01
  1347    0.1007397436E+01
  1348    0.1008515128E+01
  1349    0.1009028133E+01
  1350    0.1009137987E+01
  1351    0.1008174092E+01
  1352    0.1006378729E+01
  1353    0.1004945253E+01
  1354    0.1004455427E+01
  1355    0.1004625451E+01
  1356    0.1004217765E+01
  1357    0.1002661842E+01
  1358    0.1001656372E+01
  1359    0.1001431717E+01
  1360    0.1001084406E+01
  1361    0.1000505782E+01
  1362    0.1000154994E+01
  1363    0.1000039279E+01
  1364    0.1000009819E+01
  1365    0.1000002455E+01
  1366    0.1000000614E+01
  1367    0.1000000153E+01
  1368    0.1000000038E+01
  1369    0.1000000010E+01
  1370    0.1000000002E+01
  1371    0.1000000001E+01
  1372    0.1000000000E+01
  1373    0.1000000000E+01
  1374    0.1000000000E+01
  1375    0.1000000000E+01
  1376    0.1000000000E+01
  1377    0.1000000000E+01
  1378    0.1000000000E+01
  1379    0.1000000000E+01
  1380    0.1000000000E+01
  1381    0.1000000000E+01
  1382    0.1000000000E+01
  1383    0.1000000000E+01
  1384    0.1000000000E+01
  1385    0.1000000000E+01
  1386    0.1000000000E+01
  1387    0.1000000000E+01
  1388    0.1000000000E+01
  1389    0.1000000000E+01
  1390    0.1000000000E+01
  1391    0.1000000000E+01
  1392    0.1000000000E+01
  1393    0.1000000000E+01
  1394    0.1000000000E+01
  1395    0.1000000000E+01
  1396    0.1000000000E+01
  1397    0.1000000000E+01
  1398    0.1000000000E+01
  1399    0.1000000000E+01
  1400    0.1000000000E+01
  1401    0.1000000000E+01
  1402    0.1000000000E+01
  1403    0.1000000000E+01
  1404    0.1000000000E+01
  1405    0.1000000000E+01
  1406    0.1000000000E+01
  1407    0.1000000000E+01
  1408    0.1000000000E+01
  1409    0.1000000000E+01
  1410    0.1000000000E+01
  1411    0.1000000000E+01
  1412    0.1000000000E+01
  1413    0.1000000000E+01
  1414    0.1000000000E+01
  1415    0.1000000000E+01
  1416    0.1000000000E+01
  1417    0.1000000000E+01
  1418    0.1000000000E+01
  1419    0.1000000000E+01
  1420    0.1000000000E+01
  1421    0.1000000000E+01
  1422    0.1000000000E+01
  1423    0.1000000000E+01
  1424    0.1000000000E+01
  1425    0.1000000000E+01
  1426    0.1000000000E+01
  1427    0.1000000000E+01
  1428    0.1000000000E+01
  1429    0.1000000000E+01
  1430    0.1000000000E+01
  1431    0.1000000000E+01
  1432    0.1000000000E+01
  1433    0.1000000000E+01
  1434    0.1000000000E+01
  1435    0.1000000000E+01
  1436    0.1000000000E+01
  1437    0.1000000000E+01
  1438    0.1000000000E+01
  1439    0.1000000000E+01
  1440    0.1000000000E+01
  1441    0.1000000000E+01
  1442    0.1000000000E+01
  1443    0.1000000000E+01
  1444    0.1000000000E+01
  1445    0.1000000000E+01
  1446    0.1000000000E+01
  1447    0.1000000000E+01
  1448    0.1000000000E+01
  1449    0.1000000000E+01
  1450    0.1000000000E+01
  1451    0.1000000000E+01
  1452    0.1000000000E+01
  1453    0.1000000000E+01
  1454    0.1000000000E+01
  1455    0.1000000000E+01
  1456    0.1000000000E+01
  1457    0.1000000000E+01
  1458    0.1000000000E+01
  1459    0.1000000000E+01
  1460    0.1000000000E+01
  1461    0.1000000000E+01
  1462    0.1000000000E+01
  1463    0.1000000000E+01
  1464    0.1000000000E+01
  1465    0.1000000000E+01
  1466    0.1000000000E+01
  1467    0.1000000000E+01
  1468    0.1000000000E+01
  1469    0.1000000000E+01
  1470    0.1000000000E+01
  1471    0.1000000000E+01
  1472    0.1000000000E+01
  1473    0.1000000000E+01
  1474    0.1000000000E+01
  1475    0.1000000000E+01
  1476    0.1000000000E+01
  1477    0.1000000000E+01
  1478    0.1000000000E+01
  1479    0.1000000000E+01
  1480    0.1000000000E+01
  1481    0.1000000000E+01
  1482    0.1000000000E+01
  1483    0.1000000000E+01
  1484    0.1000000000E+01
  1485    0.1000000000E+01
  1486    0.1000000000E+01
  1487    0.1000000000E+01
  1488    0.1000000000E+01
  1489    0.1000000000E+01
  1490    0.1000000000E+01
  1491    0.1000000000E+01
  1492    0.1000000000E+01
  1493    0.1000000000E+01
  1494    0.1000000000E+01
  1495    0.1000000000E+01
  1496    0.1000000000E+01
  1497    0.1000000000E+01
  1498    0.1000000000E+01
  1499    0.1000000000E+01
  1500    0.8337500000E+00
  1501    0.1662500000E+00
  1502    0.0000000000E+00
