    -1    0.1273649145E+00
     0    0.5900664774E+00
     1    0.7647689736E+00
     2    0.7771812079E+00
     3    0.4446780949E+00
     4    0.6538568299E+00
     5    0.5359427063E+00
     6    0.7751780890E+00
     7    0.5067392631E+00
     8    0.6978109238E+00
     9    0.6900727370E+00
    10    0.5058079883E+00
    11    0.9260530268E+00
    12    0.5731076517E+00
    13    0.4848766590E+00
    14    0.5061066370E+00
    15    0.5459409543E+00
    16    0.5788998246E+00
    17    0.7152698164E+00
    18    0.7477186580E+00
    19    0.5138537443E+00
    20    0.6329261744E+00
    21    0.3990913175E+00
    22    0.4233690621E+00
    23    0.4664211508E+00
    24    0.6438004800E+00
    25    0.7039168898E+00
    26    0.5772652180E+00
    27    0.6388737037E+00
    28    0.4013768065E+00
    29    0.3957429903E+00
    30    0.4436629832E+00
    31    0.4837584364E+00
    32    0.5380981013E+00
    33    0.5562950151E+00
    34    0.5504331495E+00
    35    0.5687630717E+00
    36    0.4824560165E+00
    37    0.4885774734E+00
    38    0.6088302251E+00
    39    0.4547458682E+00
    40    0.6070246084E+00
    41    0.4144624156E+00
    42    0.4052092099E+00
    43    0.5321929436E+00
    44    0.7283406744E+00
    45    0.7953403041E+00
    46    0.5887875808E+00
    47    0.4480888815E+00
    48    0.4701637795E+00
    49    0.4889705180E+00
    50    0.2099892206E+00
    51    0.5342570286E+00
    52    0.5321536279E+00
    53    0.4843026155E+00
    54    0.4680949802E+00
    55    0.6160199761E+00
    56    0.6453766690E+00
    57    0.6102853272E+00
    58    0.5165184220E+00
    59    0.5124860004E+00
    60    0.5149033070E+00
    61    0.3995021033E+00
    62    0.5084411354E+00
    63    0.5642478418E+00
    64    0.4068169020E+00
    65    0.4010276412E+00
    66    0.6621925439E+00
    67    0.6884298076E+00
    68    0.8121054812E+00
    69    0.5417034821E+00
    70    0.2496307955E+00
    71    0.4314098108E+00
    72    0.5801815580E+00
    73    0.4586091305E+00
    74    0.3243912425E+00
    75    0.5687961047E+00
    76    0.5688088840E+00
    77    0.5930690194E+00
    78    0.5504604317E+00
    79    0.7266696765E+00
    80    0.8929170126E+00
    81    0.5385333554E+00
    82    0.4824032929E+00
    83    0.7459744434E+00
    84    0.4716275095E+00
    85    0.5054068484E+00
    86    0.9043680775E+00
    87    0.9547741793E+00
    88    0.4210296404E+00
    89    0.4974424626E+00
    90    0.4294421258E+00
    91    0.7021119994E+00
    92    0.5554070250E+00
    93    0.4005825619E+00
    94    0.8080652131E+00
    95    0.1158408315E+01
    96    0.1072557841E+01
    97    0.8416714345E+00
    98    0.5492523803E+00
    99    0.5963031089E+00
   100    0.4325124141E+00
   101    0.6315721674E+00
   102    0.9578394404E+00
   103    0.1138298408E+01
   104    0.1250142368E+01
   105    0.8962402229E+00
   106    0.7292206107E+00
   107    0.1136327001E+01
   108    0.1474549260E+01
   109    0.1506744457E+01
   110    0.1012700739E+01
   111    0.9031179877E+00
   112    0.9931427313E+00
   113    0.1341455507E+01
   114    0.1083835388E+01
   115    0.1021678495E+01
   116    0.9065903180E+00
   117    0.1082657797E+01
   118    0.1616138601E+01
   119    0.1286877712E+01
   120    0.1401544877E+01
   121    0.1416445819E+01
   122    0.1654697949E+01
   123    0.2004719511E+01
   124    0.1696487169E+01
   125    0.1360820207E+01
   126    0.1824589688E+01
   127    0.1834003592E+01
   128    0.1833807153E+01
   129    0.1818482565E+01
   130    0.2031590796E+01
   131    0.1945980381E+01
   132    0.1708400895E+01
   133    0.1687333580E+01
   134    0.2171671964E+01
   135    0.2660783722E+01
   136    0.1903149901E+01
   137    0.2065225224E+01
   138    0.1775702480E+01
   139    0.1870431792E+01
   140    0.2256064662E+01
   141    0.1867508684E+01
   142    0.1796471480E+01
   143    0.2297101059E+01
   144    0.1655825269E+01
   145    0.1526139934E+01
   146    0.1476458655E+01
   147    0.1521606442E+01
   148    0.1931618844E+01
   149    0.1629089970E+01
   150    0.1180614471E+01
   151    0.9136608577E+00
   152    0.1287551216E+01
   153    0.1124177223E+01
   154    0.9667842742E+00
   155    0.8925438700E+00
   156    0.9968443094E+00
   157    0.1117491176E+01
   158    0.1035309361E+01
   159    0.9839117767E+00
   160    0.8389809653E+00
   161    0.7190185216E+00
   162    0.5287695357E+00
   163    0.7607505080E+00
   164    0.1100143139E+01
   165    0.6879656165E+00
   166    0.5663912120E+00
   167    0.6068031865E+00
   168    0.7071379575E+00
   169    0.8379524048E+00
   170    0.9007331562E+00
   171    0.7995459476E+00
   172    0.6275187155E+00
   173    0.6341446044E+00
   174    0.6865787340E+00
   175    0.7265668583E+00
   176    0.6852229854E+00
   177    0.6938126896E+00
   178    0.5629855694E+00
   179    0.8531437061E+00
   180    0.6320607666E+00
   181    0.6509399387E+00
   182    0.4398023211E+00
   183    0.4896926473E+00
   184    0.5697686701E+00
   185    0.7461673611E+00
   186    0.6163138272E+00
   187    0.4958946703E+00
   188    0.3990158891E+00
   189    0.5575834534E+00
   190    0.6874074810E+00
   191    0.5045243548E+00
   192    0.7138462873E+00
   193    0.6919134673E+00
   194    0.5979049203E+00
   195    0.4967970714E+00
   196    0.4324090973E+00
   197    0.5734746118E+00
   198    0.6236347276E+00
   199    0.3868764702E+00
   200    0.3756640439E+00
   201    0.5461430139E+00
   202    0.4997357547E+00
   203    0.5195320723E+00
   204    0.5842247302E+00
   205    0.5631716599E+00
   206    0.6046564172E+00
   207    0.6137083740E+00
   208    0.5266666998E+00
   209    0.4964529866E+00
   210    0.5617468197E+00
   211    0.3567620211E+00
   212    0.4568007919E+00
   213    0.6077862842E+00
   214    0.5319460846E+00
   215    0.4254337601E+00
   216    0.6098850985E+00
   217    0.6045249388E+00
   218    0.2441897101E+00
   219    0.4345931344E+00
   220    0.4403020562E+00
   221    0.3432172928E+00
   222    0.5141642646E+00
   223    0.5842764100E+00
   224    0.6776972671E+00
   225    0.5237600739E+00
   226    0.4289836619E+00
   227    0.2984845942E+00
   228    0.3837287276E+00
   229    0.5351549449E+00
   230    0.5483126583E+00
   231    0.5371516451E+00
   232    0.4432602996E+00
   233    0.4029180780E+00
   234    0.4936365150E+00
   235    0.3931883173E+00
   236    0.4734364629E+00
   237    0.5674789191E+00
   238    0.5965332014E+00
   239    0.4185771232E+00
   240    0.3173066663E+00
   241    0.5914410647E+00
   242    0.6688277111E+00
   243    0.7021094341E+00
   244    0.5067286632E+00
   245    0.3674210800E+00
   246    0.6355567040E+00
   247    0.7262705750E+00
   248    0.7314559955E+00
   249    0.4725816774E+00
   250    0.3873056251E+00
   251    0.5600002075E+00
   252    0.7666103433E+00
   253    0.6779871838E+00
   254    0.7606271232E+00
   255    0.4618298843E+00
   256    0.5449424946E+00
   257    0.6845037624E+00
   258    0.8238954187E+00
   259    0.7155256530E+00
   260    0.7509640606E+00
   261    0.8674900104E+00
   262    0.6296372126E+00
   263    0.6846799061E+00
   264    0.6663964443E+00
   265    0.4966392983E+00
   266    0.9890771690E+00
   267    0.9094071729E+00
   268    0.7005610797E+00
   269    0.6065636636E+00
   270    0.6993992499E+00
   271    0.8426941657E+00
   272    0.7480241009E+00
   273    0.1161695416E+01
   274    0.1214544737E+01
   275    0.1045227097E+01
   276    0.9791412884E+00
   277    0.7964004655E+00
   278    0.8191494963E+00
   279    0.7639379592E+00
   280    0.9908248307E+00
   281    0.1471320445E+01
   282    0.1162853396E+01
   283    0.1522402613E+01
   284    0.1517703231E+01
   285    0.1247736921E+01
   286    0.8409363077E+00
   287    0.8825033412E+00
   288    0.1197666617E+01
   289    0.1075002003E+01
   290    0.1528699099E+01
   291    0.1528245077E+01
   292    0.1897124975E+01
   293    0.1767026888E+01
   294    0.1770215997E+01
   295    0.1282930125E+01
   296    0.1732873896E+01
   297    0.1945094552E+01
   298    0.1806174978E+01
   299    0.2040500232E+01
   300    0.1829379140E+01
   301    0.1804958664E+01
   302    0.1591241649E+01
   303    0.2433619057E+01
   304    0.2514084607E+01
   305    0.2033739465E+01
   306    0.2232055202E+01
   307    0.2131072583E+01
   308    0.1975353128E+01
   309    0.1896770386E+01
   310    0.1831355062E+01
   311    0.1464959431E+01
   312    0.1393782064E+01
   313    0.1330042927E+01
   314    0.1747222543E+01
   315    0.1749998940E+01
   316    0.1886779061E+01
   317    0.1634628207E+01
   318    0.1691221410E+01
   319    0.1413345071E+01
   320    0.1158979366E+01
   321    0.1226749843E+01
   322    0.1063999272E+01
   323    0.8373039590E+00
   324    0.1462884184E+01
   325    0.1149905598E+01
   326    0.6972703994E+00
   327    0.9074298727E+00
   328    0.9986736792E+00
   329    0.1014904728E+01
   330    0.1255540285E+01
   331    0.1137540914E+01
   332    0.7381509797E+00
   333    0.6529619194E+00
   334    0.8917412380E+00
   335    0.9386857390E+00
   336    0.6102949867E+00
   337    0.8381744961E+00
   338    0.9333980682E+00
   339    0.6532423477E+00
   340    0.5957801656E+00
   341    0.9594595554E+00
   342    0.7819148216E+00
   343    0.7480425428E+00
   344    0.6629157448E+00
   345    0.4928071510E+00
   346    0.8026802475E+00
   347    0.9175688624E+00
   348    0.6712111742E+00
   349    0.9021871298E+00
   350    0.3799649635E+00
   351    0.4534870300E+00
   352    0.5401050813E+00
   353    0.8707821469E+00
   354    0.6958301030E+00
   355    0.5302230792E+00
   356    0.7310085086E+00
   357    0.4645047207E+00
   358    0.5226245326E+00
   359    0.4599020702E+00
   360    0.5099174500E+00
   361    0.7473896359E+00
   362    0.5709782675E+00
   363    0.6153152387E+00
   364    0.5932954802E+00
   365    0.6452628291E+00
   366    0.4549520289E+00
   367    0.2803296988E+00
   368    0.5040122332E+00
   369    0.5421127259E+00
   370    0.3115457120E+00
   371    0.5352160677E+00
   372    0.8123673311E+00
   373    0.5997668883E+00
   374    0.2071936215E+00
   375    0.4882740008E+00
   376    0.6137854818E+00
   377    0.6040251911E+00
   378    0.4057178591E+00
   379    0.4165467668E+00
   380    0.5118955560E+00
   381    0.6304565421E+00
   382    0.3179596442E+00
   383    0.2875311782E+00
   384    0.5015670584E+00
   385    0.5426863452E+00
   386    0.4831960149E+00
   387    0.3996648427E+00
   388    0.4413490128E+00
   389    0.7700300970E+00
   390    0.5077891363E+00
   391    0.5024935392E+00
   392    0.5176264252E+00
   393    0.4388905388E+00
   394    0.5153284172E+00
   395    0.3956970843E+00
   396    0.4753300108E+00
   397    0.3279696417E+00
   398    0.4414286694E+00
   399    0.3995353412E+00
   400    0.5369044841E+00
   401    0.7942019549E+00
   402    0.4802828048E+00
   403    0.4887369974E+00
   404    0.5776223040E+00
   405    0.5262005350E+00
   406    0.6732897450E+00
   407    0.4177484191E+00
   408    0.4589593473E+00
   409    0.4802363997E+00
   410    0.7567291425E+00
   411    0.4519911045E+00
   412    0.5085596530E+00
   413    0.5199915279E+00
   414    0.6311743791E+00
   415    0.6520320915E+00
   416    0.5555110204E+00
   417    0.5328144369E+00
   418    0.3453542672E+00
   419    0.4639217505E+00
   420    0.7406007046E+00
   421    0.7413532801E+00
   422    0.5523038944E+00
   423    0.4932758268E+00
   424    0.4905756982E+00
   425    0.5726400773E+00
   426    0.6278300513E+00
   427    0.8581832953E+00
   428    0.8793452155E+00
   429    0.7422686997E+00
   430    0.4510312432E+00
   431    0.7473535187E+00
   432    0.4993021485E+00
   433    0.5779622662E+00
   434    0.8510387416E+00
   435    0.6843782335E+00
   436    0.5943341623E+00
   437    0.5704680514E+00
   438    0.1151635459E+01
   439    0.9296549660E+00
   440    0.6688330949E+00
   441    0.7609529115E+00
   442    0.7933081108E+00
   443    0.6327090892E+00
   444    0.5599913305E+00
   445    0.7556419644E+00
   446    0.9667881739E+00
   447    0.7231548430E+00
   448    0.8357372671E+00
   449    0.6859025896E+00
   450    0.9800431854E+00
   451    0.1327401052E+01
   452    0.9885158530E+00
   453    0.1050897997E+01
   454    0.8562335042E+00
   455    0.1055046040E+01
   456    0.1295581713E+01
   457    0.1065876346E+01
   458    0.1135146436E+01
   459    0.1438746601E+01
   460    0.1078729868E+01
   461    0.1160804415E+01
   462    0.1394418112E+01
   463    0.1347518818E+01
   464    0.1254654517E+01
   465    0.1862093699E+01
   466    0.1914050465E+01
   467    0.1894599832E+01
   468    0.1526047900E+01
   469    0.1238238889E+01
   470    0.1971984513E+01
   471    0.2510139303E+01
   472    0.2633773468E+01
   473    0.2021127595E+01
   474    0.1949626201E+01
   475    0.2312661554E+01
   476    0.2364575244E+01
   477    0.2564792932E+01
   478    0.2478477530E+01
   479    0.2070829067E+01
   480    0.1913959804E+01
   481    0.2118752025E+01
   482    0.1935391389E+01
   483    0.1898824503E+01
   484    0.1601294156E+01
   485    0.2009365290E+01
   486    0.1753988526E+01
   487    0.1337420598E+01
   488    0.1679375098E+01
   489    0.1301131115E+01
   490    0.9707525147E+00
   491    0.9857348770E+00
   492    0.1247146226E+01
   493    0.1242373232E+01
   494    0.1099189815E+01
   495    0.1149814532E+01
   496    0.1214899537E+01
   497    0.1434159737E+01
   498    0.9314405532E+00
   499    0.9782438713E+00
   500    0.1323013050E+01
   501    0.6993475741E+00
   502    0.8067139227E+00
   503    0.1085279010E+01
   504    0.7132972333E+00
   505    0.8029481266E+00
   506    0.8503734838E+00
   507    0.7182601304E+00
   508    0.6654344897E+00
   509    0.8287007506E+00
   510    0.7650437978E+00
   511    0.6331799244E+00
   512    0.8425648168E+00
   513    0.5928190019E+00
   514    0.5775300115E+00
   515    0.7639865467E+00
   516    0.7733879354E+00
   517    0.5351649499E+00
   518    0.6259249952E+00
   519    0.7289967789E+00
   520    0.4945148127E+00
   521    0.7015573705E+00
   522    0.6768814285E+00
   523    0.6889105657E+00
   524    0.3380454838E+00
   525    0.4666813878E+00
   526    0.6255610940E+00
   527    0.8272787649E+00
   528    0.4743388314E+00
   529    0.4324249248E+00
   530    0.4842371949E+00
   531    0.5706979576E+00
   532    0.7093770977E+00
   533    0.5375584732E+00
   534    0.3859931541E+00
   535    0.3942606289E+00
   536    0.7253719843E+00
   537    0.5142822957E+00
   538    0.3610022828E+00
   539    0.5172659917E+00
   540    0.5286048685E+00
   541    0.5013931743E+00
   542    0.2707980178E+00
   543    0.5114343288E+00
   544    0.6322766239E+00
   545    0.5080914121E+00
   546    0.5429764155E+00
   547    0.3706902444E+00
   548    0.5900282537E+00
   549    0.5503054229E+00
   550    0.5273224737E+00
   551    0.3924479184E+00
   552    0.4880834053E+00
   553    0.6494993632E+00
   554    0.2710525985E+00
   555    0.4440973386E+00
   556    0.6567864987E+00
   557    0.4615289483E+00
   558    0.3986499098E+00
   559    0.4180873099E+00
   560    0.3025938038E+00
   561    0.5212514922E+00
   562    0.5564899858E+00
   563    0.5750359695E+00
   564    0.5257955448E+00
   565    0.5192055889E+00
   566    0.6548081957E+00
   567    0.5002852575E+00
   568    0.4887595238E+00
   569    0.4875289493E+00
   570    0.4052410977E+00
   571    0.6300704989E+00
   572    0.7222927514E+00
   573    0.6862533148E+00
   574    0.3079905390E+00
   575    0.3921066644E+00
   576    0.5854730307E+00
   577    0.5042458319E+00
   578    0.4204047461E+00
   579    0.3888283090E+00
   580    0.5270294892E+00
   581    0.3780917279E+00
   582    0.3752331342E+00
   583    0.5186886050E+00
   584    0.3789163552E+00
   585    0.3528768370E+00
   586    0.4807873427E+00
   587    0.4993831879E+00
   588    0.6563625749E+00
   589    0.4583847576E+00
   590    0.4721331295E+00
   591    0.5885265994E+00
   592    0.3919056886E+00
   593    0.6090411197E+00
   594    0.5984070151E+00
   595    0.5119039162E+00
   596    0.6021369050E+00
   597    0.7167936473E+00
   598    0.4657557800E+00
   599    0.5956945872E+00
   600    0.7848383770E+00
   601    0.6778863484E+00
   602    0.6220693099E+00
   603    0.3005397354E+00
   604    0.6263047297E+00
   605    0.7976084034E+00
   606    0.6281934684E+00
   607    0.6302902775E+00
   608    0.6642470163E+00
   609    0.6618353568E+00
   610    0.1169329458E+01
   611    0.7654374643E+00
   612    0.8740166814E+00
   613    0.8970982657E+00
   614    0.8838644414E+00
   615    0.5152750965E+00
   616    0.4212548871E+00
   617    0.1030512848E+01
   618    0.1041788052E+01
   619    0.7864540265E+00
   620    0.7256094040E+00
   621    0.8557993062E+00
   622    0.9606405055E+00
   623    0.1040633209E+01
   624    0.9206553576E+00
   625    0.8773075186E+00
   626    0.1036869864E+01
   627    0.1419649053E+01
   628    0.1423412195E+01
   629    0.1033213176E+01
   630    0.1082688921E+01
   631    0.1523472456E+01
   632    0.1979630224E+01
   633    0.1903122987E+01
   634    0.2114799594E+01
   635    0.1565403393E+01
   636    0.1247957324E+01
   637    0.1317581009E+01
   638    0.1470271910E+01
   639    0.1624020080E+01
   640    0.1795641252E+01
   641    0.1590319089E+01
   642    0.1904722535E+01
   643    0.2284736112E+01
   644    0.2025758267E+01
   645    0.2088467135E+01
   646    0.1904901618E+01
   647    0.1832873153E+01
   648    0.1447327521E+01
   649    0.1495314600E+01
   650    0.1951747902E+01
   651    0.1949093031E+01
   652    0.1930932759E+01
   653    0.2004370654E+01
   654    0.2132935935E+01
   655    0.1469319258E+01
   656    0.1281361960E+01
   657    0.1417907950E+01
   658    0.1009799240E+01
   659    0.1039221453E+01
   660    0.1341422880E+01
   661    0.1677667304E+01
   662    0.1308681949E+01
   663    0.1298728954E+01
   664    0.1781123121E+01
   665    0.1277422711E+01
   666    0.9957757259E+00
   667    0.1292260097E+01
   668    0.8112177240E+00
   669    0.6911137927E+00
   670    0.1063849989E+01
   671    0.1111572375E+01
   672    0.1441843865E+01
   673    0.1051741225E+01
   674    0.1148988835E+01
   675    0.1165000602E+01
   676    0.1009544240E+01
   677    0.1057616361E+01
   678    0.1014823887E+01
   679    0.7060481280E+00
   680    0.7045921375E+00
   681    0.1008950488E+01
   682    0.9142580002E+00
   683    0.8881029065E+00
   684    0.6927719902E+00
   685    0.7194208737E+00
   686    0.4991675407E+00
   687    0.7390158142E+00
   688    0.9030038122E+00
   689    0.9198394901E+00
   690    0.7324343518E+00
   691    0.5335189588E+00
   692    0.7679212937E+00
   693    0.5593543632E+00
   694    0.7691626169E+00
   695    0.7412772144E+00
   696    0.6351256978E+00
   697    0.8064199057E+00
   698    0.6767352284E+00
   699    0.6088532656E+00
   700    0.6624142127E+00
   701    0.7437575923E+00
   702    0.3600926512E+00
   703    0.7430812587E+00
   704    0.6820190485E+00
   705    0.7274153452E+00
   706    0.1065559678E+01
   707    0.6615701875E+00
   708    0.5246886670E+00
   709    0.5328304698E+00
   710    0.4410130894E+00
   711    0.7311908927E+00
   712    0.7294327295E+00
   713    0.4302231409E+00
   714    0.4134592604E+00
   715    0.6643870066E+00
   716    0.8189832875E+00
   717    0.4322814625E+00
   718    0.7040598557E+00
   719    0.6288562708E+00
   720    0.6716166152E+00
   721    0.5151427905E+00
   722    0.4232072820E+00
   723    0.5760922425E+00
   724    0.5515155221E+00
   725    0.7016123960E+00
   726    0.6901113799E+00
   727    0.5226327628E+00
   728    0.7251598707E+00
   729    0.5614681128E+00
   730    0.5077865151E+00
   731    0.6341899888E+00
   732    0.7887457329E+00
   733    0.3487587237E+00
   734    0.6404543888E+00
   735    0.7020078233E+00
   736    0.6302184260E+00
   737    0.5343808524E+00
   738    0.6111424356E+00
   739    0.7283662886E+00
   740    0.5459704576E+00
   741    0.5771255382E+00
   742    0.8996914782E+00
   743    0.7699343595E+00
   744    0.4119170123E+00
   745    0.4050432536E+00
   746    0.7091767903E+00
   747    0.7067721922E+00
   748    0.6602112487E+00
   749    0.6719467003E+00
   750    0.8266754169E+00
   751    0.6903051543E+00
   752    0.7434077220E+00
   753    0.4305566984E+00
   754    0.5397889230E+00
   755    0.6826131325E+00
   756    0.5368134741E+00
   757    0.8115170100E+00
   758    0.5767468858E+00
   759    0.5502077420E+00
   760    0.7328182014E+00
   761    0.8239756959E+00
   762    0.5515230848E+00
   763    0.8591118163E+00
   764    0.7330713708E+00
   765    0.9004873719E+00
   766    0.1024179368E+01
   767    0.6686785440E+00
   768    0.7947572009E+00
   769    0.7907786461E+00
   770    0.7070760861E+00
   771    0.7948748709E+00
   772    0.8665662134E+00
   773    0.7661543595E+00
   774    0.1059179313E+01
   775    0.1329565226E+01
   776    0.1047182177E+01
   777    0.1368911491E+01
   778    0.1550133413E+01
   779    0.1351531680E+01
   780    0.9900023503E+00
   781    0.1076636098E+01
   782    0.1106235359E+01
   783    0.1001556187E+01
   784    0.1276993108E+01
   785    0.1098288718E+01
   786    0.1172321240E+01
   787    0.1425544107E+01
   788    0.1324558204E+01
   789    0.9208899814E+00
   790    0.1091643030E+01
   791    0.1368824915E+01
   792    0.1424078706E+01
   793    0.9822586803E+00
   794    0.1213540465E+01
   795    0.1207021059E+01
   796    0.1315322918E+01
   797    0.1288291941E+01
   798    0.1439226139E+01
   799    0.1207346629E+01
   800    0.1580538855E+01
   801    0.1519363278E+01
   802    0.1409989995E+01
   803    0.1372033330E+01
   804    0.1464390819E+01
   805    0.1818132980E+01
   806    0.1281422541E+01
   807    0.9857375237E+00
   808    0.1335787575E+01
   809    0.1352685123E+01
   810    0.1111064139E+01
   811    0.1357088424E+01
   812    0.1169575414E+01
   813    0.1509379292E+01
   814    0.1358764370E+01
   815    0.1155169576E+01
   816    0.1090329863E+01
   817    0.1186358189E+01
   818    0.1122847285E+01
   819    0.1025481837E+01
   820    0.1121179670E+01
   821    0.1535443104E+01
   822    0.1295825051E+01
   823    0.1437933641E+01
   824    0.1269366851E+01
   825    0.1060764883E+01
   826    0.1118830804E+01
   827    0.1285347160E+01
   828    0.1572015296E+01
   829    0.1317618844E+01
   830    0.1123375102E+01
   831    0.1039936269E+01
   832    0.1180143333E+01
   833    0.9026247095E+00
   834    0.1292862498E+01
   835    0.1122580672E+01
   836    0.1248578991E+01
   837    0.9402272614E+00
   838    0.1008119336E+01
   839    0.9912973042E+00
   840    0.1094830322E+01
   841    0.1158637043E+01
   842    0.1231309223E+01
   843    0.1177738985E+01
   844    0.8935687460E+00
   845    0.1060224113E+01
   846    0.1111791018E+01
   847    0.8928519534E+00
   848    0.9196181289E+00
   849    0.8438157459E+00
   850    0.7706614518E+00
   851    0.9756243790E+00
   852    0.9971089587E+00
   853    0.8873614226E+00
   854    0.9255963619E+00
   855    0.8764443484E+00
   856    0.8279392486E+00
   857    0.8203762085E+00
   858    0.8404019223E+00
   859    0.8825858375E+00
   860    0.9444595305E+00
   861    0.9497931516E+00
   862    0.8255460099E+00
   863    0.9127018308E+00
   864    0.7989515955E+00
   865    0.8312525356E+00
   866    0.8255873800E+00
   867    0.7640845670E+00
   868    0.7393160906E+00
   869    0.8199728486E+00
   870    0.9899664444E+00
   871    0.9332328876E+00
   872    0.7240091360E+00
   873    0.8108934192E+00
   874    0.7689832143E+00
   875    0.7478969101E+00
   876    0.7762943946E+00
   877    0.8016788056E+00
   878    0.7625532249E+00
   879    0.9390364898E+00
   880    0.9979492428E+00
   881    0.8099253499E+00
   882    0.7768455213E+00
   883    0.6935503696E+00
   884    0.9959293965E+00
   885    0.8721255475E+00
   886    0.7591257647E+00
   887    0.7687471337E+00
   888    0.8346414876E+00
   889    0.7920441985E+00
   890    0.8202407406E+00
   891    0.6776649798E+00
   892    0.7057366030E+00
   893    0.6408553498E+00
   894    0.6879932963E+00
   895    0.8627378906E+00
   896    0.1021859118E+01
   897    0.8003469799E+00
   898    0.8433320421E+00
   899    0.7457769978E+00
   900    0.7361223131E+00
   901    0.7946536513E+00
   902    0.8703482776E+00
   903    0.8767709035E+00
   904    0.7897224851E+00
   905    0.8805258134E+00
   906    0.8852940549E+00
   907    0.8848037524E+00
   908    0.8366282239E+00
   909    0.8200216006E+00
   910    0.8394238986E+00
   911    0.9166875631E+00
   912    0.9301753996E+00
   913    0.8849445944E+00
   914    0.9052821639E+00
   915    0.8693209149E+00
   916    0.8430089247E+00
   917    0.9130742664E+00
   918    0.9524673851E+00
   919    0.9185628219E+00
   920    0.9309330417E+00
   921    0.8444512116E+00
   922    0.9046644841E+00
   923    0.1015245534E+01
   924    0.9232604116E+00
   925    0.8865866230E+00
   926    0.8967658988E+00
   927    0.9733065572E+00
   928    0.1016805291E+01
   929    0.9842024428E+00
   930    0.9296884347E+00
   931    0.9246153171E+00
   932    0.9476552719E+00
   933    0.9489969421E+00
   934    0.1033029966E+01
   935    0.1091098868E+01
   936    0.1055126333E+01
   937    0.9975507068E+00
   938    0.9688635290E+00
   939    0.9538404623E+00
   940    0.9680870803E+00
   941    0.1003119243E+01
   942    0.1070937424E+01
   943    0.1122474720E+01
   944    0.1159133160E+01
   945    0.1160043263E+01
   946    0.1113631542E+01
   947    0.1044587753E+01
   948    0.1077686106E+01
   949    0.1116802701E+01
   950    0.1064504750E+01
   951    0.1048884094E+01
   952    0.1074076202E+01
   953    0.1085804658E+01
   954    0.1082308334E+01
   955    0.1119951070E+01
   956    0.1256448411E+01
   957    0.1334144300E+01
   958    0.1245878607E+01
   959    0.1144101740E+01
   960    0.1086120625E+01
   961    0.1021312218E+01
   962    0.9847503151E+00
   963    0.1009709475E+01
   964    0.1025289944E+01
   965    0.1070374695E+01
   966    0.1171212263E+01
   967    0.1201257558E+01
   968    0.1207749185E+01
   969    0.1182994701E+01
   970    0.1067249641E+01
   971    0.9726389531E+00
   972    0.9668728497E+00
   973    0.9975197033E+00
   974    0.9754561928E+00
   975    0.9573265867E+00
   976    0.9693740125E+00
   977    0.1006902814E+01
   978    0.1014203777E+01
   979    0.9859706877E+00
   980    0.9995995618E+00
   981    0.1069521070E+01
   982    0.1140548693E+01
   983    0.1187700241E+01
   984    0.1145370664E+01
   985    0.1014788735E+01
   986    0.9394818083E+00
   987    0.9570023314E+00
   988    0.9985294171E+00
   989    0.1013779436E+01
   990    0.1040372708E+01
   991    0.1083270902E+01
   992    0.1155296311E+01
   993    0.1213201520E+01
   994    0.1148129392E+01
   995    0.1009563032E+01
   996    0.9358168221E+00
   997    0.9415989498E+00
   998    0.1012472941E+01
   999    0.1091957509E+01
  1000    0.1120312407E+01
  1001    0.1153543019E+01
  1002    0.1128019415E+01
  1003    0.1060608886E+01
  1004    0.1039368955E+01
  1005    0.1047249488E+01
  1006    0.1104666529E+01
  1007    0.1139280021E+01
  1008    0.1061768496E+01
  1009    0.9591782380E+00
  1010    0.9343085404E+00
  1011    0.9937201430E+00
  1012    0.1117280598E+01
  1013    0.1170236845E+01
  1014    0.1046086078E+01
  1015    0.9565837535E+00
  1016    0.9277342344E+00
  1017    0.8978017637E+00
  1018    0.8792378779E+00
  1019    0.8556090327E+00
  1020    0.8375081518E+00
  1021    0.8517169005E+00
  1022    0.8955663753E+00
  1023    0.9679492137E+00
  1024    0.9876883966E+00
  1025    0.9528491944E+00
  1026    0.9339549727E+00
  1027    0.9284711241E+00
  1028    0.9954455602E+00
  1029    0.1110218570E+01
  1030    0.1171563885E+01
  1031    0.1122942538E+01
  1032    0.1034870230E+01
  1033    0.9524374672E+00
  1034    0.8837582274E+00
  1035    0.8406578188E+00
  1036    0.8526431848E+00
  1037    0.9356756996E+00
  1038    0.9677650707E+00
  1039    0.9434980428E+00
  1040    0.9054560818E+00
  1041    0.8792815910E+00
  1042    0.8902448576E+00
  1043    0.9239593966E+00
  1044    0.9476066477E+00
  1045    0.9564497553E+00
  1046    0.9674314470E+00
  1047    0.9463883507E+00
  1048    0.8961540335E+00
  1049    0.8847475327E+00
  1050    0.9677323958E+00
  1051    0.9931055340E+00
  1052    0.8884826916E+00
  1053    0.8325424675E+00
  1054    0.8547380054E+00
  1055    0.8789076168E+00
  1056    0.8977882700E+00
  1057    0.9259143143E+00
  1058    0.9703950289E+00
  1059    0.9937188927E+00
  1060    0.1006969658E+01
  1061    0.1046853291E+01
  1062    0.1042928676E+01
  1063    0.9734264852E+00
  1064    0.8899152718E+00
  1065    0.8536185169E+00
  1066    0.8636287049E+00
  1067    0.8953172521E+00
  1068    0.8887492472E+00
  1069    0.8560923455E+00
  1070    0.8358585360E+00
  1071    0.8354462596E+00
  1072    0.8582050299E+00
  1073    0.8921847018E+00
  1074    0.9209089855E+00
  1075    0.9454107922E+00
  1076    0.9669902438E+00
  1077    0.9865555205E+00
  1078    0.9606374232E+00
  1079    0.9204293521E+00
  1080    0.9315011547E+00
  1081    0.9420265056E+00
  1082    0.9380279445E+00
  1083    0.9397094031E+00
  1084    0.9816923779E+00
  1085    0.1050935920E+01
  1086    0.1077062677E+01
  1087    0.9999334225E+00
  1088    0.8949925333E+00
  1089    0.8882322922E+00
  1090    0.9759834897E+00
  1091    0.1137189318E+01
  1092    0.1212406534E+01
  1093    0.1045142597E+01
  1094    0.9682638079E+00
  1095    0.9434147712E+00
  1096    0.8808124621E+00
  1097    0.8725542139E+00
  1098    0.8970243206E+00
  1099    0.9213306008E+00
  1100    0.9366699980E+00
  1101    0.9587573475E+00
  1102    0.9806607430E+00
  1103    0.9714046475E+00
  1104    0.9617110451E+00
  1105    0.1008284245E+01
  1106    0.1110279461E+01
  1107    0.1166021312E+01
  1108    0.1066759146E+01
  1109    0.9223413892E+00
  1110    0.8697755762E+00
  1111    0.8626262387E+00
  1112    0.8789972418E+00
  1113    0.9402110417E+00
  1114    0.1030634740E+01
  1115    0.1041183039E+01
  1116    0.9980806620E+00
  1117    0.1002130724E+01
  1118    0.1048853278E+01
  1119    0.1072521952E+01
  1120    0.1066832283E+01
  1121    0.1035546099E+01
  1122    0.9944985267E+00
  1123    0.9577130708E+00
  1124    0.9207338605E+00
  1125    0.9078469288E+00
  1126    0.9250946101E+00
  1127    0.9514221984E+00
  1128    0.9775060626E+00
  1129    0.1003975807E+01
  1130    0.1037439119E+01
  1131    0.1067641527E+01
  1132    0.1054549427E+01
  1133    0.1012177274E+01
  1134    0.9889919377E+00
  1135    0.9862796729E+00
  1136    0.9859817390E+00
  1137    0.9933789036E+00
  1138    0.1009596578E+01
  1139    0.1027797612E+01
  1140    0.1038482099E+01
  1141    0.1035610347E+01
  1142    0.1020532622E+01
  1143    0.1001740312E+01
  1144    0.9932087571E+00
  1145    0.1009904415E+01
  1146    0.1048974810E+01
  1147    0.1087868470E+01
  1148    0.1127572637E+01
  1149    0.1135915500E+01
  1150    0.1072693865E+01
  1151    0.1019172368E+01
  1152    0.1033008440E+01
  1153    0.1075532674E+01
  1154    0.1097791625E+01
  1155    0.1103175210E+01
  1156    0.1112322554E+01
  1157    0.1107527752E+01
  1158    0.1099729197E+01
  1159    0.1106194975E+01
  1160    0.1095352883E+01
  1161    0.1053672233E+01
  1162    0.1040956736E+01
  1163    0.1093025891E+01
  1164    0.1166664399E+01
  1165    0.1185921161E+01
  1166    0.1139068826E+01
  1167    0.1074386086E+01
  1168    0.1033108956E+01
  1169    0.1010350229E+01
  1170    0.1004479218E+01
  1171    0.1023043765E+01
  1172    0.1038565477E+01
  1173    0.1025739654E+01
  1174    0.1008078322E+01
  1175    0.1017632460E+01
  1176    0.1035140987E+01
  1177    0.1038424506E+01
  1178    0.1024611043E+01
  1179    0.1002606568E+01
  1180    0.9840320461E+00
  1181    0.9746089714E+00
  1182    0.9720064566E+00
  1183    0.9772777323E+00
  1184    0.9824462764E+00
  1185    0.9782867367E+00
  1186    0.9871246346E+00
  1187    0.1013872997E+01
  1188    0.1033243399E+01
  1189    0.1028100119E+01
  1190    0.1017035719E+01
  1191    0.1014570038E+01
  1192    0.1019000577E+01
  1193    0.1005521263E+01
  1194    0.9786347432E+00
  1195    0.9617375786E+00
  1196    0.9607843951E+00
  1197    0.9705665544E+00
  1198    0.9827034655E+00
  1199    0.9900933770E+00
  1200    0.9775818519E+00
  1201    0.9610783902E+00
  1202    0.9564019302E+00
  1203    0.9607851798E+00
  1204    0.9750820479E+00
  1205    0.9906333879E+00
  1206    0.9851929716E+00
  1207    0.9701769763E+00
  1208    0.9750826863E+00
  1209    0.9977432339E+00
  1210    0.1009355706E+01
  1211    0.9981965994E+00
  1212    0.9813312565E+00
  1213    0.9730424503E+00
  1214    0.9730817730E+00
  1215    0.9828959997E+00
  1216    0.9956214285E+00
  1217    0.9972404009E+00
  1218    0.9995671619E+00
  1219    0.1008922917E+01
  1220    0.1006714118E+01
  1221    0.9924710943E+00
  1222    0.9874141973E+00
  1223    0.9915770677E+00
  1224    0.9994951275E+00
  1225    0.1009890410E+01
  1226    0.1008250536E+01
  1227    0.9993728403E+00
  1228    0.9970953222E+00
  1229    0.9897883434E+00
  1230    0.9825749225E+00
  1231    0.9912816003E+00
  1232    0.1003984965E+01
  1233    0.1004446082E+01
  1234    0.9975887237E+00
  1235    0.9949844202E+00
  1236    0.1004111611E+01
  1237    0.1018320332E+01
  1238    0.1017732516E+01
  1239    0.1004008328E+01
  1240    0.9933347489E+00
  1241    0.9830804952E+00
  1242    0.9802281441E+00
  1243    0.9920392528E+00
  1244    0.1010580145E+01
  1245    0.1023987164E+01
  1246    0.1021851293E+01
  1247    0.1008217148E+01
  1248    0.1002003370E+01
  1249    0.1007179813E+01
  1250    0.1011227092E+01
  1251    0.1001804072E+01
  1252    0.9956320719E+00
  1253    0.1001298370E+01
  1254    0.1007569463E+01
  1255    0.1010217399E+01
  1256    0.1007773072E+01
  1257    0.1008542874E+01
  1258    0.1017283520E+01
  1259    0.1023749589E+01
  1260    0.1021221555E+01
  1261    0.1013491828E+01
  1262    0.1006421958E+01
  1263    0.1000788278E+01
  1264    0.9976042350E+00
  1265    0.9988141699E+00
  1266    0.1002833102E+01
  1267    0.1009042623E+01
  1268    0.1011828968E+01
  1269    0.1004352389E+01
  1270    0.9961548806E+00
  1271    0.9941225736E+00
  1272    0.9944890923E+00
  1273    0.9957895154E+00
  1274    0.9961680829E+00
  1275    0.9950073937E+00
  1276    0.9969310187E+00
  1277    0.1002158318E+01
  1278    0.1005646689E+01
  1279    0.1008734369E+01
  1280    0.1011369770E+01
  1281    0.1008115567E+01
  1282    0.1005497171E+01
  1283    0.1007845080E+01
  1284    0.1008581500E+01
  1285    0.1006570217E+01
  1286    0.1008321257E+01
  1287    0.1011207459E+01
  1288    0.1007310874E+01
  1289    0.1001724684E+01
  1290    0.1001642717E+01
  1291    0.1006447425E+01
  1292    0.1013532180E+01
  1293    0.1016388732E+01
  1294    0.1013348828E+01
  1295    0.1008463040E+01
  1296    0.1004308455E+01
  1297    0.1003483461E+01
  1298    0.1005695138E+01
  1299    0.1007782897E+01
  1300    0.1009336825E+01
  1301    0.1009281119E+01
  1302    0.1007114166E+01
  1303    0.1006754289E+01
  1304    0.1008111227E+01
  1305    0.1008971712E+01
  1306    0.1009520648E+01
  1307    0.1009694858E+01
  1308    0.1008645624E+01
  1309    0.1006601155E+01
  1310    0.1004771440E+01
  1311    0.1004484978E+01
  1312    0.1005949077E+01
  1313    0.1008716015E+01
  1314    0.1011588764E+01
  1315    0.1012472390E+01
  1316    0.1010882052E+01
  1317    0.1009750039E+01
  1318    0.1010298841E+01
  1319    0.1010305313E+01
  1320    0.1009914124E+01
  1321    0.1009574289E+01
  1322    0.1008454314E+01
  1323    0.1006705092E+01
  1324    0.1006455210E+01
  1325    0.1007769491E+01
  1326    0.1008955963E+01
  1327    0.1008713342E+01
  1328    0.1007959733E+01
  1329    0.1007334019E+01
  1330    0.1006037556E+01
  1331    0.1004680686E+01
  1332    0.1003734213E+01
  1333    0.1003807063E+01
  1334    0.1004008386E+01
  1335    0.1002913632E+01
  1336    0.1001629132E+01
  1337    0.1001209804E+01
  1338    0.1001114108E+01
  1339    0.1000813527E+01
  1340    0.1000372541E+01
  1341    0.1000113171E+01
  1342    0.1000028522E+01
  1343    0.1000007130E+01
  1344    0.1000001783E+01
  1345    0.1000000446E+01
  1346    0.1000000111E+01
  1347    0.1000000028E+01
  1348    0.1000000007E+01
  1349    0.1000000002E+01
  1350    0.1000000000E+01
  1351    0.1000000000E+01
  1352    0.1000000000E+01
  1353    0.1000000000E+01
  1354    0.1000000000E+01
  1355    0.1000000000E+01
  1356    0.1000000000E+01
  1357    0.1000000000E+01
  1358    0.1000000000E+01
  1359    0.1000000000E+01
  1360    0.1000000000E+01
  1361    0.1000000000E+01
  1362    0.1000000000E+01
  1363    0.1000000000E+01
  1364    0.1000000000E+01
  1365    0.1000000000E+01
  1366    0.1000000000E+01
  1367    0.1000000000E+01
  1368    0.1000000000E+01
  1369    0.1000000000E+01
  1370    0.1000000000E+01
  1371    0.1000000000E+01
  1372    0.1000000000E+01
  1373    0.1000000000E+01
  1374    0.1000000000E+01
  1375    0.1000000000E+01
  1376    0.1000000000E+01
  1377    0.1000000000E+01
  1378    0.1000000000E+01
  1379    0.1000000000E+01
  1380    0.1000000000E+01
  1381    0.1000000000E+01
  1382    0.1000000000E+01
  1383    0.1000000000E+01
  1384    0.1000000000E+01
  1385    0.1000000000E+01
  1386    0.1000000000E+01
  1387    0.1000000000E+01
  1388    0.1000000000E+01
  1389    0.1000000000E+01
  1390    0.1000000000E+01
  1391    0.1000000000E+01
  1392    0.1000000000E+01
  1393    0.1000000000E+01
  1394    0.1000000000E+01
  1395    0.1000000000E+01
  1396    0.1000000000E+01
  1397    0.1000000000E+01
  1398    0.1000000000E+01
  1399    0.1000000000E+01
  1400    0.1000000000E+01
  1401    0.1000000000E+01
  1402    0.1000000000E+01
  1403    0.1000000000E+01
  1404    0.1000000000E+01
  1405    0.1000000000E+01
  1406    0.1000000000E+01
  1407    0.1000000000E+01
  1408    0.1000000000E+01
  1409    0.1000000000E+01
  1410    0.1000000000E+01
  1411    0.1000000000E+01
  1412    0.1000000000E+01
  1413    0.1000000000E+01
  1414    0.1000000000E+01
  1415    0.1000000000E+01
  1416    0.1000000000E+01
  1417    0.1000000000E+01
  1418    0.1000000000E+01
  1419    0.1000000000E+01
  1420    0.1000000000E+01
  1421    0.1000000000E+01
  1422    0.1000000000E+01
  1423    0.1000000000E+01
  1424    0.1000000000E+01
  1425    0.1000000000E+01
  1426    0.1000000000E+01
  1427    0.1000000000E+01
  1428    0.1000000000E+01
  1429    0.1000000000E+01
  1430    0.1000000000E+01
  1431    0.1000000000E+01
  1432    0.1000000000E+01
  1433    0.1000000000E+01
  1434    0.1000000000E+01
  1435    0.1000000000E+01
  1436    0.1000000000E+01
  1437    0.1000000000E+01
  1438    0.1000000000E+01
  1439    0.1000000000E+01
  1440    0.1000000000E+01
  1441    0.1000000000E+01
  1442    0.1000000000E+01
  1443    0.1000000000E+01
  1444    0.1000000000E+01
  1445    0.1000000000E+01
  1446    0.1000000000E+01
  1447    0.1000000000E+01
  1448    0.1000000000E+01
  1449    0.1000000000E+01
  1450    0.1000000000E+01
  1451    0.1000000000E+01
  1452    0.1000000000E+01
  1453    0.1000000000E+01
  1454    0.1000000000E+01
  1455    0.1000000000E+01
  1456    0.1000000000E+01
  1457    0.1000000000E+01
  1458    0.1000000000E+01
  1459    0.1000000000E+01
  1460    0.1000000000E+01
  1461    0.1000000000E+01
  1462    0.1000000000E+01
  1463    0.1000000000E+01
  1464    0.1000000000E+01
  1465    0.1000000000E+01
  1466    0.1000000000E+01
  1467    0.1000000000E+01
  1468    0.1000000000E+01
  1469    0.1000000000E+01
  1470    0.1000000000E+01
  1471    0.1000000000E+01
  1472    0.1000000000E+01
  1473    0.1000000000E+01
  1474    0.1000000000E+01
  1475    0.1000000000E+01
  1476    0.1000000000E+01
  1477    0.1000000000E+01
  1478    0.1000000000E+01
  1479    0.1000000000E+01
  1480    0.1000000000E+01
  1481    0.1000000000E+01
  1482    0.1000000000E+01
  1483    0.1000000000E+01
  1484    0.1000000000E+01
  1485    0.1000000000E+01
  1486    0.1000000000E+01
  1487    0.1000000000E+01
  1488    0.1000000000E+01
  1489    0.1000000000E+01
  1490    0.1000000000E+01
  1491    0.1000000000E+01
  1492    0.1000000000E+01
  1493    0.1000000000E+01
  1494    0.1000000000E+01
  1495    0.1000000000E+01
  1496    0.1000000000E+01
  1497    0.1000000000E+01
  1498    0.1000000000E+01
  1499    0.1000000000E+01
  1500    0.8337500000E+00
  1501    0.1662500000E+00
  1502    0.0000000000E+00
