    -1    0.0000000000E+00
     0   -0.1260975493E+02
     1   -0.1300631939E+02
     2    0.2138011322E-01
     3    0.1824431110E-01
     4   -0.3326526806E-01
     5   -0.9723654305E-01
     6    0.1665466674E+00
     7    0.1169797221E+00
     8   -0.3438304259E+00
     9    0.1366456174E-01
    10    0.3781829170E+00
    11   -0.1004709424E+00
    12   -0.7015100437E-01
    13   -0.8026459983E-01
    14    0.1170956477E+00
    15    0.8075295745E-01
    16   -0.1398871476E+00
    17    0.1600789245E+00
    18   -0.2584711491E-01
    19    0.1377113831E-01
    20   -0.2580145531E-01
    21   -0.3881633567E+00
    22    0.7240605253E+00
    23   -0.6009909180E+00
    24    0.3408983090E+00
    25    0.2130829601E+00
    26   -0.6882176997E+00
    27    0.2366456598E+00
    28    0.6492393476E+00
    29   -0.5865430765E+00
    30    0.3541560504E-01
    31   -0.2849296139E+00
    32    0.7776812313E+00
    33   -0.5520551831E+00
    34    0.3319912179E+00
    35   -0.7884639766E+00
    36    0.9032177505E+00
    37   -0.5037444770E-01
    38   -0.4937054458E+00
    39    0.5728166061E-01
    40    0.4547649618E+00
    41   -0.3838126831E+00
    42    0.2876154019E+00
    43   -0.6364839950E+00
    44    0.5011451098E+00
    45    0.2408530821E+00
    46   -0.2507204155E+00
    47   -0.4724263553E+00
    48    0.7836201019E-01
    49    0.1099977623E+01
    50   -0.1103296244E+01
    51    0.8742605838E-01
    52    0.3759043318E+00
    53   -0.2086785012E+00
    54   -0.6166520337E-01
    55    0.1216379706E+00
    56   -0.1973291458E+00
    57    0.5930434033E-01
    58    0.8420785901E-01
    59    0.3913927745E+00
    60   -0.7832420056E+00
    61    0.1175619158E+00
    62    0.3985624331E+00
    63   -0.9637747223E-01
    64    0.6397071912E-01
    65   -0.8678336001E+00
    66    0.1046686129E+01
    67   -0.4525616292E+00
    68   -0.9118287037E-01
    69    0.3922868724E+00
    70   -0.6255652021E+00
    71    0.6518649557E+00
    72   -0.8487287074E+00
    73    0.7857329121E+00
    74   -0.3569255992E+00
    75   -0.5849230540E-01
    76    0.1098503768E+00
    77   -0.2135734117E-01
    78   -0.2577528127E+00
    79    0.5670968559E+00
    80   -0.1098347951E+01
    81    0.1396297324E+01
    82   -0.1051965826E+01
    83   -0.2445725181E-01
    84    0.7097544924E+00
    85   -0.6130687590E+00
    86    0.2864074680E+00
    87   -0.1857761334E+00
    88    0.1216436360E+00
    89    0.4538139377E+00
    90   -0.1321459557E+01
    91    0.1201558080E+01
    92   -0.4644460302E+00
    93    0.3162319137E+00
    94   -0.1205285847E+01
    95    0.1597365347E+01
    96   -0.8532246091E+00
    97   -0.1035482579E+00
    98    0.2738909363E+00
    99    0.2088643256E+00
   100   -0.7329196332E+00
   101    0.8010583148E+00
   102   -0.4804907652E+00
   103    0.3153369587E+00
   104   -0.6724377954E+00
   105    0.7202588064E+00
   106    0.9470414281E-01
   107   -0.1063805503E+01
   108    0.1494026874E+01
   109   -0.8693786519E+00
   110   -0.4384194672E+00
   111    0.4776617191E+00
   112    0.4387054601E+00
   113   -0.5571736250E+00
   114    0.5656379457E+00
   115   -0.7399413273E+00
   116    0.2300321502E+00
   117    0.3694174577E+00
   118   -0.2553292521E+00
   119   -0.2575533134E+00
   120    0.6614929555E+00
   121   -0.2882821778E+00
   122   -0.3326132693E+00
   123    0.2707672481E+00
   124   -0.2479956035E+00
   125    0.7199934598E+00
   126   -0.4868817656E+00
   127    0.3952464074E+00
   128   -0.7232963979E+00
   129    0.2857686837E+00
   130    0.5203899520E-01
   131   -0.8908108463E-01
   132    0.4628949917E+00
   133   -0.6788547103E-01
   134   -0.4716447019E+00
   135    0.9161948218E+00
   136   -0.1243745327E+01
   137    0.8246748375E+00
   138   -0.2849982094E+00
   139    0.1668927853E+00
   140    0.1692528479E+00
   141   -0.3545031012E-01
   142   -0.4069876983E+00
   143    0.4118133915E+00
   144   -0.2856001934E+00
   145    0.2285529282E+00
   146   -0.6023169990E+00
   147    0.1305076007E+01
   148   -0.5700684214E+00
   149   -0.1115783658E+00
   150   -0.1094029425E+01
   151    0.1946643108E+01
   152   -0.9336401608E+00
   153    0.2038202169E+00
   154   -0.2683802548E+00
   155    0.1841948119E+00
   156   -0.4601351055E+00
   157    0.1071042726E+01
   158   -0.6866352667E+00
   159   -0.3086825713E-01
   160    0.1713926677E+00
   161    0.6924677218E+00
   162   -0.1591656469E+01
   163    0.1269959188E+01
   164   -0.2642402280E+00
   165   -0.4671271017E+00
   166    0.6958873457E+00
   167   -0.1981875334E+00
   168   -0.2147362436E+00
   169   -0.1750367638E+00
   170    0.3284951351E+00
   171    0.3085242166E+00
   172   -0.1771359593E+00
   173   -0.5859890899E+00
   174    0.5801058376E+00
   175    0.3882268448E+00
   176   -0.1151609986E+01
   177    0.1015950505E+01
   178   -0.1897304208E+00
   179   -0.7908902965E+00
   180    0.4931410321E+00
   181    0.9188239321E+00
   182   -0.1325937302E+01
   183    0.1136765335E+01
   184   -0.9954008951E+00
   185    0.1026374031E+01
   186   -0.1192481674E+01
   187    0.7914123143E+00
   188   -0.3102185785E+00
   189    0.4468609095E+00
   190   -0.5767657903E+00
   191    0.1973176018E+00
   192   -0.3000862521E+00
   193    0.9082716323E+00
   194   -0.1009059305E+01
   195    0.5862438516E+00
   196    0.9372178420E-01
   197   -0.2780493426E+00
   198   -0.4954993013E+00
   199    0.7475365636E+00
   200    0.2689511789E+00
   201   -0.7036628200E+00
   202   -0.2207805371E+00
   203    0.9375657172E+00
   204   -0.5361993697E+00
   205   -0.2221964400E+00
   206    0.3217411466E+00
   207    0.7088716469E-01
   208   -0.5223478396E+00
   209    0.3962192733E+00
   210    0.5274528576E-01
   211    0.3626757353E-01
   212   -0.7609895852E+00
   213    0.8480781999E+00
   214   -0.2568676159E+00
   215   -0.3874681823E+00
   216    0.9346957635E+00
   217   -0.6740613858E+00
   218   -0.5575402866E-01
   219    0.2092728520E+00
   220    0.2435421437E-01
   221   -0.7069177718E+00
   222    0.4894981821E+00
   223    0.3625903085E+00
   224   -0.1642320622E+00
   225   -0.2821966661E+00
   226   -0.2864192968E+00
   227    0.7444787449E+00
   228   -0.3635312770E+00
   229   -0.7806933865E-01
   230   -0.2556862142E+00
   231    0.7595695906E-01
   232    0.5614753261E+00
   233   -0.1659301233E+00
   234   -0.6739605760E+00
   235    0.3354419104E+00
   236    0.2551456403E-01
   237    0.4781061135E+00
   238   -0.8877995114E+00
   239    0.2092423107E+00
   240    0.3317216488E+00
   241    0.5630459863E-01
   242   -0.5444446407E+00
   243    0.4076909955E+00
   244   -0.3494384958E+00
   245    0.5479270326E+00
   246   -0.5975810663E+00
   247    0.1092860617E+00
   248    0.3443445605E+00
   249   -0.5222651802E+00
   250   -0.1515781425E+00
   251    0.1094939173E+01
   252   -0.8371072731E+00
   253   -0.1297191375E-01
   254    0.2526572745E-01
   255    0.1170662693E+00
   256    0.1846979928E-01
   257    0.1091615088E-01
   258   -0.2227894747E+00
   259   -0.8133006172E-01
   260    0.3211947307E+00
   261    0.4922013017E-01
   262   -0.1154971086E+00
   263    0.3630004209E-01
   264   -0.2782285238E+00
   265    0.9115155446E-01
   266    0.2601582785E-01
   267    0.6738512642E-01
   268   -0.2959493202E+00
   269    0.5357101802E+00
   270   -0.1726588573E+00
   271    0.2807686219E+00
   272   -0.6275037264E+00
   273    0.4401518774E-01
   274    0.6222932734E+00
   275   -0.6266609961E+00
   276    0.2259728885E+00
   277    0.9566411746E-01
   278   -0.2864274822E+00
   279    0.8907064231E-02
   280    0.3971865025E+00
   281    0.1408556561E+00
   282   -0.5177271759E+00
   283   -0.1948199452E+00
   284    0.7659728435E+00
   285    0.2023816882E+00
   286   -0.1393035996E+01
   287    0.6495882098E+00
   288    0.5511063417E+00
   289   -0.7411264980E+00
   290    0.9487748775E+00
   291   -0.4670505575E+00
   292   -0.5640241298E+00
   293    0.1078347508E+01
   294   -0.7156218449E+00
   295    0.4115764652E+00
   296   -0.6892256345E+00
   297    0.5273636706E+00
   298    0.6145808394E-01
   299   -0.5928170962E+00
   300    0.1500474012E+01
   301   -0.1694666381E+01
   302    0.8061371756E+00
   303    0.2757125861E+00
   304   -0.3565746897E+00
   305    0.1825499203E+00
   306   -0.3735951435E+00
   307    0.2814864479E+00
   308    0.3301379667E-01
   309    0.3035709009E-01
   310   -0.7529496022E-01
   311   -0.3509785627E-01
   312    0.2672889545E+00
   313   -0.1277511081E+00
   314   -0.1282405683E+00
   315    0.1154625071E+00
   316    0.1078923820E+00
   317   -0.1460835509E+00
   318   -0.2937221175E-01
   319    0.3482145986E+00
   320   -0.8765939733E-01
   321   -0.2497774038E+00
   322    0.1209766757E+00
   323    0.1193316536E+00
   324   -0.6927278436E-01
   325   -0.9947668712E-01
   326    0.1372513399E+00
   327    0.1285936895E+00
   328   -0.1457956348E+00
   329   -0.8221937745E-01
   330    0.1929417018E+00
   331    0.1835424102E+00
   332   -0.4783929439E+00
   333    0.1609900011E+00
   334    0.2690648007E+00
   335   -0.7799286073E-01
   336   -0.2418873199E+00
   337    0.1643748522E+00
   338   -0.2036575406E-01
   339    0.3231514596E-01
   340    0.9578388976E-01
   341   -0.7164033703E-02
   342    0.1482619588E+00
   343   -0.4909632383E+00
   344    0.2835515249E+00
   345    0.4542207263E-01
   346   -0.2570269124E+00
   347    0.3156069451E+00
   348    0.7202517178E-01
   349   -0.7975647903E-01
   350   -0.2522602821E+00
   351    0.2255444837E+00
   352    0.2955862190E+00
   353   -0.7168566372E+00
   354    0.3458086258E+00
   355    0.1083722102E+00
   356   -0.1053092686E+00
   357   -0.2730042586E+00
   358    0.5447439224E+00
   359    0.2436618385E+00
   360   -0.1067952315E+01
   361   -0.2889608807E+00
   362    0.1927305114E+01
   363   -0.6219342262E+00
   364   -0.1219049415E+01
   365    0.1663854101E+00
   366    0.1540438209E+01
   367   -0.3006623258E+00
   368   -0.1197655979E+01
   369    0.1643053550E+00
   370    0.7432321704E+00
   371   -0.6307147420E+00
   372   -0.8866394464E+00
   373    0.2011761645E+01
   374   -0.1736153798E+01
   375   -0.7125847606E+00
   376    0.1221801686E+01
   377   -0.6276965697E-01
   378    0.4497956242E+00
   379    0.6715164136E+00
   380   -0.1262241473E+01
   381    0.2612458936E+00
   382   -0.9012824248E+00
   383    0.6275622534E+00
   384   -0.3152110328E+00
   385    0.3825382587E+00
   386   -0.5145919352E-01
   387    0.2855244604E+00
   388    0.7172061555E-01
   389    0.2894330693E+00
   390    0.2706760869E-01
   391   -0.9583711545E-01
   392   -0.1598306762E+00
   393    0.4613681782E-01
   394    0.1115858585E+00
   395   -0.1346338013E+00
   396   -0.1627655978E+00
   397    0.9847697720E-01
   398    0.4450595114E-01
   399   -0.6555752272E-01
   400   -0.1346708016E-02
   401    0.2895619078E-02
   402    0.3926550752E-02
   403   -0.6729156628E-01
   404    0.4240976387E-01
   405    0.2563445904E-01
   406   -0.9119938116E-01
   407   -0.4826171466E-01
   408    0.7340582018E-01
   409    0.4318444239E-02
   410   -0.4342167510E-01
   411   -0.2179484421E-02
   412   -0.1395791616E-01
   413   -0.1098431335E-01
   414    0.9300358406E-02
   415   -0.1558700144E-01
   416   -0.1720267053E-01
   417   -0.5668920486E-01
   418    0.1975962629E-01
   419    0.3512762266E-01
   420   -0.2783426045E-01
   421   -0.3239556122E-01
   422    0.2680573285E-02
   423    0.6171482856E-03
   424   -0.3422801831E-02
   425    0.2122733944E-02
   426   -0.3763772766E-01
   427   -0.3069301153E-01
   428    0.1491665890E-01
   429    0.3993413705E-01
   430   -0.3312874741E-01
   431   -0.1802198000E-01
   432   -0.2429430320E-01
   433    0.9243579995E-02
   434    0.2098879913E-01
   435    0.4567842889E-03
   436   -0.3198330724E-01
   437   -0.3447006107E-01
   438   -0.5492186039E-03
   439    0.5712493238E-01
   440   -0.1521255976E-02
   441   -0.3582627563E-01
   442   -0.4505546943E-01
   443   -0.2537133425E-01
   444    0.6749515756E-01
   445    0.2174416971E-01
   446   -0.2794242031E-01
   447   -0.2185981243E-01
   448   -0.2952172290E-01
   449    0.6781252967E-01
   450    0.1921289859E-01
   451   -0.8208840437E-01
   452    0.3019601499E-01
   453   -0.1816410436E-01
   454    0.4191390841E-01
   455    0.3252137674E-01
   456   -0.1509252254E-01
   457   -0.5530957380E-01
   458    0.1078738839E-01
   459    0.2606639612E-01
   460    0.4256176809E-01
   461   -0.6968371896E-02
   462   -0.2030418725E-01
   463   -0.6217410715E-01
   464    0.1745549068E+00
   465   -0.1467984549E+00
   466    0.1077666972E+00
   467    0.1673378669E-01
   468   -0.2366957275E+00
   469    0.3128098805E+00
   470   -0.1165287235E+00
   471    0.8361995285E-01
   472   -0.1086673258E+00
   473    0.2997963593E-01
   474   -0.1219126074E-01
   475    0.1438299261E+00
   476   -0.1305185091E+00
   477    0.5054058888E-01
   478    0.2920903270E-01
   479   -0.4020150560E-02
   480    0.3686046386E-01
   481   -0.1575146314E+00
   482    0.3398845069E+00
   483   -0.1784961351E+00
   484    0.3446163912E-01
   485   -0.1532894601E+00
   486    0.1946595494E+00
   487   -0.4517444196E-01
   488    0.1725643625E-01
   489    0.3855613239E-01
   490   -0.5726943681E-01
   491    0.9048604990E-01
   492   -0.1322380310E-01
   493   -0.1779121730E+00
   494    0.4836211857E+00
   495   -0.4406926315E+00
   496    0.1855305814E+00
   497   -0.1007412040E+00
   498    0.7967936395E-01
   499    0.7441343902E-01
   500   -0.2057401334E-01
   501   -0.1406293987E+00
   502    0.6550169004E+00
   503   -0.1252369677E+01
   504    0.8597002961E+00
   505    0.3959355982E+00
   506   -0.7845226061E+00
   507    0.1324478518E+00
   508    0.4331038767E+00
   509   -0.1211115266E+00
   510   -0.6528264705E+00
   511    0.9843256530E+00
   512   -0.7783469622E+00
   513    0.9303795898E+00
   514   -0.1175634690E+01
   515    0.6070251946E+00
   516    0.4823099903E+00
   517   -0.7845540169E+00
   518    0.8462136916E-01
   519    0.5837750282E+00
   520   -0.3807609435E+00
   521   -0.2970156596E+00
   522    0.8679335205E+00
   523   -0.9170886614E+00
   524    0.4351966038E+00
   525   -0.7963658831E-01
   526    0.1656755376E+00
   527    0.4995259227E-01
   528   -0.3826375738E+00
   529   -0.2511059850E+00
   530    0.1175667183E+01
   531   -0.1444042003E+01
   532    0.1314682676E+01
   533   -0.1812452738E+00
   534   -0.1412660732E+01
   535    0.1234307495E+01
   536    0.1289751282E+00
   537   -0.5945555293E+00
   538    0.7633142898E+00
   539   -0.1077499641E+01
   540    0.6197040751E-02
   541    0.1956255908E+01
   542   -0.3346470136E+01
   543    0.3522247699E+01
   544   -0.1771050252E+01
   545   -0.8526021988E+00
   546    0.1703322983E+01
   547   -0.5308505238E+00
   548   -0.2901402630E+00
   549   -0.1764685013E+00
   550    0.2070756221E+00
   551    0.2364006781E+00
   552   -0.2007424579E+00
   553   -0.5325052863E+00
   554    0.1806749706E+01
   555   -0.2269227569E+01
   556    0.1051894859E+01
   557    0.5614884820E-01
   558    0.3349448265E+00
   559   -0.1439124237E+01
   560    0.1216825251E+01
   561    0.4818542957E+00
   562   -0.1485230290E+01
   563    0.7820149599E+00
   564   -0.4491300302E+00
   565    0.8527186248E+00
   566   -0.5054270395E+00
   567   -0.2932090762E+00
   568    0.2356491055E+00
   569    0.5847576945E+00
   570   -0.1446534331E+01
   571    0.1503376369E+01
   572   -0.7333658611E+00
   573   -0.1689013599E+00
   574    0.3794369019E+00
   575   -0.1984838782E+00
   576    0.6033707441E-01
   577   -0.2117220023E+00
   578    0.2853718766E+00
   579   -0.1872349205E+00
   580   -0.7363884975E-01
   581    0.3424887347E+00
   582   -0.3391053566E+00
   583    0.5542253086E-01
   584    0.2994367362E-01
   585    0.1597289355E-01
   586   -0.1178088856E+00
   587    0.6349694855E-01
   588   -0.8080594893E-02
   589   -0.3858788570E-01
   590    0.7824523839E-01
   591   -0.1514945797E+00
   592    0.5242230872E-01
   593    0.5227074647E-01
   594   -0.1365412226E+00
   595    0.2500370239E+00
   596   -0.2106148239E+00
   597   -0.3136466437E-01
   598    0.1361361044E+00
   599   -0.2765770078E+00
   600    0.3454422909E+00
   601   -0.1577071941E+00
   602    0.1734737340E-02
   603    0.1038019928E-01
   604   -0.2053435170E+00
   605    0.1070100101E+00
   606    0.2838164258E+00
   607   -0.1138239885E+00
   608   -0.2316829038E+00
   609    0.2174304009E-01
   610   -0.8019279985E-01
   611    0.4527431003E+00
   612   -0.2542847391E+00
   613    0.1328704881E-01
   614   -0.2172973531E+00
   615    0.1226854867E+00
   616    0.9567692149E-01
   617    0.1769243980E+00
   618   -0.2226389467E+00
   619   -0.1268924350E-01
   620   -0.8587907592E-01
   621    0.4095344280E-01
   622    0.3060331700E+00
   623   -0.3625080483E+00
   624    0.3601889223E+00
   625   -0.3914616838E+00
   626    0.1464524706E+00
   627    0.1568552070E+00
   628   -0.1990658061E+00
   629    0.1433500799E+00
   630    0.1581119639E-01
   631   -0.9279477672E-02
   632   -0.1763624732E+00
   633    0.1754403041E+00
   634   -0.6445076897E-01
   635    0.3524767123E+00
   636   -0.4451893661E+00
   637    0.1692530339E+00
   638   -0.6662710295E-01
   639   -0.8896716442E-02
   640    0.2869249213E+00
   641   -0.2459753237E+00
   642    0.1786128041E+00
   643   -0.1633388940E+00
   644    0.4692503549E-01
   645   -0.1293225530E-01
   646    0.2570349919E+00
   647   -0.2550747700E+00
   648    0.1323773273E+00
   649   -0.1098518169E+00
   650   -0.9437823112E-01
   651    0.3844592667E+00
   652   -0.2342587141E+00
   653    0.1585695013E+00
   654   -0.1175690728E+00
   655   -0.3964861016E-02
   656    0.5748428248E-01
   657    0.6729529423E-01
   658   -0.8176962455E-01
   659    0.4331525477E-01
   660    0.7263330364E-01
   661   -0.3918604677E+00
   662    0.2168212464E+00
   663   -0.2200874583E+00
   664    0.3587225671E-01
   665    0.2568754003E-01
   666   -0.5704852717E-01
   667   -0.5614508659E-02
   668    0.7409084793E-01
   669   -0.9590944197E-01
   670    0.5416973684E-01
   671    0.1518099205E+00
   672   -0.2883422813E+00
   673    0.1349459654E+00
   674    0.3696765488E-01
   675   -0.3501748528E-01
   676    0.2283593423E+00
   677   -0.2664702635E+00
   678    0.1363891201E+00
   679   -0.5909200122E-01
   680   -0.3553489333E-01
   681    0.2910655353E+00
   682   -0.1529924597E+00
   683   -0.1145013372E+00
   684    0.1198042652E+00
   685   -0.2689887666E+00
   686    0.3955534189E+00
   687   -0.2991984187E+00
   688    0.1965470685E+00
   689    0.1491443604E+00
   690   -0.2271379966E-01
   691   -0.2812638772E+00
   692    0.1910156532E+00
   693    0.7919459707E-01
   694   -0.3053751358E-01
   695   -0.3001976891E+00
   696    0.4380980915E+00
   697   -0.2556276970E+00
   698    0.2240637795E+00
   699   -0.9067437568E-01
   700   -0.7704287397E-01
   701    0.4953005276E-01
   702    0.2749549161E-01
   703    0.1470198569E-01
   704   -0.1371060510E-01
   705    0.2528021966E-01
   706   -0.1297506946E-01
   707    0.1350648386E-01
   708   -0.5557467335E-02
   709    0.2680964853E-01
   710   -0.5300657531E-01
   711    0.5003570566E-01
   712   -0.6317030125E-02
   713    0.3357311483E-01
   714   -0.9223074995E-02
   715   -0.5890893756E-01
   716    0.4384408470E-01
   717    0.6693812182E-01
   718   -0.1402001631E-01
   719    0.2803297545E-02
   720   -0.2494437521E-01
   721   -0.7015982437E-03
   722    0.4092554558E-01
   723   -0.6812337522E-01
   724    0.1200112216E-01
   725    0.3321037947E-01
   726   -0.2333011429E-02
   727    0.3096603732E-01
   728   -0.1454375946E-01
   729   -0.4191830266E-01
   730   -0.8860951095E-02
   731    0.2482179245E-01
   732    0.3558643461E-01
   733   -0.1463436306E-01
   734   -0.4196505697E-01
   735   -0.1520999891E-01
   736    0.5219392817E-01
   737   -0.2491694019E-02
   738   -0.1092037080E-01
   739    0.2572509855E-02
   740   -0.5516257066E-01
   741   -0.6909212137E-01
   742    0.1018639752E+00
   743    0.1105612321E+00
   744   -0.8859442829E-01
   745   -0.1031623272E+00
   746    0.1872905310E-01
   747   -0.9586373193E-02
   748   -0.2969510573E-01
   749    0.5190673791E-01
   750    0.1058267554E-01
   751   -0.3259489757E-01
   752   -0.4424044873E-01
   753    0.5601447073E-01
   754    0.8677138304E-01
   755   -0.3005038949E+00
   756    0.3765734639E+00
   757   -0.3113072046E+00
   758    0.2828000046E+00
   759   -0.5333264834E+00
   760    0.4301312643E+00
   761   -0.3283812108E+00
   762    0.1823977340E+00
   763    0.3848658605E-01
   764   -0.7907680080E-02
   765   -0.5680348836E+00
   766    0.9510892206E+00
   767   -0.2704631995E+00
   768    0.1777945611E+00
   769   -0.9714290706E+00
   770    0.4540929507E+00
   771    0.3448719378E+00
   772   -0.2910291424E+00
   773   -0.8805167388E-01
   774    0.3984754816E-01
   775    0.1771873070E+00
   776   -0.7680032513E-01
   777    0.2932521987E-01
   778   -0.1642426428E+00
   779   -0.1735726756E+00
   780    0.2586020205E+00
   781   -0.8966737990E-01
   782   -0.2335771840E+00
   783    0.1555354142E+00
   784    0.2837130540E-01
   785    0.1253590861E+00
   786    0.1187916670E+00
   787   -0.1774807408E+00
   788   -0.7936706284E-01
   789   -0.2648676390E-01
   790   -0.1188037782E+00
   791    0.2833658733E+00
   792   -0.1933722480E+00
   793   -0.7031613245E-01
   794    0.4089782188E-01
   795   -0.8798199337E-02
   796    0.1340107912E+00
   797   -0.5740415766E-01
   798   -0.1739106469E+00
   799    0.2061966603E+00
   800   -0.1151582858E+00
   801    0.1886241034E+00
   802   -0.9796475207E-01
   803   -0.1119338117E+00
   804   -0.1704516953E-01
   805   -0.1124623736E-01
   806    0.6035903339E-01
   807    0.8227542314E-01
   808   -0.3580643495E-01
   809   -0.4453922844E-01
   810   -0.3885025789E-01
   811    0.3016891955E-01
   812    0.3739156292E-02
   813    0.1238438886E+00
   814    0.1015980101E-01
   815   -0.1702992754E+00
   816    0.1558474159E-01
   817   -0.1415732172E-01
   818    0.4385603789E-01
   819    0.9778441171E-01
   820   -0.4914775590E-01
   821   -0.8683325947E-01
   822    0.1202382364E-01
   823    0.5177303382E-01
   824    0.7871198183E-01
   825    0.7643693254E-01
   826   -0.4079954739E-01
   827   -0.5641743136E-01
   828    0.8417415078E-01
   829    0.8783587842E-01
   830   -0.3362162991E-01
   831   -0.1194555465E+00
   832   -0.3597877909E-02
   833    0.1835015420E+00
   834   -0.2059675943E-01
   835   -0.7856515087E-01
   836   -0.7983887587E-01
   837    0.8803480234E-01
   838    0.6388384500E-01
   839   -0.7578457440E-01
   840   -0.7612214537E-01
   841    0.6975792849E-01
   842    0.7743877592E-01
   843    0.8813394211E-01
   844    0.3654262016E-01
   845   -0.4506917822E-01
   846    0.7053050900E-01
   847    0.1818431885E-01
   848   -0.1071614625E+00
   849    0.8691491882E-01
   850   -0.1343677553E+00
   851    0.8126730216E-01
   852    0.1981433787E+00
   853   -0.9081941246E-01
   854   -0.9947659560E-01
   855    0.9831138681E-02
   856   -0.1770577395E-01
   857    0.2049702066E+00
   858    0.1064049753E+00
   859   -0.2227426435E+00
   860   -0.1983160506E+00
   861    0.2331793747E+00
   862    0.1036834680E+00
   863   -0.1501067063E+00
   864    0.8076310376E-01
   865    0.6221938313E-01
   866   -0.1542241136E-01
   867    0.1273654872E+00
   868   -0.9099595468E-01
   869   -0.8847659759E-01
   870    0.1590262060E+00
   871   -0.3014673138E-01
   872    0.4232784757E-02
   873    0.9615402564E-01
   874    0.9813574757E-01
   875   -0.1811407730E+00
   876   -0.2300124206E+00
   877    0.1791690241E+00
   878    0.3436616329E+00
   879    0.3424097661E-01
   880   -0.4450776887E+00
   881   -0.2633522057E-01
   882    0.2472120934E+00
   883    0.8057586676E-01
   884   -0.1689144571E+00
   885   -0.1508017584E+00
   886   -0.2122697655E-02
   887    0.1943872585E+00
   888    0.1517012909E+00
   889   -0.4090556395E-01
   890   -0.8439052971E-02
   891   -0.1941992318E+00
   892   -0.1625885781E+00
   893   -0.7845681314E-01
   894    0.3436622854E+00
   895    0.1774348554E-01
   896    0.2773807323E-01
   897    0.8154649294E-01
   898   -0.2554126422E+00
   899   -0.1612556130E+00
   900    0.2523221834E+00
   901    0.2156782623E+00
   902   -0.1579793707E+00
   903    0.7668068599E-02
   904   -0.2187757120E+00
   905   -0.2047841030E+00
   906    0.2575863873E+00
   907    0.2547805877E+00
   908   -0.1430465513E+00
   909   -0.3161904628E+00
   910    0.5612909121E-01
   911    0.4627803759E+00
   912   -0.1442623477E-01
   913   -0.4279824683E+00
   914   -0.1100749977E+00
   915    0.1839084978E+00
   916    0.3235600959E+00
   917    0.1703703952E+00
   918   -0.2898437686E+00
   919   -0.2415274522E+00
   920    0.1432671405E-01
   921   -0.1359255430E+00
   922    0.6663833102E-02
   923    0.1566177545E+00
   924   -0.3647426908E-01
   925   -0.1041417595E+00
   926    0.6203398814E-01
   927    0.5800397980E-01
   928   -0.2306589807E+00
   929    0.2293208402E+00
   930    0.2798827814E+00
   931   -0.5590310421E-01
   932   -0.2601157984E+00
   933   -0.1785827087E+00
   934   -0.2384378403E+00
   935    0.2761411032E+00
   936    0.4634743568E+00
   937    0.5861539463E-02
   938   -0.5210664784E+00
   939   -0.2102856458E+00
   940    0.2084120682E+00
   941    0.8207013893E-01
   942   -0.6276637442E-01
   943    0.1774121664E+00
   944    0.1675773764E+00
   945   -0.4578216660E+00
   946   -0.4095931301E+00
   947    0.2760474312E+00
   948    0.3150831218E+00
   949    0.8454592234E-01
   950   -0.1227266403E+00
   951    0.6754689074E-01
   952    0.1431679987E+00
   953   -0.2843955168E+00
   954   -0.2530641897E-01
   955    0.2146623990E+00
   956    0.1969804870E-01
   957   -0.3874695749E-01
   958   -0.2774689556E+00
   959   -0.2677829745E+00
   960    0.2841047728E+00
   961    0.4001335210E+00
   962    0.1238014199E-01
   963   -0.2323193976E+00
   964   -0.3364680249E+00
   965   -0.5171584967E-01
   966    0.3852524180E+00
   967    0.3591179444E+00
   968   -0.1006813466E-02
   969   -0.2269621470E+00
   970   -0.7350722660E-01
   971   -0.3096892600E+00
   972   -0.2124024503E+00
   973    0.2732993984E+00
   974    0.1192274315E+00
   975    0.4673885751E+00
   976    0.3593020725E+00
   977   -0.4883265154E+00
   978   -0.4021803820E+00
   979    0.2202799242E+00
   980    0.8858494912E-01
   981   -0.1782691988E+00
   982   -0.1546795745E+00
   983    0.1153588654E+00
   984   -0.1335830804E-01
   985    0.1079101373E+00
   986    0.5257198086E+00
   987    0.5764132867E-01
   988   -0.3776503082E+00
   989   -0.3942787127E+00
   990    0.2261814552E-01
   991    0.3561132555E+00
   992    0.9418785768E-01
   993   -0.2218781569E+00
   994   -0.8708502117E-01
   995    0.2297406049E+00
   996    0.3232077301E+00
   997    0.3185393652E-01
   998    0.4814920192E-01
   999   -0.1349548363E-01
  1000   -0.4796912379E+00
  1001   -0.9917995957E-01
  1002    0.4104863083E+00
  1003    0.1854776386E+00
  1004   -0.2004436435E+00
  1005   -0.2588365799E+00
  1006   -0.1244164363E+00
  1007    0.2224046970E+00
  1008    0.2784145346E+00
  1009    0.1264059136E+00
  1010   -0.2086615838E+00
  1011   -0.2069509176E+00
  1012    0.4307371502E+00
  1013    0.1561689474E+00
  1014   -0.1663607411E+00
  1015   -0.5885838672E-01
  1016   -0.1752011146E+00
  1017   -0.1233625989E+00
  1018    0.3940086710E+00
  1019    0.2667022615E+00
  1020   -0.2865642202E+00
  1021   -0.3361915158E+00
  1022   -0.2270434001E-02
  1023    0.3086464896E+00
  1024   -0.3696469006E-01
  1025   -0.2519484719E+00
  1026    0.1132561002E+00
  1027    0.4174106656E+00
  1028   -0.1732613870E+00
  1029   -0.4637085231E+00
  1030   -0.6067435716E-01
  1031    0.4968015618E+00
  1032    0.2348812359E+00
  1033   -0.2943004840E+00
  1034   -0.1013502549E+00
  1035    0.1853113284E+00
  1036   -0.2156076503E+00
  1037   -0.2630301570E+00
  1038    0.6559883909E+00
  1039    0.3049631565E+00
  1040   -0.3999223815E+00
  1041    0.2302714224E+00
  1042    0.1222048498E+00
  1043   -0.7228566333E+00
  1044    0.2549992061E+00
  1045    0.4691077742E+00
  1046   -0.4085363706E+00
  1047   -0.4103761312E+00
  1048    0.1596761158E+00
  1049    0.3032369006E+00
  1050   -0.1041211162E+00
  1051    0.6238568283E-01
  1052   -0.5270938189E-01
  1053    0.3617456244E-01
  1054    0.2317812171E+00
  1055    0.1548183209E+00
  1056   -0.1063109632E+00
  1057   -0.5470622046E+00
  1058   -0.1232805367E+00
  1059    0.4135225902E+00
  1060   -0.2026795664E+00
  1061   -0.3128925463E+00
  1062    0.2988802882E+00
  1063    0.4371307454E-01
  1064    0.2158017019E+00
  1065    0.2695897075E-01
  1066   -0.1867201930E-01
  1067   -0.1028972980E+00
  1068   -0.1786224719E+00
  1069    0.1079513950E-01
  1070    0.2609806712E-01
  1071   -0.2349262439E+00
  1072   -0.1341033069E+00
  1073    0.2635041447E+00
  1074    0.1625473281E+00
  1075   -0.2285320738E-01
  1076   -0.7049337146E-01
  1077   -0.2464795679E+00
  1078    0.1370659189E+00
  1079    0.2277124322E+00
  1080   -0.2279001110E-01
  1081   -0.3908373844E+00
  1082    0.2017952895E-01
  1083    0.1434046601E+00
  1084    0.3612825349E+00
  1085   -0.4013820892E+00
  1086   -0.5943024901E+00
  1087    0.4406092328E+00
  1088    0.7736622824E+00
  1089   -0.4434977003E+00
  1090   -0.4043301022E+00
  1091   -0.4329788901E-01
  1092   -0.2109826631E-02
  1093    0.3458787704E+00
  1094   -0.3650558969E-01
  1095   -0.5783481177E+00
  1096    0.1780015243E+00
  1097    0.7577720324E+00
  1098    0.1272433129E+00
  1099   -0.3442697621E+00
  1100   -0.5778202890E+00
  1101   -0.3516111639E+00
  1102    0.5601116852E+00
  1103    0.5068416465E+00
  1104   -0.1247422274E+00
  1105   -0.5606766211E+00
  1106   -0.6065123573E+00
  1107    0.3228937802E+00
  1108    0.7626038426E+00
  1109   -0.3686288327E+00
  1110   -0.3911094860E+00
  1111    0.6280214072E+00
  1112    0.5534588554E+00
  1113   -0.4612094034E+00
  1114   -0.4769782928E+00
  1115    0.1337413077E+00
  1116   -0.2819345309E-01
  1117    0.1835629786E-01
  1118    0.1230363732E+00
  1119   -0.1420428992E+00
  1120   -0.1463320497E+00
  1121    0.4864597747E-01
  1122   -0.3065759356E-02
  1123   -0.8170012403E-01
  1124    0.5085376112E-01
  1125    0.3211767169E+00
  1126    0.2132282000E+00
  1127   -0.4386040647E+00
  1128   -0.4920998766E+00
  1129    0.1249469839E+00
  1130    0.3475178024E+00
  1131    0.2721875882E+00
  1132   -0.1761613018E-01
  1133   -0.2565556197E+00
  1134    0.1141145006E+00
  1135   -0.1339756553E+00
  1136   -0.2420954416E+00
  1137    0.3762110827E+00
  1138    0.2758838115E+00
  1139   -0.2916556024E+00
  1140   -0.2062489595E+00
  1141   -0.1345618209E-01
  1142   -0.1971336369E+00
  1143   -0.1402934192E-01
  1144    0.3080713199E+00
  1145    0.2624595791E+00
  1146   -0.1820288397E+00
  1147   -0.1035163459E+00
  1148    0.1305043936E+00
  1149   -0.3313966441E-02
  1150   -0.2375302276E+00
  1151   -0.2635745568E-01
  1152    0.1742158667E+00
  1153    0.2993599569E+00
  1154    0.6403945801E-02
  1155   -0.2529564013E+00
  1156   -0.2878015877E+00
  1157    0.4535274662E-01
  1158    0.5268561472E+00
  1159    0.1647587324E+00
  1160   -0.2288094876E+00
  1161   -0.2465545855E+00
  1162   -0.2257237769E+00
  1163    0.1289684027E+00
  1164    0.3058708149E+00
  1165   -0.1790009782E+00
  1166   -0.1301214807E+00
  1167    0.2349674681E+00
  1168    0.1342646532E+00
  1169   -0.7386223625E-01
  1170   -0.2869194991E-01
  1171    0.1584275256E+00
  1172   -0.2364571490E-01
  1173   -0.7884775430E-01
  1174    0.4272011004E-02
  1175   -0.8128798933E-01
  1176   -0.1045972094E+00
  1177    0.7357213484E-01
  1178    0.5110328041E-01
  1179   -0.1342950571E+00
  1180    0.3199229821E-01
  1181    0.1963094310E+00
  1182   -0.4949386043E-01
  1183    0.1111108095E+00
  1184    0.2053919109E+00
  1185   -0.2972459535E+00
  1186   -0.3261203633E+00
  1187    0.3937464521E-01
  1188    0.2546641132E+00
  1189    0.1492087661E+00
  1190   -0.2038189985E+00
  1191   -0.8183586272E-01
  1192    0.1690092156E+00
  1193   -0.1707828241E-01
  1194   -0.8878458702E-01
  1195    0.1277426672E+00
  1196    0.1786714554E+00
  1197   -0.1210611500E+00
  1198    0.2260498484E-01
  1199    0.1035377763E+00
  1200   -0.2738409632E+00
  1201   -0.1655826904E-01
  1202    0.2858551416E+00
  1203   -0.8209695004E-01
  1204   -0.2293017823E+00
  1205    0.7805370269E-01
  1206    0.3266393047E-01
  1207   -0.8297856304E-01
  1208   -0.6231131718E-01
  1209   -0.1410326660E-01
  1210    0.1359593351E+00
  1211    0.2728705568E+00
  1212   -0.5590888058E-01
  1213   -0.3704956008E+00
  1214    0.3380513422E-01
  1215    0.3956098851E+00
  1216    0.4584151820E-01
  1217   -0.3703539352E+00
  1218   -0.1843847855E+00
  1219    0.1534089535E+00
  1220    0.6389816806E-02
  1221   -0.1610206210E+00
  1222    0.1075145697E+00
  1223    0.2156138407E+00
  1224   -0.5490144936E-01
  1225   -0.9959578435E-01
  1226   -0.6744741108E-01
  1227   -0.1709608121E-01
  1228    0.3789020468E-01
  1229    0.7175590800E-02
  1230    0.6725911148E-01
  1231   -0.1471681262E-01
  1232   -0.1117300709E+00
  1233    0.3067507460E-01
  1234    0.5673511350E-02
  1235    0.2520636643E-01
  1236   -0.7790077955E-01
  1237   -0.1654261731E+00
  1238    0.1107415160E+00
  1239    0.2156899014E+00
  1240   -0.4788307367E-01
  1241   -0.6889659023E-01
  1242   -0.1200289724E+00
  1243   -0.1202845648E+00
  1244    0.3622873576E-01
  1245    0.1242021459E+00
  1246    0.9923398741E-01
  1247   -0.6772764268E-02
  1248   -0.1085919521E+00
  1249   -0.9981901738E-01
  1250    0.2321673254E-01
  1251    0.5685283684E-01
  1252   -0.6119227371E-01
  1253   -0.9053958831E-01
  1254    0.1945038558E-01
  1255    0.1079762888E+00
  1256    0.9247220524E-01
  1257   -0.5234683849E-01
  1258   -0.7050432822E-01
  1259   -0.1132286912E+00
  1260   -0.1631598443E+00
  1261    0.1323844805E+00
  1262    0.2178598183E+00
  1263   -0.9453505623E-01
  1264   -0.9019887067E-01
  1265   -0.6854347524E-01
  1266   -0.5536129263E-01
  1267    0.9395843977E-01
  1268    0.4085287144E-01
  1269   -0.1074094426E+00
  1270   -0.1076381475E-01
  1271    0.1617107224E+00
  1272    0.2314743296E-01
  1273   -0.2062180409E+00
  1274   -0.5595643923E-01
  1275    0.1648197472E+00
  1276   -0.8692484397E-02
  1277   -0.7424910486E-01
  1278    0.1191006517E+00
  1279   -0.7384175709E-01
  1280   -0.1853123812E+00
  1281    0.4225361176E-01
  1282    0.5358445264E-01
  1283    0.3966776516E-01
  1284   -0.4264577660E-03
  1285   -0.6444590712E-02
  1286    0.6124809133E-01
  1287    0.6430463975E-01
  1288   -0.3743117465E-01
  1289   -0.6573706758E-01
  1290   -0.6989196669E-02
  1291   -0.4040316566E-01
  1292   -0.9342678487E-01
  1293    0.5959692199E-01
  1294    0.1174309879E+00
  1295   -0.1617251285E-01
  1296    0.1205825686E-01
  1297   -0.2188635534E-01
  1298   -0.6047414367E-01
  1299    0.9579800667E-01
  1300    0.6893846725E-01
  1301   -0.2079754356E+00
  1302    0.4820611647E-02
  1303    0.1407625776E+00
  1304   -0.2760126639E-01
  1305   -0.1242695691E+00
  1306    0.3966540736E-01
  1307    0.1075397148E+00
  1308    0.6734204686E-01
  1309   -0.1570785188E-01
  1310   -0.3375777043E-01
  1311    0.4193667654E-01
  1312    0.7571660939E-01
  1313   -0.2405161636E-01
  1314   -0.1434391773E+00
  1315   -0.5296019262E-01
  1316    0.2171827701E-01
  1317    0.4124898932E-01
  1318    0.1556798441E+00
  1319    0.5065646317E-01
  1320   -0.7511484687E-01
  1321   -0.7275951774E-01
  1322   -0.2221205970E-01
  1323    0.1981217893E-01
  1324    0.5573879939E-01
  1325    0.2810797508E-01
  1326   -0.2268829716E-01
  1327    0.3026400500E-01
  1328    0.4489439385E-01
  1329   -0.2104373858E-01
  1330   -0.2093040202E-01
  1331    0.5177857358E-01
  1332    0.5898185693E-01
  1333    0.1977943660E-01
  1334   -0.5355414135E-01
  1335   -0.7749675908E-01
  1336    0.1320800229E-01
  1337    0.8421205343E-01
  1338    0.1880864261E-01
  1339   -0.1572854373E-01
  1340    0.1282413094E-01
  1341   -0.1311262400E-01
  1342   -0.3871490582E-02
  1343    0.7013165610E-01
  1344    0.5130310888E-01
  1345   -0.2385256619E-01
  1346   -0.4571718266E-01
  1347   -0.1011389370E-01
  1348    0.1606718567E-01
  1349   -0.1097770578E-01
  1350    0.2898096877E-01
  1351    0.4561198958E-01
  1352   -0.1632165024E-01
  1353   -0.2843230622E-02
  1354    0.6961106599E-02
  1355   -0.4941740175E-02
  1356   -0.6398774547E-02
  1357    0.1292763619E-01
  1358    0.4970120067E-01
  1359   -0.8364980167E-03
  1360   -0.5221975677E-01
  1361    0.1710355549E-01
  1362    0.6871714419E-01
  1363    0.2062289851E-01
  1364   -0.4477509013E-01
  1365   -0.4025667342E-01
  1366    0.1683797377E-01
  1367    0.1128911140E-01
  1368    0.2343436005E-02
  1369   -0.4616710872E-02
  1370   -0.1756471177E-01
  1371    0.3563220998E-02
  1372    0.3433221949E-01
  1373    0.3370630379E-01
  1374   -0.2662548608E-01
  1375   -0.6636924522E-01
  1376   -0.8650209721E-02
  1377    0.5259436508E-01
  1378    0.3687304861E-01
  1379    0.1743055684E-01
  1380   -0.2266212443E-01
  1381   -0.4576711127E-01
  1382   -0.1748908539E-01
  1383    0.6100753024E-02
  1384    0.5395464090E-02
  1385    0.8280848553E-02
  1386    0.1998184803E-02
  1387   -0.1490870958E-01
  1388   -0.1740234280E-02
  1389    0.9823021457E-02
  1390    0.1551412334E-01
  1391   -0.9933853489E-02
  1392   -0.4564128456E-01
  1393   -0.1881305242E-01
  1394    0.6701684318E-02
  1395    0.7066511308E-02
  1396   -0.7131884046E-02
  1397   -0.8761482823E-02
  1398    0.1113511474E-01
  1399   -0.9940623391E-03
  1400   -0.8470966266E-02
  1401    0.1732721346E-02
  1402   -0.9386141549E-02
  1403   -0.1029430266E-01
  1404   -0.3216554428E-02
  1405   -0.2001528195E-01
  1406   -0.1547668064E-01
  1407   -0.1413581787E-01
  1408   -0.1636142563E-01
  1409    0.1221171772E-01
  1410    0.1473224631E-01
  1411   -0.1048727623E-02
  1412   -0.7647298589E-02
  1413   -0.1837013323E-01
  1414   -0.2275746717E-01
  1415   -0.9291855583E-02
  1416    0.1118670688E-01
  1417   -0.6242335452E-02
  1418   -0.3001075296E-01
  1419   -0.1616116593E-01
  1420    0.5577829163E-02
  1421    0.1130425831E-01
  1422   -0.1523370004E-01
  1423   -0.2724480622E-01
  1424    0.1601161833E-01
  1425   -0.3110693271E-02
  1426   -0.4507304154E-02
  1427   -0.2139000411E-02
  1428   -0.1120168120E-01
  1429   -0.1375745534E-01
  1430    0.2669064775E-02
  1431    0.2155199389E-02
  1432   -0.1431659692E-01
  1433   -0.1903942506E-02
  1434    0.6870457605E-02
  1435   -0.8625787635E-02
  1436   -0.3769266711E-01
  1437    0.1817926072E-02
  1438    0.1558716620E-01
  1439    0.1396216542E-01
  1440   -0.7443461284E-03
  1441   -0.1787677835E-01
  1442   -0.1401904495E-01
  1443    0.1567664348E-02
  1444    0.9406891709E-02
  1445    0.7594958782E-03
  1446   -0.4291610565E-02
  1447   -0.1886973129E-01
  1448    0.1999910587E-01
  1449   -0.9052278837E-02
  1450    0.2567842236E-03
  1451    0.6497385924E-02
  1452    0.3885271376E-02
  1453    0.2501770798E-03
  1454   -0.1348682501E-02
  1455    0.3633015860E-02
  1456    0.3616341327E-04
  1457   -0.1816879159E-01
  1458    0.1539719862E-02
  1459    0.3217778059E-01
  1460    0.6776722996E-02
  1461   -0.5000066726E-02
  1462    0.2179431320E-01
  1463    0.6966908462E-01
  1464    0.7525944329E-01
  1465    0.3850362556E-01
  1466    0.1097319869E-01
  1467    0.2745298389E-02
  1468    0.6864126114E-03
  1469    0.1716086813E-03
  1470    0.4290251583E-04
  1471    0.1072565055E-04
  1472    0.2681413993E-05
  1473    0.6703535806E-06
  1474    0.1675884040E-06
  1475    0.4189710401E-07
  1476    0.1047427822E-07
  1477    0.2618569528E-08
  1478    0.6546490294E-09
  1479    0.1636601965E-09
  1480    0.4091099681E-10
  1481    0.1022873453E-10
  1482    0.2558731005E-11
  1483    0.6475930903E-12
  1484    0.1624256285E-12
  1485    0.3680389327E-13
  1486    0.7549516567E-14
  1487    0.0000000000E+00
  1488    0.0000000000E+00
  1489    0.2109423747E-14
  1490    0.0000000000E+00
  1491    0.0000000000E+00
  1492    0.0000000000E+00
  1493    0.8881784197E-15
  1494    0.0000000000E+00
  1495   -0.1443289932E-14
  1496    0.6661338148E-15
  1497   -0.4440892099E-15
  1498    0.0000000000E+00
  1499    0.0000000000E+00
  1500    0.1293103448E+02
  1501    0.1293103448E+02
  1502    0.0000000000E+00
