    -1   -0.1027617269E+02
     0   -0.6404979875E+01
     1   -0.6792266216E+01
     2    0.1028567804E+02
     3   -0.1366842073E+01
     4   -0.8822461088E+00
     5   -0.8459244222E+00
     6   -0.2881568471E+01
     7    0.7646241458E+01
     8   -0.1096912327E+02
     9    0.9828453278E+01
    10   -0.5355068018E+01
    11   -0.3638199961E+01
    12    0.8967988037E+01
    13    0.2078017729E+00
    14   -0.1215508491E+01
    15   -0.8266614457E+00
    16   -0.6537948587E+00
    17   -0.6962988676E+01
    18    0.8142605178E+01
    19   -0.3013037457E+01
    20    0.5662369899E+01
    21   -0.4428321901E+00
    22    0.1474352358E+01
    23   -0.3340821531E+01
    24   -0.6265434390E+01
    25    0.4654798562E+01
    26   -0.1321200463E+01
    27    0.3517538322E+01
    28    0.3152701788E+01
    29   -0.5203961418E+00
    30   -0.2308292489E+01
    31    0.3369823727E+00
    32   -0.2411438569E+01
    33    0.9340053334E+00
    34   -0.1248559110E+01
    35    0.2141349316E+01
    36    0.7283196801E+00
    37   -0.3282931201E+01
    38    0.3323480156E+01
    39   -0.2570926118E+01
    40    0.1356534911E+01
    41    0.3012492911E+01
    42   -0.1274983420E+00
    43   -0.4742046377E+01
    44   -0.9639083399E+01
    45    0.1063269729E+02
    46   -0.5306304276E+00
    47    0.5505739986E+01
    48   -0.6490707392E+01
    49    0.8626635941E+01
    50   -0.1050487138E+01
    51   -0.7688531680E+01
    52    0.3798154550E+01
    53   -0.1111299810E+01
    54    0.5691005333E+00
    55   -0.3929347163E+01
    56   -0.1171254403E+01
    57    0.4779062559E+01
    58   -0.1540924470E+01
    59    0.1506874731E+01
    60    0.2214711172E+01
    61   -0.1297750710E+01
    62   -0.2483874286E+01
    63    0.2028846230E+01
    64    0.3603408594E+01
    65   -0.4509457909E+01
    66   -0.6038003522E+01
    67    0.1396427348E+01
    68   -0.1777663206E+01
    69    0.1100320591E+02
    70    0.2641749234E+01
    71   -0.9716931469E+01
    72    0.3410150022E+01
    73    0.2518133741E+01
    74   -0.7428792076E+00
    75   -0.6158519928E+01
    76    0.4270444217E+01
    77   -0.2924788960E+01
    78   -0.5823372201E+00
    79   -0.5497747114E+01
    80    0.2235078494E+01
    81    0.7262148215E+01
    82   -0.2127935981E+01
    83   -0.5136875822E+01
    84    0.1088916563E+02
    85   -0.9811332927E+01
    86   -0.9999978559E+01
    87    0.1263422699E+02
    88    0.4408769949E+01
    89   -0.6997742379E+00
    90   -0.1676012338E+01
    91   -0.5046925174E+01
    92    0.8800896033E+01
    93   -0.4519098680E+01
    94   -0.1320803392E+02
    95   -0.1501151002E+01
    96    0.3229719242E+01
    97    0.1047137170E+02
    98   -0.1992909534E+01
    99    0.7034091706E+01
   100   -0.4272661163E+01
   101   -0.4248676334E+01
   102   -0.8444645048E+01
   103   -0.7296246429E+01
   104    0.8987917275E+01
   105    0.4709897404E+01
   106   -0.2305526652E+00
   107   -0.1387226328E+02
   108   -0.6921099180E+01
   109    0.1030561246E+02
   110    0.6755301383E+01
   111    0.5774813397E+01
   112   -0.1705623690E+02
   113    0.7508731013E+01
   114   -0.2946122571E+00
   115    0.5898183122E+01
   116   -0.1741297950E+01
   117   -0.9952172025E+01
   118   -0.5865138610E+01
   119    0.8525096056E+01
   120   -0.5529001204E+01
   121    0.8386158158E+00
   122   -0.1446307269E+02
   123    0.4388801645E+01
   124    0.6413587631E+01
   125    0.3914322489E+01
   126   -0.1540932707E+02
   127    0.6622410587E+01
   128   -0.2945605552E+01
   129    0.1109388956E+01
   130   -0.6841369940E+01
   131    0.6447012598E+01
   132    0.4224756851E+01
   133   -0.1083409298E+01
   134   -0.2489271531E+02
   135    0.9468691612E+01
   136    0.1239954542E+02
   137   -0.5057408187E+01
   138    0.1007873424E+02
   139   -0.1409164336E+02
   140    0.1102011288E+01
   141    0.1322413864E+02
   142   -0.1341397285E+02
   143    0.6696313919E+00
   144    0.2043058976E+02
   145   -0.1120206717E+02
   146    0.1685025631E+02
   147   -0.2479343268E+02
   148    0.1115040128E+02
   149    0.3710954038E+01
   150    0.1437857028E+02
   151   -0.1482851193E+01
   152   -0.1094006390E+02
   153    0.1251917599E+02
   154    0.1734501455E+01
   155   -0.2763983339E+01
   156   -0.1185028280E+01
   157   -0.4367866824E+01
   158    0.7920309404E+01
   159   -0.2795686929E+01
   160    0.6279267233E+01
   161    0.4841678872E+01
   162   -0.1900085640E+01
   163   -0.7284981960E+01
   164   -0.3503086645E+01
   165    0.1586451722E+02
   166   -0.5416562276E+01
   167    0.1045772834E+01
   168   -0.5455342715E+01
   169    0.2900005884E+00
   170   -0.1825532228E+01
   171    0.2238522053E+01
   172    0.7841543247E+01
   173   -0.4658640101E+01
   174   -0.2071288934E+01
   175    0.2390092001E+01
   176   -0.3934802578E+01
   177    0.9504181041E+01
   178   -0.9219928026E+01
   179    0.1177543008E+01
   180    0.3686058552E+01
   181    0.6592617495E+00
   182    0.5443183507E+01
   183   -0.4187936300E+01
   184   -0.3583324642E+01
   185   -0.1335461551E+01
   186    0.6487084663E+01
   187   -0.7829624753E+00
   188    0.3255489421E+01
   189   -0.8436986774E+01
   190    0.4153927267E+01
   191   -0.8986505360E+00
   192   -0.5127621227E+01
   193    0.5722117838E+01
   194   -0.2099464555E+01
   195    0.7466273853E+01
   196   -0.5480376697E+01
   197    0.4469816967E+00
   198   -0.1457234487E+01
   199    0.8142051787E+01
   200   -0.4384091036E+01
   201   -0.2408086645E+01
   202    0.1946712986E+01
   203   -0.2897775046E+01
   204    0.1762785766E+01
   205   -0.2671232256E+01
   206    0.9843116361E+00
   207    0.2033937106E-01
   208    0.1454536281E+01
   209    0.8714453751E+00
   210    0.2247761435E-01
   211    0.5020535619E+01
   212   -0.8775224215E+01
   213    0.2634539750E+01
   214    0.1422765468E+01
   215    0.1518052838E+01
   216   -0.9118274158E+01
   217    0.1173879624E+02
   218    0.2649562518E+00
   219   -0.4655689379E+01
   220    0.3090937732E+01
   221   -0.3559103094E+00
   222   -0.3820384357E+01
   223   -0.4353187889E+01
   224    0.3694640387E+01
   225    0.3928597909E+00
   226    0.6889608559E+01
   227   -0.2549594649E+01
   228   -0.2599681419E-01
   229   -0.6562074706E+01
   230    0.3259400977E+01
   231   -0.5472978521E+00
   232    0.4024661023E+01
   233   -0.2063636097E+01
   234   -0.1244426293E+01
   235    0.4290824348E+01
   236   -0.6124016302E+01
   237   -0.5384935485E+00
   238    0.1098687044E+01
   239    0.6461305995E+01
   240   -0.2698721521E+01
   241   -0.8088433672E+01
   242    0.2065826907E+01
   243   -0.1798228570E+01
   244    0.9366574963E+01
   245   -0.1694468005E+01
   246   -0.1096171244E+02
   247    0.3108837735E+01
   248    0.3460790793E+01
   249    0.3726893428E+01
   250    0.1083466330E+01
   251   -0.8625587691E+01
   252    0.2910356310E+00
   253   -0.9816926155E+00
   254    0.4454000187E+01
   255    0.1992312509E+01
   256   -0.9293479645E+00
   257   -0.8043564716E+01
   258    0.3347416022E+01
   259   -0.3687284832E+00
   260   -0.2166692672E+01
   261    0.1656588371E+01
   262    0.2509156567E+01
   263   -0.1567747724E+01
   264    0.6310889657E+01
   265   -0.5586599033E+01
   266   -0.1197084833E+02
   267    0.1246484487E+02
   268   -0.6277974809E+00
   269    0.1904596691E+01
   270   -0.4025454499E+01
   271    0.1381598598E+01
   272   -0.7776567933E+01
   273   -0.4546800536E+01
   274    0.2695499656E+01
   275    0.9153248446E+00
   276    0.4533307721E+01
   277    0.3367592952E+01
   278   -0.1880498225E+01
   279    0.1833771860E+01
   280   -0.1431112973E+02
   281    0.3064093010E+00
   282   -0.6615327903E+00
   283   -0.6781096595E+01
   284    0.3153659577E+01
   285    0.1324197552E+02
   286    0.3233388932E+01
   287   -0.3620960207E+01
   288   -0.6534218316E+01
   289   -0.1121165851E+01
   290   -0.6704989191E+01
   291   -0.5120114127E+01
   292   -0.2355175459E+01
   293   -0.3448414458E+01
   294    0.1482795302E+02
   295   -0.1019565733E+01
   296   -0.1514392286E+02
   297    0.4028779647E+01
   298    0.1356631715E+01
   299   -0.9261489844E+01
   300    0.9481286914E+01
   301    0.6310461434E+01
   302   -0.1196245540E+02
   303   -0.1775186278E+02
   304    0.1340092439E+02
   305    0.1087770371E+01
   306   -0.2631929993E+01
   307    0.5073080973E+01
   308    0.5444623124E+01
   309   -0.7923059469E+01
   310    0.1862181911E+02
   311   -0.4537354323E+01
   312    0.9323429436E+01
   313   -0.7358417095E+01
   314   -0.1007819925E+02
   315    0.4291825554E+01
   316   -0.2858715737E+01
   317    0.8722121212E+01
   318   -0.6762205364E+01
   319    0.1541854477E+02
   320   -0.3099714598E+00
   321   -0.9942485058E+00
   322    0.1029243725E+02
   323   -0.9520214050E+01
   324   -0.6984074099E+01
   325    0.1806883956E+02
   326   -0.6702195788E+00
   327   -0.5550265930E+01
   328    0.6490540015E+00
   329   -0.4813687705E+01
   330   -0.9930347726E+00
   331    0.4412013380E+01
   332    0.1230176135E+02
   333   -0.5171448729E+01
   334   -0.5813426640E+01
   335    0.4768962599E+01
   336    0.4184961921E+01
   337   -0.9490857393E+01
   338    0.7169595510E+01
   339    0.2043289020E+01
   340   -0.3611082630E+00
   341   -0.1133798928E+02
   342    0.1338759406E+02
   343   -0.6276752499E+01
   344    0.8120023729E+01
   345   -0.2263646463E+01
   346   -0.1095212892E+02
   347    0.1045215164E+02
   348   -0.8795036012E+01
   349    0.8890885594E+01
   350    0.7758656630E+01
   351   -0.5761623485E+01
   352   -0.3668112306E+01
   353   -0.5744863762E+01
   354    0.9919840597E+01
   355   -0.4672641749E+01
   356    0.3447763707E+01
   357    0.2110378346E+01
   358   -0.3816307717E+00
   359    0.3528035734E+00
   360   -0.3543383448E+01
   361   -0.2278400983E+01
   362    0.4599603717E+01
   363   -0.3174683576E+01
   364    0.7483914768E+00
   365    0.8010029601E+00
   366    0.7987175398E+01
   367   -0.3176804082E+01
   368   -0.3635329422E+01
   369    0.2810115458E+01
   370    0.3120117600E+01
   371   -0.1093900644E+02
   372   -0.2760422265E+01
   373    0.1505568717E+02
   374   -0.1448293986E+01
   375   -0.6463112003E+01
   376   -0.2935917212E+01
   377    0.5497980859E+01
   378    0.2440699118E+01
   379   -0.1813020001E+01
   380   -0.4353665688E+01
   381    0.1839336044E+01
   382    0.1007388918E+02
   383   -0.7643731293E+01
   384   -0.2704871111E+01
   385    0.1862056108E+01
   386    0.5836847190E+00
   387    0.2239161887E+01
   388   -0.6069552728E+01
   389   -0.3004681872E+01
   390    0.6743351910E+01
   391   -0.4580947020E+00
   392    0.1771821343E+00
   393   -0.1839998083E+01
   394    0.4443587881E+01
   395   -0.2775366806E+01
   396    0.2332169332E+01
   397    0.9029353644E+00
   398   -0.3330961279E+01
   399    0.4202748669E+01
   400   -0.1304090021E+02
   401    0.6130829404E+01
   402    0.3270681464E+01
   403   -0.1451379573E+01
   404   -0.2526851519E+01
   405    0.2363096227E+01
   406   -0.2600044505E+01
   407    0.6936460948E+01
   408   -0.2749287097E+01
   409   -0.5738309196E+01
   410    0.1894008157E+01
   411    0.5646812836E+01
   412   -0.4193174177E+01
   413   -0.4765801424E+00
   414   -0.9231272704E+00
   415   -0.2869392058E+01
   416    0.7823195132E+01
   417   -0.2534752465E+01
   418    0.5598554547E+01
   419   -0.9177522397E+01
   420   -0.2850020856E+01
   421    0.2790314511E+01
   422    0.4099654612E+01
   423    0.1360876298E+01
   424   -0.3984599422E+01
   425    0.1162800102E+01
   426   -0.3058991418E+01
   427   -0.7723226459E+01
   428    0.2063391639E+01
   429    0.1178347095E+02
   430   -0.6358769889E+01
   431    0.2114154483E+01
   432    0.2774460493E+01
   433   -0.5458535790E+01
   434   -0.4239095434E+01
   435    0.7116828897E+01
   436    0.9115653119E+00
   437   -0.5044911735E+01
   438   -0.1337600982E+02
   439    0.1549774895E+02
   440   -0.1300303553E+01
   441   -0.2076659524E+01
   442    0.2567617982E+01
   443    0.3081490035E+01
   444   -0.8255740443E+00
   445   -0.8493449683E+01
   446    0.4311062190E+01
   447   -0.1155452083E+01
   448    0.1307222577E+01
   449    0.2628804205E+01
   450   -0.1727195175E+02
   451    0.6007272739E+01
   452    0.1846727762E+01
   453    0.4784414614E+00
   454    0.7135191004E+01
   455   -0.1668564757E+02
   456    0.6877452793E+01
   457    0.2886863235E+01
   458   -0.1053077802E+02
   459    0.4303663294E+01
   460    0.4678902418E+01
   461   -0.4530459326E+01
   462   -0.5959403375E+01
   463    0.7942019055E+01
   464   -0.1196663358E+02
   465   -0.5442703745E+01
   466   -0.5537958624E+01
   467    0.9278651479E+01
   468    0.1104021722E+02
   469   -0.6184446346E+01
   470   -0.2143323357E+02
   471   -0.8372555509E+01
   472    0.6129351902E+01
   473    0.1654265862E+02
   474   -0.7130401344E+01
   475   -0.1442573993E+02
   476    0.9554620376E+01
   477   -0.1042739517E+02
   478    0.9638075472E+01
   479    0.1042606033E+02
   480   -0.6187997980E+01
   481    0.2860785146E+01
   482    0.9172524024E+00
   483    0.7109171555E+01
   484   -0.1023472210E+00
   485   -0.1304322218E+02
   486    0.2371912844E+02
   487   -0.5894179357E+01
   488   -0.3978052676E+01
   489    0.1545931314E+02
   490    0.6614664180E+01
   491   -0.1103597107E+02
   492    0.7784416076E-01
   493    0.8943107224E+00
   494    0.3131728197E+01
   495   -0.1838549792E+01
   496   -0.5547697039E+01
   497    0.2577962382E+01
   498    0.1217873075E+02
   499   -0.1175448323E+02
   500    0.4006185802E+01
   501    0.1442159941E+02
   502   -0.1427143313E+02
   503    0.4404740292E+01
   504    0.7153305268E+01
   505   -0.7256615213E+01
   506    0.3286655875E+01
   507    0.5371528718E+01
   508   -0.5590444757E+01
   509   -0.1413836357E+01
   510    0.6366357757E+01
   511   -0.3775743390E+01
   512   -0.7078641366E+00
   513    0.7680095464E+01
   514   -0.5325460475E+01
   515   -0.2942467963E+01
   516    0.4489515626E+01
   517    0.1662579134E+01
   518   -0.1619633807E+01
   519   -0.2612549071E+01
   520    0.7280608116E+01
   521   -0.8463974622E+01
   522    0.1815265601E+01
   523    0.6535032205E+01
   524    0.1321008346E+01
   525   -0.2468548708E+01
   526   -0.7586828176E+01
   527    0.2685297950E+01
   528    0.7805724102E+01
   529   -0.1211859056E+01
   530   -0.2567785256E+01
   531   -0.2812035462E+01
   532   -0.1860118326E+01
   533    0.9121136127E+01
   534   -0.1353465003E+01
   535   -0.2139764776E+01
   536   -0.6858543086E+01
   537    0.1162980572E+02
   538   -0.3722438319E+01
   539   -0.3123024158E+01
   540    0.2991241492E+01
   541    0.1869312337E+00
   542    0.5601339755E+01
   543   -0.1245386447E+02
   544    0.5654629703E+01
   545   -0.1423658639E+01
   546    0.2154987598E+01
   547    0.2704922419E+01
   548   -0.9125172720E+01
   549    0.7487971011E+01
   550   -0.2183792909E+01
   551    0.3096863663E+01
   552   -0.5493765223E+01
   553    0.3519018215E+01
   554    0.5891647897E+01
   555   -0.1034903070E+02
   556    0.1861512427E+01
   557    0.3893668599E+01
   558    0.1063623784E+01
   559    0.9419447631E+00
   560   -0.1213566311E+01
   561   -0.5133324149E+01
   562    0.1689029987E+01
   563   -0.2281586852E+01
   564    0.4443389488E+01
   565   -0.5489361980E+01
   566    0.2370648088E+01
   567    0.2379176665E+01
   568   -0.1149242019E+01
   569    0.2609120216E+01
   570   -0.2973653036E+01
   571   -0.2545646890E+01
   572   -0.5138430349E+01
   573    0.9226481402E+01
   574    0.6111422630E+01
   575   -0.9303977586E+01
   576    0.2064246008E+01
   577    0.6036331628E+00
   578    0.3406305649E+01
   579   -0.1537642317E+01
   580   -0.5059108996E+01
   581    0.1066252132E+02
   582   -0.8830088892E+01
   583    0.2257462912E+01
   584    0.3401811097E+01
   585   -0.2557877651E+01
   586   -0.1675965586E+01
   587   -0.2372673317E+01
   588   -0.4414946730E+00
   589    0.5729259101E+01
   590   -0.7955803745E+01
   591    0.8451685792E+01
   592   -0.4701205936E+01
   593   -0.2257762569E+01
   594    0.2255336229E+01
   595    0.8165432398E+00
   596   -0.6430699158E+01
   597    0.3757861053E+01
   598    0.6794152299E+01
   599   -0.1384374394E+02
   600    0.6414407813E+01
   601   -0.3858584859E+01
   602    0.1210248089E+02
   603   -0.4138736205E+01
   604   -0.6050522085E+01
   605   -0.2627454986E+01
   606    0.6399622539E+01
   607   -0.2152457148E+01
   608    0.6645017827E+00
   609   -0.9117508367E+01
   610   -0.7500060164E+00
   611    0.8458090193E+01
   612   -0.1120687416E+02
   613    0.1102601878E+02
   614   -0.6393291659E+01
   615    0.1860209925E+02
   616   -0.1493223372E+02
   617   -0.9771740532E+01
   618    0.7979663455E+01
   619    0.3914727853E+01
   620   -0.3583221083E+01
   621    0.9282086624E+00
   622   -0.9040284500E+01
   623    0.8220649457E+01
   624   -0.4452620655E+01
   625    0.3584045363E+01
   626   -0.6733632371E+01
   627   -0.1434143822E+02
   628    0.1590887331E+02
   629    0.6017617175E+00
   630   -0.4150158879E+01
   631   -0.1752148335E+02
   632    0.7584043570E+00
   633   -0.8479449310E+01
   634    0.1118820262E+02
   635    0.7653093701E+01
   636    0.9833658983E+01
   637   -0.1274914080E+02
   638    0.4137102449E+01
   639   -0.1281388909E+02
   640    0.1014784999E+02
   641   -0.4468583085E+01
   642   -0.1752516876E+02
   643    0.1169612602E+02
   644   -0.8433544239E+01
   645    0.9220631325E+01
   646   -0.4504454348E+01
   647    0.1604936112E+02
   648   -0.2538425952E+01
   649   -0.3377080471E+01
   650   -0.9096572626E+01
   651    0.1255737998E+01
   652    0.4040308253E+01
   653   -0.1398910978E+02
   654    0.1787661766E+02
   655    0.7832649853E+01
   656   -0.2929240781E+00
   657    0.2991271332E+01
   658    0.8673380360E+01
   659   -0.7105261744E+01
   660   -0.8695803890E+01
   661   -0.2351218298E+01
   662    0.1430830830E+02
   663   -0.1657372881E+02
   664    0.1418491904E+01
   665    0.2020893804E+02
   666   -0.1107544863E+02
   667    0.4913233895E+01
   668    0.1419965867E+02
   669   -0.1051488094E+02
   670   -0.1631703603E+01
   671   -0.9053402565E+01
   672    0.4606775073E+01
   673    0.3243719291E+01
   674   -0.3582713727E+01
   675    0.5119810887E+01
   676   -0.2045111729E+01
   677    0.1713388835E+01
   678    0.2943039635E+01
   679    0.8347327927E+01
   680   -0.6483185592E+01
   681   -0.3943644057E+01
   682    0.2668486417E+00
   683    0.8171132176E+01
   684   -0.3862693192E+01
   685    0.6390254934E+01
   686    0.1502254378E+01
   687   -0.1077901216E+02
   688    0.3602405942E+01
   689   -0.6384001902E+01
   690    0.1521108949E+02
   691   -0.8118943941E+01
   692    0.4882973304E+01
   693   -0.2808426514E+01
   694   -0.2108990604E+01
   695    0.7948476163E+00
   696    0.3508628155E+01
   697   -0.7148581098E+01
   698    0.7864927507E+01
   699   -0.1496778155E+01
   700   -0.3978064642E+01
   701    0.8152490115E+01
   702   -0.2248932735E+01
   703   -0.3785634121E+01
   704   -0.9942484884E+00
   705   -0.3187697138E+01
   706   -0.3424947220E+01
   707    0.1521467983E+02
   708   -0.6933901001E+01
   709    0.7336325594E+01
   710   -0.4951271369E+01
   711   -0.5866511131E+01
   712    0.6104297108E+01
   713    0.6163991848E+01
   714   -0.4849110997E+01
   715   -0.9440010970E+01
   716    0.9287491178E+01
   717    0.1751884625E+00
   718   -0.6625146526E+01
   719    0.4908367954E+01
   720   -0.6562926083E+00
   721    0.4418870819E+01
   722   -0.2893537281E+01
   723    0.3547414864E+01
   724   -0.9042271690E+01
   725    0.2125724354E+01
   726    0.3674520274E+01
   727   -0.2371514435E+01
   728   -0.2765312629E+01
   729    0.6867296670E+01
   730    0.1659205636E+01
   731   -0.1536843324E+02
   732    0.1559694249E+02
   733    0.6925407734E+00
   734   -0.1432019902E+02
   735    0.1116060970E+02
   736   -0.2945036768E+01
   737    0.2252985272E+00
   738   -0.1507477757E+01
   739    0.1288837128E+01
   740    0.2761312160E+01
   741   -0.9557196716E+01
   742    0.3580785434E+01
   743    0.2136092182E+01
   744    0.7276207234E+01
   745   -0.3895208119E+01
   746   -0.4765257282E+01
   747   -0.1448228310E+01
   748    0.4316588110E+01
   749   -0.3811116301E+01
   750   -0.1725959762E+01
   751    0.1453301479E+01
   752    0.5915486786E+01
   753    0.2767588687E+01
   754   -0.8847966776E+01
   755    0.8111650800E+01
   756   -0.8487765306E+01
   757    0.2596441909E+01
   758    0.2559076267E+01
   759   -0.2968784553E-01
   760   -0.6073238378E+01
   761    0.1414168591E+01
   762    0.4130854387E+01
   763   -0.7791155105E+01
   764    0.6076931856E+01
   765   -0.1193975811E+02
   766    0.7907795140E+01
   767    0.3361631951E+01
   768   -0.1531387276E+01
   769   -0.3015839726E+01
   770    0.5703456899E+01
   771   -0.5325602112E+01
   772   -0.6169654788E+00
   773    0.2673596606E+01
   774   -0.1320234338E+02
   775    0.7430871149E+00
   776    0.2227764010E+01
   777   -0.3904485378E+01
   778   -0.1026604147E+02
   779    0.1660291461E+02
   780    0.3226937131E+01
   781   -0.5625087516E+01
   782    0.3968725425E+01
   783   -0.2926680563E+01
   784   -0.3549251847E+01
   785    0.6158348832E+01
   786   -0.7878837709E+01
   787   -0.3910541107E+01
   788    0.9612764290E+01
   789    0.5613635046E+01
   790   -0.8185052397E+01
   791   -0.9725808744E+01
   792    0.1287606413E+02
   793    0.1292391776E+00
   794   -0.3542771698E+01
   795   -0.1687339540E+01
   796   -0.4261495876E+00
   797   -0.1321980534E+01
   798    0.2002289229E+01
   799   -0.4930767678E+01
   800   -0.2477140428E+01
   801    0.3654220104E+01
   802    0.7320444626E-01
   803    0.4785520822E+00
   804   -0.5675191795E+01
   805   -0.3107239793E+01
   806    0.2092746698E+02
   807   -0.7193260809E+01
   808   -0.5389951714E+01
   809    0.7263769509E+01
   810   -0.4137459825E+01
   811    0.1743534910E+01
   812   -0.1730017566E+01
   813   -0.6908383324E+01
   814    0.7948437234E+01
   815    0.5668005111E+01
   816   -0.2638018755E+01
   817   -0.1760011737E+01
   818    0.1719833355E+01
   819    0.7207279878E+01
   820   -0.1609496250E+02
   821    0.3059198579E+01
   822   -0.2065597293E+01
   823    0.3374774461E+01
   824    0.1609363786E+01
   825    0.8492024093E+01
   826   -0.9002889619E+01
   827   -0.3838471186E+01
   828   -0.4079263905E+01
   829    0.1166341017E+02
   830    0.2475474399E+01
   831   -0.4483168090E+01
   832    0.6106640891E+01
   833   -0.4181807297E+01
   834   -0.3837366259E+00
   835   -0.4060658495E+01
   836    0.5546732939E+01
   837    0.4679307964E+01
   838   -0.2997471028E+01
   839   -0.5946919390E+00
   840   -0.6932416696E+00
   841   -0.4471809908E+01
   842   -0.1583219577E+01
   843    0.9551749463E+01
   844   -0.9730318254E+00
   845   -0.2871055827E+01
   846   -0.3670982669E+00
   847    0.8466326023E+01
   848   -0.5560827268E+01
   849    0.6329280521E+01
   850   -0.4039761522E+01
   851   -0.2274297557E+01
   852    0.1029010632E+01
   853   -0.3363106225E-01
   854    0.2362170403E+01
   855   -0.3143891896E+00
   856    0.2574076152E+01
   857   -0.3320611381E+01
   858    0.1564036943E+01
   859   -0.1259442698E+01
   860   -0.2474820659E+01
   861    0.1505548014E+01
   862    0.2855853091E+01
   863   -0.2663647152E+01
   864    0.3775871519E+01
   865   -0.2374926178E+01
   866    0.2802519626E+01
   867   -0.6974444111E-01
   868   -0.1648447076E+01
   869   -0.1896903054E+01
   870   -0.1575726829E+01
   871    0.2558828614E+01
   872    0.4635225616E+01
   873   -0.6479700301E+01
   874    0.5141815765E+01
   875    0.1720192924E+01
   876   -0.5563796311E+01
   877    0.2348223435E+01
   878   -0.2261901612E+00
   879   -0.5951601839E+01
   880    0.2371390330E+01
   881    0.3839534295E+01
   882    0.3037176226E+01
   883   -0.4296099956E+01
   884   -0.5683101665E+01
   885    0.8726223697E+01
   886   -0.4422009439E+01
   887    0.4693817976E+01
   888   -0.1203583750E+01
   889   -0.3891524345E+01
   890    0.3069324506E+01
   891    0.3515405724E+01
   892   -0.5834320458E+00
   893    0.2445092117E+00
   894   -0.2798010562E+01
   895   -0.5450871711E+01
   896    0.2319565693E+01
   897    0.1437073985E+01
   898    0.4710772125E-01
   899    0.3703413184E+01
   900   -0.2185233228E+01
   901   -0.1020213499E+01
   902   -0.1795373732E+01
   903   -0.1807776303E+01
   904    0.7180989028E+01
   905   -0.7328524964E+01
   906    0.2219638541E+01
   907    0.7005652233E-01
   908    0.1738559615E+01
   909   -0.9403038994E+00
   910   -0.2302139741E+01
   911    0.3199655708E-01
   912    0.3627154164E+00
   913    0.1385567713E+01
   914   -0.6769855186E+00
   915    0.1444124721E+01
   916   -0.2219839724E+01
   917   -0.6504421374E+00
   918    0.1757737341E+00
   919   -0.3426179265E+00
   920    0.1464065725E+01
   921    0.1408173753E+01
   922   -0.3636149881E+01
   923   -0.6207328737E+00
   924    0.3052339939E+01
   925   -0.4006987272E+00
   926   -0.7979298950E+00
   927   -0.1805749096E+01
   928   -0.6449795094E+00
   929    0.1569562242E+01
   930    0.1376518924E+01
   931   -0.5070418707E+00
   932   -0.5840884483E+00
   933   -0.7446163473E+00
   934   -0.2684187600E+01
   935    0.5094679296E-01
   936    0.1546371982E+01
   937    0.9032668380E+00
   938    0.8321279307E+00
   939   -0.3350199444E+00
   940   -0.3211566891E+00
   941   -0.1176731201E+01
   942   -0.2036662362E+01
   943   -0.6520501369E+00
   944   -0.1228177881E+01
   945   -0.4179190998E-01
   946    0.3279226680E+01
   947   -0.9386674154E-01
   948   -0.1513882188E+01
   949    0.5778246224E+00
   950    0.1239941558E+01
   951   -0.4882319099E+00
   952   -0.2640097939E+00
   953   -0.4758750713E+00
   954    0.1726834048E+00
   955   -0.2412974142E+01
   956   -0.4292449926E+01
   957    0.1285901262E+01
   958    0.2699367750E+01
   959    0.2199939151E+01
   960    0.1069335792E+01
   961    0.1635255310E+01
   962    0.3950866421E+00
   963   -0.9157246536E+00
   964   -0.3293744769E+00
   965   -0.3194201353E+01
   966   -0.8807784817E+00
   967   -0.2044882948E+00
   968    0.9628184609E-01
   969    0.1557281489E+01
   970    0.2776914765E+01
   971    0.1912758776E+01
   972   -0.1073543873E+01
   973    0.3227777909E+00
   974    0.5192333582E+00
   975    0.2094212452E+00
   976   -0.9525494747E+00
   977   -0.8416743472E+00
   978    0.5368010075E+00
   979    0.5227128851E+00
   980   -0.1164759114E+01
   981   -0.1772632908E+01
   982   -0.1533558449E+01
   983   -0.2355614471E+01
   984    0.4756460153E+01
   985    0.2929955722E+01
   986    0.1998163110E+00
   987   -0.1199704534E+01
   988   -0.5489927056E+00
   989   -0.5664685452E+00
   990   -0.7964891539E+00
   991   -0.1597457288E+01
   992   -0.1507746392E+01
   993   -0.2910825203E+00
   994    0.2761101619E+01
   995    0.3027805847E+01
   996    0.1007180474E+01
   997   -0.7885122628E+00
   998   -0.2234377308E+01
   999   -0.1917164730E+01
  1000   -0.5838907196E+00
  1001   -0.8400885562E+00
  1002    0.2557617738E+01
  1003    0.9196995845E+00
  1004    0.1998012673E+00
  1005   -0.6715376286E+00
  1006   -0.1778613083E+01
  1007    0.3707467346E-01
  1008    0.2934370378E+01
  1009    0.1646458481E+01
  1010    0.2012613453E+00
  1011   -0.1972366990E+01
  1012   -0.4633291440E+01
  1013    0.1842019722E+01
  1014    0.4015074596E+01
  1015    0.5586657398E+00
  1016    0.8004856860E+00
  1017    0.1361200757E+00
  1018    0.6649393151E+00
  1019    0.1562828009E+01
  1020    0.7164234344E+00
  1021   -0.1460953980E+01
  1022   -0.2505278196E+01
  1023   -0.1151845408E+01
  1024    0.1050852362E+01
  1025    0.5599249159E+00
  1026   -0.3031837934E+00
  1027   -0.3464635656E+00
  1028   -0.2275583839E+01
  1029   -0.3899020958E+01
  1030    0.1549968047E+01
  1031    0.1834646151E+01
  1032    0.2055063256E+01
  1033    0.2465759077E+01
  1034    0.2003350261E+01
  1035   -0.1547648931E+01
  1036   -0.1349109097E+01
  1037   -0.5634941922E+00
  1038   -0.4985734175E+00
  1039    0.5401271585E+00
  1040    0.1452302806E+01
  1041    0.8600804958E+00
  1042   -0.8196642304E+00
  1043   -0.1327712959E+01
  1044   -0.1911249470E+00
  1045   -0.4584040655E+00
  1046    0.2791285724E-01
  1047    0.1925036744E+01
  1048    0.6758985600E+00
  1049   -0.2566408491E+01
  1050   -0.8556738570E+00
  1051    0.1314106838E+01
  1052    0.6588796749E+00
  1053    0.2621030263E+01
  1054   -0.3917761671E+00
  1055   -0.1022489748E+01
  1056   -0.6218484996E+00
  1057   -0.1499034891E+01
  1058   -0.9588003221E+00
  1059   -0.5687595608E-01
  1060   -0.9905160563E+00
  1061   -0.6584633958E+00
  1062    0.1130890433E+01
  1063    0.2472205470E+01
  1064    0.2081178265E+01
  1065   -0.7226663231E-01
  1066   -0.1842182792E+01
  1067   -0.3586125527E-01
  1068    0.5158005863E+00
  1069    0.1341619663E+01
  1070    0.5310555719E+00
  1071    0.2644819620E+00
  1072   -0.1379330189E+01
  1073   -0.1114003950E+01
  1074   -0.9042267996E+00
  1075   -0.5396572046E+00
  1076   -0.5175303278E+00
  1077    0.3798883728E+00
  1078    0.7988946885E+00
  1079   -0.3198708823E-01
  1080   -0.7648026887E-01
  1081   -0.1260172151E+00
  1082    0.2619426359E+00
  1083   -0.1129440579E-01
  1084   -0.1485974609E+01
  1085   -0.1835352848E+01
  1086   -0.1874360978E+00
  1087    0.2307214396E+01
  1088    0.2921390871E+01
  1089   -0.2211601260E+00
  1090   -0.3594761506E+01
  1091   -0.5081591899E+01
  1092    0.1235841712E+01
  1093    0.4669742234E+01
  1094    0.9706053651E+00
  1095   -0.1058853555E+00
  1096    0.1544888347E+01
  1097    0.9790711684E+00
  1098   -0.9681340927E+00
  1099   -0.8113101488E+00
  1100   -0.3525105355E+00
  1101   -0.9545507991E+00
  1102   -0.2201575055E+00
  1103    0.7740383622E+00
  1104   -0.4696944079E+00
  1105   -0.2276200761E+01
  1106   -0.2097700337E+01
  1107   -0.6464432117E-01
  1108    0.3065458145E+01
  1109    0.3612238039E+01
  1110    0.1195826330E+01
  1111   -0.1078428350E+00
  1112   -0.1649249173E+01
  1113   -0.2510598232E+01
  1114   -0.1451302602E+01
  1115    0.1373729649E+01
  1116    0.5403800709E+00
  1117   -0.1193542029E+01
  1118   -0.8582408960E+00
  1119   -0.1009576041E+00
  1120    0.3649386550E+00
  1121    0.9811442113E+00
  1122    0.9978816808E+00
  1123    0.1098870544E+01
  1124    0.1066133710E+01
  1125   -0.3326674992E+00
  1126   -0.8471486113E+00
  1127   -0.7665490997E+00
  1128   -0.6742612018E+00
  1129   -0.7613709453E+00
  1130   -0.9119589196E+00
  1131   -0.1280162213E+00
  1132    0.9981968379E+00
  1133    0.9368095508E+00
  1134    0.1271214189E+00
  1135    0.4292291308E-01
  1136   -0.8402149006E-01
  1137   -0.3657829631E+00
  1138   -0.4849800474E+00
  1139   -0.3750683999E+00
  1140   -0.8322415850E-01
  1141    0.2415845927E+00
  1142    0.4817735564E+00
  1143    0.4490331651E+00
  1144   -0.9734829713E-02
  1145   -0.8269067827E+00
  1146   -0.9840744959E+00
  1147   -0.8700194741E+00
  1148   -0.1146384225E+01
  1149    0.6691997263E+00
  1150    0.1659350117E+01
  1151    0.8305181179E+00
  1152   -0.1321518426E+01
  1153   -0.7775991635E+00
  1154    0.2626338001E+00
  1155   -0.2355748738E+00
  1156   -0.6219781472E-01
  1157    0.1771463078E+00
  1158   -0.1677337509E+00
  1159   -0.4938071411E-01
  1160    0.5507907011E+00
  1161    0.1079166558E+01
  1162   -0.3661982076E+00
  1163   -0.2855693387E+01
  1164   -0.3897191827E+00
  1165    0.7491139970E+00
  1166    0.1255829819E+01
  1167    0.1342580310E+01
  1168    0.7585994618E+00
  1169    0.4630752003E+00
  1170   -0.1445840062E+00
  1171   -0.5894340285E+00
  1172   -0.1321340327E+00
  1173    0.5105139082E+00
  1174    0.2718135919E+00
  1175   -0.5151332773E+00
  1176   -0.2941729474E+00
  1177    0.3506271714E-01
  1178    0.5574869930E+00
  1179    0.5547838110E+00
  1180    0.3918448102E+00
  1181    0.1120484586E+00
  1182    0.4830429701E-01
  1183   -0.1912672800E+00
  1184   -0.4674636285E-01
  1185    0.6021772533E-01
  1186   -0.3984815955E+00
  1187   -0.8145162841E+00
  1188   -0.1971938402E+00
  1189    0.2649798191E+00
  1190    0.2226579893E+00
  1191   -0.5089784607E-01
  1192    0.2774149555E-01
  1193    0.5606293810E+00
  1194    0.6638673224E+00
  1195    0.1903217584E+00
  1196   -0.3643959101E-01
  1197   -0.3398767457E+00
  1198   -0.3202626494E+00
  1199   -0.1797201632E-02
  1200    0.4888628546E+00
  1201    0.3638717736E+00
  1202   -0.6854794319E-01
  1203   -0.1865394581E+00
  1204   -0.4753600618E+00
  1205   -0.2309108063E+00
  1206    0.4120104892E+00
  1207    0.1924551002E+00
  1208   -0.3802271448E+00
  1209   -0.5984067618E+00
  1210   -0.3524908638E-01
  1211    0.4683517179E+00
  1212    0.3763365234E+00
  1213    0.1264022191E+00
  1214   -0.1296262794E+00
  1215   -0.3851203444E+00
  1216   -0.1934253258E+00
  1217    0.3166545937E-01
  1218   -0.2030504444E+00
  1219   -0.1638147375E+00
  1220    0.2935635104E+00
  1221    0.3154049421E+00
  1222   -0.2915007423E-01
  1223   -0.1641877341E+00
  1224   -0.2850485296E+00
  1225   -0.1431265843E+00
  1226    0.2162722697E+00
  1227    0.1359880979E+00
  1228    0.8668057617E-01
  1229    0.2758465470E+00
  1230   -0.2608846973E-01
  1231   -0.3821397994E+00
  1232   -0.1731540299E+00
  1233    0.1411538882E+00
  1234    0.1650049870E+00
  1235   -0.9355594577E-01
  1236   -0.3811921322E+00
  1237   -0.2076834660E+00
  1238    0.2526354170E+00
  1239    0.3362165367E+00
  1240    0.2731547182E+00
  1241    0.2211025662E+00
  1242   -0.1441450308E+00
  1243   -0.4575957169E+00
  1244   -0.4468171752E+00
  1245   -0.1454333916E+00
  1246    0.2601889565E+00
  1247    0.3126502511E+00
  1248   -0.7698207001E-02
  1249   -0.1936590558E+00
  1250    0.6786008611E-01
  1251    0.2878354523E+00
  1252   -0.5728974202E-03
  1253   -0.1976552307E+00
  1254   -0.1352182554E+00
  1255    0.3913849882E-02
  1256    0.7774157546E-01
  1257   -0.1473325789E+00
  1258   -0.2333973089E+00
  1259   -0.4889568799E-01
  1260    0.1510816249E+00
  1261    0.1952325613E+00
  1262    0.1692440475E+00
  1263    0.1263826464E+00
  1264    0.2288313923E-01
  1265   -0.6613559399E-01
  1266   -0.1545927400E+00
  1267   -0.1539481499E+00
  1268    0.8448324598E-01
  1269    0.2514997031E+00
  1270    0.1269933994E+00
  1271    0.4310689189E-02
  1272   -0.2772099037E-01
  1273   -0.3057940086E-01
  1274    0.1058086502E-01
  1275    0.2057185587E-01
  1276   -0.1049746603E+00
  1277   -0.1267594372E+00
  1278   -0.8809805046E-01
  1279   -0.8996214406E-01
  1280    0.2104064596E-01
  1281    0.1106427627E+00
  1282   -0.1096740501E-01
  1283   -0.6525025171E-01
  1284    0.3722197338E-01
  1285    0.1979546025E-01
  1286   -0.9353180367E-01
  1287   -0.1685085155E-02
  1288    0.1576907799E+00
  1289    0.9184954569E-01
  1290   -0.6524977514E-01
  1291   -0.1773636139E+00
  1292   -0.1792375870E+00
  1293    0.4568305922E-01
  1294    0.1150324636E+00
  1295    0.1245471309E+00
  1296    0.7032398706E-01
  1297   -0.2880943731E-01
  1298   -0.6336108921E-01
  1299   -0.4672292167E-01
  1300   -0.2693741661E-01
  1301    0.3536439428E-01
  1302    0.4667906394E-01
  1303   -0.3042982841E-01
  1304   -0.3524895096E-01
  1305   -0.5120043146E-02
  1306   -0.1189895828E-01
  1307    0.9669341250E-02
  1308    0.4296045792E-01
  1309    0.5547827001E-01
  1310    0.3049996650E-01
  1311   -0.1567835017E-01
  1312   -0.5644667235E-01
  1313   -0.7868435590E-01
  1314   -0.5634337048E-01
  1315   -0.6086906705E-02
  1316    0.6033261110E-01
  1317    0.9169392159E-02
  1318   -0.1231682074E-01
  1319    0.8839755400E-02
  1320    0.7777559394E-02
  1321    0.1477927298E-01
  1322    0.4241012486E-01
  1323    0.3288826903E-01
  1324   -0.1712391755E-01
  1325   -0.3992560775E-01
  1326   -0.2537015175E-01
  1327    0.1922398585E-01
  1328    0.2660178742E-01
  1329    0.2445540094E-01
  1330    0.3662303961E-01
  1331    0.3188447164E-01
  1332    0.1080505738E-01
  1333   -0.1094279644E-01
  1334    0.1098049717E-01
  1335    0.3759591773E-01
  1336    0.2249916784E-01
  1337    0.3197102758E-02
  1338    0.4151017426E-02
  1339    0.1086703513E-01
  1340    0.9867622104E-02
  1341    0.3944909557E-02
  1342    0.1004360925E-02
  1343    0.2511009719E-03
  1344    0.6277598195E-04
  1345    0.1569404169E-04
  1346    0.3923513305E-05
  1347    0.9808785108E-06
  1348    0.2452196344E-06
  1349    0.6130491137E-07
  1350    0.1532622212E-07
  1351    0.3831555517E-08
  1352    0.9578947080E-09
  1353    0.2394724419E-09
  1354    0.5987157992E-10
  1355    0.1496025526E-10
  1356    0.3744560217E-11
  1357    0.9352518759E-12
  1358    0.2325084569E-12
  1359    0.5995204333E-13
  1360    0.1199040867E-13
  1361    0.3552713679E-14
  1362    0.1776356839E-14
  1363    0.3330669074E-14
  1364    0.0000000000E+00
  1365   -0.2220446049E-14
  1366    0.8881784197E-15
  1367    0.4440892099E-15
  1368   -0.3552713679E-14
  1369   -0.3552713679E-14
  1370    0.3108624469E-14
  1371    0.9992007222E-15
  1372   -0.3552713679E-14
  1373   -0.2664535259E-14
  1374    0.1776356839E-14
  1375   -0.2220446049E-14
  1376   -0.2886579864E-14
  1377    0.5107025913E-14
  1378    0.0000000000E+00
  1379   -0.3552713679E-14
  1380    0.3774758284E-14
  1381    0.0000000000E+00
  1382   -0.1443289932E-14
  1383    0.1443289932E-14
  1384    0.2220446049E-14
  1385   -0.3552713679E-14
  1386    0.8881784197E-15
  1387    0.1332267630E-14
  1388    0.1332267630E-14
  1389   -0.2220446049E-14
  1390   -0.2220446049E-14
  1391   -0.2664535259E-14
  1392   -0.3552713679E-14
  1393    0.0000000000E+00
  1394    0.1776356839E-14
  1395    0.1887379142E-14
  1396    0.0000000000E+00
  1397    0.3774758284E-14
  1398    0.3552713679E-14
  1399   -0.2220446049E-15
  1400    0.8881784197E-15
  1401   -0.3552713679E-14
  1402    0.4662936703E-14
  1403    0.0000000000E+00
  1404   -0.3552713679E-14
  1405    0.2220446049E-14
  1406    0.2664535259E-14
  1407   -0.3552713679E-14
  1408   -0.1443289932E-14
  1409    0.9992007222E-15
  1410    0.2331468352E-14
  1411   -0.2220446049E-14
  1412   -0.4440892099E-15
  1413    0.0000000000E+00
  1414   -0.2664535259E-14
  1415    0.2775557562E-14
  1416   -0.2664535259E-14
  1417    0.8881784197E-15
  1418    0.1332267630E-14
  1419    0.3330669074E-14
  1420    0.0000000000E+00
  1421   -0.1443289932E-14
  1422    0.8881784197E-15
  1423    0.8881784197E-15
  1424    0.1332267630E-14
  1425    0.8881784197E-15
  1426    0.0000000000E+00
  1427    0.8881784197E-15
  1428    0.0000000000E+00
  1429   -0.2220446049E-14
  1430    0.0000000000E+00
  1431   -0.3552713679E-14
  1432    0.0000000000E+00
  1433    0.0000000000E+00
  1434    0.3108624469E-14
  1435    0.3108624469E-14
  1436   -0.4440892099E-15
  1437   -0.3552713679E-14
  1438    0.2664535259E-14
  1439    0.1332267630E-14
  1440   -0.3552713679E-14
  1441    0.8881784197E-15
  1442    0.1776356839E-14
  1443    0.1332267630E-14
  1444   -0.1998401444E-14
  1445   -0.2553512957E-14
  1446   -0.2220446049E-14
  1447   -0.1443289932E-14
  1448    0.1332267630E-14
  1449    0.0000000000E+00
  1450    0.0000000000E+00
  1451    0.1332267630E-14
  1452    0.3774758284E-14
  1453   -0.8881784197E-15
  1454   -0.3552713679E-14
  1455    0.8881784197E-15
  1456    0.0000000000E+00
  1457   -0.1776356839E-14
  1458    0.0000000000E+00
  1459    0.1332267630E-14
  1460    0.9992007222E-15
  1461   -0.3552713679E-14
  1462    0.8881784197E-15
  1463    0.1332267630E-14
  1464   -0.2220446049E-14
  1465    0.0000000000E+00
  1466    0.1998401444E-14
  1467    0.1332267630E-14
  1468    0.3330669074E-14
  1469   -0.1776356839E-14
  1470   -0.2220446049E-14
  1471   -0.2664535259E-14
  1472    0.9992007222E-15
  1473    0.9992007222E-15
  1474   -0.3552713679E-14
  1475    0.1332267630E-14
  1476    0.0000000000E+00
  1477    0.1332267630E-14
  1478    0.0000000000E+00
  1479    0.1332267630E-14
  1480    0.2664535259E-14
  1481    0.0000000000E+00
  1482    0.0000000000E+00
  1483    0.1332267630E-14
  1484    0.1887379142E-14
  1485    0.0000000000E+00
  1486   -0.7771561172E-15
  1487    0.1332267630E-14
  1488    0.3108624469E-14
  1489   -0.1998401444E-14
  1490   -0.1332267630E-14
  1491   -0.3552713679E-14
  1492   -0.2664535259E-14
  1493   -0.2664535259E-14
  1494   -0.4884981308E-14
  1495    0.3663735981E-14
  1496    0.1776356839E-14
  1497   -0.3552713679E-14
  1498    0.8881784197E-15
  1499    0.0000000000E+00
  1500    0.1293103448E+02
  1501    0.1293103448E+02
  1502    0.0000000000E+00
