    -1   -0.9686521383E+01
     0   -0.2519026893E+02
     1    0.1448089259E+01
     2    0.2058137712E+02
     3   -0.1379991659E+02
     4    0.2797726731E+00
     5   -0.1088113052E+02
     6   -0.4968136524E+01
     7   -0.4848757349E+01
     8    0.1309933772E+02
     9    0.4945669202E+00
    10   -0.1450415302E+02
    11    0.7794377989E+01
    12    0.4912091222E+01
    13    0.8154793080E+01
    14   -0.1192177008E+02
    15    0.8539129763E+01
    16   -0.9780124230E+01
    17   -0.5087498846E+01
    18   -0.9636542460E+00
    19    0.5087564757E+01
    20   -0.1024633787E+01
    21   -0.1817071565E+01
    22    0.2342255470E+01
    23   -0.7674589731E+01
    24    0.1237533460E+02
    25   -0.1056745630E+01
    26    0.4703131716E+01
    27    0.6286259955E+00
    28   -0.5729449461E+01
    29   -0.1141270835E+02
    30    0.7791822910E+01
    31    0.1097992748E+02
    32   -0.1271693847E+02
    33    0.1311540410E+01
    34    0.7179051706E+01
    35    0.8592011580E+01
    36   -0.6300291109E+01
    37    0.6913420084E+01
    38   -0.6274096197E+01
    39   -0.5821683933E+01
    40    0.2890262104E+01
    41    0.5696500637E+01
    42    0.1549854766E+01
    43   -0.2507488156E+01
    44    0.2900512231E+01
    45   -0.1438834356E+01
    46   -0.3732923651E+00
    47    0.9443474098E+01
    48   -0.9007199265E+01
    49    0.2322560390E+00
    50    0.3756902475E+01
    51    0.3472711834E+01
    52    0.4608677170E+01
    53   -0.1389655521E+02
    54    0.5626318061E+01
    55    0.2860138445E+01
    56   -0.2236320393E+01
    57    0.2118521592E+01
    58   -0.1038577211E+01
    59   -0.1175764033E+00
    60   -0.3598442120E+01
    61    0.1042429395E+02
    62    0.4456558284E+01
    63   -0.6273483586E+01
    64    0.1518009141E+01
    65    0.1872895547E+01
    66   -0.3836921825E+01
    67   -0.5175371808E+01
    68    0.4018830312E+01
    69    0.7142963319E+01
    70   -0.8006067484E+01
    71   -0.2426643604E+01
    72    0.5471452392E+01
    73   -0.3968865081E+01
    74    0.1021361569E+02
    75   -0.5027747402E+01
    76   -0.2754616985E+01
    77   -0.3151768015E+01
    78    0.7133574970E+01
    79   -0.4728736316E+00
    80   -0.1114914642E+02
    81    0.1348644964E+02
    82   -0.5389642694E+01
    83    0.1980555007E+01
    84    0.2880238418E+01
    85   -0.3599689791E+01
    86   -0.4149094277E+01
    87    0.8728748373E+01
    88   -0.7825940348E+00
    89    0.3846328703E+01
    90   -0.7297951812E+01
    91    0.2232041223E+01
    92   -0.1167997413E+02
    93    0.9557943609E+01
    94    0.3269723371E+01
    95   -0.1731323367E+01
    96    0.1163302944E+01
    97   -0.7462293691E+00
    98    0.1523388739E+01
    99   -0.5705079161E+01
   100    0.5515607968E+01
   101   -0.6572452184E+01
   102    0.4935293677E+01
   103   -0.4019448887E+01
   104    0.2802578322E+00
   105    0.4697395802E+01
   106    0.1923113686E+00
   107    0.9751314524E+00
   108   -0.6930425421E+01
   109    0.2112792458E+01
   110    0.3904770318E+01
   111   -0.5764045204E+01
   112    0.6517631999E+01
   113   -0.5087649831E+00
   114   -0.1075883082E+01
   115   -0.4084640775E+01
   116    0.1739766659E+01
   117    0.3235767329E+01
   118   -0.3368300651E+01
   119   -0.7639643980E+01
   120    0.1155655733E+02
   121   -0.4665629257E+01
   122    0.7581423338E+01
   123   -0.8513839070E+01
   124    0.3254876376E+01
   125    0.6096694806E+01
   126   -0.1131175774E+02
   127    0.1486421898E+01
   128    0.4574168097E+01
   129    0.5893925560E+01
   130   -0.1413580956E+02
   131    0.1400411854E+01
   132    0.2613022214E+01
   133    0.3086228336E+01
   134   -0.2690989592E+01
   135    0.4636391956E+01
   136   -0.1437136213E+01
   137   -0.8139917064E+00
   138    0.8651226689E+00
   139   -0.6436765874E+01
   140    0.7758367641E+01
   141   -0.3534387843E+01
   142   -0.7543009596E+01
   143   -0.5604180501E+00
   144    0.1262617264E+01
   145    0.5446891086E+01
   146    0.4667481222E+01
   147   -0.5390150088E+01
   148    0.1760614977E+01
   149   -0.6575733170E+01
   150   -0.1402929890E+01
   151    0.1621632746E+02
   152   -0.1526462623E+02
   153   -0.1847123528E+01
   154    0.7014448989E+01
   155   -0.2989327587E+01
   156   -0.1214829956E+02
   157    0.1328179169E+02
   158   -0.1193345204E+02
   159    0.6827645487E-01
   160    0.2562842140E+01
   161    0.8296894314E+00
   162    0.7359534544E+01
   163   -0.5651366170E+01
   164    0.1547930258E+02
   165   -0.1410805816E+02
   166   -0.5762862540E+01
   167   -0.9556975456E+00
   168   -0.8900361882E+01
   169    0.1622663693E+02
   170   -0.2327924022E+02
   171    0.1284641395E+02
   172    0.3889691019E+01
   173    0.2399519508E+01
   174   -0.7851983844E+01
   175    0.2069664392E+01
   176    0.2322443882E+01
   177    0.1780286209E+02
   178   -0.1237515977E+02
   179   -0.5988938597E+01
   180   -0.1049577160E+02
   181    0.2035080796E+02
   182   -0.1257269877E+02
   183   -0.1329925484E+02
   184    0.1965473784E+02
   185   -0.1340204149E+02
   186   -0.7923322720E+01
   187    0.1514595962E+02
   188   -0.7546991960E+01
   189    0.8396243619E+01
   190   -0.4707497835E+01
   191    0.6886748631E+00
   192   -0.2202812967E+01
   193   -0.6970634244E-02
   194    0.2346290141E+01
   195    0.7871462919E+01
   196   -0.4052680306E+01
   197    0.9353507057E+01
   198   -0.1717818442E+02
   199    0.1304225932E+02
   200    0.4981560228E+01
   201   -0.2929479919E+01
   202   -0.3234501587E+01
   203   -0.3291923026E+01
   204   -0.5336040646E+01
   205   -0.7419909219E-01
   206    0.1509302061E+02
   207   -0.4835051145E+01
   208    0.1509137303E+01
   209    0.1081130416E+00
   210    0.3717303125E+01
   211   -0.2010783071E+01
   212   -0.7784329639E+01
   213    0.5291498095E+01
   214    0.1044254441E+01
   215    0.4863685408E+01
   216   -0.1397978325E+01
   217    0.1423468400E+01
   218    0.4742300592E+01
   219   -0.4225296653E+01
   220    0.7155637626E+01
   221   -0.8675770164E+01
   222   -0.1273128304E+01
   223   -0.5838521729E+01
   224    0.1434570893E+02
   225   -0.1306512754E+02
   226    0.1258894756E+02
   227    0.3498541388E+00
   228    0.8543372059E+00
   229    0.3944463576E+01
   230   -0.7342450786E+01
   231   -0.3411733080E+01
   232   -0.1649593651E+01
   233    0.8794876084E+01
   234   -0.4430129776E+01
   235   -0.1026187168E+00
   236    0.7989398515E+01
   237   -0.4961574246E+01
   238    0.1623934469E+01
   239   -0.2341521457E+01
   240   -0.1185598818E+00
   241   -0.1810389257E+01
   242   -0.1727273113E+01
   243    0.2906228485E+01
   244    0.3498183706E+01
   245   -0.3115304636E+01
   246    0.8339052694E+01
   247   -0.4061547813E+01
   248   -0.6067211081E+01
   249   -0.7539522430E+00
   250    0.1089038758E+02
   251    0.1426750202E+01
   252   -0.8376991453E+01
   253   -0.2458347766E+00
   254   -0.4701474064E+01
   255    0.5521200434E+01
   256    0.1623990498E+00
   257    0.7858281268E-01
   258    0.8080191646E+01
   259   -0.6230036074E+01
   260   -0.3710955403E+01
   261    0.8685402667E+01
   262   -0.4034625005E+01
   263   -0.1149348932E+02
   264    0.1093707629E+02
   265    0.1317875281E+01
   266    0.4036004339E+01
   267   -0.8625105019E+01
   268    0.4064025268E+01
   269   -0.9863709124E+00
   270    0.7288674418E+00
   271   -0.1983408957E+01
   272   -0.4424975347E+00
   273   -0.9630116230E+00
   274    0.5224050295E+01
   275   -0.1631782381E+01
   276   -0.5498942403E+00
   277   -0.2425899493E+01
   278    0.6738388411E+00
   279    0.3831441020E+01
   280   -0.9069328916E+00
   281   -0.6192068188E+01
   282    0.6383971890E+01
   283   -0.1084211241E+01
   284   -0.3334435584E+01
   285    0.4591099685E+01
   286    0.1333995409E+01
   287   -0.9263045129E+01
   288    0.1196200132E+02
   289   -0.6018675409E+01
   290   -0.2450431466E+01
   291   -0.3610227416E+00
   292   -0.4128292160E+01
   293   -0.1982582631E+01
   294    0.1158202070E+02
   295   -0.4277684638E+01
   296    0.3268052109E+01
   297   -0.2362060433E+01
   298   -0.4508908908E+01
   299   -0.3227990161E+01
   300    0.6137513166E+01
   301   -0.4198400993E+01
   302   -0.2316209854E+01
   303   -0.5332781885E+01
   304    0.1118052811E+02
   305    0.2288590971E+01
   306    0.9155865369E+01
   307   -0.5243256130E+01
   308   -0.1391389197E+02
   309    0.4910558113E+01
   310    0.7876964293E+00
   311   -0.6045045881E+01
   312    0.1086635714E+01
   313    0.6247811345E+01
   314   -0.6125389820E+01
   315   -0.1639413239E+01
   316    0.4705624533E+01
   317   -0.5038930862E+01
   318    0.1051653282E+02
   319   -0.3188989783E+01
   320   -0.1299851879E+02
   321    0.6194009364E+01
   322    0.6648196637E+01
   323   -0.9615591992E+01
   324    0.1505015091E+02
   325   -0.2228326084E+02
   326    0.4694349777E+01
   327    0.3802215284E+01
   328    0.6637844588E+01
   329   -0.7624055494E+01
   330    0.9145174210E+01
   331   -0.1001056049E+02
   332    0.6789048582E+01
   333   -0.4332696503E+01
   334   -0.9457871473E+00
   335   -0.7612652139E+00
   336    0.1913959982E+01
   337   -0.1703761691E+02
   338    0.2581975152E+01
   339    0.1148837904E+02
   340   -0.7629491202E+01
   341    0.1359902413E+01
   342    0.3694788060E+01
   343   -0.1516546499E+02
   344    0.2379904701E+01
   345   -0.7834209057E+01
   346    0.8039546267E+01
   347    0.1339719610E+02
   348   -0.7361625926E+01
   349    0.8375903479E+01
   350   -0.4550385273E+01
   351   -0.6324861685E+01
   352   -0.4330233137E+01
   353   -0.6542922835E+01
   354    0.7031027428E+01
   355    0.8784797191E+01
   356   -0.1940092662E+01
   357    0.7491382135E+01
   358   -0.4189761861E+01
   359   -0.2579847340E+01
   360    0.2099827435E+00
   361   -0.7414904962E+01
   362    0.8270710913E+01
   363    0.5346239762E+01
   364    0.2381255638E+01
   365   -0.7335555287E+01
   366    0.7992831037E+01
   367    0.1950661417E+01
   368   -0.3544413802E+01
   369    0.3460248253E+01
   370   -0.3841677376E+01
   371   -0.1188191470E+02
   372    0.1187508177E+02
   373    0.1194350457E+02
   374   -0.1218097555E+02
   375    0.7604151540E+00
   376    0.1182489427E+02
   377   -0.5741596792E+01
   378    0.1826506604E+01
   379   -0.2612751787E+01
   380   -0.9767574029E+00
   381   -0.1650615837E+01
   382   -0.4686329419E+01
   383    0.9529729099E+01
   384    0.6012171946E+00
   385   -0.1017669231E+02
   386    0.1877741985E+02
   387   -0.6901845829E+01
   388   -0.1561661684E+02
   389    0.1752039255E+02
   390    0.7814631605E+01
   391   -0.1026798014E+02
   392    0.3734317174E+01
   393   -0.6893516783E+01
   394    0.5642127940E+01
   395   -0.3281252190E+01
   396    0.3635240867E+01
   397   -0.8348193216E+01
   398    0.5147215147E+01
   399    0.3493052958E+01
   400   -0.7393782728E+01
   401    0.4378341568E+01
   402    0.2720963032E+00
   403    0.4902271990E+01
   404   -0.4394814514E+01
   405    0.2932492856E+01
   406    0.6604097460E+01
   407   -0.3891573869E+01
   408   -0.4696984650E+01
   409    0.2727210001E+00
   410    0.6691126845E+00
   411   -0.2427212121E+01
   412    0.8909270686E+01
   413   -0.1871759338E+01
   414   -0.5559167074E+01
   415   -0.2833109664E+00
   416    0.1114140266E+02
   417   -0.1140961024E+02
   418    0.2669432565E+01
   419    0.2502211424E+01
   420   -0.5471083305E+01
   421    0.2318840776E+01
   422   -0.2010973187E+01
   423    0.3089501688E+01
   424    0.4252298282E+01
   425    0.1436079779E+01
   426   -0.1026449372E+02
   427    0.6133306058E+01
   428    0.5649559117E+00
   429    0.6728992299E+01
   430   -0.8322450487E+01
   431    0.1303574890E+01
   432   -0.1727529638E+01
   433   -0.7211261559E+01
   434    0.8618507018E+01
   435    0.6196961808E+00
   436   -0.1036807189E+01
   437   -0.2234806176E+01
   438    0.3112073127E+01
   439    0.9451951055E+01
   440   -0.1120201918E+02
   441   -0.4622355916E+01
   442    0.8463012976E+01
   443   -0.2433968828E+01
   444   -0.3710087770E+01
   445    0.7165644623E+00
   446    0.1053696886E+02
   447   -0.4948946034E+01
   448   -0.1329985281E+02
   449    0.9464505680E+01
   450    0.1485071300E+01
   451   -0.7441716013E+01
   452    0.1200569412E+02
   453   -0.7956603442E+01
   454   -0.2068869033E+01
   455    0.5213415504E+01
   456    0.5005746042E+01
   457   -0.5388166269E+01
   458   -0.4581286650E+01
   459    0.1406025987E+01
   460   -0.2145532129E+01
   461    0.8692562898E+01
   462   -0.4326790128E+01
   463   -0.4340459203E+01
   464   -0.3239488180E+01
   465    0.2127123349E+01
   466    0.1821246172E+02
   467   -0.1769562230E+02
   468    0.3707969322E+01
   469    0.4948884588E+01
   470   -0.1056503003E+02
   471   -0.3196255332E+01
   472    0.6966935630E+01
   473   -0.9700143883E+01
   474    0.1335144154E+02
   475   -0.2476954682E+01
   476   -0.9437657964E+01
   477    0.5894855208E+01
   478   -0.1532190241E+01
   479    0.6031081716E+01
   480   -0.1123163603E+02
   481    0.1674259052E+01
   482    0.7357804082E+01
   483   -0.9235368576E+01
   484    0.1147441966E+02
   485   -0.4068588696E+01
   486   -0.4114227470E+01
   487   -0.1053092551E+01
   488   -0.6928869558E+01
   489    0.9738709960E+01
   490   -0.8311477523E+01
   491    0.7051746333E+01
   492   -0.5697430414E+01
   493    0.6233598237E+01
   494    0.4286773956E+01
   495    0.2380104058E+01
   496   -0.1439021599E+02
   497    0.1342951674E+02
   498   -0.2128279502E+02
   499    0.7860504870E+01
   500    0.1005096315E+02
   501   -0.1246643003E+02
   502    0.1429941236E+02
   503   -0.2032345195E+02
   504    0.1490966427E+01
   505   -0.1484191794E+01
   506    0.1236158631E+02
   507   -0.1215844059E+02
   508   -0.8326559743E+01
   509    0.6353196912E+01
   510    0.1512550445E+02
   511   -0.1212336373E+02
   512   -0.5355851874E+01
   513    0.7614666240E+01
   514   -0.1173747971E+02
   515    0.8750386938E+01
   516    0.3025268799E+01
   517   -0.5107352656E+01
   518   -0.6798279729E+00
   519   -0.1031071532E+02
   520    0.1853981427E+02
   521   -0.3871829585E+01
   522    0.7785305051E+01
   523    0.9747306708E+00
   524   -0.3455372325E+02
   525    0.1881031159E+02
   526    0.7468676733E+00
   527   -0.1075620978E+02
   528    0.1860135483E+02
   529    0.1009465217E+02
   530   -0.2088034910E+01
   531   -0.3272530111E+01
   532   -0.3252716199E+01
   533    0.6535281900E+01
   534    0.5095726017E+00
   535    0.3343091621E+01
   536   -0.6952392425E+01
   537   -0.4122904599E+01
   538   -0.4004782943E+01
   539    0.1863680825E+02
   540   -0.7385739365E+01
   541    0.4695262941E+01
   542    0.7665232426E+00
   543    0.3794816351E+01
   544   -0.4327449981E+01
   545    0.2965258844E+00
   546   -0.6701726475E+00
   547   -0.3521782500E+01
   548    0.7405111845E+01
   549   -0.1183140240E+02
   550    0.8329231934E+01
   551   -0.1192579659E+01
   552    0.4807300223E+01
   553   -0.5062118873E+01
   554    0.4873868478E+01
   555   -0.8038751081E+01
   556    0.1022351522E+02
   557   -0.7189632427E+01
   558    0.4870715569E+01
   559    0.4057038586E+01
   560   -0.3941405995E+01
   561    0.4892097641E+00
   562    0.7765820636E+01
   563   -0.1389710672E+02
   564    0.1186254059E+02
   565   -0.8147620973E-01
   566   -0.6499168547E+01
   567    0.3211430811E+01
   568   -0.3371938716E+01
   569   -0.1232155619E+01
   570    0.6475202866E+01
   571   -0.6947542502E+01
   572    0.2119734766E+01
   573    0.5059370585E+01
   574    0.2415774912E+01
   575    0.4511617451E+01
   576   -0.1118152521E+02
   577    0.6186341864E+01
   578   -0.9474787406E+01
   579    0.5858776179E+01
   580    0.4180058566E+01
   581   -0.6931927374E+01
   582    0.8609469414E+01
   583   -0.2789801124E+01
   584   -0.7262233361E+01
   585    0.9124089480E+01
   586   -0.6061267960E+01
   587    0.4825150597E+01
   588   -0.3208435260E+01
   589    0.2903636851E+01
   590   -0.5304559231E+01
   591    0.2281576865E+00
   592    0.1243355185E+02
   593   -0.8240649686E+01
   594   -0.3585354068E+01
   595   -0.4578643381E+01
   596    0.2314041136E+01
   597    0.9144449366E+01
   598   -0.3769371224E+01
   599    0.4153696521E+01
   600   -0.2639328002E+01
   601   -0.1098192596E+01
   602   -0.3810494209E+01
   603   -0.1376478031E+01
   604    0.1036912935E+02
   605   -0.8418086407E+01
   606    0.5787637119E+01
   607    0.2886927044E-01
   608   -0.7206586469E+01
   609    0.8378046142E+01
   610   -0.5026878774E+01
   611   -0.4412853674E+01
   612   -0.2314765630E+00
   613    0.8731249914E+01
   614   -0.1350807235E+00
   615   -0.1154253910E+02
   616    0.3445318060E+01
   617    0.6696970838E+01
   618    0.3020020931E+01
   619   -0.1141222083E+02
   620    0.3463791975E+01
   621    0.2210835123E+01
   622    0.7026100758E+01
   623   -0.4037699550E+01
   624   -0.3953195183E+01
   625    0.3762973824E+01
   626    0.1495695463E+01
   627   -0.4756254760E+01
   628   -0.8069016284E+01
   629    0.6880063782E+01
   630   -0.2598025849E+00
   631    0.1949756429E+01
   632    0.2577733414E+00
   633   -0.1329374879E+01
   634    0.3289967629E+01
   635    0.1404271144E+01
   636   -0.1237704943E+02
   637    0.3744114396E+01
   638    0.1943235899E+01
   639   -0.1047837722E+02
   640    0.5287367536E+01
   641   -0.4561559957E+01
   642    0.1522072025E+02
   643   -0.6915863166E+01
   644    0.3724421031E+01
   645   -0.6667221848E+01
   646    0.9625578913E+01
   647   -0.9998766663E+01
   648   -0.1079376597E+02
   649    0.1181947758E+02
   650    0.3466493581E+01
   651   -0.6053101296E+01
   652    0.4803505492E+01
   653    0.3590491587E+00
   654   -0.1082980481E+02
   655    0.4177707539E+01
   656    0.6097177913E+01
   657   -0.2208723400E+01
   658   -0.1515537298E+02
   659    0.4545284865E+01
   660    0.4251115162E+00
   661    0.1302338727E+01
   662   -0.1007750178E+02
   663    0.1014696046E+02
   664   -0.4942520081E+01
   665    0.8953032993E+00
   666   -0.1009182869E+01
   667   -0.5081312056E+01
   668   -0.9656320737E+00
   669    0.5313128069E+01
   670    0.8925620945E+01
   671   -0.1313961308E+02
   672    0.8853033231E+01
   673   -0.3391274973E+01
   674    0.6191264749E+01
   675   -0.9942274557E+01
   676    0.3004597480E+01
   677   -0.5713944916E+01
   678    0.2073162245E+01
   679   -0.4121022276E+00
   680    0.1643134496E+01
   681    0.8551544309E+00
   682    0.2311734221E+01
   683   -0.4035779250E+01
   684   -0.8642701540E+01
   685    0.1441236725E+02
   686    0.5505082632E+01
   687   -0.7295344504E+01
   688    0.6500520180E+01
   689   -0.2527878292E+01
   690    0.4196745967E+01
   691    0.1278568664E+01
   692   -0.2359388884E+02
   693    0.1639040320E+02
   694    0.6505390229E+01
   695   -0.2085693649E+01
   696    0.1785780214E+01
   697    0.7014651712E+01
   698   -0.5185534813E+01
   699   -0.6284225413E+01
   700    0.7455662627E+01
   701    0.4196639041E+01
   702   -0.1490052893E+02
   703    0.1037675340E+02
   704   -0.7235931235E+01
   705    0.4548848239E+01
   706    0.4858627697E+01
   707    0.1419060047E+01
   708   -0.3841748868E+00
   709   -0.9004491168E+01
   710    0.7168893760E+01
   711   -0.1965772045E+01
   712    0.3363757861E+01
   713   -0.1532592800E+01
   714    0.4582618482E+01
   715   -0.3784058882E+01
   716    0.1499288141E+01
   717    0.5719686241E+00
   718   -0.4641885179E+01
   719   -0.9780705420E+01
   720    0.1417193909E+02
   721    0.9916349217E+01
   722   -0.1298415286E+02
   723   -0.7721081255E+01
   724    0.1677457731E+02
   725    0.5101550078E+01
   726   -0.1584159328E+02
   727    0.5299606575E+01
   728    0.7482635301E+01
   729   -0.5238328458E+01
   730   -0.3581469746E+01
   731    0.2593637296E+01
   732   -0.2312873232E+01
   733    0.1002029188E+02
   734   -0.6577204827E+01
   735   -0.4213422353E+01
   736   -0.3882000996E+01
   737    0.1267091335E+02
   738    0.2183344066E+01
   739   -0.6074677963E+01
   740   -0.1276776810E+01
   741    0.3307332671E+00
   742    0.8542696109E+00
   743   -0.2500665467E+01
   744    0.5308416454E+01
   745   -0.9629977377E+01
   746    0.6302017540E+01
   747    0.7147268290E+01
   748   -0.6384250758E+01
   749    0.1133038495E+01
   750   -0.1541331422E+01
   751    0.3245521309E+01
   752    0.1533912638E+01
   753   -0.1127358914E+02
   754    0.6268195608E+01
   755   -0.1036447168E+01
   756    0.1158784889E+00
   757    0.3564802720E+01
   758    0.4083607192E+01
   759   -0.1165411902E+02
   760   -0.1051932833E+00
   761    0.5399913288E+01
   762   -0.3382443439E+01
   763    0.3840108694E+01
   764    0.1305921635E+01
   765    0.7836497114E+00
   766   -0.5916920962E+00
   767    0.6089092969E+01
   768   -0.1772705955E+01
   769   -0.1251829591E+02
   770    0.1137266786E+02
   771   -0.5635184668E+01
   772   -0.6013560219E+00
   773    0.4942337724E+01
   774   -0.1014506893E+02
   775    0.5255059172E+01
   776    0.4997615545E+01
   777   -0.4675170285E+01
   778    0.3753632011E+00
   779   -0.8259490817E+01
   780    0.5211179595E+01
   781   -0.2305886132E+01
   782    0.1528733114E+01
   783    0.1121656347E+01
   784    0.2920975432E+01
   785   -0.1453566372E+01
   786    0.2848288142E+01
   787   -0.2155005849E+01
   788   -0.3509291785E+01
   789    0.1091316638E+02
   790   -0.9287351391E+01
   791   -0.4933073347E+01
   792    0.3459779170E+01
   793   -0.7209184971E+01
   794   -0.3471568955E-01
   795    0.1001224958E+02
   796   -0.2172980487E+01
   797   -0.7174468298E+01
   798    0.2522292630E+01
   799    0.3369298746E+01
   800   -0.4298765224E+01
   801    0.5545101921E+01
   802   -0.1322570789E+02
   803    0.1512433586E+02
   804   -0.9864278135E+01
   805    0.3598566081E+01
   806    0.3170588615E+01
   807   -0.3877623265E+01
   808   -0.7642714084E+00
   809   -0.1176191489E+02
   810    0.5308040511E+01
   811    0.3546481156E+01
   812    0.5035183277E+01
   813   -0.7474492851E+01
   814    0.8112775042E+01
   815    0.3105586304E+01
   816   -0.1303082430E+02
   817    0.7558111116E+01
   818   -0.5825208698E+01
   819   -0.3892872129E+00
   820    0.1691976690E+01
   821    0.1140628318E+02
   822    0.1798256964E+01
   823   -0.1484549538E+02
   824   -0.6153998317E+01
   825   -0.8337172627E+01
   826    0.1811810710E+02
   827   -0.5990646883E+01
   828   -0.8256369071E+01
   829    0.1215185369E+02
   830    0.5731554375E+01
   831   -0.3783828910E+01
   832   -0.4959193825E+01
   833    0.1351395738E+02
   834    0.2233579061E+00
   835   -0.8999668226E+00
   836   -0.5758996939E+01
   837   -0.3587951661E+01
   838   -0.4639945296E+01
   839    0.4723971402E+01
   840   -0.5984530372E+01
   841    0.8863952010E+01
   842   -0.2573371704E-01
   843   -0.4122372820E+01
   844    0.1035582997E+02
   845   -0.5901684969E+01
   846   -0.1340157529E+01
   847   -0.8491826421E+01
   848    0.2795909935E+01
   849    0.8158236167E+01
   850   -0.1416752860E+02
   851    0.2389387271E+02
   852   -0.1348617279E+02
   853   -0.3062238293E+01
   854    0.8103992269E+01
   855    0.6150486836E+01
   856   -0.4770590527E+01
   857   -0.1513833691E+01
   858    0.1205525119E+01
   859   -0.1114707208E+02
   860    0.1612469678E+02
   861   -0.4705762584E+01
   862    0.5812335125E+01
   863   -0.2505786206E+01
   864   -0.3063024963E+01
   865   -0.3472258881E+01
   866   -0.1050455911E+02
   867    0.9968534031E+01
   868    0.7179155333E+01
   869    0.2404419292E+01
   870   -0.9745209600E+01
   871    0.4243878465E+01
   872   -0.1351299370E+01
   873   -0.8422768733E+00
   874   -0.6986448973E+00
   875    0.6120795858E+01
   876   -0.2911488898E+01
   877   -0.4535817523E+01
   878    0.3326883481E+01
   879    0.7056462297E+01
   880   -0.9621867109E+01
   881    0.5192138267E+01
   882   -0.1421591712E+01
   883    0.1028951919E-01
   884   -0.3260164760E+01
   885   -0.6117513298E+01
   886    0.1227084098E+02
   887    0.1899665478E+01
   888    0.5249882808E+00
   889   -0.9045539678E+01
   890    0.1056444882E+02
   891    0.1157070730E-01
   892   -0.1005066122E+01
   893   -0.3201071839E+01
   894   -0.9775883562E+00
   895   -0.5943719007E+01
   896    0.4912718849E+01
   897    0.1430620940E+01
   898    0.3722241092E+01
   899   -0.9705627658E+01
   900    0.7903935909E+01
   901   -0.7817018149E+01
   902    0.3296664470E+01
   903    0.1040663835E+02
   904   -0.9350884235E+01
   905    0.3870570870E+01
   906   -0.4382221428E+01
   907    0.2864684855E+01
   908   -0.2528578536E+01
   909    0.5303215089E+01
   910   -0.4991250131E+01
   911   -0.4203568056E+01
   912    0.7619714031E+01
   913   -0.2029281907E+01
   914    0.4685780399E+01
   915   -0.1325412765E+02
   916    0.9467521559E+01
   917    0.4792871767E+01
   918   -0.6265546046E+01
   919   -0.2323963931E+01
   920    0.3262417105E+01
   921   -0.2740496145E+01
   922    0.1013488289E+01
   923    0.3487421780E+01
   924   -0.2845514307E+01
   925   -0.2252777800E+01
   926   -0.6686693633E+00
   927   -0.3456766148E+01
   928    0.6390817010E+01
   929    0.1643085374E+01
   930   -0.9734564983E+01
   931    0.3548744627E+01
   932   -0.5320852764E+00
   933    0.4440523118E+01
   934    0.1677868326E+01
   935    0.4706624397E+01
   936   -0.8057710362E+01
   937    0.2578420370E+01
   938   -0.1315154061E+00
   939   -0.8909543582E+00
   940    0.1778448399E+01
   941   -0.3298193234E+01
   942    0.3040904555E+01
   943   -0.4447604988E+01
   944    0.5010572962E+01
   945   -0.3453712855E+01
   946   -0.4303713397E+01
   947    0.5347415000E+01
   948    0.2629307475E+01
   949    0.3330218172E+01
   950   -0.2194713500E+01
   951   -0.5352714745E+01
   952   -0.4612276640E+01
   953    0.6031597345E+01
   954    0.2322717474E-01
   955    0.4763835434E+01
   956   -0.3564840432E+01
   957   -0.3573017957E+01
   958    0.4002337462E+00
   959    0.1898777722E+01
   960   -0.8085945858E+01
   961    0.1345376535E+01
   962    0.8298524208E+01
   963   -0.8665673866E+00
   964   -0.5197620918E+01
   965    0.5666841991E+00
   966    0.1602950842E+01
   967    0.1638158222E+01
   968   -0.5381330268E+01
   969    0.2526229507E+01
   970   -0.1037929499E+01
   971   -0.1090333732E+00
   972    0.3537785811E+00
   973    0.2683437048E+01
   974   -0.3815243935E+00
   975   -0.2235024750E+01
   976   -0.2238528804E+00
   977    0.3445776392E+01
   978    0.1695470298E+01
   979   -0.3434874375E+00
   980    0.1120003161E+00
   981    0.6979177579E+00
   982    0.5502737055E+00
   983   -0.1125211786E+01
   984   -0.5982539125E+00
   985   -0.5033353076E+00
   986    0.5019442653E+00
   987   -0.6101734729E+00
   988   -0.1901178401E+01
   989   -0.1023067406E+01
   990    0.3893377735E+00
   991   -0.3409907348E+00
   992   -0.1362582275E+00
   993    0.2309921249E+01
   994    0.4407144320E+00
   995   -0.7760188064E+00
   996   -0.1946653115E+01
   997   -0.3212747811E+01
   998   -0.4017693836E+00
   999    0.2740779361E+01
  1000    0.4165295938E+01
  1001   -0.1513349926E+01
  1002    0.3818683884E+01
  1003   -0.2547061137E+01
  1004   -0.1454312150E+01
  1005    0.8221087237E+00
  1006   -0.6626186075E+00
  1007   -0.3768638578E+00
  1008   -0.6168071690E+01
  1009    0.3324351781E+01
  1010    0.2720503842E+01
  1011   -0.6025225765E+00
  1012   -0.1225702788E+01
  1013   -0.2518666272E+01
  1014   -0.2127119453E+01
  1015    0.9600877398E+00
  1016    0.3843831971E+01
  1017   -0.6714078926E+00
  1018    0.7706925537E+00
  1019    0.1604347879E+01
  1020    0.1115023471E+01
  1021   -0.1154418610E+01
  1022    0.7703891919E+00
  1023    0.2603686384E+01
  1024   -0.1375363245E+01
  1025   -0.2729760270E+01
  1026   -0.1309850033E+01
  1027    0.1672002124E+01
  1028   -0.1089558860E+01
  1029   -0.2125354958E+01
  1030    0.5474838368E+00
  1031    0.2629754756E+01
  1032    0.2949561995E+01
  1033    0.3445733648E+00
  1034   -0.1721568265E+01
  1035   -0.2777553153E+00
  1036   -0.2636995396E+00
  1037   -0.1115360548E+01
  1038    0.3825109886E+00
  1039   -0.5108824689E+00
  1040   -0.4626006035E+00
  1041    0.1290978545E+01
  1042    0.1210637806E+01
  1043   -0.1014959181E+01
  1044   -0.1122306551E+01
  1045    0.9460813743E+00
  1046    0.9115489190E+00
  1047    0.4131237565E+00
  1048   -0.2814834237E+00
  1049    0.2518339551E+00
  1050   -0.1583222307E+00
  1051   -0.1099517815E+01
  1052    0.2480214354E+00
  1053    0.1104221102E+01
  1054   -0.2269134154E+00
  1055   -0.1843440849E+01
  1056   -0.1534623747E+01
  1057    0.1271601473E+01
  1058    0.3196164765E+01
  1059    0.2204942868E+01
  1060    0.4755454760E+00
  1061   -0.4136982861E+00
  1062   -0.5941792992E+00
  1063    0.9305580502E-02
  1064   -0.9070673903E+00
  1065   -0.3368259374E+00
  1066   -0.6368352275E+00
  1067   -0.4741873447E+00
  1068    0.4799503867E+00
  1069    0.1352054191E+01
  1070   -0.5834125112E+00
  1071    0.6419078924E-01
  1072   -0.4393644713E-01
  1073    0.8635895851E+00
  1074    0.5987849897E-01
  1075   -0.8695260700E+00
  1076   -0.6352727033E+00
  1077    0.1211612349E+01
  1078    0.8083806222E+00
  1079    0.4963225878E+00
  1080   -0.1116766525E+00
  1081    0.2659679946E+00
  1082   -0.6699422479E+00
  1083   -0.9806609266E-01
  1084   -0.2019760854E+01
  1085   -0.1121970485E+01
  1086    0.1853412984E+01
  1087    0.1906145582E+01
  1088   -0.2749696946E+00
  1089   -0.5836677033E+00
  1090   -0.5339475767E+00
  1091   -0.1383134202E+01
  1092   -0.1938451086E+01
  1093   -0.2294514745E+01
  1094   -0.1180907626E+01
  1095    0.4184476385E+01
  1096    0.2017983754E+01
  1097   -0.1185228338E+00
  1098    0.4656059043E+00
  1099   -0.6503052299E+00
  1100   -0.7965413362E+00
  1101    0.5255104694E-01
  1102    0.1299028472E+01
  1103    0.8605289411E+00
  1104   -0.6054074282E+00
  1105   -0.1379415840E+01
  1106   -0.1683304969E+01
  1107   -0.6307993402E+00
  1108    0.8459693950E+00
  1109    0.6254207406E+00
  1110   -0.1350249033E+01
  1111   -0.8487607416E+00
  1112    0.1574917700E+01
  1113    0.1297559415E+01
  1114   -0.1446809499E+01
  1115   -0.2856975141E+01
  1116   -0.4600076825E+00
  1117    0.1257390219E+01
  1118    0.1177004440E+01
  1119    0.1140108885E+01
  1120    0.1131466644E+01
  1121    0.8339054148E+00
  1122   -0.1104051923E+01
  1123   -0.1710379390E+01
  1124   -0.1261582410E+00
  1125   -0.4745690525E+00
  1126   -0.2438799864E+01
  1127   -0.1006627659E+01
  1128    0.2723374009E+01
  1129    0.2978524457E+01
  1130    0.6910059102E+00
  1131   -0.1114283440E-01
  1132    0.1079730130E+01
  1133    0.8052659041E+00
  1134   -0.4008545644E+00
  1135   -0.1318494834E+01
  1136   -0.1015959981E+01
  1137   -0.9329089842E+00
  1138   -0.5998639360E+00
  1139    0.2032215911E+00
  1140    0.9097306781E+00
  1141    0.1476344042E+01
  1142    0.6812037056E+00
  1143    0.7981072573E+00
  1144    0.3803713387E-01
  1145   -0.4282195904E-01
  1146   -0.3668904158E+00
  1147   -0.4432876579E+00
  1148   -0.6860288019E+00
  1149   -0.6728031690E+00
  1150   -0.2442794613E+00
  1151   -0.8478605260E-01
  1152    0.1713074202E+00
  1153    0.4640447414E+00
  1154    0.3182753036E+00
  1155   -0.2032318673E+00
  1156   -0.7552812224E-01
  1157    0.8130007717E-01
  1158    0.3973409347E-02
  1159   -0.6550754789E+00
  1160   -0.1095684135E+01
  1161   -0.1563381900E+01
  1162   -0.1450075767E+01
  1163    0.6513789332E+00
  1164    0.2226510807E+01
  1165    0.1222183081E+01
  1166   -0.2043028930E+00
  1167   -0.1296122292E+01
  1168   -0.1289692302E+01
  1169   -0.4607802709E+00
  1170    0.7783503737E+00
  1171    0.1118462731E+01
  1172    0.3879664030E+00
  1173   -0.3661366258E+00
  1174   -0.1078880480E+01
  1175   -0.1702687306E+01
  1176   -0.4095593027E+01
  1177    0.2386425780E+01
  1178    0.9180946407E+00
  1179    0.3246742921E-01
  1180    0.6776470427E+00
  1181    0.1017243516E+01
  1182   -0.1217174444E+01
  1183   -0.2281005883E+00
  1184    0.1382442014E+01
  1185    0.1347296715E+01
  1186    0.3278442337E+00
  1187   -0.3761525516E+00
  1188   -0.4113789159E+00
  1189    0.8854811535E-01
  1190    0.9560857999E+00
  1191    0.1054685909E+01
  1192   -0.1579260160E+00
  1193   -0.7932277908E+00
  1194   -0.2317732021E+00
  1195    0.1193403307E+00
  1196   -0.6098081852E-01
  1197   -0.1413587286E+00
  1198   -0.7382399125E-01
  1199    0.1934532531E+00
  1200    0.3375058640E+00
  1201    0.3635168586E+00
  1202    0.7716515593E+00
  1203    0.5800220469E+00
  1204   -0.2586939559E+00
  1205   -0.9087236095E+00
  1206   -0.1338104044E+01
  1207   -0.1262133372E+01
  1208    0.3878683304E+00
  1209    0.1731804200E+01
  1210    0.1064308265E+01
  1211    0.4569094620E+00
  1212    0.1853102552E+00
  1213    0.8240329539E-02
  1214   -0.4659867337E+00
  1215   -0.6798456172E+00
  1216   -0.4269283785E+00
  1217    0.2019594743E+00
  1218    0.3453295517E+00
  1219   -0.3069855343E+00
  1220   -0.5811531662E+00
  1221    0.1086736448E+00
  1222    0.7183928105E+00
  1223    0.1144912027E-01
  1224   -0.7314402768E+00
  1225   -0.2911930483E-01
  1226    0.7527272344E+00
  1227    0.3394071405E+00
  1228    0.3148624992E-01
  1229    0.2177105694E+00
  1230    0.2251381903E+00
  1231   -0.1424447480E+00
  1232   -0.4309856401E+00
  1233   -0.6097343193E+00
  1234   -0.5863942237E+00
  1235   -0.8036223156E-01
  1236    0.4966589563E+00
  1237    0.3410557801E+00
  1238   -0.1068153785E+00
  1239   -0.1588163082E+00
  1240   -0.5873772585E-01
  1241    0.6570217907E-01
  1242    0.2251202418E+00
  1243    0.6918596695E-01
  1244   -0.3102540247E+00
  1245   -0.1345894627E+00
  1246    0.4209794907E+00
  1247    0.3881659360E+00
  1248   -0.1895973933E+00
  1249   -0.5256813796E+00
  1250   -0.3497772685E+00
  1251    0.5894371919E-01
  1252    0.2143378723E+00
  1253    0.1611842714E+00
  1254    0.1312253864E+00
  1255    0.8031356480E-01
  1256    0.3473097106E-01
  1257   -0.1809437088E-01
  1258    0.2384082163E-01
  1259    0.1588891091E+00
  1260    0.8565935266E-01
  1261   -0.2416421640E+00
  1262   -0.4008745025E+00
  1263   -0.8446482833E-01
  1264    0.1451871076E+00
  1265   -0.2758322083E-01
  1266   -0.1753620392E+00
  1267   -0.4358780466E-01
  1268    0.2267891067E+00
  1269    0.2394067831E+00
  1270    0.1068577064E-01
  1271   -0.7632253394E-01
  1272    0.8492141050E-01
  1273    0.1305505187E+00
  1274   -0.1639273727E+00
  1275   -0.3947233646E+00
  1276   -0.2283518650E+00
  1277    0.1284779450E+00
  1278    0.2534277113E+00
  1279    0.7262075687E-01
  1280   -0.5375943228E-01
  1281    0.3164774328E-02
  1282   -0.9199807486E-02
  1283   -0.1282697947E-01
  1284    0.1360999561E+00
  1285    0.1567762887E+00
  1286   -0.8515337305E-01
  1287   -0.2039400776E+00
  1288   -0.6203620226E-01
  1289    0.3153857961E-01
  1290    0.3801569069E-01
  1291    0.1012793174E+00
  1292    0.1605060807E+00
  1293    0.1257564563E+00
  1294   -0.1603729598E-01
  1295   -0.1364740903E+00
  1296   -0.1637168196E+00
  1297   -0.7179277734E-01
  1298    0.1183735867E+00
  1299    0.1254500451E+00
  1300   -0.9299658455E-01
  1301   -0.1878364664E+00
  1302   -0.1041535555E+00
  1303    0.1690946010E-01
  1304    0.1054414779E+00
  1305    0.8436967706E-01
  1306    0.2093174925E-02
  1307   -0.8939842584E-01
  1308   -0.1098146779E+00
  1309    0.3500476307E-01
  1310    0.1608173012E+00
  1311    0.5910406781E-01
  1312   -0.1411263372E+00
  1313   -0.1796489096E+00
  1314    0.1459498786E-01
  1315    0.7893861116E-01
  1316    0.2171383299E-01
  1317    0.6239605032E-01
  1318    0.8207298712E-01
  1319   -0.1735004530E-01
  1320   -0.8300516426E-01
  1321   -0.4225113508E-01
  1322    0.1373110092E-01
  1323    0.1820538907E-01
  1324    0.9754492457E-02
  1325    0.1809572642E-01
  1326   -0.1943892430E-01
  1327   -0.6593871096E-01
  1328   -0.3682992334E-01
  1329    0.3804687072E-02
  1330    0.5847702518E-01
  1331    0.8906021314E-01
  1332    0.4495819874E-01
  1333   -0.4419500456E-01
  1334   -0.8618909556E-01
  1335   -0.6137957047E-01
  1336   -0.3749709745E-02
  1337    0.3736578299E-01
  1338    0.5119809055E-02
  1339    0.5102277118E-02
  1340   -0.2896689791E-02
  1341   -0.6453456356E-02
  1342   -0.2369256424E-01
  1343    0.3113814717E-02
  1344    0.5464589112E-01
  1345    0.4923972350E-01
  1346   -0.3120779343E-02
  1347   -0.3245424267E-01
  1348   -0.2217050204E-01
  1349   -0.3110134252E-01
  1350    0.3240599013E-01
  1351    0.3973725652E-01
  1352    0.4507201464E-01
  1353    0.2459617833E-01
  1354    0.5651212782E-04
  1355   -0.2588851980E-02
  1356    0.2914435239E-01
  1357    0.3877902478E-01
  1358    0.1272041351E-01
  1359    0.4463422919E-02
  1360    0.1350185969E-01
  1361    0.1328583086E-01
  1362    0.5365093794E-02
  1363    0.1383129405E-02
  1364    0.3458030197E-03
  1365    0.8645215570E-04
  1366    0.2161312667E-04
  1367    0.5403287150E-05
  1368    0.1350822134E-05
  1369    0.3377055572E-06
  1370    0.8442638932E-07
  1371    0.2110660202E-07
  1372    0.5276652421E-08
  1373    0.1319161003E-08
  1374    0.3297865314E-09
  1375    0.8244804839E-10
  1376    0.2062242044E-10
  1377    0.5155903482E-11
  1378    0.1283417816E-11
  1379    0.3184119635E-12
  1380    0.8090750292E-13
  1381    0.2398081733E-13
  1382    0.6217248938E-14
  1383    0.0000000000E+00
  1384    0.1332267630E-14
  1385    0.8881784197E-15
  1386    0.1332267630E-14
  1387    0.1332267630E-14
  1388   -0.3552713679E-14
  1389    0.1776356839E-14
  1390    0.3108624469E-14
  1391    0.1998401444E-14
  1392   -0.3552713679E-14
  1393   -0.3552713679E-14
  1394    0.0000000000E+00
  1395    0.0000000000E+00
  1396    0.3330669074E-15
  1397    0.3330669074E-14
  1398   -0.3552713679E-14
  1399   -0.3552713679E-14
  1400    0.0000000000E+00
  1401    0.0000000000E+00
  1402    0.3774758284E-14
  1403    0.0000000000E+00
  1404   -0.3552713679E-14
  1405    0.0000000000E+00
  1406    0.1332267630E-14
  1407    0.0000000000E+00
  1408    0.0000000000E+00
  1409    0.3663735981E-14
  1410    0.0000000000E+00
  1411    0.0000000000E+00
  1412    0.0000000000E+00
  1413    0.0000000000E+00
  1414    0.0000000000E+00
  1415    0.1776356839E-14
  1416    0.1887379142E-14
  1417   -0.2220446049E-14
  1418    0.0000000000E+00
  1419    0.3774758284E-14
  1420    0.0000000000E+00
  1421   -0.2664535259E-14
  1422    0.4662936703E-14
  1423    0.0000000000E+00
  1424    0.0000000000E+00
  1425    0.0000000000E+00
  1426    0.3774758284E-14
  1427    0.3774758284E-14
  1428   -0.7105427358E-14
  1429    0.8881784197E-15
  1430    0.1332267630E-14
  1431    0.3108624469E-14
  1432   -0.3552713679E-14
  1433   -0.3552713679E-14
  1434    0.1776356839E-14
  1435    0.7327471963E-14
  1436    0.3108624469E-14
  1437   -0.3552713679E-14
  1438    0.3108624469E-14
  1439   -0.4440892099E-15
  1440   -0.2664535259E-14
  1441    0.0000000000E+00
  1442   -0.1665334537E-14
  1443    0.1332267630E-14
  1444   -0.3552713679E-14
  1445    0.1332267630E-14
  1446    0.1554312234E-14
  1447   -0.1998401444E-14
  1448   -0.3552713679E-14
  1449   -0.2664535259E-14
  1450    0.3774758284E-14
  1451   -0.4440892099E-15
  1452   -0.3552713679E-14
  1453   -0.3552713679E-14
  1454    0.0000000000E+00
  1455    0.0000000000E+00
  1456    0.1554312234E-14
  1457    0.3108624469E-14
  1458   -0.4440892099E-14
  1459    0.0000000000E+00
  1460    0.0000000000E+00
  1461    0.2775557562E-14
  1462    0.0000000000E+00
  1463    0.0000000000E+00
  1464    0.3774758284E-14
  1465   -0.8881784197E-15
  1466   -0.2664535259E-14
  1467    0.0000000000E+00
  1468    0.3663735981E-14
  1469    0.0000000000E+00
  1470    0.0000000000E+00
  1471    0.8881784197E-15
  1472    0.0000000000E+00
  1473    0.3996802889E-14
  1474    0.4440892099E-15
  1475    0.0000000000E+00
  1476    0.8881784197E-15
  1477    0.2220446049E-14
  1478   -0.3552713679E-14
  1479    0.0000000000E+00
  1480    0.0000000000E+00
  1481    0.3330669074E-14
  1482    0.0000000000E+00
  1483   -0.3552713679E-14
  1484    0.1332267630E-14
  1485    0.0000000000E+00
  1486    0.0000000000E+00
  1487    0.2109423747E-14
  1488    0.0000000000E+00
  1489    0.1998401444E-14
  1490    0.1332267630E-14
  1491   -0.3552713679E-14
  1492   -0.3552713679E-14
  1493   -0.1554312234E-14
  1494    0.2220446049E-14
  1495    0.3330669074E-14
  1496   -0.8881784197E-15
  1497    0.0000000000E+00
  1498   -0.3108624469E-14
  1499    0.3552713679E-14
  1500    0.1293103448E+02
  1501    0.1293103448E+02
  1502    0.0000000000E+00
