    -1    0.0000000000E+00
     0   -0.7239168145E+01
     1   -0.5092793293E+01
     2   -0.9201081127E+00
     3   -0.2923115270E+01
     4    0.3926021646E+01
     5   -0.8380080598E+01
     6    0.3835450475E+01
     7   -0.1290369432E+02
     8    0.5353539636E+01
     9    0.1079480915E+02
    10   -0.6338575376E+01
    11   -0.5549393311E+00
    12    0.1717128831E+01
    13    0.1044517925E+01
    14   -0.3398889994E+01
    15   -0.5496553997E+01
    16    0.1009193868E+01
    17    0.3599453877E+01
    18   -0.5401949183E+01
    19    0.7811070808E+00
    20    0.1250126811E+02
    21   -0.3346625225E+00
    22   -0.6357709451E+01
    23   -0.1059772067E+02
    24    0.4813603430E+01
    25   -0.8091055896E+00
    26    0.4652808972E+00
    27    0.2302806941E+01
    28    0.5722385468E+01
    29   -0.1419441763E+02
    30    0.2523794810E+01
    31    0.1624201689E+01
    32    0.1276948643E+02
    33   -0.7761240837E+01
    34    0.3756837528E+00
    35   -0.3381382815E+01
    36    0.2074694727E+01
    37   -0.5464207456E+01
    38   -0.1753470431E+01
    39    0.5677377574E+01
    40   -0.2909785545E+01
    41   -0.6577333256E+01
    42    0.1057093477E+01
    43   -0.4360867626E+01
    44    0.2763516883E+00
    45    0.3208486739E+01
    46   -0.9065436268E+01
    47    0.1040685451E+02
    48   -0.1026264370E+02
    49    0.5796152322E+00
    50   -0.3119768532E+01
    51    0.4769075242E+01
    52   -0.3976885110E+01
    53    0.1292842663E+02
    54   -0.6756450059E+01
    55   -0.4007240792E+01
    56    0.1835279919E+02
    57   -0.7324498627E+00
    58   -0.4209612121E+01
    59   -0.3227458954E+01
    60   -0.1371624745E+02
    61    0.2026340535E+02
    62   -0.4408857838E+01
    63    0.7063918379E+01
    64   -0.2330032860E+00
    65   -0.3952927248E+01
    66    0.2611633954E+01
    67   -0.3408934371E+01
    68   -0.3241660500E+01
    69    0.2432587243E+00
    70   -0.6367514305E+01
    71   -0.7942850102E+01
    72    0.5323960997E+00
    73    0.5369189016E+01
    74    0.1487435605E+02
    75   -0.1125667954E+02
    76   -0.2741514684E+01
    77    0.2331327801E+01
    78    0.1709417495E+01
    79    0.1414940953E+02
    80   -0.5499581569E+01
    81    0.4830016923E+01
    82    0.2330423701E+01
    83   -0.7423277151E+01
    84    0.8936585798E+01
    85   -0.1040998332E+02
    86    0.4867956315E+01
    87    0.2585058127E+01
    88   -0.2965400221E+01
    89    0.2971971503E+00
    90   -0.2673002088E+01
    91   -0.2737116895E+01
    92    0.3619244869E+01
    93   -0.4701846967E+01
    94    0.5763578844E+01
    95    0.8549379451E+01
    96   -0.2275200466E+01
    97   -0.9089294897E+01
    98    0.8270773695E+01
    99   -0.1852631526E+01
   100    0.1669997335E+01
   101   -0.4658781703E+01
   102    0.1177252508E+02
   103    0.5498707802E+00
   104   -0.4478679146E+01
   105    0.2624789557E-01
   106   -0.8947747140E+01
   107   -0.2148650205E+01
   108    0.7512275614E+01
   109    0.1515706071E+01
   110    0.8071868296E+00
   111   -0.2877681688E+01
   112   -0.6726301744E+01
   113    0.3350751950E+01
   114    0.4093487625E+01
   115    0.1598044009E+01
   116   -0.2104265390E+01
   117   -0.8608650038E+01
   118    0.7224646998E+01
   119    0.1414418640E+01
   120    0.1918070257E+01
   121   -0.4650208285E+01
   122   -0.9291395183E+01
   123    0.1086291416E+02
   124    0.1189318981E+01
   125   -0.3279412944E+01
   126   -0.1278669180E+02
   127    0.1502968770E+02
   128   -0.7059481882E+01
   129    0.1059575163E+02
   130    0.6982003584E+01
   131   -0.1210761871E+02
   132   -0.6591084723E+01
   133    0.1264313938E+02
   134   -0.5375705892E+01
   135    0.3117869723E+01
   136   -0.2851936862E+01
   137    0.3409823137E+01
   138    0.4157165378E+01
   139   -0.4728314107E+01
   140   -0.2626306918E+01
   141   -0.1966151478E+01
   142    0.6946799877E+01
   143   -0.4334982150E+01
   144    0.1873038996E+01
   145    0.8282148684E+01
   146   -0.6359174958E+01
   147   -0.8820420779E+01
   148    0.1455053920E+02
   149   -0.1599880810E+01
   150   -0.6937685551E+01
   151    0.7371393278E+01
   152   -0.1201363834E+01
   153   -0.1116381546E+02
   154    0.1027147304E+02
   155   -0.9131656210E+00
   156   -0.1230930812E+01
   157    0.4835123390E+01
   158    0.8727081249E+00
   159   -0.4878481131E+01
   160   -0.3284720418E+01
   161    0.2505521584E+01
   162    0.4128587390E+01
   163   -0.8577295463E+00
   164   -0.2869425063E+01
   165    0.5342646432E+01
   166   -0.7334210160E+00
   167   -0.3459933300E+01
   168    0.3254512173E+01
   169   -0.8158494616E+00
   170    0.4579815404E+01
   171   -0.6123661329E+01
   172   -0.5300824090E+01
   173    0.5659328742E+01
   174    0.8643667253E+00
   175    0.2949602548E+01
   176   -0.4555712295E+01
   177    0.1932482373E+01
   178   -0.2395997017E+01
   179   -0.3498403245E+01
   180    0.9167786866E+01
   181   -0.3318801984E+01
   182   -0.3610701680E+01
   183    0.1873512660E+01
   184    0.1078551078E+02
   185   -0.6792727409E+01
   186   -0.1354419768E+02
   187    0.6612467161E+01
   188    0.1198806136E+02
   189   -0.7265704048E+01
   190    0.2627836006E+01
   191   -0.5494751678E+01
   192   -0.1952318062E+01
   193    0.5976890937E+01
   194   -0.7499319286E+01
   195    0.7357156774E+01
   196    0.4208728848E+01
   197   -0.5857431111E+01
   198    0.1648926228E+01
   199   -0.4828522313E+00
   200    0.1593176719E+01
   201   -0.7618278521E+00
   202   -0.8836735974E+00
   203   -0.7742971650E+00
   204    0.2678489885E+01
   205   -0.8245510131E+00
   206   -0.4887388489E+01
   207    0.7907668123E+01
   208   -0.7746619856E+01
   209    0.2168391701E+01
   210    0.2333911028E+01
   211    0.4316863422E+00
   212   -0.9359984873E+00
   213   -0.9259290800E+01
   214    0.1683850827E+01
   215    0.6812317820E+01
   216   -0.3580174488E+01
   217    0.3533433938E+01
   218   -0.3680735257E+00
   219   -0.3937543685E+01
   220    0.1937111307E+01
   221   -0.3640317952E+01
   222   -0.9943303343E-01
   223   -0.7182988328E+01
   224    0.1048412255E+02
   225    0.2683554063E+01
   226    0.5765906988E+01
   227   -0.1509447307E+02
   228    0.4016079931E+01
   229    0.5743484482E+01
   230   -0.7243512693E+00
   231    0.1429416613E+01
   232   -0.6817113850E+01
   233   -0.1304754165E+01
   234    0.5101381581E+01
   235    0.1487199845E+01
   236    0.1313833920E+01
   237   -0.6391513081E+01
   238   -0.7441773251E+00
   239    0.1052640855E+02
   240   -0.3556885952E+01
   241   -0.2588064531E+01
   242   -0.2245625124E+01
   243   -0.1747009735E+01
   244    0.6103754320E+01
   245   -0.1317491686E+02
   246    0.5361908690E+01
   247    0.3864568812E+01
   248   -0.2481061150E+01
   249    0.2746542695E+01
   250   -0.6684300587E+00
   251   -0.3367969065E+01
   252    0.3503675123E+01
   253   -0.7149884008E+01
   254    0.1005554543E+02
   255   -0.6810887886E+01
   256    0.5577738262E+00
   257    0.4810610854E+01
   258   -0.4770178151E+01
   259   -0.9416662927E+01
   260    0.1147535049E+02
   261   -0.1850558059E+02
   262    0.8204250691E+01
   263   -0.4912216743E+00
   264    0.8498968542E+01
   265   -0.1974300339E+01
   266   -0.5432004802E+00
   267   -0.1093537115E+01
   268   -0.1045804703E+02
   269    0.1520555402E+02
   270    0.2852250779E+01
   271   -0.7754285711E+01
   272   -0.1064069973E+02
   273    0.8342900651E+01
   274   -0.9464718144E+01
   275    0.1266367317E+02
   276   -0.1342190732E+01
   277   -0.1556191382E+02
   278    0.3172732790E+01
   279    0.1092128143E+02
   280   -0.8204881863E+01
   281    0.1093011190E+02
   282   -0.1184993579E+02
   283   -0.3921117388E+01
   284   -0.2397794378E+00
   285   -0.1171148262E+01
   286   -0.1195405721E+01
   287    0.8489060073E+01
   288    0.2737503722E-01
   289   -0.5585368262E+01
   290    0.1256128337E+01
   291   -0.3553051278E+01
   292    0.5644587475E+01
   293   -0.5954423790E+01
   294    0.1020400283E+02
   295   -0.1417692777E+02
   296    0.1913711469E+02
   297    0.3901668103E+01
   298    0.4667801815E+01
   299   -0.3271107431E+01
   300   -0.1425950317E+02
   301   -0.4448191561E+01
   302   -0.3379368862E+01
   303    0.7065608828E+00
   304    0.1523389357E+02
   305   -0.7713389211E+01
   306    0.7425967731E+00
   307    0.8432778839E+00
   308    0.1864699741E+02
   309   -0.8637994576E+00
   310   -0.4662410739E+01
   311   -0.1124027451E+02
   312   -0.6812800785E+01
   313    0.1425822817E+02
   314    0.1148050186E+01
   315    0.4903462303E+01
   316    0.2979614416E+01
   317   -0.3919472367E+01
   318   -0.5492704199E+01
   319   -0.1014329042E+02
   320    0.1165029894E+02
   321    0.2301714494E+01
   322    0.9480009006E+01
   323   -0.8789018269E+01
   324   -0.1751378971E+02
   325   -0.4461600051E+00
   326    0.1337130741E+02
   327    0.5476659107E+01
   328    0.1279067720E-01
   329    0.3280004626E+01
   330   -0.9039804847E+01
   331    0.1087121758E+02
   332   -0.6121667310E+01
   333   -0.8698508477E+01
   334    0.5288576311E+01
   335    0.4979460636E+01
   336    0.2802937792E+00
   337    0.3596736045E+01
   338   -0.6980897796E+00
   339   -0.6000435371E+01
   340    0.7368326971E+01
   341   -0.3485566477E+01
   342    0.3743933623E+01
   343   -0.5924756953E+00
   344   -0.1608186825E+01
   345    0.4553015262E+01
   346   -0.4851109834E+01
   347    0.2701259399E+00
   348    0.2098672353E+01
   349   -0.8924671318E+00
   350    0.5063357968E+01
   351   -0.3549453232E+01
   352   -0.3820828642E+01
   353    0.1312267129E+01
   354    0.1045358938E+01
   355    0.3389837211E+01
   356   -0.2279003941E+01
   357   -0.1154160833E+00
   358    0.1194747601E+01
   359    0.5873360149E+00
   360    0.5305671731E+00
   361    0.2395689177E-01
   362    0.1522583749E+01
   363   -0.1737663308E+01
   364    0.4088079215E+01
   365   -0.5426706708E+01
   366   -0.2547800615E+00
   367    0.7275798167E+00
   368    0.8396599755E+00
   369    0.5319273224E+01
   370   -0.8910714308E+01
   371    0.5513162073E+01
   372    0.3579877110E+01
   373   -0.4470902723E+01
   374    0.1288026006E+01
   375    0.1593471412E+01
   376   -0.3834011067E+01
   377   -0.7812945755E-01
   378    0.5564974997E+01
   379   -0.7827952825E+01
   380    0.4454182420E+01
   381    0.1057042925E+01
   382    0.9997462302E+00
   383   -0.4024183897E+01
   384    0.3073652146E+01
   385   -0.1927133712E+01
   386   -0.3743176775E+01
   387    0.4781722059E+01
   388   -0.3302252174E+01
   389    0.1299667209E+01
   390    0.1848476429E+01
   391   -0.3254023286E+01
   392    0.5356593701E+01
   393   -0.1419137058E+01
   394    0.8403008445E+00
   395   -0.2177497461E+01
   396    0.3043944181E+01
   397   -0.4591222219E+01
   398    0.2162518812E+01
   399   -0.2766913430E+01
   400    0.5301069532E+01
   401    0.2780265252E+00
   402   -0.3657728628E+01
   403    0.2391675140E+01
   404    0.2751634761E+00
   405   -0.3011053793E+01
   406    0.2891850168E+01
   407   -0.3175201276E+01
   408    0.1362588401E+01
   409    0.3224044473E+01
   410   -0.6240327975E+01
   411    0.3019475070E+01
   412    0.4095803165E+00
   413    0.7291637108E+00
   414    0.1846934392E-02
   415    0.1130582412E+01
   416   -0.3006910606E+01
   417   -0.2866252546E+01
   418    0.4186461071E+01
   419    0.1674756434E+01
   420   -0.7680218256E+00
   421    0.4449421250E+01
   422   -0.7970135107E+01
   423    0.5049889282E+01
   424   -0.1293829136E+01
   425   -0.1122365814E+01
   426   -0.4606017501E+00
   427   -0.1788990918E+00
   428    0.1952006923E+01
   429    0.2797555687E+01
   430   -0.1569923121E+01
   431   -0.3495716341E+00
   432   -0.3950141772E+01
   433    0.3624050299E+01
   434    0.8751453608E+00
   435   -0.1964676046E+01
   436   -0.3822108898E+00
   437    0.7294973869E-01
   438    0.1450530734E+01
   439   -0.6294059432E+00
   440   -0.2761609798E+00
   441    0.1871958150E+01
   442   -0.4576365305E+01
   443    0.2546404622E+01
   444    0.1478124323E+01
   445    0.1623024136E+00
   446   -0.3966770011E+01
   447    0.3832302791E+01
   448    0.1881625989E+00
   449   -0.6015211334E+00
   450   -0.1864163929E+01
   451    0.4316919589E+01
   452   -0.1490949929E+01
   453   -0.1546246671E+01
   454   -0.1102885555E+01
   455    0.2992379300E+01
   456   -0.8585053395E+00
   457   -0.3076607152E+01
   458   -0.7804866340E+00
   459   -0.9050359838E+00
   460    0.2413437415E+00
   461    0.5243802151E+01
   462    0.6204046191E+00
   463   -0.3407682235E+01
   464    0.4179076446E+01
   465   -0.7827294976E+00
   466   -0.7420890462E+01
   467    0.2969779080E+01
   468    0.2470695794E+01
   469    0.8755922556E+00
   470   -0.2670508367E+01
   471   -0.1472007373E+01
   472    0.1799076613E+01
   473    0.2931132793E+01
   474    0.1166302430E+01
   475   -0.1344981891E+01
   476   -0.4423171738E+01
   477    0.1866981306E+01
   478    0.2040287154E+01
   479    0.5335996592E+00
   480   -0.4232185329E+01
   481    0.1895565523E+01
   482    0.3092458586E+01
   483   -0.4838741309E+01
   484    0.2896339852E+01
   485   -0.3262008597E+01
   486    0.7351861689E+00
   487   -0.5145908047E+00
   488   -0.1022780762E+01
   489    0.2242865256E+01
   490   -0.1307539105E+00
   491    0.2671039859E+00
   492    0.2212541066E+01
   493   -0.1662801913E+01
   494    0.4456419194E+01
   495   -0.1715844607E+01
   496   -0.3076029935E+01
   497    0.3703382362E+00
   498   -0.1551614874E-01
   499    0.1034560399E+01
   500   -0.4430068878E+01
   501   -0.5371544775E+01
   502    0.8424655780E+01
   503    0.3503120332E+01
   504   -0.5598410269E+01
   505   -0.2362757139E+01
   506    0.2300909565E+01
   507    0.1924328377E+01
   508   -0.5518962458E+01
   509    0.4230956193E+01
   510   -0.2491260466E+01
   511    0.3056836351E+01
   512   -0.5579400789E+01
   513    0.3633779310E+01
   514   -0.6386142288E+00
   515    0.2236055837E+01
   516   -0.5126446807E+01
   517    0.6391690834E+01
   518   -0.3546368826E+01
   519    0.9542762680E+00
   520   -0.2199388039E+01
   521   -0.9130596277E+01
   522    0.1896673734E+00
   523    0.3952247131E+01
   524    0.2706655202E+01
   525   -0.3341675979E+01
   526   -0.1047560292E+01
   527   -0.5946347629E+01
   528    0.5463089906E+01
   529    0.4280827668E+01
   530   -0.5878060510E+01
   531    0.6886312231E+01
   532   -0.7945325371E+01
   533   -0.7218245616E+00
   534   -0.2805576467E+01
   535   -0.1687258861E+02
   536   -0.7245922601E+01
   537   -0.1098470033E+02
   538    0.4862563554E+00
   539    0.7594722055E+01
   540   -0.1898146827E+02
   541   -0.8973563336E+01
   542    0.1099898058E+02
   543    0.2738427751E+01
   544   -0.4491797061E+01
   545   -0.9222697196E+01
   546   -0.1166946345E+02
   547    0.3047395300E+02
   548   -0.4004769335E+01
   549   -0.2215888118E+02
   550    0.1041155295E+02
   551    0.9693019689E+01
   552    0.1661832306E+02
   553    0.1893224559E+02
   554   -0.3689867496E+01
   555    0.8069200765E+01
   556   -0.8181828116E+01
   557    0.1851834734E+02
   558   -0.1066732562E+01
   559   -0.6047070270E+01
   560   -0.1786582018E+01
   561    0.4403235770E+01
   562    0.1190831541E+01
   563   -0.5014405722E+01
   564    0.1787329265E+01
   565    0.1007836557E+02
   566   -0.5912488159E+01
   567    0.1404191261E+01
   568    0.5362731536E+00
   569   -0.2246632882E+01
   570    0.5633001138E+01
   571    0.1411474500E+00
   572   -0.2867206726E+01
   573    0.2682797157E+00
   574    0.3372484592E+00
   575    0.7170100330E+01
   576   -0.1448969722E+01
   577    0.4090476636E+00
   578   -0.8560107755E+01
   579    0.1021480541E+02
   580   -0.2901451156E+01
   581   -0.6894954837E+00
   582   -0.3047493394E+01
   583    0.3578874696E+01
   584    0.5413234698E+01
   585   -0.9982142556E+00
   586   -0.3802760870E+01
   587    0.2282518045E+01
   588   -0.3355978737E+00
   589   -0.2805428906E+01
   590    0.2647840653E+01
   591   -0.1151533483E+01
   592    0.1522683297E+01
   593    0.2464134165E+01
   594   -0.2489611150E+01
   595   -0.1453670499E+01
   596   -0.9644268668E-01
   597    0.2075223059E+01
   598    0.9786947310E+00
   599   -0.5557705500E+01
   600    0.5690906373E+01
   601    0.1181894307E+01
   602   -0.6960432402E+00
   603   -0.8945592586E+00
   604    0.4712442671E+01
   605   -0.7800382022E+01
   606    0.7107723916E+01
   607   -0.2017782632E+01
   608   -0.2034483619E+01
   609    0.3236097632E+00
   610    0.3230032398E+01
   611   -0.9178728492E+00
   612   -0.2400873951E+01
   613   -0.1287109906E+01
   614    0.3830428609E+01
   615   -0.6527034270E+01
   616    0.6797615898E+01
   617   -0.7778884770E+00
   618    0.2259017255E+01
   619   -0.1626298887E+01
   620   -0.6720577762E+01
   621    0.9228639148E+01
   622   -0.4473677310E+01
   623    0.3353002506E+01
   624   -0.6796769130E+01
   625    0.5205290241E+01
   626   -0.3893282483E+00
   627   -0.5640959319E+01
   628    0.5391703053E+01
   629   -0.4053215204E-01
   630   -0.1087668348E+01
   631    0.1218491000E+01
   632   -0.2131814076E+01
   633    0.1617977894E+01
   634    0.3815082583E+01
   635   -0.2167321764E+01
   636   -0.3748559460E+01
   637   -0.1009021408E+01
   638    0.6592358427E+01
   639   -0.5177622514E+01
   640    0.4499716819E+01
   641   -0.1833109358E+01
   642    0.7585701264E-01
   643   -0.9472698680E+00
   644   -0.3228566789E+01
   645    0.4482365763E+01
   646   -0.4101814856E+00
   647   -0.1737896754E+00
   648    0.1831052194E+01
   649   -0.1035311222E+00
   650   -0.2494751437E+01
   651   -0.2422621332E+01
   652    0.2004129525E+01
   653    0.3088518380E+01
   654   -0.4047402745E+01
   655    0.1209440118E+01
   656    0.1840897645E+01
   657   -0.5454748832E+01
   658    0.9605326125E+01
   659   -0.2006218095E+01
   660   -0.9325686235E+01
   661    0.7583939803E+01
   662   -0.2004092779E+00
   663   -0.3161594896E+01
   664   -0.3139703786E+01
   665    0.8406814477E+01
   666   -0.3625574608E+01
   667    0.1055888050E+01
   668   -0.7337141360E+01
   669    0.4938271545E+01
   670    0.1373511144E+01
   671    0.1746492966E+01
   672   -0.5915190973E+01
   673    0.1853810217E+01
   674    0.4382931556E+00
   675    0.4501883488E+01
   676   -0.6844651674E+00
   677   -0.4088394646E+01
   678    0.4458226763E+01
   679   -0.8996772844E+01
   680    0.8262431455E+01
   681   -0.3537569295E+01
   682   -0.1699098287E+01
   683    0.2669200794E+01
   684    0.1405213051E+01
   685    0.2947599582E+01
   686   -0.5251871124E+01
   687   -0.4036577818E+01
   688    0.1206586124E+01
   689    0.3081422912E+01
   690   -0.3243332902E+01
   691    0.2924869342E+01
   692    0.4723727109E+01
   693   -0.9016546261E+01
   694    0.6676802312E+01
   695   -0.8837139303E+00
   696   -0.3062083329E+01
   697   -0.6557911295E+01
   698    0.9076577447E+01
   699   -0.3846103107E+01
   700   -0.6409765908E+01
   701    0.1083920561E+02
   702    0.8623301016E+00
   703   -0.1490891136E+01
   704   -0.8816635405E+01
   705    0.7698364101E+01
   706   -0.2957038496E+00
   707   -0.6217230013E+01
   708    0.2323620602E+01
   709    0.1033152114E+01
   710    0.5867232732E+00
   711    0.4928645605E+00
   712   -0.7616628503E+01
   713    0.3074117172E+01
   714   -0.6339041658E+00
   715   -0.1178710602E+02
   716    0.2153215971E+01
   717    0.5752127669E+01
   718   -0.3702989326E+01
   719   -0.4085130549E+01
   720    0.8919301972E+01
   721   -0.5394239099E+01
   722   -0.8566326500E+01
   723    0.7056728053E+01
   724    0.4352095120E+01
   725   -0.1393422351E+02
   726    0.8920244479E+00
   727   -0.2739553460E+01
   728    0.7342095863E+01
   729   -0.8482311215E+00
   730    0.2233268674E+01
   731   -0.1006403267E+02
   732    0.7453722819E+01
   733   -0.1194785174E+02
   734    0.1331209496E+01
   735    0.6535455402E+01
   736   -0.6487525210E+01
   737   -0.1160182893E+02
   738    0.8270807014E+01
   739   -0.8977037761E+01
   740   -0.2264763350E+01
   741    0.1644183174E+01
   742   -0.6631203639E+00
   743    0.4832252468E+01
   744   -0.1492768697E+02
   745    0.1007651660E+02
   746    0.6049430595E+01
   747   -0.6738125554E+00
   748   -0.2471494968E+01
   749   -0.5197070187E+01
   750    0.3826894067E+01
   751   -0.1517631567E+02
   752    0.1719763551E+02
   753    0.5351625528E+01
   754   -0.4423669991E+01
   755    0.8205019239E+01
   756   -0.1361281769E+02
   757    0.1572052839E+02
   758   -0.1463269256E+01
   759   -0.1530402137E+02
   760    0.1970269029E+02
   761    0.3204814409E+01
   762   -0.3867847242E+01
   763    0.4466964097E+01
   764    0.1715351494E+02
   765   -0.1871213772E+02
   766    0.6897795862E+01
   767    0.1968774106E+01
   768    0.4651383539E+01
   769   -0.9984791760E+01
   770    0.2654478412E+01
   771   -0.4067525817E+01
   772   -0.3203020411E+01
   773    0.6256318545E+01
   774    0.3142417020E+01
   775    0.4608641462E+01
   776    0.3167831167E+01
   777   -0.3098329585E+01
   778   -0.5768233491E+01
   779    0.1361365999E+02
   780   -0.9570656270E+01
   781    0.2302249061E+00
   782    0.8032824136E+01
   783   -0.6154222771E+01
   784   -0.1987420846E+01
   785   -0.1898179545E+01
   786    0.6183302972E+01
   787    0.1300073510E+01
   788   -0.8466562408E+01
   789    0.9545071340E+01
   790   -0.5572640339E+01
   791    0.4484467427E+01
   792    0.5789585440E+01
   793   -0.3213280898E+01
   794   -0.6490373023E+01
   795    0.6063882201E+01
   796    0.1734078292E+01
   797   -0.1993888942E+01
   798   -0.9298671180E+00
   799    0.5484598282E+00
   800    0.3063970275E+00
   801   -0.2053831935E+01
   802    0.3296089781E+01
   803   -0.1881945184E+01
   804    0.2082012203E+01
   805    0.2436783933E+01
   806   -0.1195251773E+01
   807   -0.4362602825E+01
   808    0.5374948977E+01
   809   -0.4096338335E+01
   810    0.2790764361E+01
   811   -0.4213041821E+00
   812   -0.2442231883E+01
   813    0.4123938808E+01
   814   -0.3313529568E+01
   815    0.4357828229E+01
   816    0.2326567779E+01
   817   -0.8137049799E+01
   818    0.1810245369E+01
   819    0.2942947803E+01
   820    0.2347933696E-01
   821    0.4728443288E+00
   822    0.2675611906E+01
   823   -0.2856577458E+01
   824   -0.4145342026E+00
   825    0.7594297265E+00
   826   -0.4275679571E+01
   827    0.4345311882E+01
   828   -0.4380948510E+00
   829   -0.4011219327E+01
   830    0.6666997046E+01
   831   -0.1754205979E+01
   832   -0.3382689265E+01
   833    0.5776481880E+01
   834   -0.6165257025E+01
   835    0.5215030694E+01
   836   -0.1491939077E+01
   837    0.1841267697E+01
   838   -0.4103984392E+01
   839    0.3070702388E+01
   840   -0.2678915889E+01
   841   -0.4629663048E+01
   842    0.6607641204E+01
   843   -0.7170958708E+00
   844    0.4835130049E+00
   845   -0.1414821688E+01
   846    0.2149927313E+00
   847   -0.3338922433E+01
   848    0.3659487429E+01
   849    0.6076665581E+00
   850    0.1006096108E-01
   851    0.9683244161E+00
   852   -0.8049606705E+01
   853    0.7925673363E+01
   854   -0.1585016411E+00
   855   -0.8042936013E+01
   856    0.4077104873E+01
   857    0.3952140681E+01
   858   -0.5226754939E+00
   859    0.9819628881E+00
   860   -0.8671911136E+01
   861    0.7485693869E+01
   862   -0.6458585794E+01
   863    0.1936046495E+01
   864    0.4066636422E+00
   865    0.1735842750E+01
   866   -0.1512561782E+01
   867    0.9860904344E+00
   868   -0.4111561522E+01
   869   -0.2154407885E+01
   870    0.3633322578E+01
   871    0.2281804175E+01
   872    0.1695668894E+01
   873   -0.3838916023E+01
   874   -0.8313453909E+00
   875    0.4039072209E+01
   876   -0.7011747076E+00
   877   -0.8838533335E+01
   878    0.7319376457E+01
   879   -0.4184055067E+01
   880   -0.6055954990E+01
   881    0.6723256344E+01
   882   -0.2036271506E+01
   883   -0.8573711327E-01
   884   -0.2132933062E+01
   885    0.3632432746E+01
   886   -0.3243776170E+01
   887   -0.1650716795E+00
   888    0.3481963659E+01
   889   -0.7328008373E+00
   890   -0.5799488980E+01
   891   -0.8616570056E+01
   892    0.7335343912E+01
   893    0.2440184609E+01
   894   -0.4929719420E+01
   895   -0.4834340849E+01
   896    0.8052636846E+00
   897    0.7402031331E+01
   898    0.8622312603E+00
   899   -0.5704308715E+01
   900    0.1305492632E+01
   901   -0.1480793860E+01
   902    0.2099450682E+01
   903    0.1050530530E+01
   904   -0.3164361307E+01
   905    0.3359852874E+01
   906   -0.1014619890E+02
   907    0.7358150386E+00
   908    0.5613165754E+01
   909   -0.7990789068E+01
   910    0.6677265171E+01
   911   -0.3426274196E+01
   912    0.9585342118E+01
   913   -0.8065170592E+00
   914   -0.1511745865E+01
   915   -0.7408621250E+01
   916    0.4177732876E+00
   917    0.1326659048E+01
   918    0.1030764923E+02
   919   -0.2824211991E+01
   920   -0.6270418439E+01
   921    0.4238539812E+01
   922   -0.2713898368E+00
   923   -0.3652986602E+01
   924    0.3742523889E+01
   925    0.1275668829E+01
   926   -0.3647258117E+01
   927    0.6986855609E+00
   928    0.2284508956E+01
   929    0.2468492369E+01
   930   -0.5093050381E-01
   931   -0.1601932581E+01
   932   -0.1801308272E+01
   933   -0.2556070614E+01
   934   -0.1008489800E+01
   935   -0.3660554640E+01
   936   -0.1027612035E+01
   937    0.3786944130E+01
   938    0.2850799769E+01
   939   -0.9034377937E+00
   940   -0.7580845210E+00
   941    0.1307275785E+01
   942   -0.9022791159E+00
   943    0.5054868822E+01
   944    0.2635679275E+01
   945    0.9172798631E+00
   946   -0.1044246170E+01
   947   -0.2269193301E+01
   948   -0.2901130292E+00
   949    0.2960312651E+00
   950   -0.2718986689E+01
   951    0.5398436741E+01
   952    0.1012727913E+00
   953    0.3202676146E-01
   954    0.7990853100E+00
   955    0.1989556247E+00
   956    0.1336836901E+00
   957   -0.3926181849E+00
   958    0.1625407713E+00
   959   -0.5987976908E+00
   960   -0.4790934268E-01
   961    0.1126659278E+01
   962    0.4206242634E+00
   963   -0.4683683527E+00
   964    0.2387569019E+00
   965    0.1161145061E+01
   966    0.1289660578E+01
   967    0.2017439919E+00
   968   -0.1463562135E+00
   969   -0.7917204418E+00
   970   -0.3751779517E+00
   971   -0.4823610103E+00
   972   -0.3961585785E+00
   973   -0.5801283103E+00
   974   -0.1596248664E+01
   975   -0.2387724719E+01
   976   -0.1058206499E+01
   977    0.7537820268E+00
   978    0.1696510692E+01
   979    0.2804095432E+01
   980    0.2602905065E+01
   981    0.1352018363E+01
   982   -0.8919258057E+00
   983   -0.8841396935E+00
   984   -0.2276558407E+00
   985    0.3022929430E+00
   986   -0.1017641419E+01
   987    0.5966394268E+00
   988    0.7893757980E+00
   989   -0.2706945374E+00
   990    0.1912268403E+01
   991   -0.9558131416E+00
   992   -0.7646195539E+00
   993    0.1140928623E+01
   994   -0.9489037375E-01
   995    0.3056080372E+00
   996   -0.1847905504E+01
   997   -0.1004415248E+01
   998    0.2617657007E+00
   999    0.1447837316E+01
  1000    0.1920994269E+00
  1001    0.2178637212E+01
  1002    0.3369656020E+00
  1003   -0.3938398905E+00
  1004   -0.8005686996E+00
  1005   -0.1913040307E+01
  1006    0.1457350263E+01
  1007    0.4948894762E+00
  1008   -0.1398947301E+01
  1009    0.8823970522E+00
  1010    0.4580563212E+00
  1011   -0.1862214997E+01
  1012   -0.9265089301E+00
  1013   -0.1402435124E+01
  1014    0.7608516989E+00
  1015    0.1003362946E+01
  1016    0.1204406720E+01
  1017    0.3134054701E+00
  1018    0.1475750463E+00
  1019   -0.5803334276E+00
  1020   -0.6379314106E+00
  1021    0.4511152693E+00
  1022   -0.1627627593E+00
  1023   -0.3204881386E+00
  1024    0.3264796889E-02
  1025    0.5442760015E+00
  1026   -0.1496800530E+00
  1027    0.1608329529E+01
  1028   -0.1503584961E+00
  1029   -0.2963068401E+00
  1030   -0.8493109395E+00
  1031   -0.1220575752E+01
  1032    0.6032071108E+00
  1033    0.5536053057E+00
  1034   -0.5742834244E+00
  1035   -0.1255706127E+01
  1036   -0.3433832045E+00
  1037    0.7687122607E+00
  1038    0.9325386058E+00
  1039    0.4856209095E+00
  1040    0.4985076646E+00
  1041   -0.4558824573E-01
  1042    0.2226430673E+00
  1043    0.6024183502E-01
  1044   -0.1372971312E+01
  1045   -0.1223801894E+01
  1046   -0.5764000736E+00
  1047    0.7441733657E+00
  1048    0.8863180848E+00
  1049    0.3312853680E+00
  1050   -0.1526550356E+00
  1051    0.7116192175E-01
  1052    0.1199390732E+00
  1053   -0.2377247045E+00
  1054    0.6842743723E+00
  1055    0.9742272651E-01
  1056    0.4740241750E+00
  1057   -0.2666327072E+01
  1058   -0.2495297456E+01
  1059   -0.1366822350E+00
  1060    0.8856160339E+00
  1061    0.5921328595E+00
  1062   -0.5322687444E+00
  1063   -0.1768692819E+01
  1064   -0.2258672067E+01
  1065   -0.2277115396E+01
  1066    0.5644174906E+00
  1067    0.2637985335E+01
  1068    0.1318797410E+01
  1069    0.3585184388E+00
  1070    0.6931626310E+00
  1071    0.1256619316E+01
  1072    0.3142370197E+00
  1073   -0.1746253909E+01
  1074   -0.2062799090E+01
  1075   -0.2448215587E+01
  1076    0.5989419820E+00
  1077    0.8877523969E+00
  1078    0.1605439695E+01
  1079   -0.3687672259E+00
  1080   -0.1120456583E+00
  1081    0.8458582620E+00
  1082    0.1403096948E+01
  1083    0.7807028872E-01
  1084   -0.1596976555E+01
  1085   -0.2354514377E+01
  1086    0.3067546746E+00
  1087    0.1721514355E+01
  1088   -0.8727990998E+00
  1089   -0.9074792277E+00
  1090    0.7560267701E+00
  1091    0.1335580732E+01
  1092   -0.1323255352E+00
  1093   -0.5085289438E+00
  1094    0.1804394691E+01
  1095    0.1028215114E+01
  1096   -0.6925077788E-01
  1097   -0.5683591896E+00
  1098   -0.3452806129E+00
  1099    0.3548827014E+00
  1100    0.4513906023E+00
  1101   -0.4499759143E+00
  1102   -0.8438464692E+00
  1103   -0.4935322342E+00
  1104    0.1780958199E+00
  1105    0.7638129970E+00
  1106    0.9381072480E+00
  1107    0.6495109276E+00
  1108   -0.2677778601E+00
  1109   -0.1058237323E+01
  1110   -0.1270361913E+01
  1111   -0.2071811922E+00
  1112    0.8378297357E+00
  1113    0.1202161501E+01
  1114    0.8788195660E+00
  1115   -0.7630664599E-01
  1116   -0.6913238769E+00
  1117   -0.1134736917E+01
  1118   -0.1170527104E+01
  1119   -0.2284654214E+00
  1120    0.1435849426E+01
  1121    0.1471151442E+01
  1122    0.5124911194E+00
  1123    0.1371128496E+00
  1124    0.1369309363E+00
  1125    0.7222585486E-01
  1126    0.8970716723E-01
  1127   -0.8073252087E-01
  1128   -0.3892036372E+00
  1129   -0.9823441489E-01
  1130    0.1647589689E+00
  1131    0.2543101896E+00
  1132   -0.1121517618E+00
  1133   -0.1629441940E+00
  1134   -0.2422251380E+00
  1135   -0.3538728243E+00
  1136   -0.4413690677E+00
  1137   -0.8194510343E-01
  1138   -0.1940854323E+00
  1139   -0.6797959210E+00
  1140    0.3705809253E+00
  1141    0.9279772288E+00
  1142    0.3303287777E+00
  1143   -0.4833330980E-02
  1144    0.2011626901E+00
  1145    0.1028332257E+00
  1146   -0.2793309162E+00
  1147   -0.1590931642E+00
  1148    0.3944191218E+00
  1149    0.2980816040E+00
  1150   -0.1274030468E+00
  1151   -0.1679488292E+00
  1152   -0.1627555473E+00
  1153   -0.3189001778E+00
  1154   -0.2029191114E+00
  1155    0.5224825125E+00
  1156    0.5356511617E+00
  1157   -0.3533116845E+00
  1158   -0.8882055286E+00
  1159   -0.4708723664E+00
  1160    0.2310835663E-01
  1161    0.3470533012E-01
  1162    0.1309028869E+00
  1163    0.4461190595E+00
  1164    0.2462516121E+00
  1165    0.7150084846E-02
  1166   -0.1222468424E+00
  1167   -0.3126835151E+00
  1168   -0.1680072790E-01
  1169    0.4159826044E+00
  1170    0.1630882289E+00
  1171   -0.1590033267E+00
  1172   -0.1754767699E+00
  1173   -0.1730338238E+00
  1174   -0.2374932274E+00
  1175   -0.2611265708E+00
  1176    0.6422673747E-01
  1177    0.3389518311E+00
  1178    0.2038398202E+00
  1179   -0.6427192248E-01
  1180   -0.3325937831E+00
  1181   -0.1468338473E+00
  1182    0.1862028456E+00
  1183    0.1192898947E+00
  1184   -0.1913339763E-01
  1185    0.1142952003E+00
  1186    0.6766507247E-01
  1187   -0.5791258123E-01
  1188   -0.1006239691E+00
  1189   -0.1092791166E+00
  1190   -0.1921820140E+00
  1191   -0.2342847303E+00
  1192   -0.2426141478E+00
  1193   -0.1264003677E+00
  1194   -0.2837300775E+00
  1195    0.7545426691E-01
  1196    0.3336019211E+00
  1197    0.2869242571E+00
  1198   -0.2412062571E-01
  1199    0.1128197810E+00
  1200    0.3850040979E+00
  1201    0.2520620743E+00
  1202    0.6754054899E-01
  1203   -0.7602402357E-01
  1204   -0.2134077829E+00
  1205   -0.2084020256E+00
  1206   -0.1572579492E-01
  1207    0.1148244771E+00
  1208    0.1834261379E+00
  1209    0.2529389236E+00
  1210    0.1536226313E+00
  1211   -0.2455056712E-01
  1212   -0.9791763238E-01
  1213   -0.1205902745E+00
  1214   -0.1703645682E+00
  1215   -0.2140153243E+00
  1216   -0.1584697287E+00
  1217    0.7678573733E-01
  1218    0.1053331914E+00
  1219    0.1115070990E+00
  1220    0.1693163651E+00
  1221    0.2747274855E-01
  1222   -0.1495194401E+00
  1223   -0.1526578582E+00
  1224   -0.2334327800E-01
  1225    0.7104719054E-01
  1226    0.7939823045E-01
  1227    0.6356675926E-01
  1228   -0.6055239928E-01
  1229   -0.8282528026E-01
  1230   -0.5394428484E-01
  1231   -0.1328408222E-01
  1232    0.5670580631E-01
  1233    0.5279349143E-01
  1234   -0.3858924254E-01
  1235   -0.8918644365E-01
  1236    0.5444009181E-01
  1237    0.8445302560E-01
  1238    0.8729523057E-01
  1239    0.6875903002E-01
  1240    0.2073517181E-01
  1241   -0.1774907523E-01
  1242   -0.4013145126E-01
  1243   -0.6483090516E-01
  1244   -0.4733115760E-01
  1245    0.3601150460E-01
  1246    0.7387719887E-01
  1247   -0.1043904603E-01
  1248   -0.8707389258E-01
  1249   -0.7836418755E-01
  1250   -0.3229564530E-03
  1251   -0.5929985557E-01
  1252    0.6802982721E-02
  1253    0.1068403354E+00
  1254    0.7930639996E-01
  1255   -0.4861474731E-03
  1256   -0.1718390855E-01
  1257    0.2110729919E-01
  1258    0.3128808543E-01
  1259   -0.1804016362E-01
  1260   -0.6231630249E-01
  1261    0.5920509822E-02
  1262    0.3759560431E-01
  1263    0.2566113531E-01
  1264    0.1442864275E-01
  1265    0.3586843003E-01
  1266    0.4016505434E-01
  1267    0.1334480488E-01
  1268   -0.8855357114E-02
  1269   -0.1467164098E-01
  1270    0.2621267402E-02
  1271    0.2273536844E-01
  1272    0.2041926211E-01
  1273    0.1035345004E-01
  1274   -0.2849411855E-03
  1275   -0.2086175393E-02
  1276    0.6101682229E-02
  1277    0.7094681600E-02
  1278    0.2538019143E-02
  1279    0.6354358022E-03
  1280    0.1588633088E-03
  1281    0.3971612281E-04
  1282    0.9929049177E-05
  1283    0.2482263449E-05
  1284    0.6205659344E-06
  1285    0.1551414908E-06
  1286    0.3878537402E-07
  1287    0.9696343228E-08
  1288    0.2424082712E-08
  1289    0.6060230096E-09
  1290    0.1514970371E-09
  1291    0.3787969938E-10
  1292    0.9471479157E-11
  1293    0.2367883667E-11
  1294    0.5919709167E-12
  1295    0.1492139745E-12
  1296    0.3153033390E-13
  1297    0.7549516567E-14
  1298    0.6661338148E-14
  1299    0.8881784197E-15
  1300   -0.1998401444E-14
  1301    0.2664535259E-14
  1302   -0.1998401444E-14
  1303   -0.2886579864E-14
  1304   -0.4440892099E-15
  1305    0.0000000000E+00
  1306    0.2220446049E-15
  1307    0.5551115123E-14
  1308    0.1887379142E-14
  1309   -0.2220446049E-15
  1310   -0.4440892099E-15
  1311   -0.1776356839E-14
  1312   -0.2220446049E-15
  1313   -0.4440892099E-15
  1314   -0.1665334537E-14
  1315   -0.2664535259E-14
  1316    0.2442490654E-14
  1317   -0.4440892099E-15
  1318   -0.2664535259E-14
  1319   -0.3552713679E-14
  1320    0.3774758284E-14
  1321    0.2109423747E-14
  1322    0.2220446049E-15
  1323   -0.4440892099E-15
  1324   -0.2220446049E-14
  1325    0.2664535259E-14
  1326    0.1332267630E-14
  1327   -0.2664535259E-14
  1328   -0.4440892099E-15
  1329   -0.2220446049E-14
  1330   -0.5773159728E-14
  1331   -0.3552713679E-14
  1332    0.8881784197E-15
  1333    0.2220446049E-14
  1334   -0.4440892099E-15
  1335   -0.2220446049E-14
  1336   -0.6106226635E-14
  1337    0.2442490654E-14
  1338   -0.1110223025E-14
  1339   -0.2220446049E-15
  1340    0.3774758284E-14
  1341   -0.4440892099E-14
  1342   -0.3552713679E-14
  1343    0.1332267630E-14
  1344    0.1776356839E-14
  1345   -0.2220446049E-15
  1346   -0.3552713679E-14
  1347   -0.1221245327E-14
  1348   -0.8881784197E-15
  1349   -0.4440892099E-15
  1350   -0.8881784197E-15
  1351   -0.2664535259E-14
  1352    0.5329070518E-14
  1353    0.1776356839E-14
  1354    0.1332267630E-14
  1355    0.1332267630E-14
  1356   -0.2220446049E-15
  1357   -0.2220446049E-14
  1358   -0.2664535259E-14
  1359    0.1332267630E-14
  1360   -0.2664535259E-14
  1361    0.1332267630E-14
  1362   -0.2664535259E-14
  1363   -0.2664535259E-14
  1364    0.3552713679E-14
  1365    0.3108624469E-14
  1366    0.0000000000E+00
  1367   -0.4440892099E-15
  1368    0.0000000000E+00
  1369   -0.1332267630E-14
  1370    0.2220446049E-14
  1371    0.3108624469E-14
  1372   -0.1554312234E-14
  1373   -0.4440892099E-15
  1374   -0.2109423747E-14
  1375   -0.2664535259E-14
  1376   -0.2664535259E-14
  1377    0.1443289932E-14
  1378   -0.2664535259E-14
  1379   -0.4440892099E-15
  1380   -0.4440892099E-15
  1381   -0.2220446049E-14
  1382   -0.2220446049E-14
  1383   -0.3552713679E-14
  1384    0.8881784197E-15
  1385    0.6883382753E-14
  1386    0.0000000000E+00
  1387   -0.2664535259E-14
  1388    0.0000000000E+00
  1389    0.8881784197E-15
  1390    0.0000000000E+00
  1391    0.9992007222E-15
  1392    0.1332267630E-14
  1393   -0.2220446049E-14
  1394   -0.4440892099E-15
  1395   -0.1776356839E-14
  1396   -0.2553512957E-14
  1397    0.2220446049E-14
  1398   -0.2220446049E-14
  1399   -0.2220446049E-15
  1400   -0.4440892099E-15
  1401    0.0000000000E+00
  1402   -0.3552713679E-14
  1403   -0.3552713679E-14
  1404    0.1554312234E-14
  1405    0.2886579864E-14
  1406    0.4440892099E-15
  1407   -0.3552713679E-14
  1408   -0.1776356839E-14
  1409    0.1332267630E-14
  1410    0.3330669074E-14
  1411   -0.2109423747E-14
  1412   -0.7771561172E-15
  1413    0.1665334537E-14
  1414   -0.3552713679E-14
  1415   -0.8881784197E-15
  1416    0.3552713679E-14
  1417   -0.1554312234E-14
  1418    0.6661338148E-15
  1419   -0.3552713679E-14
  1420    0.3774758284E-14
  1421    0.1110223025E-14
  1422   -0.2220446049E-14
  1423    0.1887379142E-14
  1424   -0.4440892099E-15
  1425    0.0000000000E+00
  1426    0.3108624469E-14
  1427    0.0000000000E+00
  1428   -0.2664535259E-14
  1429    0.8881784197E-15
  1430    0.2109423747E-14
  1431    0.9992007222E-15
  1432    0.2220446049E-14
  1433   -0.2220446049E-14
  1434   -0.3552713679E-14
  1435    0.8881784197E-15
  1436    0.3552713679E-14
  1437    0.2220446049E-14
  1438    0.0000000000E+00
  1439    0.3330669074E-14
  1440    0.3108624469E-14
  1441   -0.2109423747E-14
  1442    0.2220446049E-14
  1443    0.1554312234E-14
  1444   -0.2553512957E-14
  1445   -0.2220446049E-14
  1446   -0.2220446049E-14
  1447    0.1554312234E-14
  1448   -0.2220446049E-14
  1449   -0.2220446049E-15
  1450   -0.1110223025E-15
  1451   -0.6106226635E-14
  1452    0.1332267630E-14
  1453   -0.2664535259E-14
  1454    0.0000000000E+00
  1455    0.1332267630E-14
  1456    0.2220446049E-14
  1457   -0.2553512957E-14
  1458    0.3108624469E-14
  1459   -0.3552713679E-14
  1460   -0.2220446049E-14
  1461    0.8881784197E-15
  1462    0.4440892099E-15
  1463   -0.1443289932E-14
  1464   -0.2220446049E-14
  1465    0.4440892099E-15
  1466   -0.2220446049E-14
  1467   -0.2664535259E-14
  1468    0.8881784197E-15
  1469    0.2220446049E-15
  1470   -0.1554312234E-14
  1471   -0.3996802889E-14
  1472   -0.3552713679E-14
  1473   -0.8881784197E-15
  1474    0.2220446049E-15
  1475    0.1887379142E-14
  1476   -0.1776356839E-14
  1477    0.3774758284E-14
  1478    0.4218847494E-14
  1479   -0.2220446049E-14
  1480   -0.2109423747E-14
  1481    0.3330669074E-14
  1482    0.2220446049E-15
  1483   -0.1554312234E-14
  1484   -0.4440892099E-14
  1485    0.2220446049E-15
  1486    0.7771561172E-15
  1487   -0.3552713679E-14
  1488    0.2220446049E-15
  1489   -0.7771561172E-15
  1490   -0.1776356839E-14
  1491    0.0000000000E+00
  1492    0.2886579864E-14
  1493    0.0000000000E+00
  1494    0.8881784197E-15
  1495   -0.6661338148E-15
  1496    0.4440892099E-15
  1497    0.6661338148E-15
  1498   -0.3552713679E-14
  1499    0.2220446049E-15
  1500    0.1293103448E+02
  1501    0.1293103448E+02
  1502    0.0000000000E+00
