    -1    0.0000000000E+00
     0   -0.6829514348E+01
     1   -0.1038938191E+02
     2   -0.5868698340E+01
     3    0.3561054062E+01
     4   -0.5098890167E+01
     5    0.1204453725E+02
     6   -0.7123054322E+01
     7   -0.4089869832E+01
     8    0.1042699268E+02
     9   -0.6599904338E+01
    10    0.1525693900E+01
    11    0.2371240897E+01
    12   -0.7064919699E+01
    13   -0.6080321505E+00
    14   -0.4697771728E+01
    15    0.5288633328E+01
    16    0.6107766014E+01
    17   -0.1937580825E-01
    18   -0.2873175087E+01
    19    0.9761670652E+01
    20   -0.4668953882E+01
    21   -0.9798990432E+01
    22   -0.2644917268E+01
    23    0.6188011040E+01
    24   -0.1008097796E+02
    25    0.7912994331E+01
    26    0.1232334148E+02
    27   -0.4653711231E+01
    28   -0.7006672588E+01
    29    0.2409408805E+01
    30   -0.1037203770E+02
    31   -0.1210965672E+02
    32    0.1620284410E+02
    33    0.8895823285E+01
    34   -0.1114436447E+02
    35    0.9631922693E+01
    36    0.2691546138E+01
    37   -0.3310621458E+01
    38   -0.4717739976E+01
    39    0.8016613506E+00
    40    0.7483498171E+00
    41   -0.2598281136E+01
    42   -0.6193237603E+01
    43    0.7399956273E+01
    44   -0.1040540211E+02
    45    0.3411200730E+01
    46    0.6070958546E+01
    47    0.5038540123E+01
    48    0.2994710162E+01
    49   -0.5518555342E+01
    50   -0.1570448792E+02
    51    0.7625245208E+01
    52   -0.4882596810E+01
    53    0.2630076538E+01
    54    0.8143468597E+01
    55   -0.8681159744E+01
    56    0.7905170534E+01
    57   -0.1216639746E+02
    58    0.1308454547E+02
    59   -0.1776750841E+02
    60    0.1083157706E+02
    61    0.1468915471E+01
    62   -0.2852750819E+01
    63   -0.9172539329E+01
    64   -0.3001169808E+00
    65    0.1347401124E+02
    66    0.1800362095E+01
    67   -0.1108871339E+02
    68    0.1350504146E+02
    69   -0.1481878171E+02
    70   -0.6643920770E+01
    71    0.9546014225E+01
    72    0.6025403035E+01
    73    0.8011372244E+01
    74   -0.1807844149E+02
    75   -0.3718676363E+01
    76    0.2549032409E+02
    77   -0.1220733291E+02
    78    0.7691060808E+01
    79   -0.1106261758E+02
    80   -0.6539910569E+01
    81    0.1016191384E+02
    82    0.4639519059E+01
    83   -0.5158738271E+01
    84   -0.6712684100E+01
    85    0.4276023786E+01
    86   -0.1191911208E+01
    87    0.1031387727E+02
    88   -0.7137189326E+01
    89   -0.7049733832E+01
    90    0.7140159151E+01
    91    0.1621358605E+01
    92   -0.8447381753E+01
    93    0.2416765865E+01
    94    0.4358140869E+00
    95    0.6237202710E+01
    96    0.4444046493E+01
    97   -0.6607587972E+01
    98    0.4586500501E+01
    99    0.4271297516E+01
   100   -0.4503766921E+01
   101   -0.1307836742E+02
   102    0.1576862972E+02
   103   -0.2983413556E+01
   104    0.9910845118E+01
   105   -0.3197996059E+01
   106   -0.2111704180E+02
   107    0.9889975016E+01
   108    0.7634820123E+01
   109    0.1771012095E+01
   110   -0.1089357213E+01
   111   -0.7371901002E+01
   112    0.8577100107E+01
   113    0.9409416128E+00
   114   -0.1440069995E+01
   115    0.1599098546E+01
   116   -0.2103986805E+01
   117    0.3546544071E+00
   118   -0.2271266901E+01
   119    0.5778314453E+01
   120    0.2133891874E+01
   121   -0.1084444273E+02
   122    0.1288974463E+02
   123   -0.5728205621E+01
   124    0.1269685021E+01
   125    0.2712643169E+01
   126   -0.2733615097E+01
   127    0.3799830536E+01
   128   -0.9412145731E+01
   129   -0.6517381104E+00
   130    0.1542490854E+02
   131   -0.1535450698E+02
   132    0.1272424658E+01
   133    0.1380761480E+02
   134   -0.9109094602E+01
   135    0.2031835834E+01
   136    0.7575208069E+00
   137    0.5045876779E+01
   138   -0.7687261098E+01
   139   -0.2378253454E+01
   140   -0.5372706542E+01
   141    0.3144512959E+01
   142    0.1998755030E+01
   143    0.3696434667E+01
   144    0.7310971372E+01
   145   -0.1717767687E+01
   146   -0.5242885214E+01
   147   -0.1082434615E+02
   148    0.1781158462E+02
   149   -0.8024707241E+01
   150   -0.3017922907E+01
   151   -0.2962288239E+01
   152    0.5351951483E+01
   153    0.3650480346E+01
   154    0.2528825486E+01
   155   -0.2587273183E+01
   156   -0.1173809720E+02
   157    0.5416925231E+01
   158    0.6138251107E+01
   159   -0.3408912182E+01
   160   -0.3790102758E+01
   161    0.8088240613E+00
   162    0.1024984357E+02
   163   -0.5736786784E+00
   164   -0.4129749064E+01
   165   -0.5483284738E+01
   166    0.7116847670E+01
   167   -0.1019214909E+01
   168   -0.4434775286E+00
   169   -0.2527056528E+00
   170   -0.3045212863E+01
   171   -0.9216204983E+01
   172    0.5927619390E+01
   173    0.4966365837E+01
   174   -0.5470607371E+01
   175    0.1271469252E+02
   176    0.1563032126E+01
   177   -0.1086415296E+02
   178    0.1075129503E+01
   179    0.2781422351E+01
   180   -0.4319899228E+01
   181   -0.9956555940E+01
   182    0.9059286663E+01
   183    0.8432495131E+01
   184   -0.5758493659E+01
   185    0.2031131686E+01
   186    0.8853814939E+00
   187   -0.9717864204E+01
   188   -0.2074805234E+01
   189    0.8159972398E+01
   190   -0.4903156574E+01
   191   -0.3332013674E+01
   192    0.8641621390E+01
   193   -0.2258690001E+01
   194   -0.1802315877E+01
   195    0.3258717468E+01
   196    0.3325587323E+01
   197   -0.3259932932E+01
   198   -0.9881049910E+01
   199    0.5992556362E+01
   200   -0.8336180043E+01
   201    0.1240712726E+02
   202    0.9307822926E+01
   203   -0.1607670001E+02
   204   -0.1277257694E+01
   205    0.1038867828E+01
   206   -0.1642916431E+01
   207   -0.3079002105E+01
   208    0.1581772684E+02
   209   -0.8577571466E+01
   210    0.7731354547E+01
   211   -0.2041772841E+02
   212    0.9836206088E+01
   213    0.3909582513E+01
   214   -0.5389061827E+00
   215   -0.1880347133E+02
   216    0.6897075133E+01
   217    0.6915810453E+01
   218    0.5789046093E+01
   219   -0.8869069658E+01
   220   -0.1956157414E+01
   221    0.1087223011E+02
   222   -0.2498644958E+01
   223   -0.4704280014E+01
   224    0.1456292067E+01
   225   -0.1479546017E+01
   226    0.2782631654E+01
   227   -0.4951270867E+01
   228    0.2718869029E+01
   229    0.2328343421E+01
   230   -0.1408372861E+02
   231   -0.1563331684E+01
   232    0.6590809297E+01
   233   -0.1135834710E+02
   234    0.1243976268E+02
   235   -0.1368856111E+01
   236   -0.1291432897E+01
   237    0.1414312767E+02
   238   -0.1408253771E+02
   239    0.7284429697E+01
   240   -0.4158706048E+01
   241    0.1323163499E+00
   242    0.9004077641E+01
   243   -0.8348077884E+01
   244    0.5258357607E+01
   245   -0.1797494079E+02
   246    0.1699921990E+02
   247   -0.8379534855E-01
   248    0.5296293837E+01
   249   -0.1138419712E+01
   250   -0.1099871312E+02
   251    0.6633392874E+01
   252   -0.2233223815E+01
   253    0.8953082695E+01
   254   -0.1286641578E+02
   255    0.2026654392E+01
   256   -0.6607796095E+01
   257    0.6962192418E+01
   258    0.6690341604E+01
   259    0.7957781874E+01
   260    0.1543331536E+01
   261   -0.7948133636E+01
   262   -0.4894923657E+01
   263   -0.4297672037E+01
   264    0.8708976485E+01
   265   -0.1266041208E+02
   266    0.2277185573E+02
   267   -0.6014058208E+01
   268   -0.1372196321E+02
   269    0.1381955351E+02
   270   -0.3038226881E+01
   271    0.2913696465E+01
   272   -0.2613952882E+01
   273   -0.6502913733E+01
   274    0.1432859986E+02
   275    0.5958091928E+01
   276   -0.1605348535E+02
   277    0.4495534395E+01
   278    0.2439907546E+01
   279   -0.5375115848E+00
   280   -0.6888579463E+01
   281    0.8082011931E+01
   282   -0.3773830460E-01
   283   -0.5916629833E+01
   284    0.7600581879E+01
   285    0.6241884940E+01
   286   -0.1276465720E+02
   287    0.3240963498E+01
   288   -0.1248378521E+01
   289    0.1388011613E+01
   290    0.3627868655E+01
   291   -0.8599547400E+01
   292    0.7180701916E+01
   293    0.8984156075E+01
   294   -0.8075028706E+01
   295   -0.1147580620E+02
   296    0.1266919264E+02
   297   -0.3514810206E+01
   298    0.4219453620E+01
   299    0.8609636055E+00
   300   -0.4665684325E+01
   301    0.3408541854E+01
   302    0.6127090407E+00
   303   -0.9100076900E+01
   304   -0.2150212449E+01
   305    0.1066133794E+02
   306    0.8314029925E+00
   307    0.3036636028E+01
   308   -0.9834762496E+01
   309    0.5321860322E+01
   310    0.3607694082E+01
   311   -0.3085920104E+01
   312    0.4206441686E+01
   313   -0.2901652486E+01
   314   -0.4528235576E+01
   315   -0.1943458711E+01
   316    0.7767478552E+01
   317   -0.5860069354E+01
   318   -0.4514214226E+01
   319    0.9197024310E+01
   320   -0.4854814208E+01
   321    0.3406916374E+01
   322   -0.8453920488E+01
   323   -0.3314810643E+00
   324    0.9169520030E+01
   325   -0.2078516663E+01
   326    0.6167287768E+00
   327    0.2476518401E+01
   328    0.1291333272E+01
   329   -0.1296133008E+02
   330    0.1182942200E+02
   331   -0.3158118572E+01
   332   -0.7910553985E+01
   333    0.3623944968E+01
   334    0.6550895410E+01
   335    0.5313741101E+01
   336   -0.1459456235E+01
   337   -0.1000010151E+02
   338   -0.7681741887E+01
   339    0.5682149224E+01
   340   -0.1000641468E+02
   341    0.7782056953E+01
   342    0.1540586698E+02
   343    0.1191818965E+01
   344    0.2380091427E+01
   345   -0.1054638956E+02
   346    0.8838420497E+00
   347   -0.6854041531E+01
   348    0.5269966761E+01
   349   -0.1586907274E+02
   350    0.1442198400E+02
   351    0.2098148238E+01
   352   -0.8989170005E+00
   353   -0.6291408706E+01
   354    0.9219296446E+01
   355   -0.4212992991E-01
   356   -0.3877062739E+01
   357   -0.7333841284E+01
   358   -0.4237275419E+01
   359    0.1361824785E+01
   360    0.7087827325E+01
   361   -0.7853729669E+00
   362   -0.7417549825E+01
   363    0.5447377292E+01
   364    0.1190218981E+02
   365   -0.5767065782E+01
   366   -0.6726503532E+01
   367    0.4208590508E+01
   368   -0.2663073703E+01
   369    0.3395490270E+01
   370    0.2892632823E+01
   371   -0.1824048204E+02
   372   -0.2274749975E+01
   373    0.9127766106E+01
   374    0.4627863499E+01
   375    0.1611802297E+01
   376   -0.1463426728E+02
   377    0.1564670423E+02
   378    0.3929144873E+01
   379   -0.3247679364E+02
   380    0.2373240562E+02
   381   -0.5847378554E+01
   382    0.1349857379E+01
   383   -0.2202662199E+01
   384    0.4046453022E+01
   385   -0.3820440537E+01
   386   -0.3625209136E+01
   387    0.4702320915E+01
   388    0.5298924705E+01
   389   -0.2126732136E+02
   390    0.2166363708E+02
   391    0.1448305061E+01
   392   -0.1014609443E+02
   393   -0.3415009674E+01
   394    0.6695552015E+01
   395   -0.3441053275E+01
   396    0.7219917059E+01
   397   -0.1032999182E+01
   398   -0.6211694829E+01
   399   -0.4654435204E+01
   400   -0.2394921367E+01
   401    0.1266772652E+02
   402   -0.4200680000E+01
   403   -0.3155841729E+01
   404    0.7921248048E+01
   405   -0.7291302311E+01
   406    0.9333206380E+01
   407   -0.7285143257E+01
   408    0.5443722221E+01
   409   -0.2018285352E+01
   410   -0.2437430551E+01
   411    0.6483898413E+01
   412   -0.1393903449E+02
   413    0.6513179666E+01
   414    0.1340307544E+02
   415   -0.9229978899E+01
   416   -0.4205925686E+01
   417    0.9992566780E+01
   418    0.2026505275E+01
   419   -0.9884673618E+01
   420    0.3502486085E+01
   421    0.1650451529E+01
   422   -0.1466431619E+00
   423   -0.2869094583E+01
   424    0.2484787621E+01
   425    0.1755173236E+01
   426    0.3465413315E+01
   427   -0.5850151222E+01
   428   -0.3137536520E+01
   429    0.9896609508E+01
   430   -0.3224762679E+01
   431   -0.4946980083E+01
   432    0.8071634473E+01
   433    0.5426427100E+01
   434   -0.1015135175E+02
   435    0.4834516752E+01
   436   -0.1009497229E+01
   437    0.7314212670E+01
   438    0.5804397707E+01
   439   -0.1275732697E+02
   440    0.7722381431E-01
   441   -0.1103004030E+02
   442    0.4051898126E+01
   443    0.6158162339E+01
   444    0.3859303595E+01
   445    0.9679631292E-01
   446   -0.4708380526E+01
   447   -0.2134640094E+01
   448    0.1684706151E+02
   449   -0.1652536324E+02
   450    0.6461577511E+01
   451    0.6842533241E+01
   452   -0.1001111551E+02
   453    0.4478375403E+01
   454    0.3124489096E+01
   455   -0.2206260451E+01
   456   -0.1837553891E+01
   457   -0.7451736720E+01
   458    0.7681146940E+01
   459   -0.1777839019E+01
   460    0.1092876727E+02
   461    0.6642650507E-01
   462   -0.8687393307E+01
   463   -0.1220249469E+02
   464    0.8625302976E+01
   465    0.4842088811E+01
   466   -0.5102329229E+01
   467    0.1037258146E+02
   468   -0.4333468205E+01
   469   -0.2226733284E+00
   470   -0.7518301266E+01
   471   -0.1742007819E+00
   472    0.7448139816E+01
   473   -0.1672629646E+01
   474    0.4289897310E+00
   475    0.8667540254E+01
   476   -0.7822297651E+01
   477   -0.3410707284E+01
   478   -0.4305785207E+01
   479    0.2089024291E+01
   480    0.3194973913E+01
   481    0.4569149302E+01
   482    0.1689715758E+01
   483   -0.8549596712E+01
   484    0.2362452392E+01
   485   -0.6278485640E+01
   486    0.3495071733E+01
   487    0.8433255738E+01
   488   -0.1882107574E+01
   489   -0.3424225831E+00
   490   -0.2245548365E+01
   491    0.1184339457E+02
   492   -0.1296743196E+02
   493   -0.3757746044E+01
   494    0.2273894817E+01
   495    0.1017335939E+00
   496   -0.6242250432E+01
   497    0.8685972646E+01
   498    0.5984362833E+01
   499   -0.7364559473E+01
   500   -0.9124766638E+01
   501    0.1228994686E+02
   502    0.8067054894E+01
   503   -0.9923032751E+01
   504    0.8344253593E+00
   505   -0.2343447929E+01
   506   -0.9476994728E+00
   507   -0.4712395602E+01
   508   -0.6198311477E+01
   509    0.1353690162E+02
   510    0.2961853087E+01
   511   -0.5894325263E+01
   512    0.3760401433E+01
   513   -0.9159554721E+01
   514    0.1241995693E+02
   515   -0.1049002710E+02
   516    0.1660319014E+01
   517    0.2323750615E+01
   518   -0.8892434034E+01
   519    0.1203074863E+02
   520   -0.1005802965E+02
   521    0.5853887427E+01
   522    0.3711183487E+01
   523   -0.4555800343E+01
   524   -0.9701485002E+01
   525    0.8716339312E+01
   526   -0.1421582802E+01
   527   -0.5477865567E+01
   528    0.1693170995E+02
   529   -0.1328240635E+02
   530    0.1908603403E+01
   531    0.2995455737E+01
   532   -0.6833391866E+01
   533    0.3580476049E+00
   534   -0.1270959867E+02
   535    0.2203267333E+02
   536   -0.1231427881E+02
   537   -0.2565922207E+01
   538    0.4497080009E+01
   539    0.7985673356E+01
   540   -0.5538001815E+01
   541    0.4098747591E+01
   542   -0.7137233681E+01
   543   -0.1664698632E+01
   544    0.7578142373E+00
   545    0.1197602524E+01
   546   -0.9108108644E+00
   547    0.7094063547E+01
   548   -0.6856763637E+01
   549   -0.1228469206E+02
   550    0.2635607454E+01
   551    0.1260375447E+02
   552   -0.7967194769E+01
   553    0.6403004916E+01
   554   -0.7686138963E+01
   555    0.7144722233E+01
   556    0.8410812414E+00
   557   -0.7410949817E+01
   558    0.1437280315E+01
   559   -0.7744110379E+01
   560    0.6163885830E+01
   561    0.1483233209E+02
   562   -0.1629856746E+01
   563   -0.1730626987E+02
   564   -0.1446993925E+02
   565    0.2373363545E+02
   566    0.2356891039E+01
   567   -0.6870305484E+01
   568    0.3631938185E+01
   569   -0.2269184779E+01
   570   -0.1334064523E+01
   571   -0.1968203139E+01
   572    0.1217424225E+02
   573   -0.7990824508E+01
   574    0.3066727982E+00
   575   -0.3288446761E+01
   576   -0.3952478371E+01
   577    0.1247028482E+02
   578    0.8772913014E+01
   579   -0.2091231024E+02
   580    0.8111154248E+01
   581   -0.6936648020E+01
   582    0.1643318056E+02
   583   -0.2018559115E+02
   584    0.1625348425E+02
   585    0.9308640148E+01
   586   -0.1051830272E+02
   587    0.7519970568E+01
   588   -0.7265655357E+01
   589    0.7130344469E+01
   590   -0.8893394108E+01
   591    0.3259302093E+01
   592    0.1082376588E+01
   593    0.4101639699E+01
   594   -0.1992263784E+01
   595   -0.4995781034E+01
   596    0.5621255835E+00
   597    0.6230702689E+01
   598   -0.8880937629E+01
   599    0.3057068775E+01
   600   -0.1366267394E+01
   601    0.1181610481E+01
   602    0.2513681792E+01
   603    0.2690919532E+01
   604    0.1506328391E+01
   605    0.2851738344E+00
   606    0.8832761248E+01
   607   -0.9292577413E+01
   608    0.1879618093E+00
   609   -0.9227777236E+01
   610    0.7174016001E+01
   611    0.3001007541E+01
   612    0.1133291356E+00
   613   -0.9275020162E+00
   614   -0.1684325557E+01
   615    0.2034394507E+01
   616    0.4355856975E+01
   617    0.9499229220E-01
   618   -0.8761939836E+01
   619    0.2134250378E+00
   620    0.5576511104E+01
   621   -0.8323720993E+01
   622    0.1212468753E+02
   623   -0.4843843229E+01
   624   -0.6960025794E+01
   625    0.1108109072E+02
   626   -0.2905073178E+01
   627    0.7950904276E+01
   628   -0.1167399825E+02
   629    0.4570203718E+01
   630   -0.7486458815E+01
   631    0.7733526318E+01
   632    0.4436726010E+01
   633   -0.2095712901E+01
   634   -0.5741295703E+01
   635    0.7424815147E+01
   636   -0.3927069393E+01
   637    0.9537365121E+00
   638   -0.4342226101E+01
   639   -0.1954173698E+01
   640    0.2211992168E+01
   641    0.5447016186E+01
   642   -0.1342807640E+02
   643    0.1386142893E+02
   644   -0.9226946203E+01
   645    0.7222688851E+01
   646    0.2230867130E+01
   647   -0.1311580849E+02
   648    0.9919935192E+01
   649    0.6274485462E+00
   650   -0.9080318336E+01
   651    0.6746811309E+01
   652    0.5345615250E+01
   653   -0.2083055531E+01
   654    0.6961546230E+00
   655    0.1590865172E+01
   656   -0.1895461131E+01
   657    0.3650821890E+01
   658   -0.1357576542E+02
   659   -0.8462308071E+01
   660    0.1351708184E+02
   661    0.8740224503E+00
   662    0.4588046413E+01
   663   -0.9614749331E+00
   664    0.3340847543E+01
   665   -0.4587926606E+01
   666   -0.8302125357E+01
   667   -0.3771176250E+01
   668    0.1283319447E+02
   669    0.4662053558E+01
   670   -0.2243062981E+02
   671    0.7108495543E+01
   672    0.9885366886E+01
   673    0.5750431240E+01
   674   -0.3597746368E+01
   675   -0.1138264389E+02
   676   -0.1838610209E+01
   677   -0.1970717348E+01
   678    0.2202696522E+01
   679   -0.1128230289E+01
   680    0.1175815892E+02
   681   -0.5454499534E+01
   682   -0.2525969766E+01
   683    0.7923281713E+01
   684   -0.1202023556E+02
   685    0.3886469281E+01
   686   -0.2001847342E+01
   687    0.9101976315E+01
   688   -0.7039957553E+01
   689   -0.4156717927E+01
   690    0.3583042424E+01
   691    0.1472897599E+01
   692   -0.4736156319E+01
   693   -0.8880622445E+00
   694   -0.2626163725E+01
   695    0.1166403085E+02
   696   -0.2048795628E+01
   697    0.2861402633E+01
   698   -0.9614128963E+01
   699   -0.9307722229E+01
   700   -0.3104458674E+01
   701    0.1329725316E+02
   702    0.6273481747E+01
   703   -0.1292274162E+02
   704   -0.1170227746E+02
   705    0.2255482414E+02
   706    0.4244445290E+01
   707   -0.1647564031E+02
   708   -0.1811403442E+02
   709    0.1787878493E+02
   710    0.6726423180E+01
   711    0.7118820794E+01
   712   -0.9368793340E+01
   713   -0.2024623279E+02
   714    0.1914944729E+02
   715    0.4621648380E+01
   716   -0.2923102235E+01
   717   -0.4909892498E+01
   718    0.6407427326E+01
   719    0.1205208007E+01
   720   -0.5999044848E+01
   721   -0.4533196469E+00
   722   -0.1022773778E+01
   723    0.6244268561E+01
   724    0.5690624687E+01
   725   -0.1176720019E+02
   726    0.3268221211E+01
   727    0.1012644805E+02
   728   -0.1199996117E+02
   729    0.5469938552E+01
   730   -0.6002129596E+01
   731    0.5671707677E+01
   732   -0.3882518465E+01
   733    0.1294738415E+02
   734   -0.4475493058E+01
   735    0.1197053738E+02
   736   -0.2344594054E+02
   737    0.1182081136E+01
   738    0.1316456682E+02
   739   -0.1073950053E+02
   740   -0.1180370439E+00
   741    0.4138776705E+01
   742    0.6337758610E+01
   743   -0.4090273932E+01
   744    0.6788193005E+01
   745   -0.1349517010E+02
   746    0.6778919813E+01
   747   -0.5471431846E+01
   748    0.1438152347E+01
   749    0.6461061779E+01
   750   -0.4345685265E+01
   751    0.7283662116E+01
   752   -0.2276784242E+01
   753   -0.5181496095E+01
   754    0.1976458495E+01
   755   -0.5021775060E+01
   756    0.1395454228E+02
   757   -0.3884079048E+01
   758   -0.1607596028E+01
   759    0.7139347728E+01
   760    0.2305512781E+01
   761   -0.7372456548E+01
   762   -0.3806520035E+01
   763    0.2394544081E+01
   764    0.5135631114E+01
   765    0.2628674674E+01
   766   -0.8708629948E+01
   767    0.1114781068E+01
   768   -0.5086860203E+01
   769    0.8706517100E+01
   770    0.9756416853E+00
   771   -0.7978549491E+01
   772    0.7370046350E+01
   773   -0.2021158738E+00
   774   -0.9720944110E+01
   775    0.6578329159E+01
   776    0.6300318629E+00
   777    0.8847622886E+01
   778   -0.5588583385E+01
   779   -0.2504765515E+01
   780   -0.7110358986E+00
   781   -0.1485536882E+00
   782    0.1851932843E+01
   783   -0.5944781427E+01
   784    0.4944017563E+01
   785    0.2319863721E+01
   786    0.4042156187E+01
   787   -0.4694753793E+01
   788    0.4015735844E+01
   789   -0.2525346568E+01
   790   -0.2438455762E+01
   791    0.5047367423E+01
   792   -0.2959794812E+01
   793   -0.8701382405E+01
   794    0.4668362642E+01
   795   -0.3345677495E+01
   796    0.3818409029E+01
   797   -0.2974520343E+01
   798    0.7253624374E+01
   799   -0.3643674006E+01
   800    0.4973281454E+01
   801   -0.4411544763E+01
   802    0.2135408403E+01
   803   -0.5416072973E+01
   804    0.1013697747E+02
   805   -0.3624102723E+01
   806   -0.1214719768E+02
   807    0.7516639773E+01
   808    0.3391076882E+01
   809   -0.6511500264E+00
   810   -0.4811113583E+00
   811   -0.3697909034E+01
   812    0.3036929998E+01
   813   -0.2067862435E+01
   814    0.3549605781E+01
   815   -0.4145585013E+01
   816    0.5892595239E+01
   817   -0.4958305199E+01
   818   -0.3088660784E+01
   819    0.1717658512E+00
   820    0.1081211406E+02
   821   -0.2842295662E+01
   822   -0.1067239509E+02
   823   -0.3624790273E+01
   824    0.7440436710E+01
   825    0.5436135736E+01
   826   -0.7902987179E+01
   827   -0.3242917522E+00
   828    0.3587482368E+01
   829   -0.1330922401E+02
   830    0.1933233336E+02
   831   -0.2906439413E+01
   832   -0.1409795183E+00
   833    0.1046939916E+02
   834   -0.1770000509E+02
   835   -0.1795237469E+01
   836    0.4154682249E+01
   837   -0.1162747380E+02
   838    0.5106826028E+01
   839   -0.4445486021E+01
   840    0.8825924431E+01
   841    0.3765833603E+01
   842   -0.4423979031E+01
   843    0.3824398039E+01
   844   -0.2634579966E+01
   845   -0.3915072198E+01
   846   -0.4701616823E+01
   847    0.1409263799E+02
   848   -0.2203821152E+01
   849   -0.1084521182E+02
   850    0.7473253355E+01
   851   -0.7967710390E+01
   852   -0.5753480995E+01
   853    0.1129665596E+02
   854   -0.4493747705E+01
   855   -0.6186578824E+01
   856    0.1205730982E+02
   857    0.4336136384E+01
   858   -0.1792764607E+00
   859   -0.1453747458E+01
   860   -0.9374353714E+01
   861    0.1836024391E+01
   862   -0.7328181924E+01
   863    0.1331529459E+02
   864    0.2530160735E+01
   865   -0.1465139111E+01
   866   -0.1742066528E+00
   867    0.1712680393E+01
   868   -0.7506018405E+01
   869   -0.5229808358E+00
   870    0.7464355444E+01
   871   -0.5674876676E+01
   872    0.2082769527E-01
   873   -0.1102321084E+02
   874    0.1298283146E+02
   875    0.4082551668E+01
   876   -0.2254630141E+01
   877    0.6495411003E+00
   878   -0.8830695824E+00
   879   -0.9812200806E+01
   880    0.6933463715E+01
   881    0.1930652175E+01
   882   -0.2862979645E+01
   883    0.3273881029E+01
   884    0.3637112271E+01
   885   -0.6534977181E-01
   886   -0.1686347723E+02
   887    0.1206102983E+02
   888    0.1183917149E+02
   889   -0.5482223394E+01
   890    0.1111624827E+01
   891    0.8628362412E+01
   892   -0.2595341485E+02
   893    0.1165745042E+02
   894   -0.8300390717E+01
   895    0.1401605514E+02
   896    0.2120980465E+01
   897   -0.1458003790E+02
   898    0.1278612131E+02
   899   -0.8213231327E+01
   900    0.7766466131E+01
   901   -0.5756849886E+01
   902   -0.7774466402E+01
   903    0.1373486464E+02
   904    0.2926052136E+01
   905   -0.1019785522E+02
   906   -0.7271963116E+00
   907    0.3844990785E+01
   908    0.7225330128E+01
   909    0.1406509127E+01
   910   -0.9502657460E+01
   911   -0.2307327894E+01
   912    0.6389148567E+01
   913   -0.4826974618E+01
   914   -0.4638231653E+01
   915    0.1412689670E+02
   916   -0.4220496743E+01
   917    0.6026396774E+00
   918    0.3856365833E+01
   919   -0.7851568807E+01
   920    0.4301880049E+01
   921    0.1030044438E+02
   922   -0.6649621428E+01
   923   -0.6079027019E+00
   924   -0.9179953513E+01
   925    0.2689149735E+01
   926   -0.2704745670E+01
   927   -0.2000503117E+01
   928    0.4848510089E+01
   929    0.3478714429E+01
   930    0.8174919177E+00
   931   -0.4496208740E+01
   932   -0.4363963749E+01
   933    0.6393642620E+01
   934    0.7715931793E+01
   935   -0.1140145564E+02
   936   -0.7323196407E+01
   937    0.6378546149E+01
   938    0.2994669668E+01
   939    0.5695731537E+01
   940    0.5694830352E+00
   941   -0.5394168407E+01
   942   -0.6478004358E+00
   943   -0.6121510008E+00
   944    0.1188299851E+01
   945    0.3638912626E+01
   946   -0.1525639420E+01
   947   -0.5107145820E+01
   948   -0.1688757847E+00
   949   -0.3090495638E+01
   950    0.8527293955E+01
   951    0.1792407355E+01
   952   -0.7858871927E+01
   953   -0.4883197052E+01
   954    0.8913769949E+01
   955   -0.3171683520E+01
   956    0.3646199825E+01
   957   -0.1012844777E+01
   958   -0.1155115234E+01
   959   -0.2450139361E+01
   960    0.7376614964E+01
   961   -0.4535222812E+01
   962   -0.1549998045E+01
   963   -0.5582967501E+00
   964    0.2284873013E+01
   965   -0.2847543606E+01
   966    0.5105651246E+01
   967   -0.5565285654E+01
   968   -0.3812325035E+01
   969    0.4480030465E+01
   970   -0.2867094829E+01
   971    0.1454091944E+01
   972    0.1855562700E+01
   973    0.4758978927E+01
   974   -0.1089992427E+01
   975   -0.2696245314E+01
   976   -0.2785839888E+01
   977    0.7822486680E+00
   978    0.4564556564E+01
   979   -0.8095249688E+01
   980    0.7397470451E+01
   981   -0.6777859200E+01
   982   -0.7245179079E+00
   983    0.6501431859E+01
   984   -0.1947110508E+01
   985    0.7216184814E+00
   986    0.1497540088E+01
   987    0.2818233695E+00
   988   -0.4410131594E+01
   989    0.5649761769E+01
   990   -0.3949642075E+01
   991   -0.5252929718E+00
   992   -0.1898291430E+01
   993    0.2794734445E+01
   994   -0.3264334005E+01
   995    0.5060490654E+01
   996    0.1044863436E+00
   997   -0.2705938095E+01
   998    0.6905335122E+01
   999   -0.4957850021E+00
  1000   -0.2122872847E+01
  1001    0.1306274399E+01
  1002   -0.3786357817E+01
  1003   -0.4319798115E+01
  1004    0.1485707192E+01
  1005   -0.8995699378E+00
  1006    0.6285020352E+01
  1007    0.9943312488E+00
  1008   -0.2934645151E+01
  1009   -0.6405976657E+01
  1010   -0.4934999224E+00
  1011    0.2740081968E+01
  1012    0.3697412801E+01
  1013    0.3347475867E+00
  1014    0.1251638999E+00
  1015    0.1917985875E+00
  1016    0.3431267575E+00
  1017   -0.1242763115E+00
  1018   -0.2651864391E+01
  1019   -0.1168638332E+00
  1020    0.8285794445E+00
  1021    0.5111784109E+00
  1022   -0.1133392510E+01
  1023   -0.1549116023E+01
  1024   -0.3496824304E+01
  1025    0.1798753706E+01
  1026    0.4242955020E+01
  1027    0.5851646190E+00
  1028   -0.2939437609E+01
  1029   -0.2335333678E+01
  1030    0.1656599460E+00
  1031    0.2178343438E+01
  1032    0.1727019089E+01
  1033    0.2247038719E+00
  1034   -0.1316836421E+00
  1035    0.1912621124E+01
  1036    0.7798301047E+00
  1037   -0.1151349485E+01
  1038   -0.6390195761E+00
  1039   -0.8019060108E+00
  1040   -0.1775107646E+01
  1041   -0.2625819151E+01
  1042    0.1935135309E+01
  1043    0.1970321426E+01
  1044    0.2312765454E+01
  1045    0.1388566570E+01
  1046   -0.1822053744E+01
  1047   -0.3476387509E+01
  1048   -0.7597043492E+00
  1049    0.1875736663E+01
  1050    0.1787906527E+01
  1051   -0.2396137340E+00
  1052   -0.9809427966E+00
  1053   -0.3593961869E+00
  1054   -0.4796359145E+00
  1055   -0.3561552146E+01
  1056   -0.4263302791E+00
  1057    0.2008019417E+01
  1058    0.2114535783E+01
  1059    0.9614436149E+00
  1060   -0.1177293062E+01
  1061   -0.5146554053E+01
  1062   -0.3662127536E+00
  1063    0.3928123182E+01
  1064    0.2760934424E+01
  1065   -0.5874897476E+00
  1066   -0.2980949087E+01
  1067    0.1279757092E+01
  1068    0.4161821075E+01
  1069    0.2014433595E+01
  1070   -0.3614308034E+00
  1071    0.2072910305E+00
  1072   -0.4011741165E+00
  1073   -0.9673560487E+00
  1074    0.1039192753E+01
  1075   -0.2215797544E+00
  1076   -0.3033987330E+01
  1077   -0.3132107317E+01
  1078   -0.4294540746E+00
  1079    0.2340263515E+01
  1080    0.2945096021E+01
  1081    0.2089906292E+01
  1082    0.1366892069E+01
  1083   -0.4408288390E+00
  1084    0.1583678193E+01
  1085   -0.1020916325E+01
  1086   -0.4823218620E+00
  1087   -0.4049807212E+00
  1088   -0.2098812148E+00
  1089   -0.6489368381E+00
  1090   -0.7644385319E+00
  1091    0.2829593308E+00
  1092    0.1421617877E+01
  1093    0.2645383541E+00
  1094    0.4705819346E+00
  1095   -0.1617001119E+01
  1096   -0.4753095695E+00
  1097   -0.4686341988E+00
  1098    0.6420232423E+00
  1099    0.1429771283E+01
  1100   -0.6262017713E+00
  1101    0.1357286376E+01
  1102   -0.8987453327E+00
  1103   -0.1535696707E+01
  1104   -0.1726487769E+01
  1105   -0.2834736765E+01
  1106    0.3188133479E+00
  1107    0.3050678328E+01
  1108    0.2549916660E+01
  1109    0.6881570252E+00
  1110   -0.1589758744E+01
  1111   -0.6987965141E+00
  1112    0.2333180203E+00
  1113   -0.6170213026E+00
  1114   -0.1182757443E+01
  1115    0.3098897648E+00
  1116   -0.6146876442E-01
  1117    0.4202589705E+00
  1118   -0.7290901757E+00
  1119    0.2935443537E+00
  1120    0.5799547536E+00
  1121    0.4630538591E+00
  1122    0.6343850384E+00
  1123   -0.3395171946E+00
  1124   -0.1710509790E+01
  1125    0.4317511885E+00
  1126    0.2217789432E+01
  1127   -0.9551973895E-01
  1128   -0.1873740855E+01
  1129   -0.2896721339E+01
  1130   -0.2120776116E+01
  1131    0.2423941861E+00
  1132   -0.1738399552E+00
  1133   -0.3796068156E+00
  1134   -0.5656668917E+00
  1135    0.3521620018E+00
  1136   -0.3766181531E+00
  1137   -0.3810214176E+01
  1138   -0.4437085866E+00
  1139    0.4748917048E+01
  1140    0.1506878079E+01
  1141    0.9825011117E+00
  1142    0.1914772345E+00
  1143    0.4508907047E+00
  1144   -0.3938030762E+00
  1145   -0.2789384720E+01
  1146    0.6198863194E+00
  1147    0.1961472201E+01
  1148    0.1050550657E+01
  1149    0.3605583752E+00
  1150    0.7326041755E+00
  1151   -0.5486458116E+00
  1152   -0.2768803531E+00
  1153    0.1002240147E+01
  1154    0.3983565257E+00
  1155    0.4202041151E+00
  1156   -0.2870917774E+00
  1157   -0.6624034689E+00
  1158    0.1946409186E-01
  1159    0.7790412864E+00
  1160    0.1003351308E+01
  1161    0.2976498097E-01
  1162    0.4170197346E+00
  1163    0.3801307373E+00
  1164   -0.1260354058E+01
  1165   -0.2009671177E+01
  1166   -0.7584815053E+00
  1167    0.9557552590E+00
  1168    0.1359832597E+01
  1169    0.1008463497E+01
  1170   -0.1431870895E+01
  1171    0.6736816290E+00
  1172    0.6623506179E+00
  1173   -0.3432578255E-02
  1174   -0.4525393460E+00
  1175   -0.7485952809E+00
  1176   -0.4131595462E+00
  1177   -0.9270827813E+00
  1178   -0.1159948776E+01
  1179    0.3639815342E-02
  1180    0.1208734237E+01
  1181    0.1287577805E+01
  1182    0.4814994196E+00
  1183   -0.6003936045E+00
  1184   -0.1564578784E+01
  1185   -0.1651793849E+01
  1186   -0.5655786659E-01
  1187    0.1584092855E+01
  1188    0.1167178722E+01
  1189   -0.4611202684E+00
  1190   -0.1548176793E+01
  1191   -0.1110386502E+01
  1192    0.5682858373E+00
  1193    0.1459683711E+01
  1194    0.6241352728E+00
  1195   -0.3150231406E-01
  1196   -0.1601207045E+00
  1197   -0.5545263092E+00
  1198   -0.1045760498E+01
  1199   -0.1863047508E+01
  1200   -0.1186915824E+01
  1201    0.1273802526E+01
  1202   -0.3628633948E+00
  1203    0.3039172247E+00
  1204    0.6124272000E+00
  1205    0.2267356458E+00
  1206   -0.1396334099E+01
  1207   -0.8018726578E+00
  1208    0.3028139926E+01
  1209    0.5277835619E+00
  1210    0.1366094784E+00
  1211   -0.4753720246E+00
  1212   -0.7115080249E+00
  1213   -0.5892203208E-01
  1214    0.8410957450E+00
  1215    0.8900667408E+00
  1216    0.3845703943E+00
  1217    0.1983018241E+00
  1218    0.1159663936E+00
  1219   -0.2589353144E-01
  1220   -0.2802823178E+00
  1221   -0.3001850084E+00
  1222    0.6519013505E-01
  1223    0.4317452085E+00
  1224    0.1348019398E+00
  1225   -0.2938372920E+00
  1226   -0.2098496445E-01
  1227    0.3124226818E+00
  1228    0.2056225364E+00
  1229    0.1023861691E+00
  1230   -0.2554174528E+00
  1231   -0.6333748219E+00
  1232   -0.3528876188E+00
  1233   -0.4007602200E-01
  1234    0.1831039840E+00
  1235    0.4334623029E+00
  1236    0.2269224995E+00
  1237   -0.5864108510E-01
  1238    0.1470003978E+00
  1239    0.2640936517E+00
  1240   -0.4880931326E-02
  1241   -0.1804326776E+00
  1242   -0.4386976531E+00
  1243   -0.5474856553E+00
  1244    0.1063004792E+00
  1245    0.4315937128E+00
  1246   -0.2583621972E+00
  1247   -0.4999259799E+00
  1248    0.2046589399E+00
  1249    0.6846488542E+00
  1250    0.1601314596E+00
  1251   -0.2707666173E+00
  1252    0.2459381621E+00
  1253    0.5802896184E+00
  1254    0.2242227477E+00
  1255   -0.2835340650E+00
  1256   -0.5867194322E+00
  1257   -0.2021993744E+00
  1258    0.2995109398E+00
  1259    0.8095198870E-01
  1260   -0.3497752333E+00
  1261   -0.4628461139E+00
  1262   -0.1252360307E+00
  1263    0.3498205653E+00
  1264    0.4310734043E+00
  1265    0.3397081609E+00
  1266    0.2277282351E+00
  1267   -0.3279759426E-01
  1268   -0.3608982388E+00
  1269   -0.3104659206E+00
  1270   -0.8730149159E-01
  1271   -0.7330435994E-01
  1272   -0.1056337182E+00
  1273   -0.8807607477E-01
  1274   -0.7296601025E-02
  1275    0.1589911058E+00
  1276    0.1940168486E+00
  1277    0.1605047003E+00
  1278    0.2422614052E+00
  1279    0.1316778474E+00
  1280   -0.1163571033E+00
  1281   -0.1719806145E+00
  1282   -0.3232106871E-01
  1283    0.1501274179E-01
  1284    0.1562255902E-01
  1285   -0.4188717538E-01
  1286   -0.1437732354E+00
  1287    0.3733910756E-01
  1288    0.1444004198E+00
  1289   -0.2125774103E+00
  1290   -0.3714741440E+00
  1291    0.7305308795E-02
  1292    0.3287131719E+00
  1293    0.2401265756E+00
  1294    0.1049776648E+00
  1295    0.7114263268E-02
  1296   -0.1199919836E+00
  1297   -0.3974523322E-01
  1298   -0.4529304509E-02
  1299   -0.7511537114E-01
  1300   -0.7679932533E-01
  1301   -0.6092446292E-01
  1302    0.2090217122E-01
  1303    0.2714221563E-01
  1304   -0.1689854810E+00
  1305   -0.1978209641E+00
  1306    0.8708538398E-01
  1307    0.3502431237E+00
  1308    0.2440504798E+00
  1309   -0.1393320231E+00
  1310   -0.2462948119E+00
  1311    0.3879128411E-01
  1312    0.1876682022E+00
  1313    0.2693927959E-01
  1314   -0.1743265932E+00
  1315   -0.1802333603E+00
  1316    0.4018203840E-01
  1317    0.1265768139E+00
  1318   -0.3563752301E-01
  1319   -0.3329315113E-01
  1320    0.1589061825E+00
  1321    0.1672980267E+00
  1322   -0.2330114019E-01
  1323   -0.2050449137E+00
  1324   -0.1767780715E+00
  1325    0.5794004989E-01
  1326    0.1956942922E+00
  1327    0.8760532335E-01
  1328   -0.1272518557E+00
  1329   -0.2083304953E+00
  1330   -0.1033847098E+00
  1331    0.6220910635E-01
  1332    0.1375627238E+00
  1333    0.8202869222E-01
  1334   -0.2970390121E-01
  1335   -0.1014424075E+00
  1336   -0.6862682339E-01
  1337    0.9935085588E-02
  1338    0.4679307967E-01
  1339    0.2839486551E-01
  1340   -0.6649175812E-01
  1341   -0.1245494822E+00
  1342    0.2765037749E-01
  1343    0.1151934947E+00
  1344   -0.2558890675E-01
  1345   -0.3069397463E-01
  1346    0.6140305120E-01
  1347    0.6194512639E-01
  1348   -0.4285190844E-01
  1349   -0.8666182296E-01
  1350   -0.8607352038E-02
  1351    0.5349978139E-01
  1352    0.5294782999E-02
  1353   -0.2879364957E-01
  1354    0.2167394619E-01
  1355    0.6916527628E-02
  1356   -0.9902517478E-01
  1357   -0.4587863309E-01
  1358    0.3802836564E-01
  1359    0.9061164551E-01
  1360    0.6423125040E-01
  1361   -0.1264307989E-01
  1362   -0.9324302741E-01
  1363   -0.7580379320E-01
  1364    0.4257227351E-01
  1365    0.6990091643E-01
  1366   -0.1509281748E-01
  1367   -0.5799779360E-01
  1368    0.2619170271E-01
  1369    0.2066147589E-01
  1370   -0.2150838532E-01
  1371   -0.4450290875E-01
  1372    0.7366041945E-02
  1373    0.6592256368E-01
  1374    0.4274899831E-01
  1375   -0.1568972001E-01
  1376   -0.2379548214E-01
  1377   -0.2883302253E-01
  1378   -0.4379704944E-01
  1379    0.5332882940E-01
  1380    0.6272361451E-01
  1381    0.3175374731E-01
  1382   -0.4492271433E-02
  1383    0.2195813682E-02
  1384    0.3490124013E-01
  1385    0.3743577752E-01
  1386    0.1719094599E-01
  1387    0.1679242341E-01
  1388    0.1983368666E-01
  1389    0.9873519174E-02
  1390    0.2623965080E-02
  1391    0.6560665600E-03
  1392    0.1640216729E-03
  1393    0.4100573407E-04
  1394    0.1025145326E-04
  1395    0.2562864540E-05
  1396    0.6407162142E-06
  1397    0.1601790574E-06
  1398    0.4004476617E-07
  1399    0.1001119632E-07
  1400    0.2502798691E-08
  1401    0.6256979379E-09
  1402    0.1564290919E-09
  1403    0.3910727298E-10
  1404    0.9777512133E-11
  1405    0.2444267011E-11
  1406    0.6061817714E-12
  1407    0.1527666882E-12
  1408    0.3685940442E-13
  1409    0.8104628080E-14
  1410    0.1221245327E-14
  1411   -0.3552713679E-14
  1412    0.0000000000E+00
  1413    0.3108624469E-14
  1414    0.3552713679E-14
  1415   -0.3552713679E-14
  1416    0.1554312234E-14
  1417    0.0000000000E+00
  1418    0.0000000000E+00
  1419    0.1332267630E-14
  1420    0.0000000000E+00
  1421   -0.2664535259E-14
  1422    0.0000000000E+00
  1423    0.2109423747E-14
  1424    0.8881784197E-15
  1425   -0.2220446049E-14
  1426    0.2220446049E-15
  1427   -0.8881784197E-15
  1428   -0.2664535259E-14
  1429   -0.3108624469E-14
  1430   -0.4440892099E-15
  1431    0.0000000000E+00
  1432   -0.2553512957E-14
  1433    0.8881784197E-15
  1434   -0.2220446049E-15
  1435   -0.3552713679E-14
  1436   -0.1665334537E-14
  1437    0.1887379142E-14
  1438    0.8881784197E-15
  1439   -0.2442490654E-14
  1440    0.0000000000E+00
  1441    0.3774758284E-14
  1442    0.3663735981E-14
  1443   -0.3552713679E-14
  1444    0.9992007222E-15
  1445    0.8881784197E-15
  1446   -0.3552713679E-14
  1447   -0.4440892099E-15
  1448    0.2664535259E-14
  1449   -0.7771561172E-15
  1450    0.8881784197E-15
  1451   -0.2220446049E-14
  1452   -0.2664535259E-14
  1453    0.3330669074E-14
  1454   -0.1332267630E-14
  1455   -0.4329869796E-14
  1456   -0.1332267630E-14
  1457   -0.3552713679E-14
  1458   -0.2220446049E-14
  1459    0.0000000000E+00
  1460   -0.2220446049E-14
  1461    0.0000000000E+00
  1462   -0.1332267630E-14
  1463    0.1332267630E-14
  1464    0.4440892099E-14
  1465    0.3996802889E-14
  1466    0.0000000000E+00
  1467   -0.1110223025E-14
  1468    0.1332267630E-14
  1469   -0.3552713679E-14
  1470    0.3330669074E-14
  1471    0.7771561172E-15
  1472   -0.3552713679E-14
  1473   -0.2220446049E-14
  1474    0.1332267630E-14
  1475   -0.2220446049E-14
  1476    0.0000000000E+00
  1477    0.1221245327E-14
  1478    0.1332267630E-14
  1479   -0.2220446049E-14
  1480   -0.2109423747E-14
  1481    0.2775557562E-14
  1482   -0.4440892099E-15
  1483    0.4440892099E-15
  1484   -0.3552713679E-14
  1485   -0.2664535259E-14
  1486    0.1332267630E-14
  1487    0.8881784197E-15
  1488    0.7549516567E-14
  1489    0.1887379142E-14
  1490   -0.2220446049E-14
  1491   -0.2220446049E-14
  1492    0.0000000000E+00
  1493    0.8881784197E-15
  1494   -0.1443289932E-14
  1495   -0.2220446049E-15
  1496   -0.4440892099E-15
  1497    0.2886579864E-14
  1498    0.1776356839E-14
  1499    0.1998401444E-14
  1500    0.1293103448E+02
  1501    0.1293103448E+02
  1502    0.0000000000E+00
