    -1    0.0000000000E+00
     0   -0.1615281385E+02
     1   -0.1268904035E+02
     2   -0.2509587371E+00
     3    0.4685678598E+01
     4    0.7968385716E+01
     5   -0.6682522270E+00
     6   -0.1343786208E+02
     7    0.1738215102E+01
     8    0.8808266617E+01
     9   -0.1025065606E+02
    10    0.7045006018E+01
    11    0.2997022722E+01
    12    0.9767192953E+01
    13   -0.1717968280E+02
    14   -0.1836249682E+01
    15    0.1683279890E+02
    16   -0.9408351646E+01
    17   -0.1657679504E+01
    18   -0.6714132030E+01
    19    0.7705755125E+01
    20    0.1097536737E+01
    21    0.5998419326E+01
    22   -0.8075910995E+01
    23   -0.9053869790E+01
    24    0.1162122808E+02
    25   -0.5629355348E+00
    26   -0.2947444846E+01
    27   -0.2978510217E-02
    28   -0.2072404372E+01
    29    0.1025656773E+02
    30   -0.8374580590E+01
    31    0.6096592979E+01
    32   -0.5922899135E+01
    33    0.1069014650E+02
    34   -0.8206873157E+01
    35    0.2518093488E+01
    36    0.5508425596E+01
    37   -0.1210918328E+02
    38    0.1019104853E+02
    39   -0.1225859783E+02
    40    0.1400539375E+02
    41   -0.1086556893E+02
    42   -0.2762315131E+01
    43    0.8837213652E+01
    44    0.2412753218E+01
    45   -0.1068286186E+02
    46    0.8201086629E+01
    47   -0.1530916876E+01
    48    0.2643690474E+01
    49    0.1367584094E+01
    50   -0.1164290301E+02
    51   -0.1002060076E+01
    52    0.1324423768E+02
    53   -0.7960290824E+01
    54    0.8466548387E+01
    55   -0.3160805257E+01
    56   -0.3290227048E+01
    57   -0.1300847384E+01
    58   -0.1864427141E+01
    59    0.1734245497E+01
    60   -0.1804567418E+01
    61    0.6635900218E+01
    62   -0.4451730522E+01
    63    0.7716302261E+01
    64   -0.8633002587E+01
    65   -0.7138156738E+01
    66    0.7344760858E+01
    67    0.3587742311E+01
    68    0.1032639143E+01
    69   -0.2371542229E+01
    70   -0.1713761960E+01
    71   -0.1328849023E+02
    72    0.1577285021E+02
    73    0.1289697768E+01
    74    0.6512769561E+00
    75   -0.7570452568E+01
    76    0.9229664886E+00
    77   -0.6672147712E+00
    78    0.4464304851E+00
    79    0.5609970478E+01
    80   -0.1190808268E+02
    81    0.8446605971E+00
    82    0.1010797503E+02
    83   -0.8017868221E+00
    84   -0.6398453956E+00
    85   -0.2534994315E+01
    86   -0.6991148991E+01
    87   -0.6086160818E+01
    88    0.1548007331E+02
    89   -0.2592898155E+01
    90   -0.7324344021E+01
    91    0.4486358411E+00
    92    0.5042619688E+01
    93    0.4160520149E+01
    94   -0.7633662494E+01
    95    0.1348583479E+01
    96    0.7973248229E+01
    97   -0.2704014685E+00
    98   -0.1094597066E+02
    99   -0.1259723878E+01
   100    0.1067192612E+02
   101    0.3517232467E+01
   102   -0.1776746233E+02
   103    0.1505090423E+02
   104   -0.2049460909E+01
   105   -0.1141835318E+02
   106    0.4423053858E+00
   107   -0.9648072510E+01
   108    0.1308149502E+02
   109    0.5713766937E+01
   110   -0.4022613072E+01
   111    0.4333098388E+01
   112    0.2508527265E+01
   113   -0.2791924254E+01
   114    0.1810551990E+01
   115   -0.4805111935E+01
   116    0.1214026304E+01
   117   -0.2479507366E+02
   118    0.2793441994E+02
   119    0.5458745025E+01
   120   -0.7859949508E+01
   121   -0.1230194497E+02
   122    0.6815526719E+01
   123   -0.6862513041E+01
   124    0.1875294125E+02
   125   -0.6972354989E+01
   126   -0.1456967109E+02
   127    0.1215925638E+02
   128    0.2816984829E+01
   129   -0.5481985465E+01
   130   -0.1977987895E+01
   131    0.4332937804E+01
   132    0.7547108888E+01
   133   -0.1595601307E+02
   134    0.8171790240E+01
   135   -0.1015983475E+02
   136    0.1687403164E+02
   137    0.5183010097E+01
   138   -0.1156468893E+02
   139   -0.2717376751E+01
   140    0.1070439921E+02
   141   -0.1344298253E+02
   142    0.4490829371E+01
   143    0.1002359881E+02
   144   -0.1153885760E+02
   145   -0.3757424031E+01
   146    0.6977214316E+01
   147    0.1434561638E+02
   148   -0.7991898369E+01
   149   -0.3226193783E+01
   150    0.9124683094E+01
   151   -0.1059025695E+02
   152    0.1617212239E+01
   153   -0.2001798273E+01
   154   -0.4337179275E+01
   155    0.1099814198E+02
   156   -0.1306571011E+01
   157   -0.7032187837E+01
   158   -0.4764042164E+00
   159   -0.1936573927E+01
   160    0.1145360019E+02
   161    0.8626151015E+01
   162   -0.7066923568E+01
   163   -0.1387855704E+02
   164    0.1010309288E+02
   165   -0.6436888583E+00
   166    0.2257507282E+00
   167    0.7535329319E+01
   168   -0.7681305961E+01
   169   -0.6935299955E+01
   170    0.4770231706E+01
   171    0.5608872169E+01
   172   -0.4314860631E+01
   173   -0.6831861070E+01
   174    0.8011397619E+01
   175    0.6431367896E+01
   176   -0.1489922761E+02
   177    0.6601947664E+01
   178    0.4457736960E+01
   179   -0.6443491761E+01
   180    0.2954659973E+01
   181    0.5395841005E+01
   182    0.2037611382E+01
   183   -0.1938153404E+01
   184    0.1743004408E+01
   185   -0.8805433370E+01
   186   -0.2150907296E+01
   187    0.8302044081E+01
   188    0.1519029040E+01
   189   -0.2129511919E+01
   190    0.2105393300E+01
   191   -0.4122437956E+01
   192    0.6919097924E+01
   193   -0.4571470199E+01
   194   -0.4129021856E+01
   195    0.2794143362E+01
   196   -0.8026271807E+01
   197    0.1179118529E+02
   198   -0.1045898457E+01
   199    0.1605923798E+01
   200   -0.7486001001E+01
   201   -0.1235750229E+01
   202    0.5768311132E+01
   203    0.1458388555E+01
   204   -0.1347240297E+02
   205   -0.3937088530E+00
   206    0.1639369234E+02
   207   -0.2404942211E+01
   208   -0.1030865554E+02
   209    0.4454339671E+01
   210    0.4892500527E+01
   211    0.3016638211E+01
   212   -0.1674828977E+02
   213    0.1837263711E+02
   214   -0.1811267234E+01
   215   -0.6045286562E+01
   216    0.8696567794E+01
   217   -0.7203332760E+01
   218    0.8378703681E+00
   219    0.4473321258E+01
   220   -0.7284180337E+01
   221   -0.1137233884E+02
   222    0.1954177662E+02
   223   -0.7967397858E+01
   224   -0.2601113717E+01
   225   -0.1251145585E+01
   226   -0.6129071158E+01
   227    0.1576575022E+02
   228   -0.4559571665E+01
   229   -0.1490087131E+02
   230    0.1032758185E+02
   231    0.6590748091E+01
   232   -0.2313875886E+01
   233    0.5910618833E+01
   234   -0.7891536618E+01
   235   -0.4946437481E+01
   236   -0.1665603599E+01
   237    0.7082690204E+01
   238   -0.3418294550E+01
   239    0.7839807671E-01
   240    0.2460237095E+01
   241    0.2801218200E+01
   242   -0.7903322889E+01
   243    0.5196030696E+01
   244   -0.1060672168E+01
   245   -0.3532227342E+01
   246   -0.4857162758E+01
   247    0.1192029514E+02
   248   -0.1166873707E+02
   249    0.1013424716E+02
   250   -0.1209312287E+01
   251   -0.8185841101E+01
   252    0.1821923251E+00
   253    0.6016983064E+01
   254   -0.8553719661E+01
   255    0.8256669276E+01
   256    0.1259295097E+02
   257   -0.1664024104E+02
   258   -0.1087156179E+02
   259    0.2182027080E+02
   260   -0.1873922077E+01
   261   -0.1260369056E+02
   262    0.2084249657E+01
   263   -0.9227397786E+00
   264    0.8995502702E+01
   265   -0.1250212792E+02
   266    0.6089046598E+01
   267    0.9330641548E+01
   268   -0.9298406015E+01
   269   -0.1534749533E+01
   270   -0.2095481165E+00
   271    0.8731472624E+00
   272   -0.1213690730E+01
   273    0.1782854301E+00
   274    0.5218741972E+01
   275   -0.5565935794E+00
   276    0.4431745637E+01
   277   -0.7126118745E+01
   278    0.3818090155E+01
   279   -0.1937166612E+02
   280    0.1299989240E+02
   281    0.1102527813E+01
   282    0.9194056287E+01
   283   -0.8839483777E+00
   284    0.4840886722E+01
   285   -0.1214398412E+02
   286   -0.3418618742E+01
   287   -0.2587160918E+01
   288    0.6481924050E+01
   289    0.8088985592E+01
   290   -0.9397845732E+01
   291    0.1126884463E+02
   292   -0.9959568117E+01
   293   -0.1880449297E+00
   294    0.2919126417E+01
   295   -0.1413042262E+01
   296   -0.1560095524E+02
   297    0.7501181144E+01
   298    0.3617002094E+01
   299   -0.2361007170E+00
   300    0.2168398800E+02
   301   -0.1272018531E+02
   302    0.1547316371E+00
   303   -0.9238032379E+01
   304    0.6644236988E+01
   305   -0.4627735186E+01
   306    0.6436561754E+01
   307   -0.7366309396E+00
   308   -0.1323833402E+01
   309    0.7338046795E+01
   310   -0.6594552538E+01
   311   -0.2474455780E+01
   312    0.2067532901E+01
   313   -0.3017566863E+01
   314    0.1281125273E+02
   315   -0.2670378348E+01
   316   -0.2045481380E+02
   317    0.2625990786E+02
   318   -0.7592123183E+01
   319   -0.1099443005E+02
   320    0.1208365216E+02
   321   -0.8610682875E+01
   322    0.9894966917E+01
   323   -0.2935192187E+01
   324   -0.2099919952E+01
   325    0.3584518145E+01
   326   -0.6625379716E+01
   327    0.1112293331E+02
   328    0.1585630001E+01
   329   -0.1558601565E+02
   330    0.1094729467E+02
   331   -0.9994520993E+00
   332   -0.9316665378E+01
   333    0.1158535887E+02
   334   -0.9781916023E+01
   335    0.1170874253E+02
   336   -0.4361075170E+01
   337   -0.9378268021E+01
   338    0.9435385364E+01
   339   -0.7674973534E+01
   340    0.1612708875E+02
   341   -0.7462479085E+01
   342   -0.4990093787E+01
   343    0.6614955721E+00
   344    0.5029454134E+01
   345   -0.1169087270E+02
   346    0.8146584276E+01
   347    0.1030330740E+02
   348   -0.1240599211E+02
   349   -0.6661519435E+01
   350    0.1015289859E+02
   351   -0.7923729270E+00
   352    0.9765483542E+01
   353   -0.6125910302E+01
   354   -0.1350639821E+02
   355    0.6095290097E+01
   356    0.1198556194E+02
   357   -0.7554678341E+01
   358    0.1565287434E+01
   359    0.1217767396E+01
   360   -0.6427981529E+01
   361    0.3358810239E+01
   362   -0.7898048971E-01
   363   -0.9740460559E+01
   364    0.1148974097E+02
   365   -0.3561599934E+01
   366    0.6498115525E+01
   367   -0.2417664146E+00
   368   -0.4028952700E+01
   369    0.1218934528E+01
   370    0.1582142723E+00
   371   -0.2757585864E+01
   372    0.4068632017E+01
   373   -0.5846641211E+01
   374    0.4606043609E+01
   375   -0.1168768684E+01
   376   -0.1184438835E+02
   377    0.1304095525E+02
   378   -0.2725266027E+01
   379   -0.4537507752E+01
   380    0.1135125350E+02
   381   -0.3022781246E+01
   382   -0.6324834943E+01
   383   -0.2557355861E+01
   384    0.6256598907E+01
   385   -0.7561525566E+00
   386   -0.4406325759E+01
   387   -0.8426811925E+01
   388    0.1307042118E+02
   389    0.7769267968E+01
   390   -0.1094260138E+02
   391   -0.1521232631E+01
   392    0.5386816745E+01
   393   -0.3812257722E+01
   394   -0.3041031970E+00
   395    0.5027171038E+01
   396   -0.5196726823E+01
   397   -0.1280571698E+00
   398    0.7159320437E+01
   399   -0.5948640847E+01
   400    0.4104496655E+00
   401   -0.1498056176E+01
   402    0.2641389549E+01
   403   -0.1106454417E+02
   404    0.5081158236E+01
   405    0.1947053337E+01
   406    0.8357587326E+00
   407    0.5340099933E+01
   408    0.1406779524E+01
   409   -0.7895049060E+00
   410   -0.5446197944E+01
   411   -0.8579877525E+01
   412    0.3825522704E+01
   413    0.3626251276E+01
   414    0.1183191255E-01
   415   -0.3965330696E+01
   416    0.6140513277E+00
   417    0.5956469507E+01
   418    0.3737862920E+01
   419   -0.4212425357E+01
   420   -0.1255028822E+02
   421    0.4106786567E+01
   422    0.6572214360E+01
   423   -0.5788171447E+01
   424    0.6296808965E+01
   425   -0.1039504294E+02
   426    0.8800675146E+01
   427   -0.2048283316E+01
   428   -0.8235009089E+01
   429    0.1285376860E+02
   430   -0.4705746687E+01
   431   -0.8263477623E+00
   432    0.2475455897E+01
   433    0.2209604488E-01
   434    0.1316268316E+02
   435   -0.7828590096E+01
   436   -0.7075141929E+01
   437   -0.5464862644E+01
   438   -0.1347855829E+01
   439    0.3935715137E+01
   440   -0.1554537235E+01
   441   -0.2394351833E+01
   442    0.1299963534E+02
   443   -0.9354331962E+01
   444   -0.2244141875E+01
   445    0.5979581482E+01
   446    0.1578713072E+01
   447   -0.1419007840E+02
   448    0.5842065719E+01
   449   -0.6677905318E-01
   450    0.1475886009E+01
   451   -0.2023283963E+01
   452    0.9784993443E+01
   453   -0.2064017723E+01
   454    0.3935181056E+01
   455   -0.4996972818E+01
   456    0.5451909843E+01
   457   -0.4834534029E+01
   458    0.5577895462E+01
   459    0.2526225335E+00
   460   -0.7092832792E+00
   461   -0.2296089893E+01
   462   -0.1435313757E+02
   463    0.1137398243E+02
   464    0.9280755362E+01
   465   -0.6892336333E+01
   466    0.3697280245E+01
   467   -0.9865688467E+01
   468   -0.1102756931E+01
   469    0.5339161879E+01
   470    0.9246154803E-02
   471   -0.6545023144E+00
   472   -0.6675854713E+01
   473    0.1674790260E+02
   474   -0.2580962632E+00
   475   -0.1872441214E+01
   476   -0.3192197095E+01
   477   -0.1711966729E+02
   478    0.2079437341E+02
   479   -0.2757377942E+01
   480   -0.7261489040E+01
   481    0.1438310246E+01
   482    0.1585205416E+02
   483   -0.4736993952E+01
   484   -0.2193816770E+02
   485    0.9301270447E+01
   486    0.5291485785E+01
   487    0.9836835363E+01
   488   -0.1302593904E+02
   489    0.1026667736E+01
   490    0.5535705174E+01
   491    0.1755624474E+01
   492   -0.6829169003E+00
   493   -0.9921791039E+01
   494    0.9865106187E+01
   495   -0.2026942262E+00
   496   -0.6595841835E+01
   497    0.8697224441E+00
   498    0.4102762834E+01
   499    0.2032960682E+01
   500   -0.3335858391E+01
   501    0.4222811686E+01
   502   -0.3306406420E+01
   503    0.5733628026E+01
   504    0.4084360103E+01
   505   -0.5238451038E+01
   506   -0.1830163459E+02
   507    0.2309044570E+02
   508   -0.2827623045E+00
   509    0.3920803670E+01
   510   -0.1617654478E+02
   511    0.3051433934E-02
   512    0.7742823165E+01
   513   -0.6750136328E+01
   514    0.5385372298E+01
   515   -0.4298807135E+00
   516   -0.4951052475E+01
   517    0.5254308095E+01
   518    0.6549155592E+00
   519   -0.4166949799E+01
   520   -0.5326653742E+00
   521   -0.1304284981E+01
   522    0.5887298763E+01
   523    0.1261152014E+01
   524   -0.3706938085E+00
   525   -0.5361703767E+01
   526    0.2095926823E+01
   527    0.8893592805E+01
   528   -0.1109726310E+02
   529    0.5931773888E+01
   530    0.2338580896E+01
   531   -0.3816873925E+01
   532   -0.2495575172E+01
   533    0.5230563095E+01
   534   -0.4759937574E+01
   535    0.2633433761E+00
   536    0.5030469315E+01
   537   -0.5863062609E+01
   538    0.1303966884E+01
   539   -0.5036019207E+01
   540    0.1316453183E+02
   541   -0.7079748131E+01
   542    0.5071682617E+01
   543   -0.5081184273E+01
   544   -0.6293140993E+01
   545    0.9822252422E+01
   546   -0.2710424715E+01
   547   -0.4218147250E+01
   548   -0.1694344016E+01
   549    0.5911772924E+01
   550   -0.5760243457E+01
   551   -0.6185879545E+00
   552    0.7803429255E+01
   553    0.3997003509E+01
   554   -0.8523483049E+01
   555    0.1010994883E+02
   556   -0.1684822140E+02
   557   -0.2978839455E+01
   558    0.2085677347E+02
   559   -0.1238582964E+02
   560    0.3011850271E+01
   561   -0.1639303184E+01
   562   -0.6262417323E+01
   563    0.1276536884E+02
   564   -0.1269299504E+02
   565    0.5624059368E+01
   566    0.2492657911E+01
   567    0.4601958079E+01
   568   -0.1130994395E+02
   569    0.8098152716E+01
   570   -0.1203615049E+02
   571    0.9165476020E+01
   572    0.3367604733E+01
   573   -0.1823948405E+02
   574    0.3421383757E+01
   575    0.3674374518E+01
   576   -0.1646074402E+01
   577    0.1039600834E+02
   578   -0.6080779098E+01
   579    0.1364310949E+01
   580    0.5583192927E+01
   581   -0.1821240593E+02
   582    0.1575408570E+02
   583   -0.2114727575E+01
   584   -0.3040540145E+01
   585   -0.1392673357E+01
   586    0.9826170924E+00
   587   -0.2033591971E+01
   588   -0.6605302882E+01
   589    0.5113306942E+01
   590    0.4686152183E+01
   591   -0.2893975511E+02
   592    0.3574123887E+02
   593    0.3417614627E+01
   594   -0.1152169202E+02
   595    0.1102874334E+01
   596   -0.1663105153E+01
   597   -0.8814513145E+00
   598   -0.3608083159E+01
   599   -0.1124120990E+02
   600    0.2235860871E+02
   601   -0.6185621919E+01
   602   -0.1327424278E+02
   603    0.6755560432E+00
   604    0.5125449237E+01
   605   -0.9077238383E+00
   606    0.1968912875E+02
   607   -0.1358035441E+02
   608   -0.3409513282E+01
   609    0.4096335538E+01
   610   -0.6852025086E+01
   611   -0.2713340332E+01
   612    0.9366880766E+01
   613    0.8157137634E+01
   614   -0.6420670095E+01
   615   -0.4112058585E+00
   616   -0.1645896721E+01
   617   -0.4135224757E+01
   618   -0.2246251072E+01
   619   -0.3524234091E+00
   620    0.1008893293E+02
   621    0.2808103473E+01
   622   -0.4225646631E+01
   623   -0.1551923716E+02
   624    0.2216306747E+02
   625   -0.4243054412E+01
   626    0.4887867765E+01
   627   -0.1073580517E+02
   628    0.3557096080E+01
   629   -0.1052385164E+02
   630    0.8295614479E+01
   631    0.7256140361E+01
   632   -0.7327183962E+01
   633    0.7420230962E+01
   634   -0.7962271448E+00
   635   -0.3694957681E+01
   636   -0.6041362314E+01
   637    0.5986056743E+01
   638    0.1052511838E+02
   639   -0.1267512944E+02
   640    0.1868065365E+01
   641   -0.2817510382E+01
   642    0.5330422578E+01
   643   -0.2057830623E+00
   644    0.8809347856E+01
   645   -0.4835456621E+01
   646   -0.3974587174E+01
   647    0.2575564548E+00
   648   -0.5606581957E+01
   649    0.4229298157E+01
   650    0.2084372312E+01
   651    0.3982716560E+01
   652   -0.4748199248E+00
   653   -0.6095439380E+01
   654    0.1118390251E+02
   655   -0.5782047918E+00
   656   -0.2170889879E+01
   657   -0.6148597936E+01
   658    0.4205289044E+01
   659   -0.3345873699E+01
   660   -0.1828147472E+01
   661    0.2376138105E+01
   662   -0.3146217905E+01
   663    0.1022424643E+02
   664   -0.5947180475E+01
   665    0.7069820114E+01
   666   -0.6402403667E+01
   667    0.8657808354E+01
   668   -0.1185389291E+02
   669   -0.9238980279E+01
   670    0.1126707749E+02
   671    0.1825427238E+01
   672    0.5445494187E+01
   673   -0.9216071746E+01
   674    0.9347604177E+01
   675    0.2440192537E+01
   676   -0.1051428633E+02
   677    0.6026135834E+01
   678   -0.2958131493E+01
   679   -0.5252229447E+00
   680    0.1051118540E+02
   681   -0.6665513897E+01
   682   -0.1653794376E+01
   683   -0.9038101494E+01
   684   -0.2966271843E+01
   685    0.1821121663E+02
   686   -0.1411462968E+01
   687   -0.3751780303E+01
   688   -0.1194143504E+02
   689    0.1317659176E+02
   690   -0.4941610023E+01
   691    0.2857973950E+01
   692   -0.1715502290E+02
   693    0.1169317925E+02
   694    0.9867896667E+01
   695   -0.7547111733E+01
   696    0.4264601672E+01
   697    0.4005752350E+01
   698   -0.7864059365E+01
   699   -0.2428473574E+01
   700    0.9085283682E+00
   701   -0.7722129722E+00
   702    0.5890373912E-01
   703    0.2647644404E+01
   704    0.3368175164E+01
   705   -0.2419776372E+00
   706    0.4770698529E+01
   707   -0.5964713882E+01
   708   -0.1067566184E+02
   709    0.1953163125E+00
   710    0.1966969140E+02
   711   -0.4015718466E+01
   712   -0.1063692680E+02
   713   -0.3293426290E+01
   714    0.1121626429E+02
   715   -0.9138646072E+01
   716   -0.1401553881E+00
   717    0.9890492610E+01
   718   -0.1334824756E+02
   719    0.7995662534E+01
   720   -0.1889398702E+01
   721    0.1433988735E+01
   722   -0.4010426027E+01
   723    0.2124363780E+01
   724    0.4514960739E+01
   725   -0.3352293743E+01
   726    0.1391633972E+01
   727   -0.6303326590E+01
   728   -0.4969882426E+01
   729    0.1187187503E+02
   730    0.2790253116E+01
   731   -0.7287315420E+01
   732   -0.5008434425E+01
   733   -0.3498867610E+01
   734    0.1116262586E+02
   735   -0.7790590539E+01
   736    0.1548267009E+01
   737    0.1423878756E+02
   738   -0.1420605562E+02
   739   -0.6673952436E+01
   740    0.1210196893E+02
   741   -0.1071578559E+02
   742    0.4011702059E+00
   743    0.1503574813E+02
   744   -0.9301970916E+01
   745    0.3135309760E+01
   746   -0.7426268598E+01
   747    0.9588109105E+01
   748   -0.1553825930E+02
   749    0.9950493709E+00
   750   -0.2005624884E+01
   751    0.1428068547E+02
   752   -0.4701999968E+01
   753   -0.2452103222E+01
   754   -0.2872045249E+01
   755    0.4920875527E+01
   756    0.1223353276E+02
   757   -0.8516135141E+01
   758   -0.1090555595E+02
   759    0.5465435593E+01
   760   -0.3332857601E+01
   761    0.3127523925E+01
   762    0.8563206969E+01
   763   -0.1091551309E+02
   764    0.6179480244E+01
   765   -0.8857519238E+01
   766    0.7299630576E+01
   767   -0.1333205437E+02
   768    0.2318437615E+02
   769   -0.1139910911E+02
   770   -0.3698347163E+01
   771    0.3266005317E+01
   772   -0.9189334133E+00
   773   -0.3470279875E+01
   774    0.1833051337E+01
   775    0.1406563691E+02
   776   -0.1755730375E+00
   777   -0.1551727274E+02
   778    0.7661217816E+01
   779   -0.4911115303E+01
   780    0.6355776587E+01
   781   -0.1124603207E+02
   782    0.1184765930E+02
   783   -0.4691379939E+01
   784    0.4461593941E+01
   785    0.4724706591E+01
   786   -0.4070751350E+01
   787   -0.2483363583E+01
   788    0.7188900956E+00
   789    0.2596872138E+01
   790   -0.4921729561E+01
   791   -0.3257376936E+01
   792    0.1455185776E+01
   793   -0.7615779227E+01
   794    0.1996087467E+02
   795   -0.5198178742E+01
   796    0.2335772359E+01
   797   -0.3258262086E+01
   798    0.4344202610E+01
   799   -0.4867747109E+01
   800    0.2305077807E+01
   801    0.1581238187E+01
   802    0.9473067193E+00
   803   -0.3050045990E+01
   804    0.2618148728E+01
   805   -0.2412660951E+01
   806   -0.6521008280E+01
   807    0.7495963212E+01
   808   -0.3025830317E-01
   809   -0.2033901088E+01
   810   -0.5270072038E+01
   811    0.7739380289E+01
   812    0.1553774019E+01
   813   -0.1052918116E+02
   814   -0.7581566377E+00
   815    0.3771396333E+01
   816    0.2446651016E+01
   817   -0.3205185157E+01
   818    0.3984365257E+01
   819    0.1066133936E+02
   820   -0.2148183328E+01
   821   -0.1381850907E+02
   822    0.1734860175E+02
   823   -0.2792766038E+01
   824   -0.4264111687E+01
   825   -0.2122692604E+01
   826   -0.7598752351E+00
   827   -0.4234890941E+01
   828    0.4614839836E+01
   829   -0.1074281729E+02
   830    0.1854941744E+02
   831   -0.1306917774E+01
   832   -0.1708559396E+01
   833    0.3083108457E+01
   834   -0.9109288246E+01
   835    0.3118228120E+01
   836   -0.2068882205E+01
   837   -0.8356248489E+01
   838    0.1226138828E+02
   839   -0.6584738061E+01
   840   -0.3162611707E+01
   841    0.1038815738E+02
   842   -0.1261996506E+02
   843    0.5006892899E+01
   844    0.8236273303E+01
   845   -0.3838365989E+01
   846   -0.1169798638E+01
   847    0.6782302293E+01
   848   -0.1260022165E+02
   849    0.7194417611E+01
   850    0.3694276912E+01
   851    0.2559129232E+01
   852    0.3807973192E+01
   853   -0.1933431318E+02
   854    0.8470627860E+01
   855    0.8749288961E+01
   856   -0.1146806348E+02
   857   -0.7095270103E+01
   858    0.4518984583E+01
   859    0.8195086447E+01
   860   -0.1136879477E+02
   861    0.1559340602E+01
   862    0.2461354945E+01
   863    0.1091947309E+02
   864   -0.8296461613E+01
   865   -0.1352118442E+01
   866    0.9879900147E+01
   867   -0.4230991300E+01
   868   -0.5185516512E+01
   869    0.5447037914E+01
   870   -0.1217449817E+01
   871   -0.2224057748E+01
   872    0.1183422560E+01
   873   -0.2585349650E+01
   874    0.6411993488E+00
   875    0.4903221863E+01
   876   -0.6103630870E+01
   877   -0.8340442200E+01
   878    0.1281227885E+02
   879   -0.2025194463E+01
   880   -0.1112333387E+01
   881   -0.8919622006E+01
   882    0.8474410890E+01
   883    0.2496417602E+01
   884   -0.7611542299E+01
   885    0.1699061431E+02
   886   -0.1394550669E+02
   887   -0.4451173391E+01
   888    0.4550871864E+00
   889   -0.6528870598E+00
   890    0.1529618661E+02
   891   -0.1393699900E+02
   892    0.1664517460E+01
   893   -0.1493973013E+02
   894    0.4767903286E+01
   895    0.8818586246E+01
   896    0.2811522471E+01
   897    0.2295044153E+00
   898    0.7895229934E+01
   899   -0.3783020914E+01
   900    0.8270495997E+00
   901   -0.4531605984E+01
   902    0.3399753688E+01
   903   -0.7353437642E+01
   904   -0.9516783867E+01
   905    0.1393029635E+02
   906    0.5746355609E+01
   907   -0.1299657653E+02
   908    0.2537008426E+01
   909    0.2472021332E+00
   910    0.6289306461E+00
   911   -0.4983318135E+01
   912   -0.3193283974E+01
   913    0.1314919027E+02
   914    0.3468713588E+01
   915   -0.7852547173E+00
   916   -0.5963139914E+01
   917   -0.8703696683E+01
   918   -0.1626215771E+01
   919    0.5751751420E+01
   920   -0.5217670443E+01
   921    0.5588486889E+01
   922   -0.1027594006E+02
   923    0.9882650200E+01
   924    0.1153675578E+02
   925   -0.1410919155E+01
   926    0.1864866604E+01
   927   -0.3440320472E+01
   928    0.4188841428E+01
   929   -0.5806762681E+01
   930    0.8588182276E+01
   931   -0.5766041073E+01
   932   -0.1211557228E+01
   933   -0.1770004553E+01
   934    0.6893950555E+00
   935   -0.2045664904E+01
   936   -0.5870653215E+01
   937    0.9978106691E+01
   938   -0.1221111706E+02
   939    0.1098250730E+01
   940    0.1228264343E+02
   941    0.1194835561E+01
   942   -0.4958257358E+01
   943   -0.3954292120E+01
   944   -0.1892040889E+01
   945    0.3561706221E+01
   946    0.4405394129E+01
   947   -0.8138759154E+01
   948    0.6756542764E+01
   949   -0.4509186696E+01
   950   -0.4459047932E+01
   951    0.1096139972E+02
   952    0.1187434989E+00
   953    0.5129379495E+00
   954   -0.5163400171E+01
   955    0.9142100364E+01
   956    0.3179335095E+01
   957    0.1141809359E+00
   958   -0.9487829381E+01
   959    0.2059519657E+01
   960    0.6702397499E+00
   961   -0.6488133104E+01
   962    0.9948741106E+01
   963   -0.5834676670E+01
   964   -0.1133950748E+01
   965   -0.3643334467E+01
   966   -0.1095078344E+02
   967    0.7232055425E+01
   968    0.7717390395E+01
   969   -0.4770644014E+01
   970    0.7468570942E+00
   971   -0.5108502033E+00
   972    0.8676731820E+01
   973   -0.2881609519E+01
   974    0.6673104809E+01
   975   -0.5910037437E+01
   976    0.1766741308E+01
   977   -0.1642209866E+01
   978   -0.3955595625E+01
   979    0.7086966181E+01
   980   -0.2255171884E+00
   981   -0.1205555608E+01
   982   -0.7742485924E+00
   983    0.3309056042E+01
   984   -0.3577542076E+01
   985   -0.1283282187E+01
   986   -0.4978914724E+01
   987   -0.3354628931E-01
   988    0.1572208190E+01
   989   -0.6139062863E+01
   990    0.7780921955E+00
   991    0.3910743237E+01
   992    0.3062164201E+00
   993    0.4366488038E+01
   994    0.1791303548E+01
   995   -0.1428763275E+01
   996   -0.1594254134E+02
   997    0.1430195357E+02
   998   -0.6712855846E+00
   999    0.2857608180E+01
  1000   -0.5247127775E+01
  1001    0.8878297066E+00
  1002   -0.5210713292E+00
  1003    0.6095178441E+01
  1004   -0.5995607323E+01
  1005   -0.3569680557E+01
  1006    0.3098222515E+01
  1007    0.1871227380E+01
  1008   -0.1009807349E+01
  1009   -0.4159510416E+00
  1010    0.1006349572E+01
  1011    0.1076863007E+01
  1012    0.7442026309E+01
  1013   -0.6427906446E+00
  1014   -0.3994059254E-01
  1015   -0.3161665345E+01
  1016    0.3457672689E+01
  1017   -0.7468075560E+01
  1018   -0.5062944534E+01
  1019    0.4420384567E+01
  1020    0.4713716141E+01
  1021    0.3363755146E+00
  1022   -0.6703126713E+01
  1023   -0.1452581270E+01
  1024    0.4304771497E+01
  1025    0.2901731431E+01
  1026    0.2431364302E+01
  1027    0.1155858347E+00
  1028   -0.8624988599E+00
  1029   -0.7381036482E+00
  1030   -0.3130852061E+01
  1031   -0.3347732470E+01
  1032   -0.5496504081E+00
  1033   -0.5879908481E-02
  1034    0.1300262141E+01
  1035    0.2873123404E+01
  1036   -0.3482903653E+01
  1037    0.5903762803E-01
  1038   -0.1453349926E+01
  1039    0.2457017930E+01
  1040   -0.1108803864E+01
  1041   -0.4239550236E+01
  1042    0.2813890204E+01
  1043    0.2676844643E+01
  1044   -0.1575345584E+00
  1045    0.3419762952E+00
  1046    0.1983324979E+01
  1047    0.8070827863E+00
  1048    0.1945451060E+00
  1049   -0.1784501237E+00
  1050   -0.1186514386E+01
  1051   -0.2723544972E+01
  1052    0.1755782858E+01
  1053    0.3998806673E+01
  1054   -0.2329930593E+01
  1055   -0.3000520915E+00
  1056    0.1452020145E+01
  1057   -0.1480521910E+01
  1058   -0.1752656467E+01
  1059   -0.1616160004E+01
  1060   -0.5747346242E+00
  1061    0.4713566345E+00
  1062    0.7865496004E+00
  1063    0.1942931688E+01
  1064   -0.1854328847E+01
  1065   -0.3528840192E+01
  1066    0.2863256969E+01
  1067    0.8918899229E+00
  1068   -0.1754324189E+01
  1069   -0.3847647582E+01
  1070    0.4955547942E+01
  1071    0.1551500559E+01
  1072   -0.2693326638E+01
  1073   -0.2706487641E+01
  1074    0.8093742920E+00
  1075    0.5486170386E+01
  1076    0.1847704814E+01
  1077    0.1579678714E+01
  1078    0.1298370857E+01
  1079   -0.5452370465E+01
  1080    0.9738169064E-01
  1081   -0.3574759122E+01
  1082    0.2431353933E+01
  1083   -0.2722157705E+01
  1084   -0.3038489341E+00
  1085    0.2623989855E+01
  1086    0.3911569260E+00
  1087   -0.7182637994E+00
  1088    0.1169364777E+01
  1089   -0.2485688262E+01
  1090   -0.3739789458E+01
  1091    0.6296695712E+00
  1092   -0.3477904481E+00
  1093    0.1730460437E+01
  1094    0.9615928761E+00
  1095    0.2563032907E+01
  1096    0.2199271792E+01
  1097    0.7172105329E+00
  1098    0.5322740090E+00
  1099   -0.1443017066E+01
  1100   -0.1341942495E+01
  1101    0.1356971974E+01
  1102    0.1408994363E+01
  1103   -0.4700590483E+00
  1104   -0.1813082756E+01
  1105   -0.5440603575E+00
  1106    0.9260191834E+00
  1107    0.2797814104E+01
  1108    0.1774959890E+01
  1109   -0.1830011294E+01
  1110   -0.4899700480E+00
  1111   -0.3088344990E+01
  1112   -0.9222617474E-02
  1113    0.2604957788E+01
  1114    0.2276578007E+01
  1115   -0.1863732492E+00
  1116    0.1005329415E+00
  1117   -0.1195466806E+01
  1118   -0.1693737058E+01
  1119   -0.2378519580E+01
  1120   -0.1886193536E+01
  1121   -0.4682632908E+00
  1122    0.2748583489E+01
  1123    0.2662745961E+01
  1124    0.8318981973E+00
  1125   -0.1079500194E+01
  1126   -0.5092279294E+00
  1127    0.1405175440E+00
  1128    0.3979498462E+00
  1129    0.5446968606E+00
  1130    0.2756821197E+00
  1131    0.2436054711E+00
  1132   -0.1577296777E+01
  1133   -0.3779092081E+00
  1134    0.7497550541E+00
  1135    0.1910635162E+00
  1136   -0.7805269049E+00
  1137   -0.1475682160E+00
  1138    0.1303097651E+01
  1139    0.6220525478E+00
  1140   -0.1224636246E+01
  1141   -0.2999473639E+01
  1142   -0.1460078718E+01
  1143    0.2182603674E+01
  1144    0.1970892549E+01
  1145    0.5090553861E+00
  1146   -0.1177286278E+01
  1147   -0.2123114682E+01
  1148   -0.1939200997E+01
  1149   -0.2755178954E+00
  1150    0.1543885367E+01
  1151    0.2200823556E+01
  1152    0.4065456802E+00
  1153   -0.3910836200E+00
  1154    0.4359250260E+00
  1155   -0.6238919696E+00
  1156    0.3925778508E+00
  1157    0.7199438609E+00
  1158   -0.9458258920E+00
  1159    0.2385029694E+00
  1160    0.1404947354E+01
  1161   -0.3509949448E+00
  1162   -0.2151207840E+01
  1163   -0.5226019469E+01
  1164   -0.4670637786E+01
  1165    0.3717007753E+01
  1166    0.2655011467E+01
  1167    0.1120925953E+01
  1168   -0.1498498897E+00
  1169   -0.4214568625E+00
  1170    0.9706835907E+00
  1171    0.1234141668E+01
  1172   -0.3256290516E+00
  1173   -0.2065994902E+00
  1174    0.5834730247E+00
  1175    0.3010367555E+00
  1176   -0.4364596691E+00
  1177   -0.2785149506E+00
  1178    0.1093033159E+01
  1179    0.1965390974E+01
  1180    0.9930754019E+00
  1181    0.3784212449E+00
  1182   -0.1581377196E+01
  1183   -0.4401492395E-01
  1184   -0.1511044273E+01
  1185   -0.1210827007E+01
  1186    0.1323137177E+01
  1187    0.1087135757E+00
  1188   -0.3988915405E+00
  1189    0.1319113367E+00
  1190    0.1451773921E+00
  1191    0.6313930869E+00
  1192    0.9724208562E+00
  1193    0.8141673777E+00
  1194   -0.1546707724E+00
  1195   -0.6472771503E+00
  1196   -0.7179106479E+00
  1197   -0.6428650648E+00
  1198    0.1566501652E+00
  1199    0.1036083429E+01
  1200    0.5713187949E+00
  1201   -0.3592105854E+00
  1202   -0.1239575529E+01
  1203   -0.1746275473E+01
  1204    0.2724644601E+00
  1205    0.1554716590E+01
  1206   -0.1620802173E+00
  1207   -0.2189331745E+01
  1208   -0.1126821534E+01
  1209    0.2056058583E+01
  1210    0.2516620722E+01
  1211    0.3360064628E+00
  1212   -0.1148351211E+01
  1213   -0.7651576287E+00
  1214    0.4179031634E+00
  1215    0.4016004523E+00
  1216   -0.4511738541E+00
  1217   -0.5637517050E-01
  1218    0.6681916070E+00
  1219    0.1035983098E+00
  1220   -0.1089692984E+01
  1221   -0.8108695066E+00
  1222    0.5316384650E+00
  1223   -0.1499321386E+00
  1224   -0.1975168646E+01
  1225   -0.1351097018E+01
  1226   -0.3062489689E+00
  1227   -0.4085108523E+00
  1228    0.1037072495E+01
  1229    0.1085012634E+01
  1230    0.1000273876E+01
  1231    0.6609430552E+00
  1232    0.4056146612E-01
  1233    0.3734930899E+00
  1234    0.3593469916E+00
  1235   -0.2757475777E-01
  1236   -0.3286035713E+00
  1237   -0.3983823586E-01
  1238    0.3358836735E-01
  1239   -0.2150992604E+00
  1240   -0.3185450518E+00
  1241   -0.2776849124E-01
  1242    0.3650000704E+00
  1243    0.5626494163E+00
  1244    0.3006477770E+00
  1245   -0.2307533783E+00
  1246   -0.2409790406E+00
  1247   -0.1151813349E+00
  1248   -0.1946693774E+00
  1249   -0.6242694096E-02
  1250    0.3205771456E+00
  1251    0.2796877462E+00
  1252   -0.1172801701E+00
  1253   -0.3469383211E+00
  1254   -0.1515476552E+00
  1255    0.2770024844E-02
  1256   -0.4678524354E-01
  1257    0.2084958883E+00
  1258    0.7914052851E-01
  1259   -0.3661093044E+00
  1260   -0.8206861533E-01
  1261    0.6698197611E+00
  1262    0.7614945545E+00
  1263   -0.1836873764E+00
  1264   -0.1173675503E+01
  1265   -0.9883612185E+00
  1266   -0.4250152443E-01
  1267    0.7240856492E+00
  1268    0.9115349342E+00
  1269    0.4951492213E+00
  1270   -0.3005129059E+00
  1271   -0.8676220328E+00
  1272   -0.4154788510E+00
  1273    0.5164257487E+00
  1274    0.5461570228E+00
  1275   -0.2542831469E+00
  1276   -0.2442209882E+00
  1277    0.4742207364E+00
  1278    0.3184175791E+00
  1279   -0.5387394207E+00
  1280   -0.6578789127E+00
  1281    0.2366694017E+00
  1282    0.9385607748E+00
  1283    0.5203726498E+00
  1284   -0.3418503768E+00
  1285   -0.8219917046E+00
  1286   -0.3994117936E+00
  1287    0.1430984969E+00
  1288    0.3231956770E+00
  1289    0.5788203646E+00
  1290    0.2554514572E+00
  1291   -0.4878581769E+00
  1292   -0.4894450012E+00
  1293    0.1740536713E+00
  1294    0.5974398228E+00
  1295    0.1480005148E+00
  1296   -0.6588359357E+00
  1297   -0.6390739927E+00
  1298    0.1083513212E+00
  1299    0.4995062789E+00
  1300    0.3956497890E+00
  1301    0.7069896374E-01
  1302   -0.2552514991E+00
  1303    0.1711144394E-02
  1304    0.1936838186E+00
  1305   -0.2375594205E+00
  1306   -0.3142992986E+00
  1307    0.2631749967E+00
  1308    0.5479774876E+00
  1309   -0.1724225945E-02
  1310   -0.5822262106E+00
  1311   -0.3280975277E+00
  1312    0.3442623542E+00
  1313    0.4553322892E+00
  1314    0.3173170582E-01
  1315   -0.3870142656E+00
  1316   -0.3833762326E+00
  1317    0.7298673201E-01
  1318    0.4009491760E+00
  1319    0.1718516580E+00
  1320   -0.2866250243E+00
  1321   -0.2539371322E+00
  1322    0.2812777844E+00
  1323    0.4253355349E+00
  1324   -0.4468589396E-01
  1325   -0.4735444002E+00
  1326   -0.3651641442E+00
  1327    0.2207461656E+00
  1328    0.4303871360E+00
  1329    0.1177792386E+00
  1330   -0.1802788620E+00
  1331   -0.3100559231E+00
  1332   -0.1492434213E+00
  1333    0.1489270637E+00
  1334    0.2165657489E+00
  1335    0.9420118485E-01
  1336   -0.3617481336E-01
  1337   -0.1420344898E+00
  1338   -0.7065581404E-01
  1339    0.1219155028E+00
  1340    0.8677094123E-01
  1341   -0.1388717292E+00
  1342   -0.1450170521E+00
  1343    0.2706767102E-01
  1344    0.6550150114E-01
  1345   -0.1744066500E-01
  1346    0.3796258212E-02
  1347    0.8540860013E-01
  1348    0.7702605553E-01
  1349    0.2402749248E-02
  1350   -0.9341985779E-01
  1351   -0.1303973060E+00
  1352    0.1600630711E-01
  1353    0.1165918947E+00
  1354    0.3772935634E-01
  1355   -0.8186115476E-01
  1356   -0.1643250352E+00
  1357   -0.1905184333E-01
  1358    0.1255549742E+00
  1359    0.4529166016E-01
  1360   -0.1756691598E-02
  1361   -0.4787474821E-02
  1362   -0.5237331735E-01
  1363   -0.5506854166E-01
  1364    0.3205674337E-02
  1365    0.7791607996E-02
  1366   -0.2222590301E-01
  1367   -0.2339362278E-01
  1368   -0.3190140278E-01
  1369   -0.6012029287E-02
  1370    0.2060467533E-01
  1371    0.2935510125E-01
  1372   -0.3127369433E-01
  1373   -0.1356523135E-01
  1374    0.4979784942E-01
  1375    0.3413541773E-01
  1376   -0.4392720909E-01
  1377   -0.6090643872E-01
  1378    0.1322109555E-01
  1379    0.4647169267E-01
  1380   -0.1471699608E-01
  1381   -0.3915610511E-01
  1382    0.2916655814E-01
  1383    0.1959637726E-01
  1384   -0.1170431199E+00
  1385   -0.1700221094E-01
  1386    0.6857720785E-01
  1387    0.6628061831E-01
  1388    0.1358690097E-01
  1389   -0.4587716526E-01
  1390   -0.7984472008E-01
  1391   -0.8200807159E-02
  1392    0.7957637485E-01
  1393    0.3337659015E-01
  1394   -0.6321488392E-01
  1395   -0.5460902436E-01
  1396    0.7809598379E-01
  1397    0.1636334609E-01
  1398   -0.4461926789E-01
  1399   -0.3510239991E-01
  1400    0.2105467716E-01
  1401    0.5339778994E-01
  1402    0.1298007780E-01
  1403   -0.1645379103E-01
  1404   -0.5065838201E-02
  1405   -0.4135711344E-01
  1406   -0.4586992783E-01
  1407    0.8536524633E-01
  1408    0.6126387626E-01
  1409   -0.5504898747E-02
  1410   -0.6324467993E-02
  1411    0.3062438738E-01
  1412    0.4136273465E-01
  1413    0.3616902914E-01
  1414    0.3280741484E-01
  1415    0.2040506735E-01
  1416    0.6979813961E-02
  1417    0.1766705917E-02
  1418    0.4417118387E-03
  1419    0.1104302487E-03
  1420    0.2760770528E-04
  1421    0.6901935264E-05
  1422    0.1725484375E-05
  1423    0.4313711272E-06
  1424    0.1078427867E-06
  1425    0.2696069396E-07
  1426    0.6740176112E-08
  1427    0.1685043244E-08
  1428    0.4212594718E-09
  1429    0.1053196419E-09
  1430    0.2632649654E-10
  1431    0.6588785073E-11
  1432    0.1647681991E-11
  1433    0.4123368313E-12
  1434    0.1052491427E-12
  1435    0.2764455331E-13
  1436    0.3996802889E-14
  1437    0.0000000000E+00
  1438    0.1332267630E-14
  1439    0.8881784197E-15
  1440    0.8881784197E-15
  1441    0.0000000000E+00
  1442    0.6661338148E-15
  1443    0.0000000000E+00
  1444   -0.3552713679E-14
  1445    0.0000000000E+00
  1446    0.0000000000E+00
  1447    0.1332267630E-14
  1448    0.0000000000E+00
  1449    0.1332267630E-14
  1450    0.1554312234E-14
  1451   -0.3552713679E-14
  1452   -0.1998401444E-14
  1453    0.3330669074E-14
  1454   -0.2220446049E-14
  1455    0.1110223025E-14
  1456    0.0000000000E+00
  1457   -0.2553512957E-14
  1458    0.0000000000E+00
  1459   -0.2220446049E-14
  1460    0.2109423747E-14
  1461    0.2886579864E-14
  1462    0.0000000000E+00
  1463    0.1554312234E-14
  1464    0.0000000000E+00
  1465   -0.3552713679E-14
  1466    0.0000000000E+00
  1467    0.0000000000E+00
  1468    0.8881784197E-15
  1469    0.3552713679E-14
  1470    0.9992007222E-15
  1471    0.0000000000E+00
  1472   -0.2664535259E-14
  1473    0.0000000000E+00
  1474   -0.7771561172E-15
  1475    0.0000000000E+00
  1476    0.0000000000E+00
  1477    0.8881784197E-15
  1478    0.3774758284E-14
  1479    0.0000000000E+00
  1480   -0.3552713679E-14
  1481    0.1887379142E-14
  1482    0.8881784197E-15
  1483    0.8881784197E-15
  1484    0.3774758284E-14
  1485   -0.7771561172E-15
  1486   -0.3552713679E-14
  1487   -0.1998401444E-14
  1488    0.1332267630E-14
  1489   -0.2220446049E-14
  1490    0.0000000000E+00
  1491   -0.3552713679E-14
  1492    0.0000000000E+00
  1493    0.8881784197E-15
  1494   -0.8881784197E-15
  1495    0.4440892099E-15
  1496    0.2220446049E-15
  1497    0.4440892099E-15
  1498    0.1443289932E-14
  1499   -0.2220446049E-14
  1500    0.1293103448E+02
  1501    0.1293103448E+02
  1502    0.0000000000E+00
