    -1   -0.1179930279E+02
     0   -0.6226324429E+01
     1   -0.7707482316E+01
     2   -0.7552841277E+00
     3    0.7069176892E+01
     4   -0.2471027256E+01
     5   -0.4133061566E+01
     6   -0.8477205275E+01
     7    0.1533329084E+02
     8   -0.3223600597E+01
     9   -0.1439557093E+02
    10    0.1269363179E+02
    11   -0.6159444380E+01
    12   -0.1381700935E+01
    13    0.6576308115E+01
    14   -0.5354975189E+00
    15    0.6768064478E+01
    16   -0.1184291527E+02
    17   -0.3374109091E+01
    18    0.9523214986E+01
    19   -0.8265374891E+01
    20    0.3102257271E+01
    21    0.5074024571E+00
    22    0.1100241368E+02
    23   -0.2995950667E+01
    24   -0.7552084224E+01
    25   -0.5836060453E+01
    26    0.6932294365E+00
    27    0.1351366794E+02
    28   -0.3431207825E+01
    29   -0.1908187835E+02
    30    0.1849718811E+02
    31   -0.4733427798E+01
    32    0.3339307577E+01
    33   -0.1730641638E+02
    34    0.1620125780E+02
    35    0.8485119181E+01
    36   -0.4142355196E+00
    37   -0.2052720315E+02
    38    0.5546526029E+00
    39    0.2342453819E+02
    40   -0.2072107311E+01
    41    0.4510828078E+01
    42   -0.1396469145E+02
    43   -0.4842997758E+01
    44    0.8285141238E+01
    45    0.2475474444E+01
    46    0.8461066271E+01
    47   -0.1745586404E+02
    48    0.6644774743E+01
    49   -0.5959798626E+01
    50   -0.4573195332E+01
    51    0.5959705766E+01
    52    0.2401559593E+01
    53    0.2566973389E+01
    54   -0.4854973593E+00
    55   -0.1981304609E+01
    56    0.5586101104E+01
    57   -0.3922630105E+01
    58   -0.8753628824E+01
    59    0.3292186079E+01
    60    0.4121393652E+01
    61    0.6122752445E+01
    62   -0.2061114593E+01
    63   -0.1300017739E+02
    64    0.1882646966E+02
    65   -0.8396921574E+01
    66    0.2081127946E+00
    67    0.1612986301E+00
    68   -0.9530687079E+01
    69    0.3743604117E+01
    70    0.5559945809E+01
    71    0.3390599609E+01
    72   -0.3909760699E+01
    73   -0.8951140278E+01
    74    0.6424381341E+01
    75    0.9259974982E+01
    76   -0.3304818775E+01
    77   -0.8519355482E+00
    78    0.6581459867E+01
    79   -0.5011602691E+00
    80   -0.7877673372E+01
    81   -0.3919142502E+01
    82    0.3865047233E+01
    83   -0.1209620954E+01
    84   -0.6491869174E+00
    85   -0.9619761403E+00
    86    0.8524688566E+01
    87    0.4489315640E+01
    88   -0.1714121728E+02
    89   -0.2943857055E+01
    90    0.1992370698E+02
    91   -0.5358912144E+01
    92    0.1294682054E+01
    93   -0.2033609819E+02
    94    0.2159961802E+02
    95   -0.1090431413E+02
    96    0.7755660168E-01
    97    0.1432777101E+01
    98   -0.1010747259E+02
    99    0.9307216366E+01
   100    0.9486645877E+01
   101   -0.1053124109E+02
   102    0.3378675506E+01
   103    0.1004713775E+02
   104   -0.1012002055E+02
   105    0.1222801077E+02
   106   -0.9323367641E+01
   107   -0.3112446888E+01
   108   -0.5113114019E+00
   109   -0.4752732490E+01
   110    0.1997859608E+01
   111    0.1177281767E+02
   112   -0.8623324688E+01
   113   -0.4563649611E+01
   114    0.7847342017E+01
   115   -0.1095607495E+02
   116    0.9983914488E+00
   117    0.1272880637E+02
   118    0.1109868301E+01
   119   -0.9790036156E+01
   120   -0.1947814051E+01
   121   -0.7626727394E+01
   122    0.7898423679E+01
   123    0.1295770272E+01
   124   -0.1971143709E+01
   125    0.8990488185E+01
   126   -0.2097321089E+01
   127   -0.6880956097E+01
   128    0.1235497124E+01
   129   -0.2506139902E+00
   130    0.5544373476E+01
   131    0.8427103320E+01
   132   -0.1399030367E+02
   133   -0.3165260426E-01
   134    0.4508555122E+01
   135   -0.1327645777E+01
   136    0.3657593428E-01
   137   -0.2510357068E+01
   138    0.1595452537E+01
   139    0.3754811219E+01
   140   -0.1357100526E+02
   141    0.4291235709E+01
   142    0.9623721769E+01
   143    0.1602465983E+01
   144   -0.1939895570E+02
   145    0.3813593876E+01
   146    0.8003982457E+01
   147    0.1760116714E+01
   148    0.6348364850E+00
   149    0.3985505168E+01
   150   -0.7779141979E+01
   151    0.1304556897E+02
   152   -0.9622047009E+01
   153    0.3635597755E+01
   154   -0.8528145952E+01
   155    0.1964381253E+01
   156    0.4952339096E+01
   157   -0.9903217939E+01
   158   -0.3473030183E+01
   159    0.2958695063E+01
   160    0.6389546890E+01
   161    0.5366109321E+01
   162   -0.6019420878E+01
   163   -0.1600170136E+01
   164   -0.3212131312E+01
   165    0.6454578088E+01
   166   -0.3890048127E+01
   167    0.6490096813E+01
   168    0.2440954301E+01
   169   -0.1610378838E+02
   170   -0.5237022657E+01
   171    0.1971145761E+02
   172   -0.6445075894E+01
   173    0.6096423031E+01
   174   -0.1672226071E+01
   175    0.3913196435E+01
   176   -0.7453663496E+01
   177    0.1516891475E+01
   178   -0.2339866622E+01
   179    0.7688153835E+00
   180    0.5677262901E+00
   181    0.1134279648E+02
   182   -0.1251899444E+02
   183    0.6085616845E+01
   184   -0.8800444535E+01
   185   -0.8962632846E+00
   186    0.9088427401E+00
   187   -0.1519754390E+01
   188    0.4708306570E+01
   189    0.9164294526E+01
   190   -0.5707472859E+01
   191    0.5477972017E+01
   192   -0.7817524159E+00
   193    0.5292662553E+01
   194   -0.6794075843E+01
   195   -0.5212746352E+01
   196   -0.1926272889E+01
   197   -0.2772828475E+01
   198    0.7668147088E+01
   199    0.2370947148E+01
   200    0.1017571328E+02
   201   -0.1112703943E+02
   202   -0.1446492791E+02
   203    0.7938382356E+01
   204   -0.1726259533E-01
   205    0.2321631400E+01
   206    0.9053440644E+01
   207    0.1461784185E+00
   208    0.1374207413E+01
   209   -0.2443949656E+01
   210   -0.1004793918E+02
   211    0.6863899872E+01
   212   -0.1484154386E+01
   213    0.4559802399E+01
   214    0.1331596633E+01
   215   -0.6181359253E+01
   216    0.5136532302E+01
   217    0.7217994954E+00
   218   -0.1211918980E+02
   219    0.7793492282E+01
   220   -0.8149117183E+01
   221    0.3947349350E+01
   222   -0.4581830898E+01
   223    0.1484209859E+02
   224    0.4979093221E+01
   225   -0.1187224348E+02
   226    0.4857006410E+01
   227   -0.5644267117E+01
   228    0.9599797647E+00
   229   -0.9703832269E+01
   230    0.8813212805E+01
   231    0.5430700907E+01
   232   -0.6845863905E-01
   233   -0.6556357449E+00
   234   -0.3128839561E+01
   235   -0.5821812663E+01
   236    0.1894534646E+00
   237    0.2317448382E+01
   238    0.1202186030E+02
   239   -0.4436636676E+01
   240   -0.6727812571E+01
   241    0.7006372786E+01
   242   -0.1686818157E+01
   243   -0.1448509386E+02
   244   -0.1190487695E+02
   245    0.2647746183E+02
   246    0.5264313111E+01
   247   -0.1075950931E+02
   248   -0.1764016091E+01
   249   -0.1061544813E+01
   250    0.5692465661E+01
   251    0.8694857504E+00
   252   -0.1034164942E+02
   253    0.1340747784E+02
   254    0.4206752515E+00
   255   -0.2284192953E+01
   256   -0.5512679977E+01
   257   -0.2812545768E+01
   258   -0.1725242796E+01
   259    0.1621161069E+01
   260    0.3054070275E+01
   261   -0.3415811063E+01
   262    0.3345392885E+01
   263    0.7070737182E+01
   264   -0.1586755434E+01
   265   -0.6339382013E+01
   266    0.4304322112E+01
   267    0.5319945100E+01
   268   -0.2908019368E+01
   269   -0.7504394156E+00
   270   -0.9887743830E+00
   271    0.2893391411E+00
   272   -0.1558535341E+02
   273    0.6529305731E+01
   274    0.1412598112E+01
   275    0.7946665610E+01
   276   -0.3408430956E+01
   277    0.2677143334E+01
   278   -0.5955038141E+01
   279    0.8389910427E+01
   280   -0.8142060195E+01
   281    0.1329267640E+02
   282   -0.1746791562E+02
   283   -0.1802884918E+01
   284   -0.3147342817E+01
   285    0.1033248897E+02
   286    0.1731093736E+01
   287    0.4775821104E+01
   288   -0.1833290314E+02
   289    0.1053780395E+02
   290   -0.5804505865E+01
   291    0.5666924545E+01
   292    0.4470764787E+01
   293    0.7557566337E+01
   294   -0.9038398730E+01
   295    0.4611924080E+01
   296   -0.1327072886E+02
   297   -0.7771963394E+00
   298    0.6356802981E+01
   299    0.5375199676E+01
   300   -0.4395362038E+01
   301    0.4575377180E+01
   302    0.8858979445E+01
   303   -0.1159265545E+02
   304   -0.4053685058E+01
   305   -0.8254023739E+01
   306    0.5166717164E+01
   307    0.1097017486E+01
   308    0.3636416813E+01
   309   -0.8985235645E+01
   310    0.6113045138E+01
   311   -0.6273945846E+01
   312   -0.5595981443E+01
   313    0.5814028736E+01
   314    0.1485921171E+01
   315   -0.6937726072E+01
   316    0.1269424974E+02
   317    0.6413989358E+01
   318    0.1095937928E+01
   319    0.4729693572E+01
   320   -0.1330105981E+02
   321    0.6492905993E+01
   322   -0.4728694474E+01
   323   -0.8343777092E+01
   324    0.3245434793E+01
   325    0.9545155858E+00
   326    0.5400105293E+01
   327   -0.4581643276E+01
   328    0.5230115059E+01
   329    0.3960482065E+01
   330    0.3138182074E+01
   331    0.1657413224E+01
   332   -0.2518636634E+01
   333   -0.4434109132E+01
   334   -0.7336958827E+01
   335   -0.1597705718E+01
   336   -0.2266385823E+00
   337    0.1205241780E+01
   338    0.5228583176E+00
   339    0.5962422698E+01
   340    0.7389388983E+01
   341   -0.5122487214E+00
   342   -0.4498950637E+01
   343    0.3441672216E+01
   344   -0.3458568782E+01
   345   -0.7036572427E+01
   346    0.1009301071E+02
   347    0.1009646814E+01
   348   -0.7253055947E+01
   349    0.3512792126E+01
   350    0.1569472407E+01
   351   -0.1110877747E+02
   352    0.1011216374E+02
   353   -0.6449833359E+01
   354    0.8062080639E+00
   355    0.1039555442E+02
   356    0.2333054885E+01
   357   -0.4490559585E+01
   358   -0.5723059899E+01
   359   -0.9268944698E+00
   360   -0.5468320047E+01
   361    0.8006817460E+01
   362   -0.2605808966E+01
   363    0.9388943195E+01
   364    0.3233907084E+01
   365   -0.1406323013E+02
   366    0.1245798579E+02
   367   -0.2190770543E+01
   368   -0.1152614013E+02
   369    0.7561008712E+01
   370    0.8515152355E-01
   371   -0.9199323215E+00
   372    0.3768000744E+01
   373    0.8921457228E+01
   374   -0.1215534670E+02
   375    0.1931281260E+01
   376   -0.9071185421E+01
   377    0.4503753109E+01
   378   -0.1904062019E+01
   379    0.2073295580E+01
   380   -0.8916820481E+01
   381    0.9026275963E+01
   382    0.1875277593E+01
   383   -0.6430505696E+01
   384    0.1200836811E+02
   385   -0.4357537882E+01
   386   -0.3101048769E+01
   387   -0.3915448347E+01
   388   -0.1895938814E+00
   389    0.1237539185E+02
   390    0.1720314207E+01
   391    0.4278061160E+00
   392   -0.8268665080E+01
   393    0.1206110361E+01
   394    0.4781674682E+01
   395   -0.1948149659E+01
   396   -0.3240285243E+01
   397   -0.1673506185E+01
   398   -0.6566902853E+01
   399    0.1007738556E+02
   400   -0.1167076528E+01
   401   -0.1027877403E+02
   402    0.7129710174E+01
   403   -0.6394935647E+01
   404    0.1774094073E+01
   405    0.5545161929E+01
   406   -0.2826928622E+01
   407    0.5896105620E+01
   408   -0.9910770505E+01
   409   -0.4649005998E+00
   410    0.6281189814E+01
   411   -0.4098787101E+01
   412    0.1155676833E+02
   413   -0.7384484676E+01
   414   -0.6135785381E+01
   415   -0.9155965835E+01
   416    0.1372845021E+02
   417    0.9947128507E+01
   418   -0.1251039581E+02
   419   -0.3010114589E+01
   420    0.1270736685E+02
   421   -0.6089175595E+01
   422   -0.5815617289E+01
   423    0.4393049345E+01
   424    0.4880281562E+01
   425   -0.4779006834E+01
   426    0.3720792070E+01
   427    0.9416009595E+01
   428   -0.1749821059E+02
   429   -0.2109315169E+01
   430    0.1522327315E+02
   431   -0.9390597120E+01
   432    0.1310857132E+02
   433   -0.2412345923E+01
   434   -0.1397657188E+02
   435   -0.1112399396E+02
   436    0.2402396645E+02
   437   -0.2593668880E+01
   438   -0.4312215605E+01
   439   -0.1412632998E+02
   440    0.1532555606E+02
   441    0.4003020322E+01
   442   -0.6827301772E+00
   443   -0.9611744320E+01
   444   -0.7048327391E+01
   445    0.5041230428E+01
   446    0.5454825495E+01
   447    0.6000065050E+00
   448    0.1082532192E+01
   449    0.6774095931E+01
   450   -0.1064913152E+02
   451    0.2390789955E+01
   452   -0.7706320894E+00
   453    0.1027408313E+02
   454   -0.9739158206E+01
   455    0.1911751531E+01
   456   -0.5414032499E+01
   457   -0.1553239433E+01
   458    0.8252574527E+00
   459   -0.2470694620E+01
   460   -0.9329839494E+00
   461    0.3730431810E+01
   462    0.1309970101E+02
   463   -0.4543254035E+01
   464   -0.9297121419E+01
   465    0.2165474791E+01
   466   -0.7527816034E+00
   467    0.1525032048E+02
   468   -0.1555172494E+02
   469   -0.4555276193E+01
   470    0.1860817635E+01
   471    0.7838658830E+01
   472    0.4750238104E+01
   473   -0.8912055837E+01
   474   -0.4500950253E+01
   475    0.8453652385E+01
   476    0.5517156308E+01
   477   -0.1326191642E+02
   478    0.5926437203E+01
   479    0.2747680151E+01
   480   -0.9012424058E+01
   481   -0.5081865306E+00
   482    0.1184020358E+02
   483   -0.8105097618E+01
   484    0.8932034449E+01
   485    0.2257592366E+01
   486   -0.1707359962E+02
   487    0.1385253574E+02
   488   -0.3677606147E+01
   489   -0.6094816793E+01
   490   -0.7656212679E+01
   491    0.7903859793E+01
   492    0.1374086641E+02
   493   -0.1639207502E+02
   494    0.3488162723E+01
   495    0.4724210564E+01
   496   -0.1018970975E+01
   497   -0.1087524695E+02
   498    0.1289293397E+02
   499    0.4683657190E+01
   500   -0.1146730442E+02
   501    0.8097154499E+01
   502    0.4928691030E+01
   503   -0.1287199148E+02
   504    0.1410923765E+01
   505    0.1145429812E+02
   506   -0.1692939151E+02
   507    0.4514116070E+01
   508    0.9028252808E+00
   509    0.4424342481E+01
   510   -0.5935135959E+01
   511   -0.7849613762E+01
   512    0.1231020850E+02
   513    0.2507726125E+01
   514   -0.7786883414E+01
   515    0.2984228151E+01
   516    0.5166128179E+01
   517   -0.5252093579E+01
   518    0.1234994489E+02
   519   -0.3244161182E+01
   520    0.4581774542E+01
   521   -0.2816759007E+01
   522   -0.4861755387E+01
   523    0.2375294064E+01
   524   -0.2035213078E+01
   525   -0.1296507859E+02
   526    0.1685500281E+02
   527   -0.1277219623E+02
   528    0.1422627491E+00
   529    0.9974619942E+00
   530    0.2550292374E+01
   531    0.1495147081E+01
   532    0.9624001546E+01
   533   -0.1163937510E+02
   534   -0.1357866283E+01
   535    0.5259278977E+00
   536   -0.7270132323E+00
   537    0.9391103655E-01
   538    0.1449269454E+02
   539   -0.5519161218E+01
   540   -0.9754581159E+01
   541    0.1199745272E+02
   542   -0.3164878832E+01
   543    0.1301389743E+01
   544   -0.9796223865E+01
   545    0.6708477348E+01
   546    0.7117045790E+01
   547   -0.1172423610E+02
   548    0.3374751708E+01
   549    0.6139377239E+01
   550   -0.9765840260E+01
   551    0.5682853218E+01
   552   -0.1257794303E+01
   553   -0.2069788830E+01
   554   -0.5122424200E+01
   555   -0.4563430174E+01
   556    0.6534741578E+01
   557    0.1055907278E+02
   558   -0.1231294010E+02
   559    0.8726847214E+01
   560    0.1467632186E+01
   561   -0.4376989596E+01
   562   -0.5964993151E+00
   563    0.5711059253E+01
   564    0.4973901653E+01
   565   -0.8132438138E+01
   566   -0.5820508086E+01
   567    0.8685532118E+01
   568   -0.1398500456E+02
   569    0.3864534531E+01
   570    0.1450632045E+02
   571   -0.3507828962E+01
   572   -0.1839760403E+01
   573    0.8346902786E+01
   574   -0.1773677384E+01
   575   -0.1857177440E+02
   576    0.1161976412E+02
   577    0.2347390061E+01
   578   -0.7925708826E+01
   579    0.1091658918E+02
   580   -0.3578098403E+01
   581   -0.1043953477E+02
   582    0.3707062810E+01
   583   -0.7942514861E+01
   584    0.8969237204E+01
   585    0.4084747502E+01
   586    0.4765708352E+00
   587   -0.1318586217E+01
   588    0.8177048311E+01
   589   -0.1759675457E+02
   590    0.6322233561E+01
   591   -0.1446314934E+01
   592    0.4964038943E+01
   593   -0.6176851180E+01
   594    0.6907168608E+00
   595    0.3755185095E+01
   596    0.2164584887E+00
   597    0.1179063060E+01
   598    0.3054715088E+01
   599    0.1459882675E-01
   600    0.1454408364E+01
   601   -0.4103370063E+01
   602   -0.5310961065E+01
   603   -0.5060369787E+01
   604   -0.8428413364E+01
   605    0.1288858861E+02
   606    0.3894411896E+01
   607    0.8924731509E+01
   608   -0.7105754573E+01
   609   -0.5820809473E+00
   610   -0.7299691110E+00
   611    0.2102131403E+01
   612   -0.4970493838E+01
   613    0.8886952367E+01
   614   -0.1702673989E+01
   615   -0.4080108344E+01
   616   -0.1157355311E+02
   617    0.6942950262E+01
   618   -0.9870547455E+01
   619    0.9823368628E+01
   620   -0.8241718516E+01
   621    0.1312364531E+02
   622   -0.2818516810E+01
   623    0.7684865376E+01
   624   -0.1180242241E+02
   625    0.7871534334E+01
   626   -0.1271370358E+02
   627    0.3175021387E+00
   628    0.4079412901E+01
   629    0.3124930851E+01
   630   -0.5998084043E+01
   631    0.5041607622E+01
   632   -0.4493604338E+01
   633    0.3562767316E+01
   634   -0.3116881958E+01
   635    0.7179570183E+01
   636   -0.3311413253E+01
   637   -0.6874570334E-01
   638    0.5851433942E+01
   639   -0.9497673170E+01
   640   -0.2834898776E+01
   641    0.1019557135E+02
   642    0.3696039499E+01
   643   -0.7655436350E+01
   644   -0.4709410276E+01
   645    0.1453744180E+02
   646   -0.9382912514E+01
   647   -0.1294695865E+01
   648   -0.1292585169E+02
   649    0.1310615344E+02
   650    0.6693438270E+01
   651    0.4915636375E+01
   652   -0.6680057188E+01
   653   -0.4230784771E+01
   654   -0.2358821027E+01
   655    0.4524088795E+01
   656    0.2903713217E+01
   657   -0.7283804053E+01
   658    0.3193470167E+01
   659   -0.1481323019E+01
   660   -0.1857487470E+02
   661    0.2040017584E+02
   662    0.2543401203E+01
   663    0.6201359314E+01
   664    0.5695797512E+00
   665    0.1165770871E+01
   666   -0.2193111158E+02
   667   -0.5854795124E+01
   668    0.5626528951E+01
   669    0.1187752342E+02
   670    0.8892378584E+01
   671   -0.1892313954E+01
   672   -0.1871668211E+01
   673   -0.1311385895E+02
   674    0.5254418895E+01
   675    0.1434565366E+02
   676   -0.8568623486E+00
   677   -0.7151895120E+01
   678    0.6202603806E-01
   679   -0.3145107312E+01
   680   -0.4206310754E+01
   681    0.9828459687E+01
   682   -0.5999641809E+01
   683   -0.3312022867E+01
   684    0.2307643803E+00
   685    0.9959710893E+01
   686   -0.8969871300E+01
   687    0.6989521758E+01
   688   -0.2507005643E+01
   689   -0.8295951395E+01
   690    0.1715797851E+02
   691   -0.2263971418E+01
   692   -0.8346054931E+01
   693   -0.7069338945E+00
   694    0.5933353507E+01
   695   -0.2042747844E+01
   696    0.2771845728E+01
   697   -0.9591971149E+01
   698    0.3797966071E+01
   699    0.2121493914E+01
   700   -0.5260517241E+01
   701    0.7160564027E+01
   702    0.1560068939E+01
   703   -0.2089477660E+01
   704    0.5596855633E+01
   705   -0.8532126730E+01
   706    0.4337592875E+01
   707    0.4274354427E+01
   708   -0.1159673943E+02
   709   -0.5919709357E+01
   710    0.4961881237E+01
   711    0.1456891066E+02
   712    0.8807608543E+01
   713   -0.1302361413E+02
   714    0.6049928795E+01
   715   -0.1368007822E+02
   716   -0.3430253962E+00
   717   -0.1811874696E+01
   718    0.1502008196E+02
   719   -0.1170660448E+02
   720    0.8866768782E+01
   721   -0.2996027633E+01
   722   -0.1830086725E+02
   723    0.1510747030E+02
   724    0.4669525307E+01
   725    0.3639604961E+01
   726   -0.3964883887E+01
   727   -0.1055100281E+02
   728    0.1177739765E+02
   729    0.5388649303E+01
   730   -0.8114787238E+01
   731   -0.3217648077E+01
   732    0.3335252631E+00
   733    0.1218067199E+01
   734   -0.2020066754E+01
   735    0.2381384198E+01
   736   -0.4623807678E+00
   737   -0.7629921843E+01
   738    0.4906664637E+01
   739   -0.1768445309E+01
   740    0.9094508132E+01
   741   -0.2868164761E+01
   742   -0.1244124020E+00
   743    0.3012107642E+01
   744   -0.3619555957E+01
   745   -0.5420981317E+01
   746    0.2423171532E+01
   747    0.1884988621E+01
   748    0.5833252841E+01
   749   -0.6336168341E+01
   750   -0.5428548776E+01
   751    0.5312172766E+01
   752   -0.1135415701E+02
   753    0.3862895844E+01
   754    0.2902454825E+01
   755    0.3286418642E+01
   756   -0.1110270113E+01
   757   -0.3784487455E+01
   758    0.9506271768E+01
   759   -0.4113100299E+01
   760    0.6415647948E+00
   761   -0.6283690787E+01
   762   -0.4919352115E+01
   763    0.2174655759E+01
   764    0.9669021429E+01
   765   -0.4144372440E+01
   766   -0.5401979266E+01
   767    0.9926474477E+01
   768   -0.4268612235E+01
   769    0.1080477610E+02
   770   -0.3963044021E+01
   771   -0.1302626564E+02
   772   -0.6629311534E+01
   773   -0.4445478791E+00
   774    0.2138888842E+02
   775   -0.6678416679E+01
   776   -0.2389774116E+01
   777   -0.4753363473E+01
   778   -0.8152167230E+01
   779    0.1552211983E+02
   780    0.9759859059E+01
   781   -0.1266324191E+02
   782   -0.2355581011E+01
   783    0.9626189388E+00
   784    0.9550852581E+01
   785   -0.1049880993E+02
   786   -0.8359197283E+01
   787    0.1029289855E+02
   788    0.9589529930E+00
   789   -0.4676164517E+01
   790   -0.1379052842E+01
   791   -0.1583431489E+01
   792    0.1849048574E+01
   793    0.1925895659E+01
   794   -0.3298736654E+01
   795    0.3411425057E+01
   796   -0.1399399516E+02
   797    0.1052696507E+02
   798   -0.4649802406E+01
   799    0.7314402615E+01
   800    0.1701137296E+01
   801    0.3912895675E+01
   802   -0.7723095850E+01
   803    0.1350841994E+01
   804    0.5485185474E+01
   805   -0.4497187610E+01
   806    0.2980011802E+00
   807    0.6669373500E+01
   808    0.4876230783E+01
   809   -0.1643806141E+02
   810    0.6868222023E+01
   811   -0.5003612268E+01
   812    0.5721077393E+01
   813   -0.6840957120E+01
   814    0.1223158758E+02
   815    0.2161270406E+01
   816   -0.1871319608E+02
   817    0.1523490222E+02
   818    0.2083534860E+01
   819   -0.6389388003E+01
   820    0.4883759407E+01
   821    0.1083434553E+01
   822   -0.4783620325E+00
   823   -0.7708816403E+01
   824    0.3289643650E+01
   825    0.4586015657E+01
   826   -0.1827130466E+01
   827   -0.4938846483E+01
   828    0.2333216002E+01
   829   -0.3372416253E+01
   830    0.3454521546E+01
   831    0.9844881369E+01
   832   -0.8531583982E+00
   833   -0.6140652732E+00
   834   -0.8781763232E+00
   835   -0.1501194243E+01
   836   -0.1387884465E+02
   837    0.3786297419E+01
   838    0.5144642067E+01
   839   -0.9123142632E+00
   840    0.1839806311E+01
   841   -0.1393109098E+00
   842   -0.4756749251E+01
   843    0.1305079238E+02
   844   -0.1193576179E+01
   845   -0.1098189808E+02
   846    0.1081320826E+02
   847   -0.3048106408E+01
   848   -0.8971345468E+01
   849    0.1150108341E+02
   850   -0.9018543884E+01
   851    0.1263701400E+02
   852   -0.1427900791E+01
   853    0.5112394337E+01
   854   -0.1562151809E+02
   855    0.4219039986E+01
   856   -0.3819382454E+01
   857   -0.4403669789E+00
   858    0.5829155454E+01
   859   -0.3303060061E+00
   860    0.3660837639E+01
   861   -0.7786748357E+01
   862   -0.2015511512E+01
   863    0.8375020845E+01
   864    0.8551711447E+00
   865   -0.5947024601E+00
   866    0.6837212155E+00
   867   -0.3847813215E+01
   868    0.3639743901E+01
   869    0.6045254942E+01
   870   -0.1065338049E+02
   871    0.1512161169E+01
   872    0.3653580954E+01
   873   -0.1381009196E+02
   874   -0.9830960044E+00
   875    0.1845363184E+02
   876   -0.7212307814E+01
   877    0.3093125232E+01
   878   -0.1456399819E+02
   879    0.1617117816E+02
   880   -0.3811508513E+01
   881    0.5638599560E+00
   882   -0.4682619340E+01
   883    0.3319208136E+01
   884   -0.7112104121E+00
   885    0.3321565909E+01
   886   -0.5299468985E+01
   887    0.5346941086E+01
   888   -0.8951302395E+01
   889    0.2462027450E+01
   890    0.3815163689E+01
   891   -0.7453502108E+01
   892   -0.6739366289E+01
   893    0.9551334335E+01
   894    0.3008779741E+01
   895    0.7597922889E+01
   896    0.2252711606E+00
   897   -0.3667986094E+01
   898   -0.3569990500E+01
   899   -0.8159013232E+01
   900    0.7633406644E+01
   901    0.8696024274E+00
   902   -0.1599978248E+02
   903    0.1132062819E+02
   904    0.5706957112E+01
   905    0.1023520752E+02
   906   -0.1163013915E+02
   907    0.1873243905E+00
   908   -0.6359032507E+01
   909    0.4771490716E+01
   910   -0.6569809681E+01
   911    0.6632314644E+01
   912    0.5863725699E+01
   913   -0.1008406923E+02
   914   -0.4116460050E+01
   915    0.3619235266E+01
   916    0.2824332514E+01
   917    0.5865650406E+01
   918   -0.2281422995E+01
   919   -0.1151708174E+02
   920    0.7893455249E+01
   921   -0.9410794714E+01
   922    0.7848652330E+01
   923   -0.6224041352E+01
   924    0.1926960408E+02
   925   -0.1977470587E+02
   926   -0.6606920741E+01
   927    0.7054453287E+01
   928    0.1022166209E+02
   929    0.4797389700E+01
   930    0.1789792746E+01
   931   -0.1778370879E+02
   932    0.1108581900E+02
   933    0.2349177969E+01
   934   -0.6530993722E+01
   935    0.9052193696E+01
   936   -0.5478310861E+00
   937   -0.1380337571E+02
   938    0.6743987484E+01
   939   -0.3442932573E+01
   940   -0.5745795559E+01
   941   -0.4123732150E+01
   942    0.3760710680E+01
   943   -0.4392972506E+01
   944    0.1602109047E+02
   945    0.1869656858E+01
   946    0.1421485243E-01
   947   -0.1880473404E+01
   948    0.2050494274E+01
   949    0.4583342205E+01
   950    0.3287404709E+01
   951   -0.2221958813E+02
   952   -0.7029545133E+00
   953    0.3685584913E+01
   954   -0.7712953202E+01
   955    0.5812487211E+01
   956    0.1401964973E+02
   957   -0.3086553962E+01
   958   -0.2377233679E+01
   959    0.4699433950E+00
   960   -0.2720210924E+01
   961    0.8675119306E+00
   962   -0.6307800694E+00
   963    0.4026738803E+01
   964   -0.5054211811E+01
   965    0.3594184232E+01
   966   -0.6328479976E+01
   967   -0.9852055191E+01
   968    0.1444191128E+02
   969    0.2835532147E+01
   970    0.5751388849E+00
   971   -0.4690545510E+01
   972    0.5296224598E+01
   973    0.4261962601E+01
   974   -0.3189260551E+01
   975   -0.2180195512E+00
   976    0.5789684162E+01
   977   -0.8488627557E+01
   978   -0.3585524413E+01
   979    0.2379070940E+01
   980    0.2706410776E+00
   981    0.3248945342E+01
   982    0.4059342525E+01
   983   -0.4096068208E+01
   984   -0.2031366294E+01
   985   -0.1182772204E+01
   986    0.6694848229E+01
   987   -0.4677801580E+01
   988    0.3347919613E+00
   989   -0.2460538094E+01
   990    0.2483495901E+01
   991   -0.7742058130E+00
   992   -0.5275370383E+01
   993    0.1969566648E+01
   994    0.6678587446E+01
   995    0.6931767927E+00
   996   -0.1899231930E+01
   997    0.1696248893E+01
   998   -0.3762404861E+01
   999    0.8772335756E+00
  1000    0.4969715978E+01
  1001   -0.1229662332E+01
  1002   -0.3274835335E+01
  1003   -0.5556791069E+01
  1004    0.3694037249E+01
  1005    0.9943202390E+00
  1006    0.3002176284E+01
  1007   -0.2233865204E+01
  1008   -0.2239295520E+01
  1009    0.2795204187E+01
  1010    0.1791788021E+01
  1011   -0.1648896493E+01
  1012    0.5055366950E-01
  1013   -0.2678806456E+01
  1014   -0.2602408955E+01
  1015    0.6347065602E+00
  1016    0.6167585957E+01
  1017    0.1676772483E+01
  1018   -0.4642615087E+01
  1019   -0.3087263803E+01
  1020   -0.1477927679E+00
  1021    0.2231596201E+01
  1022   -0.1552877963E+01
  1023    0.3521829862E+01
  1024   -0.1643868278E+01
  1025   -0.4259168979E+01
  1026    0.2838639455E+01
  1027   -0.1077926773E+01
  1028    0.5018096008E+01
  1029    0.1052119893E+01
  1030    0.1024162003E+01
  1031    0.3983890440E-01
  1032   -0.3071744811E+01
  1033    0.7845913665E+00
  1034    0.2067670316E+01
  1035   -0.3996536815E+01
  1036   -0.3051487685E+01
  1037    0.3293250189E+01
  1038    0.2376429380E+01
  1039    0.1333433209E+00
  1040    0.3170005307E+00
  1041    0.1423908282E+01
  1042   -0.2922052855E+00
  1043   -0.6980075043E+00
  1044   -0.1837765069E+01
  1045   -0.8037954654E+00
  1046    0.2031266569E+01
  1047   -0.3427828849E+00
  1048   -0.3325078142E+01
  1049    0.7535672676E+00
  1050    0.3342132991E+01
  1051   -0.6587684504E+00
  1052    0.7961906305E+00
  1053   -0.1792251370E+01
  1054   -0.2486685565E+01
  1055    0.8370939110E+00
  1056    0.2929785247E+01
  1057    0.7687454042E+00
  1058   -0.2843450400E+01
  1059   -0.2034915219E+01
  1060    0.8637249497E+00
  1061   -0.1180276235E+01
  1062   -0.2948699868E+01
  1063    0.4397548171E+00
  1064    0.2122538435E+01
  1065    0.6116717612E+00
  1066    0.1624540863E+01
  1067    0.3440685687E+01
  1068    0.1102744099E+01
  1069   -0.1866288407E+01
  1070   -0.1614643366E+01
  1071    0.1898980218E-01
  1072   -0.8058048392E+00
  1073   -0.1286889737E+00
  1074    0.1847525167E+01
  1075    0.7868717639E+00
  1076   -0.4717152917E+00
  1077   -0.1108730750E+01
  1078   -0.1306021957E+01
  1079   -0.3314631973E+00
  1080    0.2979409170E+00
  1081   -0.1825558223E+01
  1082   -0.7260086107E+01
  1083   -0.1251759599E+01
  1084    0.3009424887E+01
  1085   -0.2934097990E+01
  1086    0.4504536369E+01
  1087    0.4281590112E+01
  1088    0.2652412394E+01
  1089    0.2012078033E+01
  1090   -0.9701108244E+00
  1091   -0.1240591299E+01
  1092   -0.1527826012E+00
  1093   -0.1893948685E+01
  1094    0.4218076677E+00
  1095    0.2553935609E+01
  1096   -0.4061994656E-01
  1097   -0.2744629262E+01
  1098   -0.7608125609E+00
  1099    0.2590931661E+01
  1100    0.3074908177E+01
  1101    0.2861101291E-01
  1102   -0.2447429829E+01
  1103   -0.2292149964E+01
  1104   -0.3243241118E+01
  1105   -0.2219230468E+01
  1106    0.5123149320E+00
  1107    0.2193296080E+01
  1108    0.2182703640E+01
  1109   -0.1565248753E+01
  1110   -0.3504184569E+01
  1111    0.1385365698E+01
  1112    0.2278026456E+01
  1113    0.3219000774E+01
  1114    0.1490921641E+01
  1115   -0.2255547894E+01
  1116   -0.3146508664E+01
  1117   -0.2809100454E+00
  1118    0.1548466150E+01
  1119   -0.9953252613E+00
  1120   -0.1321558025E+01
  1121    0.1152471964E+01
  1122    0.3173786865E+01
  1123    0.1247506471E+01
  1124   -0.7778183529E+00
  1125   -0.1566884550E+01
  1126   -0.9350660178E+00
  1127    0.9523586582E-01
  1128   -0.9166569298E-01
  1129    0.5916766626E+00
  1130    0.1537010749E+01
  1131   -0.1097411186E+00
  1132   -0.1414340903E+01
  1133    0.6676754803E+00
  1134    0.1695194541E+01
  1135   -0.5383470163E+00
  1136   -0.2355464230E+01
  1137   -0.1165436216E+01
  1138    0.1557120999E+01
  1139    0.1296356810E+01
  1140   -0.1733524220E+01
  1141   -0.1952347843E+01
  1142    0.1472532877E+00
  1143    0.1527447050E+01
  1144    0.1650540713E+01
  1145    0.1259300167E+01
  1146   -0.1120325108E+01
  1147   -0.6203789249E+00
  1148    0.1333125492E+01
  1149    0.4734794646E+00
  1150   -0.1981096127E+01
  1151   -0.8791214160E+00
  1152    0.1454856275E+01
  1153   -0.8872251138E+00
  1154   -0.1647457693E+01
  1155    0.2295150622E+01
  1156    0.2223976161E+01
  1157   -0.1096263949E+01
  1158    0.8260993715E+00
  1159    0.1829395090E+01
  1160   -0.1006354090E+01
  1161   -0.2709248211E+01
  1162   -0.1854344841E+01
  1163    0.7954305234E+00
  1164    0.8592475194E+00
  1165   -0.1292572584E+01
  1166   -0.6615519641E+00
  1167    0.1015134415E+01
  1168    0.7328281120E+00
  1169    0.1063865674E+01
  1170    0.5560969749E+00
  1171   -0.9266701769E+00
  1172    0.4516787282E+00
  1173    0.5518813263E+00
  1174   -0.1273596224E+01
  1175   -0.2878435712E+00
  1176   -0.1836170332E+00
  1177   -0.1810566080E+01
  1178   -0.4294568041E+00
  1179    0.3152324788E+01
  1180    0.2839224195E+01
  1181    0.3509436935E-01
  1182   -0.2041262347E+01
  1183   -0.1224540041E+01
  1184    0.1058099182E+01
  1185    0.6534669251E+00
  1186   -0.1409862033E+01
  1187   -0.1229315985E+01
  1188    0.4146148908E+00
  1189   -0.1664231729E+00
  1190   -0.5342637685E+00
  1191    0.9970535812E+00
  1192    0.4675556424E+00
  1193   -0.1236506857E+01
  1194    0.2918707995E+00
  1195    0.1698543358E+01
  1196    0.1587879172E+00
  1197   -0.1272946648E+01
  1198   -0.8033601657E+00
  1199    0.2702983000E+00
  1200    0.6182315133E+00
  1201    0.1034364776E+01
  1202    0.6489336431E+00
  1203   -0.1642282641E+01
  1204   -0.2330131057E+01
  1205    0.6503390757E+00
  1206    0.2924149789E+01
  1207    0.1158747243E+01
  1208   -0.2427669621E+01
  1209   -0.2131170079E+01
  1210    0.7191510715E+00
  1211    0.1567304064E+01
  1212    0.8519751822E+00
  1213   -0.2865903227E+00
  1214   -0.1643290526E+01
  1215   -0.1500882229E+01
  1216    0.3344861076E+00
  1217    0.1733345161E+01
  1218    0.1504551033E+01
  1219    0.2215631597E+00
  1220   -0.1596502893E+01
  1221   -0.1955114813E+01
  1222    0.6461819298E+00
  1223    0.1977974084E+01
  1224    0.4242083840E-01
  1225   -0.1669802948E+01
  1226   -0.6610698758E+00
  1227    0.1476677383E+01
  1228    0.4785071311E+00
  1229   -0.3950830669E+00
  1230    0.5493143173E+00
  1231    0.4155293638E+00
  1232   -0.1311284706E+01
  1233   -0.1086460624E+01
  1234    0.2718521995E+00
  1235    0.7762071578E+00
  1236   -0.1209211825E+00
  1237   -0.8375691550E+00
  1238   -0.1975317162E+00
  1239    0.1476087058E+01
  1240    0.1137429701E+01
  1241   -0.8204681115E+00
  1242   -0.1304970415E+01
  1243    0.5060155071E+00
  1244    0.1476006139E+01
  1245   -0.6487727467E+00
  1246   -0.1461583470E+01
  1247    0.9346643769E-01
  1248    0.6539047513E+00
  1249   -0.9849402672E-01
  1250    0.3373745269E+00
  1251   -0.7535811127E+00
  1252   -0.7133678807E+00
  1253    0.1304742937E+01
  1254    0.7217066599E+00
  1255   -0.4461166869E+00
  1256   -0.5461107255E+00
  1257    0.2656187829E+00
  1258    0.5831328054E+00
  1259   -0.1493227903E+00
  1260   -0.3517922659E+00
  1261    0.1031170464E+00
  1262   -0.1034040802E-01
  1263   -0.6196610041E+00
  1264   -0.1039011313E+00
  1265    0.5577751765E+00
  1266    0.5013221497E+00
  1267    0.2391097971E+00
  1268   -0.3560029847E+00
  1269   -0.6365786882E+00
  1270    0.1729674930E+00
  1271    0.5180787366E+00
  1272   -0.2669604452E+00
  1273   -0.4819840153E+00
  1274    0.4085390288E+00
  1275    0.5135135601E+00
  1276   -0.6500019832E+00
  1277   -0.8582500455E+00
  1278    0.7194991563E+00
  1279    0.8066907737E+00
  1280   -0.3459432493E-01
  1281   -0.5309628287E+00
  1282   -0.2642020871E+00
  1283    0.5837470602E+00
  1284    0.5755724223E+00
  1285   -0.4956951920E+00
  1286   -0.9675238812E+00
  1287   -0.2669582388E+00
  1288    0.5445749560E+00
  1289    0.6553548893E+00
  1290    0.1944716904E+00
  1291   -0.1315984537E+00
  1292   -0.2518160650E+00
  1293   -0.3414288764E+00
  1294   -0.1381388214E+00
  1295    0.4073022043E+00
  1296    0.2244122362E+00
  1297   -0.2487973999E+00
  1298   -0.2926260473E-01
  1299    0.3019744970E+00
  1300    0.5195022906E-01
  1301   -0.2461163726E+00
  1302   -0.8047633374E-01
  1303    0.1821406118E+00
  1304    0.2344545024E+00
  1305    0.5431375208E-01
  1306   -0.2719290809E+00
  1307   -0.2868341202E+00
  1308    0.8303047528E-01
  1309    0.2060863799E+00
  1310    0.1369973922E-01
  1311    0.9879317668E-01
  1312    0.1945223762E-01
  1313   -0.2874789741E+00
  1314    0.3064396390E-01
  1315    0.3992563484E+00
  1316    0.1491876787E+00
  1317   -0.2473836037E+00
  1318   -0.2789257618E+00
  1319   -0.1407761432E-01
  1320    0.7207747714E-01
  1321    0.6842863988E-01
  1322    0.1230184863E+00
  1323    0.7855327288E-02
  1324   -0.1016341421E+00
  1325    0.4549912842E-01
  1326    0.7582307883E-01
  1327   -0.1306271302E+00
  1328   -0.3567582599E-01
  1329    0.1798612458E+00
  1330    0.1201796670E+00
  1331   -0.1457826470E+00
  1332   -0.2065014908E+00
  1333    0.1119691034E+00
  1334    0.2476570647E+00
  1335    0.1090711856E-01
  1336   -0.1232410982E+00
  1337   -0.1543162945E+00
  1338   -0.9035360713E-02
  1339    0.5732215666E-01
  1340    0.4989433929E-01
  1341   -0.8134421019E-02
  1342   -0.1174553250E+00
  1343    0.1653778083E-01
  1344    0.1963952386E+00
  1345    0.1028319120E+00
  1346   -0.1289788924E+00
  1347   -0.2300871864E+00
  1348   -0.5611122366E-01
  1349    0.1914971538E+00
  1350    0.2007100726E+00
  1351    0.4619736077E-02
  1352   -0.1373561813E+00
  1353   -0.1657409984E+00
  1354   -0.6924501449E-01
  1355    0.1131394268E+00
  1356    0.1117462176E+00
  1357    0.1873873947E-02
  1358   -0.1996715282E-01
  1359   -0.5318686201E-01
  1360   -0.1847921935E-01
  1361    0.6535426684E-01
  1362    0.2977798223E-01
  1363   -0.9539166884E-01
  1364   -0.1070813454E+00
  1365    0.2591517804E-01
  1366    0.6948960563E-01
  1367   -0.3182400182E-01
  1368   -0.3890418408E-01
  1369    0.7257059989E-01
  1370    0.6459681880E-01
  1371   -0.1418701317E-01
  1372   -0.3412172183E-01
  1373   -0.5378836085E-01
  1374   -0.1846438545E-01
  1375    0.3609732420E-01
  1376    0.8380126065E-02
  1377   -0.5274580533E-01
  1378   -0.8915230155E-01
  1379   -0.4228478730E-02
  1380    0.7964947078E-01
  1381    0.3489492735E-01
  1382   -0.8918293340E-02
  1383   -0.8762373409E-02
  1384   -0.2803996576E-01
  1385   -0.4630576217E-01
  1386   -0.6846906001E-02
  1387    0.2098586036E-01
  1388   -0.1939682962E-01
  1389   -0.4773822935E-01
  1390   -0.2528550859E-01
  1391    0.2344910527E-01
  1392    0.2588845802E-01
  1393   -0.2829699749E-01
  1394   -0.9700408920E-02
  1395    0.2999733001E-02
  1396    0.2028072922E-02
  1397    0.2028424086E-01
  1398    0.3425530128E-02
  1399   -0.4072440278E-01
  1400   -0.1964483334E-01
  1401    0.2474503658E-01
  1402    0.7787288932E-02
  1403   -0.2167323753E-01
  1404   -0.4400293464E-02
  1405    0.1986205071E-01
  1406   -0.1735098572E-01
  1407   -0.9914583299E-01
  1408    0.2364755916E-01
  1409    0.7649677820E-01
  1410    0.3433916798E-01
  1411   -0.2613803003E-01
  1412   -0.5285047497E-01
  1413   -0.3097786007E-01
  1414    0.2439131129E-01
  1415    0.4751320803E-01
  1416   -0.5752291241E-02
  1417   -0.6032105036E-01
  1418    0.1290103950E-01
  1419    0.5133765193E-01
  1420   -0.2513275446E-01
  1421   -0.2509743125E-01
  1422    0.3338113132E-02
  1423    0.2359231324E-01
  1424    0.1646656856E-01
  1425   -0.8650731906E-02
  1426    0.2302023312E-02
  1427   -0.7477403716E-02
  1428   -0.5659218613E-01
  1429    0.2204413635E-01
  1430    0.7276651675E-01
  1431    0.1466421138E-01
  1432   -0.1727451458E-01
  1433    0.1579444250E-01
  1434    0.5105262508E-01
  1435    0.5990187577E-01
  1436    0.4356993320E-01
  1437    0.1880481557E-01
  1438    0.5343649573E-02
  1439    0.1336235645E-02
  1440    0.3340795806E-03
  1441    0.8352120370E-04
  1442    0.2088038271E-04
  1443    0.5220100789E-05
  1444    0.1305025512E-05
  1445    0.3262564023E-06
  1446    0.8156409992E-07
  1447    0.2039102492E-07
  1448    0.5097761907E-08
  1449    0.1274435224E-08
  1450    0.3186109987E-09
  1451    0.7965664239E-10
  1452    0.1991296017E-10
  1453    0.4977795953E-11
  1454    0.1243727343E-11
  1455    0.3050892872E-12
  1456    0.7713274464E-13
  1457    0.2398081733E-13
  1458    0.1332267630E-14
  1459    0.1554312234E-14
  1460   -0.2109423747E-14
  1461   -0.3552713679E-14
  1462   -0.7771561172E-15
  1463    0.0000000000E+00
  1464    0.0000000000E+00
  1465    0.1332267630E-14
  1466    0.1443289932E-14
  1467   -0.3552713679E-14
  1468   -0.2664535259E-14
  1469    0.3774758284E-14
  1470    0.4440892099E-15
  1471   -0.3552713679E-14
  1472    0.1332267630E-14
  1473    0.1332267630E-14
  1474    0.1776356839E-14
  1475    0.6661338148E-14
  1476    0.0000000000E+00
  1477   -0.2553512957E-14
  1478    0.0000000000E+00
  1479   -0.3552713679E-14
  1480    0.0000000000E+00
  1481    0.0000000000E+00
  1482    0.2109423747E-14
  1483    0.1332267630E-14
  1484    0.1554312234E-14
  1485   -0.2664535259E-14
  1486   -0.3552713679E-14
  1487    0.1332267630E-14
  1488    0.2442490654E-14
  1489   -0.2220446049E-15
  1490   -0.3552713679E-14
  1491   -0.3552713679E-14
  1492    0.0000000000E+00
  1493    0.1998401444E-14
  1494    0.9992007222E-15
  1495    0.0000000000E+00
  1496    0.1998401444E-14
  1497    0.4440892099E-15
  1498    0.8881784197E-15
  1499    0.0000000000E+00
  1500    0.1293103448E+02
  1501    0.1293103448E+02
  1502    0.0000000000E+00
