    -1    0.0000000000E+00
     0   -0.1158229568E+02
     1   -0.3936047324E+02
     2    0.5858050493E+01
     3    0.3304465829E+01
     4    0.9682496406E+01
     5   -0.2313204624E+01
     6   -0.9954073834E+01
     7    0.6612000432E+01
     8   -0.1822223721E+02
     9    0.1878380394E+02
    10   -0.5193666305E+01
    11    0.9236435616E+01
    12    0.8866262851E+00
    13   -0.2101794047E+01
    14    0.5059255926E+01
    15    0.2998442153E+00
    16   -0.2667960794E+01
    17    0.3744496831E+01
    18   -0.2948891290E+01
    19    0.5427639357E+01
    20   -0.2854857602E+00
    21    0.1440547619E+01
    22    0.1081500283E+01
    23   -0.2975923016E+01
    24    0.4305538052E+01
    25   -0.8171497547E+01
    26    0.8697293707E+01
    27    0.1136039314E+01
    28   -0.6342453747E+01
    29    0.1010949997E+02
    30   -0.1184199298E+01
    31    0.6416966484E+01
    32   -0.2161965489E+01
    33   -0.1041054264E+02
    34    0.1750470039E+01
    35   -0.2255898239E+01
    36    0.3540821946E+01
    37    0.2144655627E+01
    38    0.2314931134E+01
    39    0.3176369265E+01
    40   -0.1095882576E+02
    41    0.5534384828E+00
    42    0.6532468925E+01
    43   -0.1118024586E+02
    44    0.1464355337E+02
    45    0.3438270630E+01
    46   -0.1038748019E+02
    47    0.3671865282E+01
    48   -0.4969868529E+01
    49    0.1129186265E+02
    50   -0.4292513864E+01
    51   -0.5665489291E+01
    52   -0.1035198515E+01
    53    0.1023894986E+02
    54   -0.1734075890E+01
    55   -0.8819621726E+01
    56   -0.1807327983E+01
    57    0.1364760278E+02
    58   -0.7635638374E+01
    59   -0.9781751346E+00
    60    0.6765229689E+01
    61   -0.3096903700E+01
    62   -0.5031004606E+01
    63    0.6481149878E+01
    64    0.3759142537E+01
    65   -0.5300385163E+01
    66   -0.8036280157E+00
    67   -0.1547949342E+01
    68    0.5989096082E+01
    69   -0.7996881879E+01
    70   -0.1669004729E+01
    71    0.2231653802E+01
    72    0.9216056848E+00
    73    0.5687066995E+01
    74   -0.4136773113E+01
    75   -0.9683104125E-01
    76   -0.2359128948E+00
    77    0.4970835524E+01
    78   -0.5535459800E+01
    79    0.6677767849E+01
    80   -0.7723579104E+01
    81    0.8392610550E+00
    82    0.1038075307E+02
    83   -0.1112805650E+02
    84   -0.6554475777E+01
    85    0.6037113868E+01
    86    0.8952111144E+01
    87   -0.3990628748E+01
    88   -0.3949532301E+01
    89    0.1964832141E+01
    90   -0.1824003487E+01
    91    0.6194436244E+01
    92    0.2407212574E+00
    93   -0.2640212041E+01
    94   -0.6281143807E+01
    95   -0.3193200061E+01
    96    0.1198643258E+02
    97    0.9638051179E-01
    98   -0.7241815240E+01
    99   -0.8241844124E+00
   100    0.1089727924E+01
   101    0.5346485158E+00
   102    0.6135047819E+01
   103   -0.2682801790E+01
   104   -0.6565483410E+00
   105    0.5635738138E+01
   106   -0.2906880644E+01
   107   -0.7897115250E+01
   108   -0.2319535083E+01
   109    0.3584910178E+01
   110    0.7159334121E+01
   111   -0.9145994439E+01
   112    0.3121283261E+01
   113   -0.5450145053E+01
   114    0.1136511086E+02
   115   -0.6362876202E+01
   116   -0.6413769834E+01
   117    0.3945229204E+01
   118    0.2614827765E+01
   119    0.8819649278E+01
   120   -0.1188921361E+02
   121    0.1005203200E+02
   122   -0.1191805682E+02
   123    0.4568576692E+01
   124   -0.3336968743E+01
   125   -0.3274396566E+01
   126    0.7928588590E+01
   127   -0.5286544396E+01
   128    0.5615654441E+01
   129   -0.7785456461E+01
   130   -0.8211053292E+01
   131    0.1326195186E+02
   132   -0.9167947000E+01
   133    0.1552742505E-01
   134    0.2952659214E+01
   135    0.1092790078E+02
   136   -0.8134918483E+01
   137   -0.1699848167E+02
   138    0.1037417240E+02
   139    0.1155017741E+02
   140   -0.1421197588E+02
   141    0.1007044492E+02
   142   -0.6669619122E+01
   143   -0.7382022305E+01
   144   -0.5601730382E-02
   145    0.1538433755E+01
   146   -0.8802133182E+01
   147    0.1163019748E+02
   148   -0.3122887935E+01
   149    0.1502381485E+01
   150   -0.1218848406E+02
   151   -0.1147324450E+01
   152    0.5610451522E+01
   153    0.1824773476E+01
   154   -0.4227583587E+01
   155   -0.6266977393E+01
   156    0.1033681448E+02
   157    0.5614964300E+01
   158   -0.1479303240E+02
   159   -0.1207703094E+02
   160    0.2494616979E+02
   161   -0.2147476461E+02
   162   -0.1092369283E+01
   163    0.7957285216E+01
   164   -0.3502024985E+01
   165    0.8597588488E+01
   166    0.5324047576E+01
   167   -0.4470855496E+01
   168    0.2254227246E+01
   169   -0.6817766092E-01
   170    0.7369001355E+00
   171    0.6138737705E+01
   172    0.1205371696E+01
   173   -0.1349366270E+02
   174    0.2075362262E+02
   175   -0.1418263956E+02
   176    0.8358330586E+01
   177   -0.4957980050E+01
   178    0.3530312756E+01
   179    0.9806998839E+01
   180   -0.1501629899E+02
   181    0.1056365239E+01
   182    0.6004401084E+01
   183    0.6968400458E+01
   184    0.1324628740E+01
   185   -0.1068945193E+02
   186    0.1131173667E+02
   187    0.4232370496E+01
   188   -0.3296402391E+01
   189   -0.1794623815E+01
   190    0.5766656779E+01
   191    0.1827836676E+00
   192   -0.3570247324E+01
   193   -0.2820247197E+01
   194    0.2993749796E+01
   195   -0.2544631320E+00
   196   -0.5683624037E+00
   197   -0.3333667569E-01
   198    0.6974120782E+00
   199    0.2946551863E+01
   200   -0.2044854476E+01
   201   -0.9056591831E+01
   202    0.1080110782E+02
   203   -0.5531949151E+01
   204    0.1094542963E+02
   205   -0.4333621030E+01
   206   -0.4911593895E+01
   207   -0.3164969023E+01
   208    0.2042651744E+01
   209    0.1182828040E+02
   210   -0.6694043767E+01
   211    0.3691970165E+01
   212   -0.4676435958E+01
   213    0.8539802809E+00
   214   -0.2596869037E+01
   215    0.4538974273E+01
   216    0.8091490942E+01
   217   -0.1086772361E+02
   218    0.1714531907E+01
   219   -0.7226308446E+01
   220    0.9405513055E+01
   221    0.1535169569E+01
   222   -0.2128263300E+00
   223    0.7603971109E+01
   224   -0.7904484865E+01
   225   -0.6787079736E+01
   226    0.9682750791E+01
   227   -0.3375378511E+01
   228   -0.3221898930E+01
   229    0.2491220984E+01
   230    0.3048759984E+00
   231   -0.8397045525E+01
   232    0.1130001608E+02
   233    0.4824570914E+01
   234   -0.7371795861E+01
   235   -0.1532063293E-01
   236   -0.2183124344E+01
   237    0.7939752471E+01
   238   -0.4459575738E+01
   239   -0.4049348130E+01
   240    0.9096449250E+00
   241   -0.3161122850E+01
   242    0.7242596874E+01
   243    0.4119571115E+01
   244   -0.2432906763E+01
   245   -0.4058830857E+01
   246   -0.4621320238E+01
   247    0.8843804402E+01
   248   -0.5475512389E+00
   249   -0.7072273497E+01
   250    0.5083035936E+01
   251    0.2716885054E+01
   252   -0.2395396367E+00
   253   -0.3988287371E+01
   254   -0.7957673934E+01
   255    0.1065536385E+02
   256    0.6820239326E+01
   257   -0.6472117380E+01
   258   -0.4428207584E+01
   259    0.1703582371E+01
   260    0.6505684608E+01
   261   -0.2404069004E+01
   262   -0.9450104643E+01
   263    0.2319534969E+01
   264    0.9720662874E+00
   265   -0.1483466847E+01
   266    0.1877521951E+01
   267    0.3062167051E+01
   268   -0.5473789264E+01
   269    0.2387985762E+01
   270    0.1633688096E+01
   271   -0.4539678757E+01
   272    0.4412992826E+01
   273   -0.3082850311E+01
   274    0.8748490870E+01
   275   -0.1445085871E+02
   276    0.5888112583E+01
   277    0.2668321802E+01
   278   -0.1164336290E+02
   279    0.1335608607E+02
   280    0.6952267419E+00
   281   -0.6617130949E+01
   282   -0.9292976657E+00
   283    0.3387233627E+01
   284    0.2584944982E+01
   285   -0.2286323942E+01
   286   -0.4328435790E+01
   287    0.5925697627E+01
   288   -0.2916014340E+01
   289    0.5761181054E+01
   290   -0.2417015579E+01
   291   -0.1277261215E+02
   292   -0.6730482057E+00
   293    0.1546649109E+02
   294   -0.2701902323E+01
   295   -0.1324762921E+02
   296    0.4073336005E+01
   297    0.3270345635E-01
   298    0.7760179133E+01
   299   -0.3524698192E+01
   300   -0.2146501933E+01
   301   -0.9425591546E+01
   302    0.7716129353E+01
   303   -0.3255016859E+01
   304    0.1396640963E+02
   305   -0.1027063157E+02
   306   -0.1109066897E+02
   307    0.1926536550E+02
   308    0.1206719919E+01
   309   -0.1867078237E+02
   310    0.3089306825E+01
   311    0.3836547877E+01
   312   -0.5249091380E+01
   313   -0.1146542723E+02
   314    0.2053473318E+02
   315   -0.9225347047E+01
   316    0.5165428899E+01
   317    0.2339161290E+01
   318   -0.1373638379E+02
   319   -0.9656195386E+01
   320   -0.1068297749E+02
   321    0.2030328241E+02
   322    0.1970418691E+00
   323   -0.1617182869E+01
   324    0.1887158600E+01
   325   -0.1022319703E+02
   326   -0.1034847237E+02
   327   -0.2885931143E+01
   328    0.3196065520E+01
   329    0.1706047281E+02
   330    0.3141995178E+01
   331   -0.1845460236E+01
   332   -0.1453946286E+02
   333    0.1183319409E+02
   334   -0.3007754338E+01
   335    0.1161276944E+02
   336   -0.1626649191E+02
   337    0.7164275065E+01
   338    0.1951706221E+02
   339   -0.1224316276E+02
   340   -0.9990799356E+00
   341   -0.4009664833E+01
   342   -0.1115844326E+02
   343    0.4037406666E+01
   344    0.1527987669E+02
   345   -0.9085570924E+01
   346   -0.1194434363E+02
   347    0.3326042409E+01
   348    0.1269766019E+02
   349    0.1474685244E+02
   350   -0.2319975357E+02
   351    0.9359494109E+01
   352    0.1497627924E+02
   353   -0.9797556437E+01
   354    0.1866364882E+01
   355    0.1252579933E+02
   356   -0.5107123898E+01
   357    0.2350622800E+01
   358   -0.8086201912E+01
   359    0.1991763420E+01
   360    0.1138848829E+01
   361    0.3560888761E+01
   362   -0.1058453727E+01
   363   -0.9146702221E+01
   364    0.1767277510E+02
   365   -0.1125945604E+02
   366    0.1222191386E+01
   367    0.1768108114E+01
   368    0.3042910543E+01
   369    0.2585221628E+01
   370   -0.3921502813E+01
   371    0.7619307679E+01
   372   -0.8823871307E+01
   373   -0.6522580351E+01
   374    0.1258227050E+02
   375   -0.4090111520E+01
   376   -0.8488890462E+00
   377    0.5143813186E+01
   378    0.1757099350E+01
   379   -0.4972915452E+01
   380   -0.1316937721E+01
   381   -0.6772786877E+01
   382    0.1390246772E+02
   383   -0.8600752862E+01
   384   -0.4207728375E+01
   385    0.1029313392E+02
   386    0.8382732966E+01
   387   -0.5683272037E+01
   388    0.3164307847E+01
   389   -0.1149891543E+02
   390    0.9433996116E+00
   391   -0.2187463196E+00
   392    0.7054393550E+01
   393   -0.5306226607E+01
   394    0.6837397618E+01
   395   -0.3097309756E+01
   396    0.4542870829E+01
   397   -0.1077412583E+02
   398    0.7012590655E+01
   399    0.5793278797E+01
   400   -0.8272360564E+01
   401   -0.4206914741E+01
   402    0.6112829793E+01
   403   -0.6470842343E+01
   404    0.2747076289E+01
   405   -0.8486894700E+00
   406    0.5861718038E+01
   407    0.4334974462E+01
   408   -0.1421514658E+02
   409    0.8915581919E+01
   410    0.4142530134E+00
   411   -0.4140475054E+01
   412    0.3418744892E+01
   413   -0.4610056743E+01
   414    0.5987514667E+01
   415    0.5025881641E+01
   416   -0.6012826434E+00
   417   -0.7744549835E+01
   418   -0.9359664294E+01
   419    0.9803575861E+01
   420    0.3426163549E+01
   421    0.2125099371E+01
   422   -0.8380999776E+01
   423    0.2690036976E+01
   424    0.1199126390E+01
   425    0.2369399784E+01
   426    0.4815735444E+01
   427   -0.1061127082E+02
   428   -0.1664838542E+01
   429    0.3480980682E+01
   430    0.7905641678E+01
   431   -0.3308367749E+01
   432   -0.1520067882E+01
   433    0.1016225142E+00
   434   -0.4104106527E+01
   435   -0.7470695107E+00
   436    0.1599194859E+01
   437    0.3764549157E+01
   438   -0.7777580348E+01
   439    0.1535375417E+01
   440    0.3049464955E+01
   441    0.1004933510E+02
   442   -0.1233067482E+02
   443   -0.6485166024E+01
   444    0.5514046838E+01
   445    0.3086219354E+01
   446    0.5495349871E+01
   447    0.6521577344E+00
   448   -0.7466723702E+01
   449   -0.6656101497E+01
   450    0.7902174111E+01
   451   -0.6215042346E+01
   452   -0.8589496726E+00
   453    0.4904657009E+01
   454   -0.1745209375E+00
   455   -0.1014887842E+01
   456    0.1458718186E+02
   457   -0.1305517187E+02
   458    0.2796893588E+01
   459   -0.6916429071E+01
   460   -0.6370948074E+01
   461    0.3902259730E+01
   462   -0.6228243453E+00
   463    0.5656607161E+01
   464    0.7650987658E+01
   465   -0.2213587531E+01
   466   -0.2309924562E+02
   467    0.1216347732E+02
   468    0.5368379887E+01
   469   -0.3610349001E+01
   470    0.1472961032E-01
   471   -0.1301369055E+02
   472    0.1307613920E+02
   473   -0.1128904656E+02
   474    0.1488353448E+02
   475    0.2730741371E+01
   476   -0.2299477733E+02
   477    0.7862283379E+01
   478   -0.3915183578E+00
   479    0.3982219534E+00
   480    0.9764558512E+01
   481   -0.8238073554E+01
   482   -0.3873736585E+01
   483    0.7730767654E+01
   484   -0.7905477635E+01
   485    0.7820188030E+01
   486   -0.1384871792E+02
   487    0.1467633760E+01
   488    0.8446463794E+01
   489   -0.2450963652E+01
   490   -0.1123296517E+02
   491    0.7635000872E+01
   492   -0.3560026545E+01
   493   -0.1612659350E+02
   494    0.2146007025E+02
   495   -0.1941016729E+02
   496   -0.4701701061E+01
   497    0.1930494119E+02
   498   -0.5713764800E+01
   499   -0.9009299713E+01
   500    0.1262588595E+02
   501   -0.1208013316E+02
   502    0.3219689935E+01
   503    0.8382594058E+01
   504   -0.2783953592E+01
   505    0.6260368166E+00
   506    0.2893135903E+01
   507    0.2885698346E+01
   508   -0.9912640406E-02
   509   -0.4148748407E+01
   510   -0.1149437813E+01
   511   -0.2578894430E+00
   512    0.2555558641E+01
   513    0.2337687058E+01
   514    0.6330992818E+01
   515    0.4638647596E+01
   516   -0.5589222195E+01
   517    0.1282948726E+01
   518   -0.5674286430E+00
   519    0.1552246630E+01
   520    0.5810349433E+01
   521   -0.6474852489E+01
   522   -0.6801649421E+01
   523    0.1890800615E+02
   524   -0.8087473409E+01
   525   -0.5344909192E+01
   526    0.1450778361E+02
   527   -0.4883086892E+01
   528   -0.1019538981E+02
   529    0.7734824073E+01
   530    0.9704138763E+01
   531   -0.4450037065E+01
   532   -0.5757722462E+01
   533    0.5045540545E+01
   534   -0.2722349970E+01
   535    0.5160645302E+01
   536   -0.1044712070E+02
   537    0.8872458794E+01
   538   -0.8892398016E+01
   539    0.1425155483E+02
   540   -0.4505738607E+01
   541    0.2102543133E+01
   542   -0.4017536136E+00
   543    0.4117634875E+01
   544   -0.3471009981E+01
   545   -0.1319273651E+00
   546   -0.3447786119E+01
   547    0.1982275248E+01
   548    0.1119162565E+01
   549   -0.2565539662E+01
   550    0.7973942827E+01
   551   -0.4250781795E+01
   552   -0.2499129862E+01
   553   -0.5768155107E+01
   554    0.1071333415E+02
   555   -0.2776976448E+01
   556    0.4600202881E+01
   557   -0.4227108802E+00
   558    0.1515766451E+01
   559   -0.2693555371E+01
   560   -0.1795599979E+01
   561    0.3542289257E+01
   562   -0.5072323902E+01
   563   -0.2150471264E+01
   564    0.2847318464E+01
   565    0.1333913914E+01
   566   -0.1178573635E+00
   567    0.1492984592E+01
   568   -0.3679260496E+01
   569    0.2967777623E+01
   570    0.2758484800E+01
   571    0.4910627018E+00
   572   -0.5072408401E+01
   573    0.1752140610E+01
   574    0.2668465107E+01
   575   -0.4551046894E+01
   576    0.3716798450E+01
   577   -0.3162190450E+00
   578   -0.1065078741E+01
   579    0.1415533659E+01
   580   -0.3288629345E+01
   581    0.3545729894E+00
   582   -0.6243668192E+01
   583    0.7343016559E+01
   584    0.2664373434E+00
   585    0.6342993925E+00
   586    0.5917249617E+01
   587   -0.6178479945E+01
   588   -0.1039390237E+01
   589   -0.2607540696E+01
   590    0.1012578859E+02
   591   -0.1089048202E+02
   592   -0.1743257994E+01
   593    0.4734585653E+01
   594    0.2475182262E+01
   595    0.5310508677E+00
   596    0.2291521471E+01
   597    0.2833780300E+01
   598    0.2588173142E+00
   599   -0.2385598267E+01
   600   -0.3370901344E+00
   601   -0.9421538200E+01
   602   -0.1805460967E+01
   603    0.3540167073E+01
   604    0.8071723118E+01
   605   -0.7514158045E+01
   606   -0.2219135025E+01
   607    0.4696789062E+01
   608   -0.1230970563E+01
   609   -0.4033364801E+01
   610   -0.1932648924E+01
   611    0.7489581285E+01
   612    0.2161664161E+01
   613   -0.1178878069E+01
   614   -0.4039514024E+01
   615   -0.1792673240E+00
   616   -0.1150493726E+01
   617    0.4275278208E+01
   618    0.1110304044E+01
   619   -0.1459825325E+01
   620   -0.1350640522E+02
   621    0.1527859121E+02
   622   -0.8963521575E+01
   623    0.7437929380E+01
   624    0.1619632745E+01
   625   -0.5214081141E+01
   626    0.5906584274E+01
   627   -0.4129047413E+01
   628    0.2240792476E+01
   629   -0.2831649318E+01
   630    0.1287301132E+01
   631   -0.2480683364E+01
   632   -0.6539562745E+01
   633   -0.9275365516E+01
   634    0.4062846689E+01
   635    0.6722495435E+00
   636    0.4772637526E+01
   637   -0.3685672619E+00
   638    0.1827191312E+00
   639   -0.7803586230E+01
   640    0.1029376000E+02
   641   -0.1849726369E+01
   642   -0.4233404974E+01
   643    0.3360568184E+01
   644   -0.6822588720E+01
   645   -0.9025380140E+01
   646    0.1246708444E+02
   647   -0.7255613820E+01
   648    0.4106805659E+00
   649   -0.1853312801E+01
   650    0.9816297079E+00
   651    0.3119481505E+00
   652   -0.2159902680E+02
   653    0.1125868542E+02
   654    0.1139924140E+02
   655    0.9727429844E+01
   656   -0.1384874803E+01
   657   -0.1801009854E+02
   658    0.6794436720E+01
   659   -0.2118651375E+01
   660    0.4996436788E+01
   661    0.6446547116E+01
   662   -0.2669677165E+02
   663    0.8539550620E+01
   664    0.3534005633E+01
   665   -0.3625109085E+01
   666    0.1010458529E+01
   667    0.9292216314E+01
   668   -0.2108064844E+02
   669    0.2638745691E+02
   670   -0.3166759896E+01
   671   -0.2961095363E+01
   672    0.5199290599E+01
   673   -0.1185842512E+02
   674   -0.8553541804E+01
   675    0.1985811471E+02
   676    0.3691038693E+00
   677   -0.3032034479E+01
   678    0.6507566490E+01
   679   -0.1604704382E+02
   680    0.1770610809E+02
   681   -0.1181424010E+02
   682    0.7975081416E+01
   683    0.2442129478E+01
   684   -0.2845729711E+01
   685    0.2672417490E+01
   686   -0.6368752339E+01
   687   -0.8294549369E+01
   688    0.1018991571E+02
   689    0.1609815276E+02
   690   -0.1008731636E+02
   691   -0.5359378384E+01
   692    0.3987775562E+01
   693    0.2443940149E+01
   694   -0.1627168414E+01
   695    0.8068891425E+00
   696   -0.5699134150E+01
   697    0.5155928111E+01
   698    0.1029451278E+02
   699   -0.2372921646E+01
   700   -0.4842287169E+01
   701   -0.1149252052E+02
   702    0.1904063289E+02
   703   -0.9112282969E+01
   704    0.1155702948E+02
   705   -0.1396915517E+02
   706   -0.2633009342E+01
   707    0.8436104120E+01
   708    0.1451129424E+01
   709   -0.5112886363E-01
   710   -0.4239102370E+00
   711   -0.3350258011E+00
   712   -0.4990854867E+01
   713    0.7253199302E+01
   714   -0.4460125045E+01
   715    0.1115828545E+01
   716    0.5975151563E+01
   717   -0.1097099951E+01
   718    0.2215301274E+01
   719    0.1401155154E+01
   720   -0.3716617478E+01
   721   -0.3889148637E+01
   722    0.1382829055E+01
   723    0.1001132378E+01
   724    0.5022356842E+01
   725   -0.3558609673E+01
   726    0.1189033231E+01
   727   -0.3394408910E+01
   728    0.4337173298E+01
   729    0.6105465309E+00
   730    0.1426371783E+01
   731   -0.5767406513E+01
   732   -0.1646922567E+01
   733    0.8284685674E+01
   734   -0.1525689268E+02
   735    0.6741962291E+01
   736    0.8023868578E+01
   737   -0.3861915099E+01
   738    0.2651761600E+01
   739   -0.3726504635E+01
   740    0.7715991722E+01
   741   -0.9121359157E+01
   742    0.6558118922E+00
   743    0.6047576797E+00
   744   -0.2340551163E+01
   745    0.6651190757E+01
   746   -0.3078808679E+01
   747   -0.6689815823E+00
   748   -0.8371525805E+01
   749    0.7059614717E+01
   750   -0.1098399761E+01
   751    0.5302810801E+01
   752    0.9453520405E+01
   753   -0.6963195470E+01
   754   -0.3983171200E+01
   755   -0.2150147555E+01
   756   -0.4244580748E+00
   757    0.4004926156E+00
   758    0.4690066868E+01
   759    0.1558917287E+01
   760   -0.9834179918E+01
   761    0.4765500985E+01
   762   -0.4266770491E+01
   763    0.1249037696E+02
   764   -0.1244817383E+02
   765   -0.7561320406E+00
   766    0.5739287945E+01
   767    0.3874421785E+01
   768    0.9280151971E+00
   769   -0.8420106423E+01
   770   -0.3654553619E+00
   771    0.5114054235E+00
   772   -0.7056617108E+01
   773    0.5386793697E+01
   774    0.3214682128E+01
   775    0.7555591052E+01
   776   -0.9868048400E+01
   777    0.1385259217E+01
   778    0.1711269174E+01
   779   -0.2728247827E+01
   780   -0.1032379671E+02
   781    0.1624040589E+02
   782   -0.7804925149E+01
   783   -0.1703659183E+01
   784   -0.5842481599E+01
   785    0.2052742324E+01
   786   -0.2870325379E+01
   787    0.1098652087E+02
   788    0.8109296236E+01
   789   -0.1423804762E+02
   790   -0.5470858270E+01
   791    0.4952983902E+01
   792   -0.6026240081E+01
   793   -0.3955148055E+01
   794    0.1294518782E+02
   795   -0.8554622753E+01
   796    0.1247329571E+02
   797   -0.1034711496E+02
   798    0.7781021874E+00
   799    0.6677307871E+01
   800   -0.1508378601E+01
   801   -0.8279438944E+01
   802    0.1386819765E+01
   803   -0.4137959676E+00
   804   -0.4446548168E+01
   805    0.1439951065E+02
   806   -0.1989709909E+01
   807   -0.3533569323E+00
   808   -0.1521095182E+02
   809    0.3799884053E+01
   810   -0.9131626042E+01
   811    0.1539478789E+02
   812   -0.3263815530E+01
   813   -0.9670600542E+01
   814    0.1053321388E+02
   815   -0.9406578687E+01
   816    0.8394618904E+01
   817   -0.2805856519E+01
   818    0.4612351073E+01
   819   -0.9084160630E+01
   820    0.8871879657E+01
   821    0.8712202074E+00
   822   -0.1017190768E+02
   823    0.1536359617E+02
   824   -0.3824658534E-02
   825   -0.6983171542E-01
   826   -0.4604868715E+01
   827   -0.6721028799E+01
   828    0.2631709793E+01
   829    0.1168720049E+02
   830   -0.1446475796E+02
   831    0.9763596181E-01
   832    0.7991752060E+01
   833   -0.4033647964E+01
   834   -0.2333715983E+01
   835   -0.2802578085E+01
   836    0.5777433937E+01
   837   -0.5666659882E+01
   838    0.4056614839E+01
   839   -0.7380174684E+01
   840    0.1073021396E+02
   841   -0.1280947436E+02
   842    0.1260813110E+02
   843    0.1086964974E+02
   844   -0.1549985992E+01
   845   -0.6764943498E+01
   846   -0.3882548788E+00
   847   -0.9169064827E+01
   848    0.1245306905E+02
   849   -0.1772603307E+02
   850    0.7239476128E+01
   851    0.1288757682E+02
   852   -0.9482257473E+00
   853    0.5583709104E+01
   854   -0.7740351893E+01
   855    0.6354111363E+01
   856    0.2073615450E+01
   857   -0.2026062979E+02
   858    0.7404712166E+01
   859    0.8095540745E+01
   860   -0.5919781402E+01
   861    0.3511330285E+01
   862    0.3175829944E-01
   863   -0.1453481629E+02
   864    0.1853530417E+02
   865   -0.2235621802E+01
   866   -0.2391104714E+01
   867    0.2497820666E+01
   868   -0.8120185364E+00
   869   -0.2314166009E+01
   870    0.4062487340E+01
   871   -0.1234567808E+01
   872   -0.2151299783E+01
   873   -0.2073768466E+01
   874   -0.5673314444E+01
   875    0.1156190745E+02
   876    0.2637595338E+00
   877    0.2010969025E+01
   878   -0.4486678534E+01
   879   -0.8283293594E+00
   880   -0.1072861500E+01
   881   -0.1959437376E+01
   882    0.9388334993E+01
   883   -0.9218364681E+01
   884    0.2349965934E+01
   885    0.1886231685E+01
   886   -0.1584297896E+01
   887    0.4477048449E+01
   888   -0.2483622462E+00
   889   -0.2247480701E+01
   890    0.3153895922E+01
   891   -0.4373880214E+01
   892    0.1528925344E+01
   893   -0.3581790508E+01
   894    0.3429023061E+01
   895    0.2631935972E+01
   896   -0.2998721730E+01
   897   -0.1089643354E+02
   898    0.1433772236E+02
   899    0.3135904053E+01
   900   -0.6406872198E+01
   901   -0.6114583326E+00
   902    0.1900048657E+01
   903    0.9563631307E+00
   904    0.6589446671E+00
   905   -0.5490140653E+01
   906    0.5494818090E+01
   907   -0.3473955551E+01
   908   -0.3619032283E+01
   909    0.6047578162E+01
   910    0.4874711023E+01
   911   -0.6204838324E+01
   912   -0.5427622332E+01
   913    0.2046466503E+01
   914    0.2610057881E+00
   915    0.2632647994E+01
   916    0.1610193327E+01
   917   -0.9543310314E+01
   918    0.9113871424E+01
   919   -0.8133349742E+01
   920    0.8702662519E+01
   921   -0.9726487542E+00
   922   -0.1311668357E+01
   923    0.2622934586E+01
   924   -0.1802116607E+01
   925   -0.6387745777E+01
   926    0.5941332074E+01
   927   -0.2175417116E+01
   928   -0.3224920378E+01
   929    0.1794756562E+01
   930    0.8559653692E+01
   931    0.1487148624E+01
   932   -0.4754289776E+01
   933   -0.1676657781E+01
   934   -0.6185583066E+01
   935    0.5107876341E+01
   936    0.1090788105E+01
   937    0.7659215199E+00
   938   -0.5673750603E+00
   939   -0.8504220828E+01
   940    0.6427226778E+00
   941    0.3416569732E+01
   942    0.5949146348E+01
   943   -0.5033909578E+01
   944    0.2679368160E-01
   945    0.5253795918E+01
   946   -0.8730039544E+01
   947    0.1135367164E+01
   948    0.1919544478E+00
   949    0.4171397596E+01
   950   -0.3737430824E+01
   951   -0.2150744333E+01
   952    0.4270689074E+01
   953   -0.2423766972E+01
   954    0.2833013735E+01
   955   -0.4257011440E+01
   956   -0.1013939981E+01
   957    0.5824016782E+01
   958    0.2020959283E+00
   959   -0.2489261064E+01
   960   -0.1545611906E+01
   961   -0.4993637046E+01
   962   -0.1254175530E+01
   963    0.9107651655E+01
   964    0.2158217537E+00
   965    0.9030033644E+00
   966   -0.4481968799E+01
   967    0.4696842750E+00
   968    0.5237196793E+01
   969   -0.6282623500E+01
   970    0.7093353477E+00
   971    0.1771717316E+01
   972   -0.6671902665E+01
   973    0.5007179872E+01
   974    0.6925787407E+01
   975   -0.5421502686E+01
   976    0.1616689416E+01
   977   -0.9250587361E+00
   978    0.2469305206E+01
   979   -0.9778046107E-01
   980   -0.3672984447E+00
   981   -0.8962822672E+00
   982   -0.3189390657E+01
   983   -0.5117911645E-01
   984    0.3388729992E+00
   985    0.2351961141E+01
   986   -0.8183951843E+00
   987   -0.1052834212E+01
   988   -0.3480483173E-01
   989    0.9647974981E+00
   990    0.1275298698E+01
   991   -0.9945666062E+00
   992    0.3284491466E+00
   993   -0.1100753587E+00
   994   -0.2979218653E+01
   995   -0.2120910466E+01
   996    0.1623076960E+01
   997    0.2112505436E+01
   998    0.7060325879E+00
   999    0.3057725519E+00
  1000    0.4238468473E+00
  1001   -0.6852845014E+00
  1002   -0.2431352211E+01
  1003   -0.3537120254E+01
  1004   -0.2576431963E+01
  1005    0.4519844022E+01
  1006   -0.9314229714E+00
  1007    0.3465609004E+01
  1008    0.3456452100E+00
  1009   -0.1927813916E+01
  1010   -0.2272014783E+01
  1011    0.3845071218E+01
  1012    0.1605204081E+01
  1013    0.1161987215E+01
  1014   -0.2481313922E+01
  1015   -0.9539363242E+00
  1016   -0.6572553600E+00
  1017    0.2466368715E+01
  1018    0.1251967092E+01
  1019   -0.7694795732E+00
  1020   -0.1290104721E+01
  1021    0.6427897141E+00
  1022    0.1118684310E+01
  1023    0.7867432105E+00
  1024    0.6913406243E+00
  1025   -0.5141640391E-01
  1026   -0.1284958530E+01
  1027   -0.2598034408E+00
  1028    0.1339259145E+01
  1029    0.1037819067E+01
  1030   -0.5783989133E-01
  1031   -0.2376369952E+00
  1032   -0.1063533139E+01
  1033   -0.2126219695E+01
  1034   -0.2328686246E+01
  1035    0.3465798594E+00
  1036    0.1071980110E+00
  1037   -0.8427465635E+00
  1038    0.2022100045E+01
  1039    0.1141892678E+01
  1040    0.7835367743E+00
  1041    0.8367585324E+00
  1042    0.7345757990E+00
  1043    0.6552918564E+00
  1044    0.3360635938E+00
  1045   -0.2915189490E-01
  1046   -0.1108060587E+01
  1047   -0.1690708906E+01
  1048   -0.1879791813E+01
  1049    0.2224906459E+00
  1050    0.2882508280E+01
  1051    0.2547556776E+01
  1052   -0.4874336853E+00
  1053   -0.3225478836E+01
  1054   -0.4949350173E-01
  1055    0.2122328182E+01
  1056    0.9052433683E+00
  1057    0.1111650512E+01
  1058    0.9498616282E-02
  1059   -0.2258837891E+00
  1060    0.1331419906E+01
  1061    0.3639100209E+00
  1062   -0.2232540054E+01
  1063   -0.1862477960E+01
  1064   -0.1685134042E+01
  1065   -0.1041841072E+01
  1066    0.2188711821E+00
  1067    0.1107389693E+01
  1068    0.1452969126E+01
  1069    0.1214917642E+01
  1070    0.2877472851E+00
  1071   -0.6359185997E+00
  1072    0.3251949506E+00
  1073    0.1719488998E+01
  1074    0.1034987694E+00
  1075    0.8905248984E+00
  1076   -0.1952201903E-01
  1077   -0.8962148281E+00
  1078   -0.2017486959E+00
  1079   -0.4489415711E+00
  1080   -0.1762086601E+01
  1081   -0.1950870800E+01
  1082    0.6002927990E+00
  1083    0.1431269816E+01
  1084    0.9452621734E+00
  1085   -0.3500383482E+00
  1086   -0.1210573857E+01
  1087   -0.1791420804E+01
  1088   -0.3868740495E+00
  1089   -0.2506036421E+00
  1090    0.1033692030E+01
  1091    0.1858799510E+01
  1092    0.6257708746E+00
  1093    0.2863123220E+00
  1094    0.5033653945E+00
  1095    0.8796613136E+00
  1096   -0.1900957821E+01
  1097   -0.3312704644E+01
  1098   -0.1574930726E+01
  1099   -0.7667207879E-02
  1100    0.3563967552E+00
  1101    0.2241004853E+01
  1102    0.2390059269E+01
  1103    0.1037622662E+01
  1104   -0.9338851210E+00
  1105   -0.1727059183E+01
  1106   -0.6758187857E+00
  1107    0.8018237594E-01
  1108    0.1521794051E+00
  1109   -0.3253388805E+00
  1110   -0.1405633191E+01
  1111   -0.1883794475E+01
  1112    0.8040557285E-01
  1113    0.2094753388E+01
  1114    0.1807632677E+01
  1115    0.1159897699E+01
  1116    0.6474472412E+00
  1117    0.8970125743E-01
  1118   -0.1208701162E+01
  1119   -0.1708242791E+01
  1120   -0.5267184894E+00
  1121   -0.2985766594E+00
  1122   -0.4250977141E+00
  1123    0.7865840342E+00
  1124    0.1547168565E+01
  1125    0.1351272497E+01
  1126    0.5945335922E-01
  1127   -0.1803970024E+01
  1128   -0.7731170071E+00
  1129    0.1258061003E+01
  1130    0.1830667597E+01
  1131    0.9375316693E+00
  1132   -0.8329830939E+00
  1133   -0.2147946773E+01
  1134   -0.2698533260E+01
  1135   -0.6105076373E+00
  1136    0.2627274685E+01
  1137    0.2922679502E+01
  1138    0.3396732011E+00
  1139   -0.7879952454E+00
  1140   -0.3498935096E+00
  1141   -0.8110662543E+00
  1142   -0.8464768344E+00
  1143   -0.7553091851E+00
  1144   -0.4431377442E-01
  1145    0.8600579763E+00
  1146    0.7199612067E+00
  1147   -0.2217626006E+00
  1148   -0.6377765676E+00
  1149   -0.4757314205E+00
  1150    0.6092724235E-01
  1151    0.2026687751E+00
  1152    0.2468918323E+00
  1153    0.2033284258E+00
  1154   -0.1261243469E+01
  1155   -0.2703049915E+01
  1156   -0.4073884631E+00
  1157    0.2180807672E+01
  1158    0.6830626064E+00
  1159    0.3274631816E-01
  1160   -0.5766698583E+00
  1161   -0.6915801466E+00
  1162   -0.1666788837E+00
  1163    0.3493059514E+00
  1164    0.6093963012E+00
  1165    0.6239910259E+00
  1166   -0.3394300695E+00
  1167   -0.2676775015E+01
  1168   -0.1257877490E+01
  1169    0.9773623706E+00
  1170   -0.1010399172E+01
  1171   -0.6234850574E-01
  1172    0.1346858170E+00
  1173    0.1582985767E+01
  1174    0.1361270046E+01
  1175    0.2765679500E+00
  1176   -0.5053300997E+00
  1177    0.2571546829E+00
  1178    0.1175959714E+01
  1179    0.9381692222E+00
  1180    0.3807313886E+00
  1181   -0.2426576320E+00
  1182   -0.9730931873E+00
  1183   -0.6783890606E+00
  1184    0.5554392331E+00
  1185    0.4603135904E+00
  1186   -0.1110218371E+00
  1187    0.6454975940E-01
  1188    0.5470747515E+00
  1189    0.3866760152E+00
  1190   -0.7717309452E-01
  1191   -0.2700759036E+00
  1192   -0.4936374119E+00
  1193   -0.1128727681E+00
  1194    0.6516085503E+00
  1195    0.4509689019E+00
  1196   -0.1192764471E+00
  1197   -0.7554223745E+00
  1198   -0.9718050344E+00
  1199   -0.4659386744E+00
  1200    0.6641929187E+00
  1201    0.1488570999E+01
  1202    0.8479802730E+00
  1203    0.1488926377E+00
  1204   -0.2538921853E+00
  1205   -0.3848304132E+00
  1206   -0.3866545759E+00
  1207   -0.2011554150E+00
  1208    0.3978701174E-01
  1209    0.2540846984E+00
  1210    0.8978179688E-01
  1211    0.1103454942E-01
  1212   -0.1437378131E+00
  1213   -0.3145081706E+00
  1214    0.1086524745E+00
  1215    0.2502877913E+00
  1216   -0.1479429589E+00
  1217   -0.3445034656E+00
  1218    0.4366747466E-01
  1219    0.3352319350E+00
  1220    0.2900971126E+00
  1221    0.2715610756E+00
  1222   -0.3275699840E-01
  1223   -0.2746928881E+00
  1224   -0.2306727535E+00
  1225   -0.3152377204E+00
  1226   -0.3912340584E+00
  1227   -0.2867124580E+00
  1228    0.1451731197E+00
  1229    0.3748791922E+00
  1230    0.3886155810E+00
  1231    0.1075348310E+00
  1232   -0.2266765239E+00
  1233   -0.5031649060E+00
  1234   -0.1483915345E+00
  1235    0.3133173806E+00
  1236    0.1868019932E+00
  1237    0.1182713332E+00
  1238    0.1957490842E+00
  1239    0.8596818905E-01
  1240   -0.2430530041E+00
  1241   -0.4252599132E+00
  1242   -0.5520578670E-01
  1243    0.1927118933E+00
  1244   -0.6564814168E-01
  1245   -0.1382668736E+00
  1246    0.1963107624E+00
  1247    0.1589629934E+00
  1248   -0.4849638424E-01
  1249    0.4736899576E-02
  1250    0.1875802150E+00
  1251    0.2607338490E+00
  1252   -0.3103543626E-01
  1253   -0.4830491689E+00
  1254   -0.4740835146E+00
  1255    0.4864540150E-01
  1256    0.2664336450E+00
  1257   -0.5846635834E-01
  1258   -0.2001747777E+00
  1259    0.1601510768E+00
  1260    0.3220822385E+00
  1261    0.9244913348E-01
  1262   -0.3852732981E-01
  1263    0.1523223148E-01
  1264   -0.1338888412E+00
  1265   -0.2892820022E+00
  1266   -0.5365892193E-01
  1267    0.1405906364E+00
  1268   -0.2589184065E-01
  1269   -0.1349673471E+00
  1270    0.1248453386E-02
  1271    0.1109627333E+00
  1272    0.5481574586E-01
  1273    0.7318842280E-01
  1274    0.1624886408E+00
  1275    0.8315271599E-01
  1276   -0.9704753454E-01
  1277   -0.1672028748E+00
  1278   -0.1105846714E+00
  1279    0.6919846514E-02
  1280    0.1742549980E+00
  1281    0.1639121004E+00
  1282    0.9628525302E-01
  1283    0.3635995270E-01
  1284   -0.5923647458E-01
  1285   -0.8064223789E-01
  1286   -0.6207536317E-01
  1287   -0.7324889451E-01
  1288    0.9051795635E-02
  1289    0.3765636378E-01
  1290   -0.1178719923E+00
  1291   -0.1242304871E+00
  1292    0.2262753851E-01
  1293    0.4541399108E-01
  1294   -0.2922421883E-02
  1295    0.4330685939E-01
  1296    0.2657149036E-01
  1297   -0.1033020023E+00
  1298   -0.7855889438E-01
  1299    0.1242519348E+00
  1300    0.1693724524E+00
  1301   -0.2963733411E-01
  1302   -0.1704956178E+00
  1303   -0.1751018635E+00
  1304    0.2641785786E-01
  1305    0.7616090713E-01
  1306    0.8663422497E-01
  1307    0.8969985186E-01
  1308    0.2400392668E-01
  1309   -0.6418878988E-01
  1310   -0.6004891407E-01
  1311   -0.1801598894E-01
  1312    0.2813955441E-02
  1313    0.3167885800E-01
  1314    0.2884656968E-01
  1315   -0.2908887753E-01
  1316   -0.4591027137E-01
  1317   -0.2210904758E-01
  1318   -0.1504235467E-01
  1319    0.2726584125E-01
  1320    0.7621899161E-01
  1321    0.6621390344E-01
  1322   -0.2917034947E-02
  1323   -0.5764637988E-01
  1324   -0.7441249189E-01
  1325   -0.6030151910E-01
  1326    0.1063034000E-02
  1327    0.2295159928E-01
  1328    0.4039207047E-01
  1329   -0.1375800591E-01
  1330   -0.6756174827E-02
  1331   -0.6467457664E-02
  1332   -0.9359444374E-03
  1333    0.3432791236E-01
  1334    0.5187157400E-01
  1335    0.1603987120E-01
  1336   -0.2972835962E-01
  1337   -0.3227177379E-01
  1338   -0.2213767660E-01
  1339    0.2410856569E-01
  1340    0.2641136194E-01
  1341    0.3939392300E-01
  1342    0.3599041154E-01
  1343    0.1721295382E-01
  1344   -0.5311352188E-02
  1345    0.2712573979E-02
  1346    0.3594020557E-01
  1347    0.3115331433E-01
  1348    0.6035231368E-02
  1349    0.4171645328E-02
  1350    0.1233604460E-01
  1351    0.1130089828E-01
  1352    0.4525031643E-02
  1353    0.1159085899E-02
  1354    0.2897858577E-03
  1355    0.7244744819E-04
  1356    0.1811192361E-04
  1357    0.4527984747E-05
  1358    0.1131996431E-05
  1359    0.2829991255E-06
  1360    0.7074978181E-07
  1361    0.1768744851E-07
  1362    0.4421861460E-08
  1363    0.1105469910E-08
  1364    0.2763611284E-09
  1365    0.6909239847E-10
  1366    0.1725974919E-10
  1367    0.4317435298E-11
  1368    0.1080413536E-11
  1369    0.2609301664E-12
  1370    0.6458722446E-13
  1371    0.1509903313E-13
  1372    0.9325873407E-14
  1373   -0.4440892099E-15
  1374   -0.7105427358E-14
  1375    0.0000000000E+00
  1376    0.0000000000E+00
  1377    0.0000000000E+00
  1378    0.1554312234E-14
  1379    0.0000000000E+00
  1380    0.4440892099E-15
  1381    0.0000000000E+00
  1382   -0.3552713679E-14
  1383    0.8881784197E-15
  1384    0.0000000000E+00
  1385    0.0000000000E+00
  1386    0.0000000000E+00
  1387   -0.7771561172E-15
  1388   -0.3552713679E-14
  1389    0.0000000000E+00
  1390    0.0000000000E+00
  1391    0.0000000000E+00
  1392    0.0000000000E+00
  1393    0.3774758284E-14
  1394   -0.8881784197E-15
  1395    0.0000000000E+00
  1396    0.0000000000E+00
  1397    0.8881784197E-15
  1398    0.1443289932E-14
  1399    0.6217248938E-14
  1400   -0.4440892099E-15
  1401    0.0000000000E+00
  1402   -0.8881784197E-15
  1403   -0.3552713679E-14
  1404    0.0000000000E+00
  1405    0.0000000000E+00
  1406    0.1998401444E-14
  1407    0.0000000000E+00
  1408   -0.2220446049E-14
  1409    0.3108624469E-14
  1410   -0.2664535259E-14
  1411    0.3774758284E-14
  1412    0.1998401444E-14
  1413   -0.4440892099E-14
  1414   -0.3552713679E-14
  1415    0.9992007222E-15
  1416    0.0000000000E+00
  1417   -0.2220446049E-14
  1418    0.0000000000E+00
  1419    0.3996802889E-14
  1420    0.0000000000E+00
  1421   -0.3552713679E-14
  1422    0.0000000000E+00
  1423    0.0000000000E+00
  1424    0.1776356839E-14
  1425    0.7549516567E-14
  1426    0.8881784197E-15
  1427   -0.3552713679E-14
  1428    0.0000000000E+00
  1429    0.8881784197E-15
  1430    0.0000000000E+00
  1431    0.8881784197E-15
  1432    0.3108624469E-14
  1433    0.0000000000E+00
  1434   -0.2220446049E-14
  1435    0.0000000000E+00
  1436    0.8881784197E-15
  1437    0.0000000000E+00
  1438    0.2442490654E-14
  1439   -0.8881784197E-15
  1440    0.0000000000E+00
  1441    0.1332267630E-14
  1442    0.0000000000E+00
  1443    0.1776356839E-14
  1444    0.0000000000E+00
  1445    0.0000000000E+00
  1446    0.3774758284E-14
  1447   -0.4440892099E-15
  1448   -0.1998401444E-14
  1449   -0.1998401444E-14
  1450   -0.2664535259E-14
  1451   -0.1665334537E-14
  1452   -0.3552713679E-14
  1453    0.0000000000E+00
  1454    0.0000000000E+00
  1455    0.0000000000E+00
  1456    0.8881784197E-15
  1457    0.3996802889E-14
  1458   -0.3552713679E-14
  1459   -0.3552713679E-14
  1460    0.1332267630E-14
  1461    0.0000000000E+00
  1462    0.1332267630E-14
  1463    0.1554312234E-14
  1464   -0.2220446049E-15
  1465   -0.3552713679E-14
  1466   -0.3552713679E-14
  1467    0.0000000000E+00
  1468    0.1776356839E-14
  1469    0.0000000000E+00
  1470    0.3774758284E-14
  1471    0.0000000000E+00
  1472    0.2220446049E-15
  1473   -0.3330669074E-15
  1474   -0.3552713679E-14
  1475   -0.3552713679E-14
  1476    0.0000000000E+00
  1477    0.1110223025E-14
  1478    0.1776356839E-14
  1479    0.0000000000E+00
  1480    0.0000000000E+00
  1481    0.0000000000E+00
  1482    0.0000000000E+00
  1483    0.1554312234E-14
  1484    0.4218847494E-14
  1485   -0.3552713679E-14
  1486    0.0000000000E+00
  1487    0.2220446049E-14
  1488    0.0000000000E+00
  1489    0.0000000000E+00
  1490    0.2775557562E-14
  1491    0.0000000000E+00
  1492    0.0000000000E+00
  1493    0.0000000000E+00
  1494    0.0000000000E+00
  1495    0.8881784197E-15
  1496    0.0000000000E+00
  1497    0.8881784197E-15
  1498   -0.1998401444E-14
  1499    0.1998401444E-14
  1500    0.1293103448E+02
  1501    0.1293103448E+02
  1502    0.0000000000E+00
