    -1   -0.1342784446E+02
     0   -0.1829177982E+02
     1   -0.4727591422E+00
     2    0.5462061464E+01
     3   -0.5768664073E+01
     4    0.9299169336E+01
     5   -0.1251884035E+02
     6    0.1155276683E+02
     7    0.6966747601E+00
     8    0.9853588216E+00
     9   -0.2028940969E+01
    10    0.5547005241E+01
    11   -0.1788165279E+01
    12   -0.3760147355E+01
    13   -0.7253476566E+01
    14    0.1659950794E+01
    15    0.1138548347E+02
    16   -0.2025661185E+01
    17   -0.1550703458E+01
    18   -0.9899114962E+00
    19   -0.1047751134E+02
    20    0.5786841972E+01
    21    0.1127951469E+02
    22   -0.1013049706E+02
    23    0.3841390841E+01
    24   -0.3827270025E+01
    25    0.2483915916E+01
    26    0.8077573178E+01
    27   -0.8749800290E+01
    28   -0.1872888439E+00
    29   -0.1079955882E+01
    30   -0.5659306062E+00
    31    0.1071635829E+02
    32   -0.8934393055E+01
    33    0.9344659729E+00
    34    0.2032257209E+01
    35   -0.5330854100E+01
    36    0.1304433075E+01
    37    0.4205184711E+01
    38   -0.1199601653E+02
    39    0.9393136553E+01
    40    0.4539359618E+01
    41    0.4809974021E+01
    42   -0.5405198544E+01
    43   -0.5515597710E+01
    44    0.2844750404E+01
    45   -0.9278704035E+01
    46    0.9874171702E+01
    47    0.1087168529E+01
    48   -0.7510483441E+00
    49    0.5098135033E+01
    50   -0.7758766735E+01
    51    0.6434630479E+01
    52   -0.1642532885E+01
    53    0.1284149709E+01
    54   -0.1464711880E+01
    55    0.1644361873E+01
    56   -0.8833050182E+00
    57   -0.1595631606E+01
    58    0.8443360690E+00
    59    0.3051918055E+01
    60   -0.7193241800E+01
    61    0.4082866290E+01
    62    0.4089689757E+00
    63   -0.1354804665E+01
    64    0.1035303752E+01
    65    0.6689113237E+01
    66   -0.1951492571E+01
    67   -0.5897299308E+01
    68    0.1499248225E+01
    69    0.5846643876E+01
    70   -0.5658143943E+01
    71    0.4642665641E+01
    72   -0.2737881158E+01
    73    0.3104310139E+01
    74   -0.2646817264E+01
    75    0.1920817339E+00
    76    0.4300489767E+01
    77   -0.5350495943E+01
    78   -0.1346795431E+01
    79   -0.5497948235E+01
    80    0.8892823499E+01
    81    0.5537952621E+00
    82   -0.5105116813E+00
    83   -0.1297723584E+01
    84   -0.1152479393E+02
    85    0.5927594174E+01
    86    0.1234915431E+02
    87   -0.7186904467E+01
    88   -0.5652928322E+01
    89   -0.9761542222E+00
    90    0.5738378306E+01
    91   -0.4812069661E+00
    92    0.3094438386E+01
    93   -0.3379880504E+01
    94   -0.2714530779E+01
    95    0.4549227785E+01
    96    0.9158835478E+01
    97   -0.3574720376E+01
    98   -0.5867066804E+01
    99    0.1311867437E+01
   100    0.1021059507E+01
   101   -0.9788350975E+01
   102    0.1073374781E+02
   103    0.3337356531E+01
   104   -0.8631209646E+01
   105    0.4879202266E+01
   106   -0.2769044775E+01
   107   -0.4854999618E+01
   108    0.2896869624E+01
   109    0.4688138931E+00
   110    0.4675043920E+01
   111   -0.2175327520E+01
   112    0.1174219837E+01
   113   -0.3900078550E+01
   114    0.1288100803E+01
   115    0.5946783893E+01
   116   -0.6736656984E+01
   117    0.5581426995E+01
   118   -0.4091368225E+01
   119    0.1115779351E+00
   120    0.1779733753E+01
   121    0.1993674860E+01
   122   -0.1592804605E+01
   123   -0.1332162113E+01
   124   -0.6187462673E+01
   125    0.6409056079E+01
   126    0.1175121076E+01
   127   -0.8307503007E+01
   128    0.6022599871E+01
   129   -0.8137384693E+01
   130    0.6602821555E+01
   131    0.1251252584E+02
   132   -0.7500054392E+01
   133   -0.4359145096E+01
   134   -0.6779033455E+01
   135    0.3773003624E+01
   136    0.1231612281E+02
   137   -0.9599031800E+01
   138   -0.1881167772E+00
   139   -0.8729454384E+00
   140    0.1570381631E+01
   141    0.2285749442E+01
   142    0.3622521698E+01
   143   -0.4496733362E+01
   144   -0.6670673653E+01
   145    0.9465126976E+01
   146   -0.3033902608E+01
   147    0.3995018566E+01
   148   -0.4552256332E+01
   149   -0.8277897157E+00
   150    0.4876440461E+01
   151   -0.5696772230E+00
   152   -0.8620510061E+01
   153    0.8072418787E+01
   154   -0.6322705295E+01
   155    0.5670586227E+01
   156   -0.8330679449E+01
   157    0.7773123901E+01
   158   -0.2828383746E+01
   159   -0.8713188099E+00
   160    0.9105465439E+01
   161   -0.3077661950E+01
   162   -0.8929942103E+01
   163    0.8316511394E+01
   164   -0.1373276813E+01
   165   -0.6228812816E+01
   166    0.6593316004E+01
   167    0.5107058259E+00
   168    0.1557643039E+01
   169   -0.5358550375E+01
   170   -0.2289846403E+01
   171    0.7256042842E+01
   172    0.2981166864E+01
   173   -0.4304119068E+01
   174    0.5414258216E+01
   175   -0.6743965839E+01
   176   -0.1024173515E+02
   177    0.6477864652E+01
   178    0.3357289051E+00
   179    0.2252744938E+01
   180   -0.6535198111E+01
   181    0.6494460040E+01
   182   -0.6632592713E+01
   183    0.3619947276E+01
   184    0.8608086664E+01
   185   -0.2472907843E+01
   186   -0.6315753230E+01
   187    0.6622784502E+01
   188   -0.3996089188E+01
   189   -0.3946297993E+01
   190   -0.2926678194E+01
   191    0.5701452945E+01
   192   -0.3067449968E+01
   193   -0.9962606310E+00
   194    0.8619491212E+00
   195    0.7903643178E+01
   196   -0.6220539883E+01
   197    0.3514575965E+01
   198    0.6743456537E+01
   199   -0.9639825290E+01
   200    0.1074468863E+02
   201   -0.1089653272E+02
   202    0.1199047681E+01
   203    0.8462178063E+00
   204   -0.6249970780E+01
   205    0.2828365633E+01
   206    0.2824494198E+01
   207    0.6059816572E+01
   208   -0.7072085133E+01
   209    0.5760812976E+01
   210   -0.6484833480E+01
   211    0.8779491657E+01
   212    0.1268194298E+01
   213   -0.1128837792E+02
   214    0.5626500463E+01
   215    0.2847943597E+01
   216    0.7335825874E+00
   217   -0.6951022402E+01
   218    0.6686065634E+01
   219   -0.4456527437E+01
   220    0.3055733629E+01
   221   -0.3354073431E+01
   222   -0.2956550980E+01
   223    0.2311983983E+01
   224    0.1330016484E+01
   225    0.4334493032E+01
   226    0.5214755937E+00
   227    0.7192678668E+00
   228   -0.9323516499E+01
   229   -0.1341472861E+01
   230    0.6263834192E+01
   231   -0.2982532514E+01
   232   -0.5384980236E+01
   233    0.1009914998E+02
   234    0.6316592308E+00
   235   -0.8666260283E+01
   236    0.3486390269E+01
   237   -0.4519255800E+01
   238    0.4558138193E+01
   239    0.6553901048E+01
   240   -0.5055565292E+00
   241    0.4002353658E+00
   242   -0.3138015713E+01
   243   -0.4321922598E+01
   244    0.9805512071E+01
   245   -0.9272643111E+01
   246    0.1569732584E+01
   247    0.4988357952E+01
   248   -0.6057563656E+01
   249    0.4072348536E+01
   250    0.8104443506E+01
   251   -0.6447200668E+01
   252    0.1703488882E+01
   253    0.1708205588E+00
   254   -0.1763336940E+01
   255   -0.8461338336E+01
   256    0.4013197628E+01
   257    0.6176659074E+01
   258    0.3512765301E+01
   259   -0.1594415231E+02
   260    0.8237912471E+01
   261   -0.4232612709E+01
   262    0.3721711958E+01
   263    0.5983076775E+01
   264   -0.6287800631E+01
   265    0.5297922565E+01
   266    0.2183441963E+01
   267   -0.6012703945E+01
   268   -0.4624288194E+01
   269    0.1444562023E+02
   270   -0.7916506362E+01
   271    0.1583438350E+01
   272   -0.4715648149E+01
   273    0.1355737030E+01
   274   -0.3751928992E+01
   275    0.4818525934E+01
   276    0.3507579009E+01
   277   -0.2141837925E+01
   278   -0.5576343211E+01
   279   -0.7041782780E+00
   280    0.1380154530E+01
   281    0.9478324294E+01
   282   -0.1715615999E+00
   283   -0.9048830758E+01
   284   -0.1579897183E+01
   285    0.3960236630E+01
   286    0.1222935552E+01
   287   -0.5077439569E+01
   288    0.2876923694E+01
   289    0.1214223651E+01
   290    0.1320337104E+01
   291   -0.4206355498E+01
   292    0.2185952014E+01
   293    0.4586653537E+01
   294   -0.4224989834E+01
   295   -0.2626337865E+01
   296    0.2634426097E+01
   297   -0.1580678712E+01
   298   -0.5117910521E+00
   299   -0.2629256690E+01
   300   -0.1234800305E+02
   301    0.1940024418E+02
   302   -0.4149621730E+01
   303   -0.3038709413E+01
   304    0.9365362112E+01
   305   -0.8754812376E+01
   306    0.1547944864E+01
   307   -0.5633142806E+00
   308    0.4105948468E+01
   309   -0.1921958938E+01
   310    0.4126375939E+01
   311   -0.2872103827E+01
   312   -0.6090467328E+01
   313    0.4377715454E+00
   314    0.4731210210E+01
   315    0.4742160787E+01
   316   -0.3693660340E+01
   317   -0.1057139531E+01
   318   -0.8922331781E+01
   319    0.1132794080E+02
   320   -0.9326517072E+01
   321    0.4353515543E+00
   322   -0.6934379745E+01
   323   -0.1207995905E+01
   324   -0.8984172233E+00
   325    0.2170296670E+01
   326    0.7665388848E+01
   327   -0.9008785007E+01
   328    0.4447116933E+01
   329    0.5299319712E+01
   330   -0.5944205891E+01
   331    0.9235365570E+01
   332   -0.1706025428E+02
   333    0.1232116632E+02
   334   -0.1040347524E+02
   335   -0.5718032607E+01
   336   -0.1798970954E+00
   337    0.1211584613E+02
   338   -0.6015038839E+01
   339    0.6678488401E+01
   340    0.2649041184E+01
   341   -0.1481174439E+01
   342   -0.1895415783E+02
   343    0.6480964163E+01
   344   -0.1667067463E+00
   345   -0.3563379029E+00
   346   -0.2702632735E+01
   347    0.5680671344E+01
   348    0.1025441292E+02
   349    0.2220132590E+01
   350   -0.8872388655E+01
   351    0.4025090628E+01
   352    0.1052396962E+02
   353   -0.5525414965E+01
   354    0.1031944668E+02
   355   -0.2746494275E+02
   356   -0.8294594016E+01
   357    0.1059453209E+02
   358   -0.4765178555E+01
   359   -0.9225267995E+00
   360    0.4648429274E+01
   361   -0.1262444753E+02
   362   -0.1021759987E+02
   363    0.2026315821E+01
   364    0.8645178527E+01
   365    0.8030340955E+01
   366    0.7180587695E+00
   367   -0.1583118553E+02
   368   -0.5755840678E+01
   369    0.1881328605E+02
   370    0.5394663703E+00
   371    0.9334913655E+01
   372    0.2196852950E+02
   373   -0.1608761024E+02
   374   -0.1143669011E+02
   375    0.1582157940E+02
   376    0.9044415056E-01
   377   -0.2044601616E+02
   378    0.1728806595E+02
   379   -0.9449062139E+01
   380    0.8700745337E+01
   381    0.1025416709E+00
   382    0.1414610123E+02
   383   -0.9999695154E+01
   384   -0.9957370074E+01
   385    0.1343453869E+02
   386    0.3001819629E+01
   387   -0.6557471957E+01
   388   -0.1381736689E+01
   389    0.7820964563E+01
   390    0.1358650041E+01
   391    0.3893965361E+01
   392   -0.1034858818E+02
   393    0.1330131247E+02
   394   -0.9118089290E+01
   395   -0.4788748469E+01
   396    0.7830432871E+01
   397   -0.5931445060E+01
   398   -0.5043879367E+01
   399    0.1763508388E+02
   400   -0.1273601067E+02
   401    0.1238293741E+02
   402   -0.8297303065E+01
   403    0.2217751244E+01
   404   -0.5098674777E+00
   405   -0.5680130306E+01
   406    0.1120082086E+02
   407   -0.1262430348E+02
   408    0.1080379383E+02
   409   -0.3167890065E+01
   410   -0.5356580644E+01
   411    0.1092449126E+02
   412   -0.4169134812E+01
   413   -0.2825960905E+01
   414    0.2799983717E+01
   415    0.4623909047E+01
   416   -0.1097678504E+02
   417    0.1455113401E+02
   418   -0.1557079056E+02
   419    0.9518262019E+01
   420   -0.1303087932E+01
   421    0.4138825431E+00
   422   -0.8019590661E+00
   423    0.1612370345E+00
   424    0.9632562435E+00
   425   -0.4209405514E+01
   426    0.6845836991E+01
   427   -0.7758329852E+01
   428    0.8609883427E+01
   429   -0.2871091968E+01
   430   -0.9487475361E+00
   431    0.1136892191E+01
   432    0.2378231599E+00
   433    0.2749092208E+00
   434   -0.2355914600E+01
   435    0.5463002577E+01
   436    0.2398010683E+00
   437   -0.7978468636E+01
   438    0.6159216959E+01
   439   -0.9549394493E+00
   440    0.3208648775E+01
   441   -0.1539550512E+01
   442   -0.1884576571E+01
   443    0.2838372496E+01
   444   -0.4423916491E+01
   445    0.3533830830E+01
   446   -0.1432957183E+01
   447    0.6578054247E+00
   448   -0.2970434068E+01
   449    0.5725034717E+01
   450   -0.5069200278E+01
   451    0.4696910488E+01
   452   -0.1654243098E+01
   453   -0.1227906934E+01
   454   -0.6039077695E+00
   455    0.4883916573E+01
   456   -0.2864897692E+01
   457    0.3134745871E+01
   458   -0.1059328837E+01
   459   -0.8310231594E+01
   460    0.9340454647E+01
   461   -0.6505360303E+01
   462    0.5276146579E+01
   463   -0.2819025315E+01
   464    0.1511177847E+01
   465   -0.2141206318E+00
   466   -0.7228244575E+00
   467   -0.3667500580E+00
   468    0.3982240448E+01
   469   -0.2925444832E+01
   470    0.3250959350E+01
   471   -0.3565093400E+01
   472   -0.3492331487E+00
   473   -0.7539418850E+00
   474    0.4291940414E+01
   475   -0.7989821666E-01
   476   -0.3509347673E+01
   477    0.4558399929E+01
   478   -0.4627546204E+01
   479    0.1075496706E+01
   480   -0.9547833706E+00
   481    0.4076359789E+01
   482   -0.1608620804E+01
   483   -0.1930705595E+00
   484   -0.3704994553E+01
   485    0.4978565664E+01
   486   -0.1907419693E+01
   487    0.3205470301E+01
   488   -0.2666518664E+01
   489   -0.8781430177E-01
   490   -0.3106694085E+01
   491    0.4496389746E+01
   492   -0.2989042615E+01
   493    0.2935757832E+01
   494   -0.2915994102E+01
   495    0.1635705271E+01
   496   -0.1515492106E+01
   497    0.3654260574E+01
   498   -0.4243019730E+00
   499   -0.1906546568E+01
   500    0.2095321368E+01
   501   -0.2056122679E+01
   502    0.1769908373E+00
   503   -0.1929182301E+01
   504    0.1669245997E+01
   505    0.1052029024E+01
   506    0.4981988168E+00
   507    0.7104319314E+00
   508   -0.2907648737E+00
   509   -0.4102533023E+01
   510    0.4296245284E+01
   511   -0.3559406253E+00
   512   -0.8796224159E+00
   513   -0.1824405051E+01
   514   -0.1382926026E+01
   515    0.3282478552E+01
   516    0.1044544314E+01
   517   -0.5686414048E+00
   518   -0.3985664666E+00
   519   -0.1696778430E+01
   520    0.2603447516E+01
   521    0.2060142043E+01
   522   -0.3899797505E+01
   523    0.5860942421E+00
   524   -0.1378650188E+01
   525   -0.2411178953E+01
   526    0.4780598665E+01
   527   -0.8211180832E+00
   528    0.3192754765E+01
   529   -0.2233771900E+01
   530   -0.1037851429E+01
   531    0.6245246479E+00
   532   -0.1906908074E+01
   533    0.1742453973E+01
   534   -0.3856692633E+00
   535    0.8506785502E+00
   536   -0.1971128095E+01
   537    0.2257265165E+01
   538   -0.1402551762E+01
   539    0.3656261360E+00
   540   -0.1798313857E+01
   541    0.2870122917E+01
   542    0.6791001811E-02
   543   -0.9423696573E+00
   544    0.2758435828E+00
   545    0.4159156026E+00
   546    0.1255962280E+01
   547   -0.2396979615E+01
   548   -0.1907262445E+01
   549    0.1590041051E+01
   550   -0.1968774717E+01
   551    0.2535625131E+01
   552   -0.1149368578E+01
   553    0.3362757470E+01
   554   -0.1258108844E+01
   555    0.9857761060E-01
   556   -0.2732195344E+01
   557    0.3759927470E+01
   558   -0.4479198535E+01
   559    0.3439980939E+01
   560   -0.1743788945E+01
   561    0.1503284374E+01
   562   -0.3762691537E+01
   563    0.4030342287E+01
   564   -0.1687747954E+01
   565    0.5511111187E+00
   566   -0.8595735811E+00
   567    0.5115811392E+01
   568   -0.3728236114E+01
   569   -0.2950248873E+01
   570    0.2254201320E+01
   571    0.8531142610E+00
   572    0.2209248212E+00
   573   -0.1685728859E+01
   574    0.3150582332E+01
   575   -0.1423232684E+01
   576   -0.1060582328E+01
   577   -0.3910303714E+01
   578    0.4289153486E+01
   579   -0.8800092404E+00
   580   -0.1507073230E+00
   581    0.3735411130E+00
   582    0.4553977309E+00
   583    0.2943487474E+01
   584   -0.8604973314E+00
   585   -0.1804140518E+01
   586    0.1490874219E+01
   587   -0.3422732891E+01
   588    0.1386856852E+01
   589   -0.1406127520E+01
   590    0.4399895130E+01
   591   -0.2692450831E+01
   592    0.3859020094E+00
   593   -0.1971298297E+00
   594    0.1654442540E+01
   595   -0.1734001538E+01
   596    0.8188852200E+00
   597   -0.1620911462E+01
   598    0.1298927667E+01
   599   -0.1738315504E+01
   600    0.1198769047E+01
   601   -0.2561760828E+00
   602    0.2002146973E+01
   603   -0.1534202100E+00
   604   -0.1383575267E+01
   605   -0.8408164780E+00
   606   -0.8583850526E+00
   607    0.1485820759E+01
   608   -0.9082588735E+00
   609    0.2662545287E+01
   610    0.3162070432E+00
   611   -0.2451780110E+01
   612    0.1453179781E+01
   613   -0.2884779857E+00
   614   -0.3403083719E+01
   615    0.2136450345E+01
   616   -0.2348329607E+00
   617    0.2739425472E+01
   618   -0.1451096944E+01
   619    0.4956080315E-01
   620   -0.7752466035E+01
   621    0.5133601834E+01
   622    0.3431583729E+01
   623    0.8818282885E+00
   624   -0.3783802886E+01
   625    0.1933083822E+01
   626   -0.2878000671E+01
   627    0.2895568149E+01
   628   -0.3581965855E+01
   629    0.6061111053E+01
   630   -0.1559370158E+00
   631   -0.4981195836E+01
   632    0.1862904471E+01
   633   -0.5079826017E-01
   634   -0.1366430298E+01
   635    0.8242270578E+00
   636   -0.1302012242E+01
   637    0.2503756213E+01
   638   -0.3394408204E+00
   639    0.5987174648E+00
   640   -0.9329268241E+00
   641   -0.6816893954E+00
   642    0.1393495102E+01
   643   -0.9001460718E+01
   644    0.8336664249E+01
   645    0.9955595890E+00
   646   -0.2337007846E+00
   647   -0.2845995522E+01
   648    0.2357940690E-01
   649   -0.1051487131E+01
   650    0.3708820178E+01
   651   -0.1479859621E+01
   652   -0.1569029134E+01
   653   -0.4553786894E+00
   654   -0.5826482861E+00
   655    0.5044937075E+00
   656    0.3620905721E+01
   657   -0.4525720801E+01
   658   -0.7153961395E-02
   659   -0.6522534057E-01
   660   -0.1245421791E+01
   661    0.5051103871E+01
   662   -0.4185349071E+01
   663    0.5517580591E+01
   664   -0.6459177830E+01
   665    0.4890944244E+00
   666   -0.6028382057E+00
   667    0.3089769465E+01
   668    0.1368825261E+01
   669   -0.2324094836E+01
   670   -0.6910202187E+01
   671    0.5623474916E+01
   672    0.2560357856E+01
   673   -0.1264647548E+01
   674   -0.1474506912E+01
   675   -0.5142406940E+01
   676    0.5721180889E+01
   677   -0.5496237805E+01
   678    0.2075558599E+01
   679    0.3160776615E+01
   680   -0.6226407095E+01
   681    0.1871251456E+01
   682   -0.5079173384E+01
   683   -0.5718697375E+01
   684    0.2176827828E+01
   685   -0.1194216688E+02
   686    0.1357993398E+01
   687   -0.1501576651E+02
   688    0.7968208799E+01
   689    0.9784159550E+01
   690   -0.1746095127E+02
   691    0.1012225170E+01
   692   -0.1028617057E+02
   693    0.4091272661E+01
   694   -0.4543026125E+01
   695   -0.4099995599E+01
   696   -0.9109780485E+00
   697    0.1895435414E+01
   698    0.2073225332E+02
   699   -0.8126566529E+01
   700   -0.7343193394E+01
   701    0.6907227483E+01
   702    0.5770862246E+01
   703    0.8972677399E+00
   704   -0.1683008997E+02
   705   -0.5564036784E+01
   706   -0.4216775288E+01
   707    0.1339236968E+02
   708   -0.5733893772E+01
   709   -0.2633913765E+02
   710   -0.1685149714E+02
   711    0.2521188430E+02
   712    0.1184002872E+01
   713    0.1724631990E+02
   714    0.4461906536E+01
   715    0.4412180493E+01
   716   -0.6039491334E+01
   717    0.1666001720E+01
   718    0.6668703728E+01
   719   -0.1146267376E+02
   720    0.7227071758E+01
   721    0.1454134373E+02
   722   -0.6993627922E+01
   723    0.5694065326E+01
   724   -0.1665490188E+01
   725    0.3010650625E+01
   726    0.1005343489E+02
   727   -0.6356120238E+01
   728    0.2960723371E+01
   729    0.2232322510E+01
   730    0.4846335100E+01
   731   -0.5203033364E+01
   732    0.2848576778E+01
   733    0.6704608885E+01
   734   -0.2416832950E+01
   735   -0.9351474638E+00
   736   -0.1676929130E+01
   737    0.1171273719E+02
   738   -0.7347629918E+01
   739    0.2888153042E+00
   740   -0.2469710918E+01
   741    0.4993080239E+01
   742    0.1328641502E+01
   743   -0.1705062164E+00
   744    0.1979549698E+01
   745    0.3084153461E+01
   746   -0.1260019422E+02
   747    0.9000641196E+01
   748   -0.3243973768E+01
   749    0.1177229381E+01
   750    0.5079490429E+01
   751   -0.3182344493E+01
   752    0.3228183708E+01
   753   -0.1842075444E+01
   754   -0.2548291548E+01
   755   -0.3443166147E+00
   756    0.5208367578E+01
   757   -0.1128762940E+01
   758    0.1470611699E+01
   759   -0.4669103480E+01
   760   -0.2072399849E+01
   761    0.7382838005E+01
   762   -0.2127682816E+00
   763    0.2360831903E+01
   764   -0.8262719910E+01
   765    0.4598781080E+01
   766    0.2783099970E+00
   767    0.5246325879E+00
   768   -0.2502565991E+01
   769    0.5119868261E+00
   770   -0.2175241019E+00
   771    0.2891612209E+01
   772   -0.5792552707E+00
   773    0.3869852867E+01
   774   -0.4582337727E+01
   775    0.2841667149E+01
   776   -0.4818480236E+01
   777    0.2624139767E+01
   778    0.4564051411E+01
   779   -0.2111207808E+01
   780   -0.8454695915E+01
   781    0.9716853939E+01
   782   -0.7361141259E+01
   783    0.6288266228E+01
   784   -0.2325102617E+01
   785    0.3779336073E+01
   786    0.4629436163E+00
   787   -0.4744915705E+01
   788   -0.9421706961E+00
   789    0.4071389144E+01
   790   -0.7083445161E+01
   791    0.8375131337E+01
   792   -0.1078313505E+02
   793    0.1094134848E+02
   794   -0.2052313349E+01
   795   -0.2624021466E+01
   796   -0.1240112863E+01
   797    0.5901775368E+00
   798    0.6958302829E+01
   799   -0.7502181500E+01
   800    0.4531673420E+01
   801    0.1583216554E+00
   802   -0.1528047125E+01
   803   -0.6583047381E+00
   804   -0.9631995800E+01
   805    0.1388168308E+02
   806   -0.6191189296E+01
   807    0.3704513485E+01
   808   -0.1567063056E+01
   809    0.2089992875E+01
   810   -0.3402636059E+01
   811    0.3094138346E+01
   812   -0.3673550732E+01
   813    0.5497410071E+01
   814   -0.3724519674E+01
   815   -0.7156410620E+00
   816    0.3949193506E+00
   817   -0.5254353560E+00
   818   -0.1040665416E+01
   819   -0.7747535991E+00
   820    0.6147073505E+01
   821   -0.1136062684E+02
   822    0.1026185382E+02
   823   -0.4200131178E+01
   824   -0.2142503008E+01
   825    0.3536516778E+01
   826   -0.1940674492E-03
   827   -0.1996727825E+00
   828    0.1862357910E+00
   829   -0.6617623484E+01
   830    0.6481011934E+01
   831    0.5646906058E+01
   832   -0.5360910291E+01
   833    0.2387055083E+00
   834   -0.7593063959E+01
   835    0.5615246755E+01
   836   -0.1665587765E+01
   837   -0.6664753670E+01
   838    0.6586628455E+01
   839   -0.3326404199E+00
   840   -0.9310623457E+00
   841    0.5269450252E+01
   842   -0.1816915416E+01
   843    0.2692129046E+00
   844    0.5031745623E+00
   845   -0.7626000445E+01
   846    0.6284804959E+01
   847    0.2447161202E+01
   848   -0.1236463016E+02
   849    0.1809973853E+01
   850   -0.4112367691E-01
   851    0.7967167507E+00
   852   -0.2878597360E+00
   853   -0.9622268955E+01
   854    0.3342980924E+01
   855   -0.3673168343E+01
   856    0.7842417869E+01
   857   -0.1101841695E+02
   858    0.6795777918E+01
   859    0.2368716042E+01
   860    0.6007996319E+01
   861   -0.9481959160E+01
   862   -0.6256755188E+01
   863    0.1353202751E+02
   864   -0.6170584791E+01
   865   -0.2511812638E+01
   866   -0.6275266390E+01
   867   -0.2834897690E+01
   868   -0.1068738160E+01
   869    0.5722103108E+01
   870    0.3254021786E+01
   871    0.4302020484E+00
   872   -0.1770826258E+02
   873    0.1499409368E+02
   874    0.1657329073E+01
   875   -0.8068592545E+01
   876    0.7964298473E+01
   877    0.2609714845E+01
   878   -0.4528379537E+01
   879   -0.6709483938E+01
   880   -0.1551137036E+01
   881    0.1325780975E+01
   882   -0.7004405404E+01
   883    0.2429438938E+01
   884    0.3033900909E+01
   885    0.1176901393E+02
   886   -0.5202911175E+01
   887    0.9231232198E+00
   888   -0.4187416189E+01
   889    0.6164170260E+01
   890    0.3482834234E+01
   891   -0.2856004312E+01
   892   -0.4696379117E+01
   893   -0.1893290768E+01
   894    0.5686463205E+01
   895   -0.3859507559E+00
   896   -0.8667531561E+01
   897    0.3937250673E+01
   898    0.1784963628E+01
   899   -0.2624505775E+01
   900    0.5006229335E+01
   901   -0.2126321774E+00
   902   -0.2011149106E+01
   903    0.1625809797E+01
   904   -0.3271714263E+01
   905   -0.3685891912E+00
   906    0.5897142590E+01
   907    0.2152601281E+01
   908   -0.3095145298E+01
   909    0.1664519795E+01
   910    0.2779924565E+00
   911    0.2092206782E+01
   912   -0.6095485162E+00
   913   -0.2384341712E+01
   914    0.9294432835E+00
   915    0.3005272031E+00
   916   -0.1249189863E+01
   917    0.1973279386E+01
   918    0.1731010767E+01
   919    0.1135674111E+01
   920   -0.5870356252E+00
   921   -0.3626926683E+00
   922   -0.8484396474E+00
   923    0.4013815909E+00
   924   -0.5726014061E+00
   925   -0.1316440427E+01
   926   -0.3535477471E+00
   927   -0.2373714728E+00
   928    0.1465445240E+01
   929    0.1920972986E+01
   930    0.6354037392E+00
   931   -0.1019293880E+01
   932   -0.4475490107E-01
   933    0.2404945621E+01
   934    0.2186390530E+01
   935    0.2370126904E+00
   936    0.1838352122E+00
   937   -0.2910081829E+01
   938   -0.1402003352E+01
   939   -0.3566152486E-02
   940    0.2031094919E+01
   941    0.1370102725E+01
   942    0.5096274691E+00
   943   -0.3676180891E+00
   944    0.1886748140E+00
   945    0.4468954158E+00
   946    0.8289669357E+00
   947   -0.8852313781E+00
   948   -0.4492524432E+00
   949   -0.6409179734E+00
   950    0.8258179603E+00
   951    0.8255048815E+00
   952   -0.1925934482E+00
   953    0.3787544339E+00
   954    0.3112435709E+00
   955    0.1397468296E+01
   956   -0.1313924561E+01
   957   -0.1004552053E+01
   958   -0.1883909089E+01
   959    0.1439633215E+00
   960    0.1613711275E+01
   961    0.6515929250E+00
   962    0.9427674944E+00
   963   -0.1925497289E+00
   964    0.2367210436E+00
   965   -0.5370969193E+00
   966   -0.1144739663E+01
   967   -0.5967197459E+00
   968    0.3675144474E+00
   969    0.8322357096E+00
   970    0.5245211864E+00
   971    0.9860844365E+00
   972    0.4323036154E+00
   973   -0.7771174255E+00
   974   -0.1199542944E+01
   975    0.8378623709E+00
   976   -0.3850668506E+00
   977   -0.1951592946E+00
   978   -0.1323810086E+01
   979   -0.2333971465E+01
   980   -0.2084838919E+01
   981   -0.5393760419E-01
   982    0.3011313659E+01
   983    0.2661467175E+01
   984    0.7973431802E+00
   985   -0.5455838353E+00
   986   -0.4118190800E+00
   987    0.9889442466E+00
   988    0.3321890964E+00
   989   -0.3160209901E+00
   990   -0.1360881779E+01
   991   -0.5762621697E-01
   992    0.1484273717E+00
   993    0.1290071231E+01
   994   -0.7997434069E+00
   995   -0.4259194825E+00
   996    0.4443329164E+00
   997   -0.1098080969E+01
   998    0.4282470167E+00
   999    0.2998179155E+00
  1000    0.6366589778E+00
  1001    0.3655532372E+00
  1002   -0.3532393842E+00
  1003    0.7205712660E+00
  1004   -0.1975028776E+01
  1005    0.4734727639E-01
  1006    0.7556028334E+00
  1007   -0.6890878438E+00
  1008   -0.2838898158E+00
  1009    0.2641298810E+00
  1010   -0.8181720565E+00
  1011   -0.2052104379E+00
  1012    0.4376005331E+00
  1013    0.5216300507E+00
  1014   -0.7866042790E+00
  1015    0.6260266083E+00
  1016    0.1580508750E+01
  1017   -0.8011791881E-01
  1018   -0.1038725327E+01
  1019   -0.1105979692E+01
  1020   -0.1017586409E-01
  1021   -0.6312584225E+00
  1022   -0.1597172920E+01
  1023   -0.6621996855E+00
  1024   -0.9878452685E-01
  1025    0.1717463592E+00
  1026    0.2971845538E+00
  1027    0.1193295911E-01
  1028   -0.5194567977E+00
  1029    0.3102534461E+00
  1030    0.1008528353E+01
  1031    0.6972515329E+00
  1032    0.7210815832E+00
  1033    0.1482293862E+00
  1034   -0.4303062837E+00
  1035   -0.1388297027E+01
  1036   -0.1701984747E+01
  1037    0.3356803489E+00
  1038    0.1033263349E+01
  1039   -0.6699463557E-01
  1040   -0.1108723721E+01
  1041   -0.3683583349E+00
  1042    0.6759186625E+00
  1043    0.1970130282E+00
  1044    0.3095450046E+00
  1045    0.1201925780E+01
  1046    0.9802494045E+00
  1047   -0.6198741291E+00
  1048   -0.1002455104E+01
  1049   -0.9190513404E+00
  1050   -0.1933721387E+01
  1051   -0.3313363842E+01
  1052    0.1374351064E+01
  1053    0.3069779433E+01
  1054    0.1362646752E+01
  1055   -0.1286860875E+00
  1056   -0.6915773690E+00
  1057   -0.3932064613E+00
  1058   -0.4114124857E-01
  1059    0.1672938232E+00
  1060    0.2440641738E+00
  1061   -0.4154465888E+00
  1062    0.1046890801E+00
  1063    0.1173293903E+01
  1064    0.6087105842E+00
  1065   -0.1461812363E+00
  1066    0.3064992321E+00
  1067    0.1431526027E+00
  1068    0.1862276067E+00
  1069    0.3119569040E+00
  1070   -0.2790638344E+00
  1071   -0.1999100178E+00
  1072    0.4816382913E+00
  1073    0.2623649737E+00
  1074   -0.1290269024E+01
  1075   -0.3453830766E+01
  1076   -0.7852533639E+00
  1077    0.1869417013E+01
  1078   -0.2476215865E+00
  1079    0.1155721040E+01
  1080    0.9620611939E+00
  1081   -0.8551746259E+00
  1082   -0.7085353398E+00
  1083    0.1730789808E+01
  1084    0.1597906361E+01
  1085    0.1908693286E+00
  1086   -0.6896758981E+00
  1087   -0.1069084173E+01
  1088   -0.1754687847E+01
  1089   -0.8054579489E+00
  1090    0.1206104167E+01
  1091    0.1671235218E+01
  1092    0.5344075312E+00
  1093    0.4650367711E+00
  1094    0.5448475686E+00
  1095   -0.2123789163E+00
  1096   -0.3632284625E+00
  1097    0.1196153678E+00
  1098    0.1824691587E-01
  1099   -0.4270749854E+00
  1100   -0.1082829089E+01
  1101   -0.7842204591E+00
  1102    0.6183666383E+00
  1103    0.5201715236E+00
  1104    0.3811097346E+00
  1105    0.3606084453E+00
  1106    0.3016170932E+00
  1107    0.2656741791E+00
  1108    0.2784669973E+00
  1109    0.2268156327E-01
  1110   -0.3636595307E+00
  1111   -0.2661870533E+00
  1112   -0.1309999842E+00
  1113    0.1224630929E-02
  1114   -0.1349915993E+00
  1115   -0.1186331998E+00
  1116    0.3302298323E+00
  1117    0.5137339914E+00
  1118   -0.1106253859E+00
  1119   -0.2382916046E+00
  1120   -0.2556451336E+00
  1121   -0.5212485869E+00
  1122   -0.5359202615E+00
  1123   -0.3820560595E-01
  1124    0.5023044074E+00
  1125    0.5120306989E+00
  1126    0.3117223911E+00
  1127   -0.9181781319E-01
  1128   -0.6024081546E+00
  1129   -0.3752510250E+00
  1130    0.4045124381E+00
  1131    0.1737411673E+00
  1132   -0.2640331267E+00
  1133   -0.1093422082E+00
  1134   -0.2253979550E-01
  1135   -0.2555756181E+00
  1136   -0.4080653478E+00
  1137    0.2725702397E-01
  1138    0.2363364668E+00
  1139   -0.1505285628E-01
  1140   -0.2374452455E+00
  1141    0.1058910230E+00
  1142    0.2161003959E+00
  1143   -0.3133555885E-01
  1144   -0.3031245013E+00
  1145   -0.1714471972E+00
  1146    0.1876917923E+00
  1147    0.7428539373E-01
  1148    0.1262283771E-02
  1149    0.3614119944E+00
  1150    0.3507761299E+00
  1151   -0.1213280167E+00
  1152   -0.5473945756E+00
  1153   -0.3586296662E+00
  1154   -0.5529996597E-01
  1155    0.2816016322E+00
  1156    0.2171797270E+00
  1157   -0.1713379147E+00
  1158   -0.5642416923E+00
  1159   -0.1813828428E+00
  1160    0.2171023051E+00
  1161    0.5759987718E+00
  1162    0.2784498995E+00
  1163    0.9208823891E-01
  1164    0.4441955544E-01
  1165   -0.6516471605E-01
  1166   -0.2664536946E+00
  1167   -0.2672226010E+00
  1168   -0.1973233374E+00
  1169   -0.2004192033E+00
  1170    0.3362867495E-01
  1171    0.2797314077E+00
  1172    0.3503173242E+00
  1173   -0.5007185197E-01
  1174   -0.5295526184E-01
  1175    0.8335147771E-01
  1176    0.2563706170E+00
  1177    0.9844449770E-01
  1178   -0.1203724215E+00
  1179   -0.9124488589E-01
  1180    0.1523033990E+00
  1181    0.2090386251E+00
  1182    0.7470058440E-01
  1183   -0.5550765278E-01
  1184   -0.1309016215E+00
  1185   -0.1209491743E+00
  1186   -0.1234169072E+00
  1187    0.4301670598E-02
  1188    0.8190729978E-01
  1189    0.7601011352E-02
  1190    0.2144044149E-01
  1191    0.5014874956E-01
  1192   -0.1271213602E-01
  1193   -0.9886108725E-01
  1194   -0.1440718358E+00
  1195    0.9744763492E-01
  1196    0.1525686779E+00
  1197    0.7518005875E-01
  1198   -0.1649078672E-02
  1199   -0.1226192720E+00
  1200   -0.1954305549E+00
  1201   -0.1040108023E+00
  1202    0.1202971508E+00
  1203    0.1573289687E+00
  1204    0.7983530405E-01
  1205    0.9386495472E-01
  1206    0.5275298421E-01
  1207    0.1897335763E-01
  1208    0.5550922154E-02
  1209   -0.4249496698E-01
  1210   -0.6635808082E-01
  1211   -0.3729487637E-01
  1212    0.1541335224E-01
  1213    0.2930240402E-01
  1214   -0.2716030734E-01
  1215   -0.7701692194E-01
  1216    0.1235465213E-01
  1217    0.1857597322E-01
  1218   -0.1855415302E-01
  1219   -0.1954423208E-01
  1220    0.1327770222E-01
  1221    0.1838401475E-01
  1222    0.1043800239E-01
  1223    0.2618812615E-01
  1224    0.5458306936E-01
  1225    0.3977450557E-01
  1226   -0.2158390880E-01
  1227   -0.6319473355E-01
  1228   -0.3893146610E-02
  1229    0.3419645314E-01
  1230    0.3244489439E-01
  1231    0.1315233271E-01
  1232    0.3339361849E-01
  1233    0.3799687125E-01
  1234    0.1577036235E-01
  1235    0.1472057808E-02
  1236   -0.1012466538E-01
  1237   -0.1424773892E-01
  1238    0.1312622692E-02
  1239    0.2200040636E-01
  1240    0.2313920650E-01
  1241    0.7735981913E-02
  1242   -0.4799623723E-02
  1243   -0.3562607907E-02
  1244    0.5876118243E-02
  1245    0.6901140057E-02
  1246    0.2421339819E-02
  1247    0.6056463039E-03
  1248    0.1514155550E-03
  1249    0.3785415740E-04
  1250    0.9463556143E-05
  1251    0.2365890084E-05
  1252    0.5914725825E-06
  1253    0.1478681559E-06
  1254    0.3696703343E-07
  1255    0.9241761356E-08
  1256    0.2310437841E-08
  1257    0.5776092937E-09
  1258    0.1443969389E-09
  1259    0.3610231558E-10
  1260    0.9021450253E-11
  1261    0.2258637721E-11
  1262    0.5657696533E-12
  1263    0.1386668558E-12
  1264    0.3663735981E-13
  1265    0.4884981308E-14
  1266    0.8881784197E-15
  1267   -0.2220446049E-14
  1268   -0.1998401444E-14
  1269   -0.2664535259E-14
  1270    0.9992007222E-15
  1271    0.8881784197E-15
  1272    0.0000000000E+00
  1273    0.0000000000E+00
  1274    0.3996802889E-14
  1275    0.8881784197E-15
  1276    0.4440892099E-15
  1277    0.8881784197E-15
  1278    0.0000000000E+00
  1279    0.8881784197E-15
  1280    0.0000000000E+00
  1281    0.3774758284E-14
  1282    0.2664535259E-14
  1283   -0.3441691376E-14
  1284   -0.3552713679E-14
  1285    0.8881784197E-15
  1286    0.1332267630E-14
  1287    0.0000000000E+00
  1288    0.4440892099E-15
  1289    0.1776356839E-14
  1290   -0.3552713679E-14
  1291    0.3330669074E-14
  1292    0.1332267630E-14
  1293   -0.3552713679E-14
  1294    0.0000000000E+00
  1295    0.8881784197E-15
  1296    0.1887379142E-14
  1297   -0.3552713679E-14
  1298    0.3108624469E-14
  1299    0.0000000000E+00
  1300   -0.8881784197E-15
  1301    0.0000000000E+00
  1302   -0.1221245327E-14
  1303    0.1332267630E-14
  1304   -0.3552713679E-14
  1305    0.0000000000E+00
  1306    0.1332267630E-14
  1307    0.0000000000E+00
  1308   -0.2664535259E-14
  1309    0.3330669074E-14
  1310   -0.3552713679E-14
  1311   -0.2220446049E-14
  1312    0.1332267630E-14
  1313   -0.3552713679E-14
  1314    0.2220446049E-15
  1315    0.1998401444E-14
  1316   -0.4440892099E-15
  1317   -0.3552713679E-14
  1318    0.3330669074E-14
  1319    0.0000000000E+00
  1320    0.0000000000E+00
  1321    0.2109423747E-14
  1322    0.0000000000E+00
  1323    0.3330669074E-14
  1324    0.1332267630E-14
  1325   -0.2664535259E-14
  1326    0.0000000000E+00
  1327   -0.1554312234E-14
  1328    0.0000000000E+00
  1329   -0.1998401444E-14
  1330    0.1332267630E-14
  1331    0.4440892099E-15
  1332   -0.3552713679E-14
  1333    0.4440892099E-15
  1334    0.1554312234E-14
  1335   -0.6217248938E-14
  1336   -0.1998401444E-14
  1337   -0.2220446049E-14
  1338   -0.3552713679E-14
  1339    0.8881784197E-15
  1340    0.1554312234E-14
  1341   -0.3552713679E-14
  1342   -0.2220446049E-14
  1343    0.8881784197E-15
  1344   -0.2220446049E-14
  1345   -0.3552713679E-14
  1346    0.1554312234E-14
  1347    0.1332267630E-14
  1348   -0.2220446049E-14
  1349   -0.2220446049E-14
  1350    0.3996802889E-14
  1351   -0.2220446049E-14
  1352   -0.5551115123E-14
  1353   -0.1554312234E-14
  1354    0.1332267630E-14
  1355   -0.7105427358E-14
  1356   -0.3552713679E-14
  1357    0.8881784197E-15
  1358    0.1443289932E-14
  1359   -0.3552713679E-14
  1360   -0.1110223025E-14
  1361    0.3108624469E-14
  1362   -0.3996802889E-14
  1363   -0.3552713679E-14
  1364   -0.4440892099E-15
  1365   -0.7771561172E-15
  1366   -0.3552713679E-14
  1367   -0.3552713679E-14
  1368    0.8881784197E-15
  1369    0.3774758284E-14
  1370   -0.4440892099E-15
  1371   -0.3552713679E-14
  1372    0.1554312234E-14
  1373    0.2109423747E-14
  1374   -0.2553512957E-14
  1375    0.1554312234E-14
  1376   -0.3552713679E-14
  1377   -0.3552713679E-14
  1378    0.0000000000E+00
  1379    0.2775557562E-14
  1380    0.3108624469E-14
  1381    0.0000000000E+00
  1382    0.0000000000E+00
  1383    0.1443289932E-14
  1384    0.0000000000E+00
  1385   -0.2553512957E-14
  1386    0.0000000000E+00
  1387   -0.1554312234E-14
  1388    0.3219646771E-14
  1389   -0.3552713679E-14
  1390   -0.2664535259E-14
  1391    0.1332267630E-14
  1392   -0.2664535259E-14
  1393   -0.2220446049E-15
  1394   -0.3552713679E-14
  1395   -0.2664535259E-14
  1396    0.2220446049E-14
  1397    0.2220446049E-14
  1398   -0.2664535259E-14
  1399   -0.1443289932E-14
  1400    0.3774758284E-14
  1401   -0.4440892099E-15
  1402   -0.2553512957E-14
  1403   -0.2664535259E-14
  1404   -0.2220446049E-14
  1405   -0.6661338148E-15
  1406    0.1776356839E-14
  1407    0.0000000000E+00
  1408   -0.3552713679E-14
  1409    0.8881784197E-15
  1410    0.8881784197E-15
  1411   -0.2664535259E-14
  1412   -0.8881784197E-15
  1413   -0.2220446049E-14
  1414   -0.3552713679E-14
  1415    0.8881784197E-15
  1416    0.2775557562E-14
  1417    0.3774758284E-14
  1418   -0.6661338148E-15
  1419   -0.8881784197E-15
  1420   -0.3552713679E-14
  1421    0.0000000000E+00
  1422    0.0000000000E+00
  1423    0.1332267630E-14
  1424    0.0000000000E+00
  1425    0.2109423747E-14
  1426    0.8881784197E-15
  1427    0.0000000000E+00
  1428    0.0000000000E+00
  1429    0.1332267630E-14
  1430    0.8881784197E-15
  1431    0.8881784197E-15
  1432    0.3774758284E-14
  1433    0.5773159728E-14
  1434   -0.3552713679E-14
  1435   -0.2553512957E-14
  1436    0.1887379142E-14
  1437   -0.2664535259E-14
  1438    0.1554312234E-14
  1439    0.1443289932E-14
  1440    0.0000000000E+00
  1441   -0.3552713679E-14
  1442    0.0000000000E+00
  1443    0.1998401444E-14
  1444    0.3552713679E-14
  1445   -0.4440892099E-15
  1446    0.1998401444E-14
  1447   -0.3996802889E-14
  1448   -0.2775557562E-14
  1449   -0.3552713679E-14
  1450   -0.1665334537E-14
  1451    0.1554312234E-14
  1452   -0.3552713679E-14
  1453   -0.2664535259E-14
  1454    0.1332267630E-14
  1455    0.8881784197E-15
  1456    0.1332267630E-14
  1457    0.1554312234E-14
  1458    0.0000000000E+00
  1459   -0.8881784197E-15
  1460    0.0000000000E+00
  1461   -0.1332267630E-14
  1462    0.0000000000E+00
  1463   -0.1998401444E-14
  1464    0.3663735981E-14
  1465   -0.3552713679E-14
  1466    0.8881784197E-15
  1467    0.1332267630E-14
  1468   -0.3552713679E-14
  1469    0.0000000000E+00
  1470    0.8881784197E-15
  1471    0.3108624469E-14
  1472   -0.2220446049E-14
  1473   -0.3552713679E-14
  1474    0.0000000000E+00
  1475    0.1554312234E-14
  1476    0.1332267630E-14
  1477   -0.8881784197E-15
  1478   -0.3552713679E-14
  1479   -0.3552713679E-14
  1480    0.0000000000E+00
  1481    0.0000000000E+00
  1482    0.0000000000E+00
  1483    0.1221245327E-14
  1484    0.3552713679E-14
  1485    0.0000000000E+00
  1486    0.9992007222E-15
  1487    0.0000000000E+00
  1488   -0.3552713679E-14
  1489    0.1332267630E-14
  1490    0.1998401444E-14
  1491    0.0000000000E+00
  1492   -0.3552713679E-14
  1493    0.0000000000E+00
  1494    0.1332267630E-14
  1495    0.8881784197E-15
  1496   -0.5107025913E-14
  1497    0.1332267630E-14
  1498    0.6661338148E-15
  1499    0.0000000000E+00
  1500    0.1293103448E+02
  1501    0.1293103448E+02
  1502    0.0000000000E+00
