    -1    0.0000000000E+00
     0   -0.1169182034E+02
     1   -0.9951945688E+01
     2   -0.1624892027E+01
     3   -0.5356244756E+01
     4    0.6419407149E+01
     5   -0.9490708217E+01
     6    0.9240276668E+01
     7   -0.2213871752E+01
     8   -0.4656991416E+01
     9   -0.1125444385E+02
    10    0.1159530911E+02
    11    0.3837189774E+01
    12    0.4285548496E+01
    13    0.1710520689E+01
    14   -0.5474957395E+00
    15    0.2884099218E-01
    16   -0.2367813746E+01
    17    0.1061156004E+01
    18   -0.1163704344E+02
    19   -0.1120941027E+02
    20    0.6378699531E+01
    21    0.1102547890E+02
    22   -0.5186966662E+01
    23    0.1147997119E+01
    24    0.1270163617E+01
    25   -0.8393135562E+01
    26    0.7267603833E+01
    27   -0.5511740092E+01
    28    0.4894548727E+01
    29   -0.4200733616E+01
    30    0.1271747177E+01
    31    0.3258384861E+01
    32    0.1922800041E+01
    33    0.2557891807E+01
    34   -0.8423370553E+01
    35    0.9124014330E+01
    36    0.5094978534E+01
    37   -0.6745078100E+01
    38   -0.3965494849E+01
    39   -0.6401715102E+01
    40    0.9903089718E+01
    41   -0.9193727599E+01
    42    0.3570012755E+01
    43   -0.8533463986E+01
    44    0.8351705630E+01
    45   -0.3420119950E+01
    46   -0.1632917254E+02
    47    0.3940693060E+01
    48    0.6226693362E+00
    49    0.7321703290E+00
    50   -0.5442186051E+01
    51    0.3659320248E+01
    52    0.6899626387E+01
    53    0.8845113073E+01
    54    0.1054362694E+01
    55   -0.1406902397E+00
    56   -0.2877268265E+01
    57    0.4523880614E+01
    58    0.2908036842E+01
    59   -0.2266875075E+02
    60    0.1582975405E+01
    61   -0.3773496975E+01
    62   -0.3596276410E+01
    63    0.1307617599E+02
    64    0.1135488912E+02
    65   -0.2519757569E+01
    66    0.8999727064E+01
    67    0.2193970425E+01
    68    0.4730338172E+01
    69   -0.1546299173E+01
    70   -0.9140921975E+01
    71   -0.5462221066E+01
    72    0.9898312273E+01
    73    0.3275102727E+01
    74    0.1563323747E+01
    75   -0.4568479462E+01
    76    0.1340337841E+01
    77   -0.2186029073E+01
    78    0.1206569556E+01
    79   -0.4923121677E+00
    80   -0.1678437086E+01
    81    0.1218967537E+02
    82   -0.9109347252E+01
    83    0.8083096339E+01
    84   -0.7337044260E+01
    85    0.6575294709E+01
    86   -0.2396145788E+01
    87   -0.3490828828E+01
    88    0.1190042328E+01
    89    0.7969816196E+01
    90   -0.6187161183E+01
    91    0.3167596672E+01
    92   -0.1721046249E+01
    93    0.4957300776E+01
    94   -0.1218157348E+01
    95   -0.7772092831E+01
    96    0.1048207942E+02
    97   -0.1058856059E+01
    98   -0.3541490666E+01
    99    0.1748675135E+01
   100   -0.1652019276E+01
   101    0.1182707022E+01
   102    0.3054382220E+01
   103   -0.4354034009E+01
   104    0.2126947937E+01
   105   -0.1002147953E+01
   106    0.6859338923E+00
   107   -0.5873629568E+01
   108    0.1028996269E+02
   109    0.4111769228E+00
   110   -0.3526269485E+01
   111    0.6976678612E+00
   112   -0.2432821766E+01
   113   -0.4376970327E+00
   114    0.4043241882E+01
   115   -0.2060205511E+01
   116   -0.2665728616E+01
   117    0.8107307689E+01
   118    0.1318825049E+01
   119   -0.1001668757E+02
   120    0.7629405100E+01
   121   -0.3959155692E+01
   122   -0.3622522422E+01
   123    0.4404121520E+01
   124   -0.1856898592E+01
   125    0.2283237450E+01
   126   -0.7701759459E-01
   127   -0.1570528102E+00
   128    0.1246044252E+01
   129   -0.4813067643E+01
   130    0.2613817691E+01
   131    0.2480686089E+01
   132   -0.2455354897E+01
   133    0.4339307871E+01
   134   -0.3405951447E+01
   135    0.5235676731E+00
   136   -0.6977653108E+01
   137    0.4623440026E+01
   138    0.2476170664E+01
   139    0.1105304147E+01
   140   -0.7308547183E+01
   141   -0.5547616042E+00
   142    0.7682960344E+01
   143    0.2788116604E+01
   144   -0.2234637624E+01
   145    0.2340631604E+00
   146   -0.1967426935E+01
   147   -0.1861123615E+01
   148   -0.8617937507E+00
   149   -0.3933827792E+01
   150    0.3900564716E+01
   151    0.3879586197E+01
   152   -0.1155768118E+01
   153   -0.2349248953E+01
   154    0.6181623474E+01
   155    0.2615554359E+01
   156   -0.6339388049E+01
   157   -0.3967592292E+01
   158   -0.3115274003E+01
   159    0.4819789776E+00
   160    0.1260997150E+02
   161   -0.5011868712E+01
   162   -0.5052695777E+01
   163    0.6123101685E+01
   164   -0.1301322750E+02
   165    0.9608929350E+01
   166   -0.3001787485E+01
   167    0.2560931830E+01
   168    0.5983437477E+01
   169   -0.7292947153E+01
   170    0.3865136392E+01
   171    0.3575991953E+01
   172   -0.4865412921E+01
   173   -0.4606593621E+01
   174   -0.3813784749E+01
   175    0.1803156491E+01
   176   -0.4858241816E+01
   177    0.1344801607E+02
   178   -0.8502917014E+00
   179   -0.8942144078E+00
   180    0.1689699350E+01
   181   -0.3346516116E+01
   182   -0.1448795326E+01
   183   -0.5426512809E+01
   184   -0.1693357302E+01
   185    0.7123261159E+01
   186   -0.3761529021E+01
   187   -0.3681907551E+01
   188    0.5331726895E+01
   189   -0.1317245354E+01
   190   -0.7033670068E+01
   191   -0.2233521056E+01
   192    0.1140049456E+02
   193   -0.1371758391E+01
   194    0.1150811092E+01
   195   -0.1093388248E+00
   196   -0.1020922437E+02
   197    0.4378536148E+01
   198    0.1313589499E+02
   199   -0.9803220205E+01
   200   -0.1262524834E+02
   201    0.9472413501E+01
   202   -0.1366510018E+02
   203    0.8782216432E+01
   204    0.2045417467E+01
   205   -0.1241980173E+02
   206    0.1260458203E+02
   207   -0.3887932870E+01
   208   -0.9951508006E+01
   209    0.3695061592E+01
   210   -0.6543029510E+01
   211    0.7742519225E+01
   212   -0.1541366253E+02
   213    0.1767236254E+02
   214   -0.2924587054E+02
   215    0.1050884862E+02
   216    0.1355975766E+02
   217    0.4917662042E+01
   218   -0.1420397636E+02
   219    0.3574407335E+01
   220   -0.1154409415E+02
   221    0.8677207631E+01
   222   -0.7025597848E+01
   223   -0.1760175631E+01
   224    0.1153978123E+02
   225    0.5840269054E+01
   226   -0.1477788083E+02
   227   -0.2744635517E+01
   228   -0.1334328176E+02
   229   -0.1904865024E+02
   230    0.1324145120E+02
   231    0.4799402595E+01
   232   -0.1957939916E+02
   233    0.2729256076E+02
   234    0.1741236328E+02
   235    0.1314371135E+02
   236    0.2581784471E+01
   237   -0.5586806774E+00
   238    0.3262484641E+01
   239   -0.4286233096E+01
   240   -0.7988141120E+01
   241    0.6514107802E+01
   242    0.6988170365E+01
   243    0.5045560348E+01
   244   -0.9564524490E+01
   245    0.1158224475E+02
   246    0.2618768037E+01
   247   -0.1685162935E+02
   248    0.1240078200E+02
   249   -0.1029604131E+02
   250    0.1136919535E+01
   251    0.5149501837E+01
   252    0.6111745077E+01
   253   -0.4884180711E+01
   254    0.5670541800E+00
   255   -0.1221519902E+01
   256   -0.6052162359E+00
   257    0.6809284854E+01
   258    0.1886482993E+01
   259   -0.8025100882E+01
   260   -0.3258277548E-01
   261    0.3737492400E+01
   262   -0.4210021949E+00
   263    0.5366149777E+01
   264   -0.9448578215E+01
   265    0.1003441883E+02
   266   -0.1193165084E+01
   267   -0.1212188535E+01
   268   -0.7817958991E+00
   269   -0.3202760326E+00
   270   -0.2186594039E+01
   271    0.5529839046E+01
   272    0.3292752336E+01
   273   -0.9802142012E+01
   274    0.4929754393E+01
   275    0.3089157998E+01
   276    0.2471648927E+00
   277   -0.3892212288E+01
   278   -0.2721634227E+01
   279    0.8269914965E+01
   280   -0.3104904173E+01
   281   -0.3585114994E+01
   282    0.1978367225E+01
   283   -0.1620362202E+01
   284    0.3502813847E+01
   285   -0.2521977812E+01
   286    0.2868000277E+00
   287    0.4620103209E+01
   288    0.4608045468E+01
   289   -0.1007856014E+02
   290    0.2123977493E+01
   291   -0.7416947974E+00
   292    0.1223501348E+01
   293   -0.4504565892E+01
   294    0.9519109576E+01
   295    0.1990943593E+00
   296    0.1088352905E+01
   297   -0.1494264803E+02
   298    0.7905596321E+01
   299   -0.2808337368E+01
   300    0.8522671531E+01
   301    0.4411752560E+00
   302    0.1171772497E+01
   303    0.1369677490E+01
   304   -0.1207805252E+02
   305    0.4693109456E+01
   306   -0.3728156931E+01
   307    0.6592953716E+01
   308   -0.3927457938E+00
   309   -0.7890843438E+00
   310   -0.6601135954E+01
   311    0.8982058012E+01
   312   -0.3431838480E+01
   313    0.9665438326E+00
   314    0.1567923238E+00
   315    0.1529067149E+01
   316   -0.7942778360E+00
   317   -0.1179803063E+01
   318   -0.3781335524E+01
   319    0.6282514612E+00
   320    0.7214274838E+01
   321   -0.8284813823E+01
   322    0.8175536055E+01
   323   -0.3109044311E+01
   324   -0.8501916561E+00
   325    0.1421940133E+01
   326   -0.1944604547E+01
   327    0.2075250778E+01
   328    0.1367625144E+01
   329   -0.5046793953E+01
   330    0.8530837170E+00
   331    0.1160554950E+01
   332    0.3613973233E+01
   333   -0.5277980502E+01
   334    0.3097638337E+01
   335   -0.8810568389E+00
   336    0.2821954246E+01
   337   -0.2339379117E+01
   338    0.1346026800E+01
   339   -0.4777506319E+01
   340    0.5038432827E+01
   341    0.9227902641E+00
   342   -0.5347214300E+01
   343    0.4515976108E+00
   344    0.3038298151E+01
   345   -0.4401885843E+00
   346    0.1317774133E+01
   347   -0.9911225171E+01
   348    0.8147428244E+01
   349    0.1926579821E+01
   350   -0.9153853184E+01
   351   -0.3010627643E+00
   352    0.9801388518E+00
   353    0.4391863737E+01
   354    0.3058152678E+00
   355    0.2148148096E+01
   356   -0.3724228422E+01
   357    0.1585915785E+01
   358    0.2200985160E+01
   359   -0.4310195310E+01
   360    0.1742667202E+01
   361    0.1821544125E+01
   362    0.7237026231E-01
   363   -0.6615068159E+01
   364   -0.7070291542E+00
   365    0.8248367719E+00
   366    0.3166601408E+01
   367    0.9925061015E+01
   368   -0.4878088345E+01
   369   -0.9032473053E+01
   370    0.1921206594E+01
   371   -0.7848992360E+01
   372    0.6691172899E+01
   373    0.4123479595E+00
   374   -0.6345807031E+01
   375   -0.2309510158E+01
   376    0.1600877662E+00
   377    0.1499669820E+02
   378   -0.1419787713E+02
   379   -0.7261486401E+01
   380    0.7690621931E+01
   381    0.1203372281E+02
   382   -0.5118462518E+01
   383   -0.1248694146E+01
   384   -0.6860846159E+01
   385    0.3462105986E+01
   386   -0.8937466890E+01
   387    0.1726768116E+01
   388    0.3700911063E+01
   389   -0.7151727862E+01
   390    0.7541372982E+01
   391    0.1962875532E+01
   392   -0.4159556318E+01
   393   -0.9491101390E+01
   394    0.5179831636E+01
   395   -0.6184448729E+01
   396    0.9698084496E+01
   397   -0.5246145296E+01
   398    0.1942516853E+01
   399   -0.2062805790E+02
   400   -0.1061156552E+01
   401   -0.9975277657E+00
   402   -0.4313735422E+01
   403   -0.1296061772E+02
   404    0.1329519739E+02
   405    0.4632123770E+01
   406   -0.2555256563E+02
   407   -0.1206405261E+02
   408    0.1517691674E+02
   409    0.6730110140E+01
   410   -0.2726426717E+02
   411    0.1873712230E+02
   412    0.3393052702E+02
   413    0.8348882105E+01
   414   -0.3228398480E+01
   415   -0.1693843695E+02
   416   -0.3977816098E+01
   417    0.5616645809E+01
   418    0.3227106577E+02
   419   -0.1078720044E+02
   420   -0.1516558645E+02
   421    0.1677668445E+02
   422   -0.5408549871E+01
   423    0.6385752384E+01
   424    0.3140049176E+01
   425   -0.2090153402E+01
   426    0.6057653239E+01
   427   -0.1761089839E+02
   428    0.1791826806E+02
   429   -0.3967605138E+00
   430    0.2395161766E+01
   431   -0.4131970101E+01
   432    0.5761552000E+01
   433   -0.9363766681E+00
   434   -0.7306011560E+00
   435    0.1314723892E+01
   436    0.3335125845E+01
   437    0.3027599733E+00
   438   -0.3721161698E+01
   439    0.5480514960E+01
   440   -0.2519125709E+01
   441   -0.1717077268E+01
   442   -0.5201655047E+00
   443    0.4360678551E+01
   444   -0.3424545513E+01
   445    0.4795604770E+01
   446   -0.2458462831E+01
   447   -0.6341337221E+00
   448    0.1686340350E+01
   449   -0.7259192553E+00
   450    0.2075791649E+01
   451   -0.4741598237E+00
   452   -0.3721304609E+01
   453    0.6603259771E+01
   454    0.9772734400E-01
   455   -0.1882916124E+01
   456    0.2006782657E+01
   457   -0.4737731226E+01
   458    0.1382019497E+01
   459    0.2886131248E+01
   460   -0.2415580205E+01
   461    0.2363489850E+01
   462    0.2537667912E+00
   463   -0.4861805832E+01
   464    0.3481585878E+01
   465    0.4050822129E+01
   466   -0.1228337127E+02
   467    0.1191852139E+02
   468    0.3469368788E+00
   469   -0.2291608133E+01
   470   -0.2079373266E+01
   471   -0.6358666199E+00
   472    0.7084586322E+01
   473   -0.2809523875E+01
   474   -0.1302303147E+01
   475    0.1181003732E+01
   476   -0.7866982413E+01
   477    0.7744228763E+01
   478   -0.2579850584E+00
   479    0.1923922702E+01
   480   -0.1602299262E+01
   481   -0.3086686610E+01
   482    0.2371766295E+00
   483    0.2004877865E+01
   484    0.1091535026E+01
   485    0.1805607290E+01
   486   -0.4380977030E+01
   487   -0.1788845445E-01
   488    0.1875179300E+01
   489    0.1944175668E+01
   490   -0.3338411000E+01
   491    0.3200635374E+01
   492   -0.1152548945E+01
   493    0.4149629414E+01
   494   -0.2253486191E+01
   495   -0.3558821035E+01
   496    0.1197818027E+01
   497    0.1753242760E+01
   498   -0.1854158634E+01
   499   -0.3009795607E+01
   500    0.2984483614E+01
   501    0.4492228444E-01
   502   -0.2424947529E+01
   503    0.4527460707E+01
   504   -0.2962906606E+01
   505   -0.1998757402E+01
   506    0.3930675455E+01
   507   -0.2064073642E+01
   508   -0.1575190723E+01
   509   -0.3896894919E+01
   510    0.9383952573E+01
   511   -0.3585783730E+00
   512   -0.2314528738E+01
   513    0.6536265989E+00
   514    0.8674395939E+00
   515    0.2068693214E+01
   516   -0.7458009881E+00
   517   -0.1105952391E+01
   518   -0.2050353045E+01
   519   -0.2601392359E+01
   520    0.2149585922E+01
   521    0.1590276496E+01
   522   -0.1899360943E+00
   523   -0.5067081688E+01
   524    0.4185276126E+01
   525   -0.3233570138E+00
   526   -0.4995958344E+01
   527    0.5045173958E+01
   528    0.7730359259E+01
   529   -0.4454602737E+01
   530   -0.6501115608E+01
   531    0.2788542327E+01
   532   -0.3517572937E+00
   533    0.1116143276E+01
   534    0.4851393969E+00
   535    0.5096363080E+00
   536   -0.4137291327E+01
   537    0.6448200778E+01
   538   -0.3075951900E+01
   539    0.1948295613E+01
   540   -0.8034923115E+01
   541   -0.7192318673E-01
   542    0.8143478909E+01
   543   -0.2673655706E+01
   544    0.6535630714E+00
   545    0.1131934198E+01
   546   -0.2682599051E+01
   547   -0.4813307612E+01
   548    0.3833825588E+01
   549   -0.7257780492E+00
   550    0.2449290455E+01
   551   -0.2167012484E+01
   552   -0.3401918578E+01
   553   -0.3470561316E+01
   554    0.4019205299E+01
   555    0.1844018200E+01
   556   -0.1258465446E+01
   557    0.5100889824E+01
   558   -0.5770607651E+01
   559    0.4647142441E+01
   560   -0.3762516626E+01
   561    0.7996799901E+00
   562    0.2138321354E+00
   563    0.1399462861E+01
   564   -0.3803392668E+01
   565    0.2841321955E+01
   566   -0.4110033238E+00
   567    0.3819074004E+01
   568    0.6247159927E+00
   569   -0.1029197076E+02
   570   -0.7967056862E+01
   571    0.1245814001E+02
   572    0.3467907979E+01
   573   -0.2018169522E+01
   574   -0.2487796699E+01
   575   -0.1574007662E+01
   576   -0.1776784079E+01
   577   -0.5887647590E+01
   578    0.3674304772E+01
   579   -0.1383883037E+00
   580   -0.5386334628E+00
   581   -0.1647600456E+02
   582    0.9173544964E+01
   583   -0.8298100169E+01
   584    0.5460916122E+01
   585   -0.1011887752E+01
   586   -0.5643408763E+01
   587    0.8732513971E+01
   588   -0.2352204538E+02
   589    0.2719515070E+01
   590    0.3631076964E+01
   591   -0.7518706896E+00
   592   -0.1216596536E+02
   593    0.1058296343E+02
   594    0.5867331227E+01
   595   -0.1480551431E+02
   596   -0.9657460144E+00
   597    0.3053432779E+01
   598   -0.3610146544E+01
   599   -0.7921099284E+00
   600    0.1452468375E+02
   601   -0.2593391960E+01
   602   -0.1026384684E+02
   603    0.5858699282E+01
   604    0.3022676171E+01
   605   -0.6657579774E+01
   606   -0.7325237340E+01
   607   -0.1936477841E+01
   608    0.9244357980E+01
   609    0.8734856904E+01
   610    0.4905597967E+01
   611   -0.1926740813E+02
   612    0.4166641367E+01
   613    0.2911694402E+01
   614    0.5016633208E+01
   615    0.1464151372E+02
   616   -0.6244907568E+01
   617   -0.7099686719E+01
   618    0.1765572200E+02
   619    0.1156586168E+01
   620   -0.1196286692E+02
   621    0.1539172487E+02
   622   -0.4860963326E+01
   623    0.1015986112E+01
   624    0.3778570026E+01
   625   -0.5681457087E+01
   626    0.1123916304E+02
   627   -0.1035089897E+02
   628    0.9968184957E+00
   629    0.1096791536E+00
   630    0.6939942992E+01
   631   -0.3621520775E+01
   632   -0.3433959533E+00
   633    0.7478334745E+01
   634   -0.1232526353E+01
   635    0.2434343620E+01
   636   -0.4026591005E+01
   637    0.5979919397E+01
   638   -0.1190824591E+01
   639   -0.6311452013E+01
   640    0.7084982949E+00
   641    0.8233357125E+01
   642   -0.7578410661E+01
   643    0.6712089663E+01
   644    0.3262578129E+01
   645   -0.5457124653E+01
   646   -0.1996322586E+00
   647    0.8611052457E+01
   648   -0.1140949932E+02
   649    0.2540178214E+00
   650    0.4195414198E+01
   651   -0.1875031656E+01
   652    0.3787223064E+01
   653    0.3307250457E+00
   654   -0.1249201148E+01
   655    0.1558186309E+01
   656    0.2083485085E+00
   657   -0.7604207631E-01
   658   -0.3325135276E+01
   659    0.1539284747E+01
   660    0.6249383044E+01
   661   -0.4771355283E+01
   662    0.3377561248E+00
   663    0.2768371833E+01
   664   -0.1199170133E+02
   665    0.7918847190E+01
   666    0.5685635253E+01
   667   -0.3491700876E+01
   668    0.4603260309E+00
   669   -0.1336003481E+01
   670   -0.5590502719E+00
   671    0.3659068498E+01
   672    0.3941862329E+00
   673   -0.3894414911E+01
   674    0.4739759615E+00
   675    0.1114117176E+01
   676    0.6502237939E+00
   677   -0.1149325875E+00
   678   -0.4265495523E+01
   679    0.4243610265E+01
   680    0.1792683109E+01
   681   -0.7546374680E+01
   682    0.1402559218E+02
   683   -0.7717863912E+01
   684   -0.4515441437E+01
   685    0.4808884186E+01
   686   -0.4358227175E+01
   687    0.6832770707E+01
   688   -0.5808946246E+01
   689    0.6131125115E+01
   690    0.1262749108E+01
   691   -0.9566471771E+01
   692    0.7519633419E+01
   693   -0.8881295609E+01
   694    0.7336256108E+01
   695    0.4979300902E+01
   696   -0.1122976609E+02
   697    0.5528839069E+01
   698    0.3451691451E+01
   699   -0.2472762529E+01
   700   -0.1768834202E+01
   701   -0.2513447817E+01
   702    0.1800906593E+01
   703    0.4264630497E+01
   704   -0.3424298158E+01
   705    0.1181806526E+01
   706   -0.9036441244E+01
   707    0.8015934192E+01
   708   -0.9356561270E+00
   709   -0.2549767100E+01
   710    0.5447349811E+01
   711   -0.1383847254E+02
   712    0.1083477424E+02
   713    0.8291773217E+01
   714   -0.5192845964E+01
   715   -0.1422156777E+01
   716   -0.9743275163E+00
   717   -0.7286779438E+00
   718   -0.4390105848E+00
   719   -0.4819266604E+01
   720    0.8097149518E+01
   721    0.1184995586E+00
   722   -0.7617491425E+01
   723    0.7416740432E+00
   724    0.1527234170E+01
   725    0.3754556086E+01
   726    0.9003758644E+00
   727   -0.7028494930E+01
   728    0.7019308786E+01
   729   -0.5279528840E+01
   730   -0.1248608223E+01
   731    0.1291983738E+01
   732    0.2102918463E+01
   733   -0.4349478934E+01
   734   -0.9280150646E+00
   735    0.3371037104E+01
   736    0.6150843763E+01
   737   -0.5108861726E+01
   738   -0.9441726294E+01
   739    0.8320771698E+00
   740    0.7342141164E+01
   741    0.3406112409E+01
   742   -0.9920285863E+01
   743    0.2302883125E+01
   744   -0.3596596927E+01
   745   -0.6824920951E+01
   746    0.3850589289E+01
   747    0.4705192089E+00
   748    0.6292338122E+00
   749    0.9833936396E+01
   750   -0.6028968393E+01
   751   -0.4304369927E+01
   752   -0.5585549522E+01
   753    0.4096600986E+01
   754   -0.1278099637E+02
   755    0.6045964485E+01
   756    0.9731105698E+01
   757   -0.6431074403E+01
   758    0.3584003459E+01
   759   -0.8925064009E+01
   760    0.2398616707E+01
   761    0.1293464870E+02
   762   -0.1693169833E+01
   763   -0.1114433857E+02
   764    0.5255880887E+01
   765    0.3143775773E+01
   766   -0.1218187173E+02
   767   -0.6762216473E+01
   768    0.2065600234E+01
   769    0.2977449557E+01
   770   -0.7962767447E+01
   771    0.1267384724E+02
   772   -0.3003473643E+01
   773   -0.7379656024E+01
   774    0.9640937195E+01
   775   -0.2320323954E+02
   776    0.1888581025E+02
   777    0.5884665057E+01
   778   -0.5573343706E+01
   779   -0.8121732011E+01
   780   -0.1538542778E+01
   781    0.1022373853E-01
   782    0.1302513193E+02
   783   -0.3524638401E+01
   784    0.1232779397E+01
   785   -0.1153494914E+02
   786    0.1115088360E+01
   787   -0.9712434942E+01
   788    0.1638336560E+02
   789    0.6275675277E+01
   790   -0.1134712655E+02
   791    0.6079874767E+01
   792    0.9962797338E+01
   793   -0.7332671433E+01
   794    0.1478625870E+02
   795   -0.1107967656E+02
   796   -0.1782637800E+02
   797    0.1201979804E+02
   798    0.1029886196E+02
   799    0.1181626381E+01
   800    0.1139716154E+01
   801   -0.5128325627E+01
   802    0.3353533695E+01
   803   -0.2756661992E+01
   804    0.2813382508E+01
   805    0.1628149924E+01
   806   -0.7330688945E+01
   807    0.9715890146E+01
   808   -0.5604592685E+01
   809   -0.3252011778E+01
   810    0.5573424615E+01
   811   -0.2263581401E+01
   812    0.2061713716E+01
   813    0.2448723222E+01
   814    0.3480226700E+01
   815    0.3381279568E+01
   816   -0.1152349617E+02
   817   -0.5783865589E+00
   818    0.7029464627E+01
   819    0.1180950326E+02
   820   -0.6787407700E+01
   821   -0.9019351205E+01
   822   -0.1441472604E+00
   823    0.2788266971E+01
   824    0.2774739841E+01
   825    0.6327301653E+01
   826   -0.4084363644E+01
   827    0.1658852285E+01
   828   -0.1178036083E+02
   829    0.1573807691E+02
   830   -0.9019676463E+01
   831   -0.9363409317E+00
   832    0.2748596099E+01
   833    0.3223842176E+01
   834   -0.8275436865E+00
   835    0.9499369184E+01
   836   -0.3636432059E+01
   837   -0.9149212567E+01
   838    0.2812345601E+01
   839    0.8298932443E+01
   840   -0.1679396525E+02
   841    0.1218891033E+02
   842   -0.3374339075E+01
   843    0.2574127668E+01
   844    0.3113312335E+01
   845   -0.4003120635E+01
   846   -0.5701301004E+01
   847    0.6604303167E+00
   848    0.1338062966E+02
   849   -0.8058681696E+01
   850    0.2050310472E+01
   851   -0.6847275374E+01
   852    0.4573783798E+01
   853   -0.2971994512E+01
   854    0.1032844058E+02
   855   -0.4383084034E+01
   856   -0.2901669766E+01
   857    0.4648083799E+01
   858   -0.7025466319E+00
   859   -0.4191989099E+01
   860   -0.1695152165E+01
   861    0.1189491250E+00
   862    0.1828005009E+01
   863   -0.1884991452E+01
   864    0.2496211355E+01
   865    0.7059580619E+00
   866   -0.4245614753E+01
   867    0.4178474350E+01
   868   -0.1805963973E+01
   869    0.8647253384E+01
   870   -0.8821072081E+01
   871    0.1482535448E+01
   872   -0.4905007385E+00
   873   -0.3989144953E+00
   874   -0.3889134733E+01
   875    0.6497807504E+00
   876    0.1212650561E+01
   877    0.5042847429E+01
   878   -0.2952490244E+00
   879   -0.4758588942E+01
   880    0.6184886056E+01
   881   -0.2310080393E+01
   882   -0.1489967766E+01
   883   -0.4885317500E+01
   884    0.3466666713E+01
   885    0.3261582098E+01
   886   -0.6025602496E+00
   887   -0.3893436409E+01
   888   -0.1124769031E+01
   889    0.3090771023E+00
   890    0.2887160617E+01
   891   -0.1085286593E+01
   892    0.4730799840E+00
   893    0.7454529974E+01
   894   -0.4774332384E+01
   895   -0.5521035709E+01
   896    0.4965843444E+00
   897   -0.1300285070E+01
   898    0.9445109974E+01
   899   -0.5742579888E+01
   900   -0.2125807081E+00
   901   -0.1751490408E-01
   902   -0.1362813219E+01
   903   -0.5298608534E+01
   904    0.2373759364E+01
   905   -0.1694787295E+01
   906    0.5598985532E+00
   907   -0.4038556303E+00
   908    0.2574287071E+01
   909   -0.1816156957E+01
   910   -0.2141723374E+01
   911   -0.1209136524E+01
   912    0.2669265219E+00
   913    0.6513706237E+01
   914   -0.8933294532E+01
   915    0.2116638246E+01
   916   -0.4901765780E+00
   917   -0.4148265549E-02
   918   -0.4780266360E+01
   919    0.3543668159E+01
   920    0.2624862322E+01
   921   -0.1467198858E+00
   922   -0.3239731517E+01
   923    0.5245173096E+00
   924    0.1065405462E+01
   925   -0.1215637588E+01
   926   -0.3790717696E+00
   927    0.4894868173E+01
   928   -0.2394589672E+01
   929    0.1991982920E+01
   930   -0.2103438650E+01
   931    0.5309660783E+01
   932   -0.2123004390E+01
   933   -0.7106262654E-01
   934    0.3731003476E+00
   935   -0.3902791477E+01
   936   -0.2395562963E+01
   937    0.1714087781E+01
   938    0.6943502210E+00
   939   -0.5340056917E+01
   940   -0.1126177685E+01
   941    0.5458808597E+01
   942    0.6955286215E+01
   943   -0.5468997380E+01
   944   -0.3149149531E+01
   945    0.9337916211E+00
   946   -0.1043963459E+01
   947    0.5964292982E+01
   948   -0.4322886085E+01
   949    0.9869316117E+00
   950   -0.3526909978E+01
   951   -0.1708386389E+01
   952   -0.3444752373E+00
   953    0.2441333287E+01
   954    0.6140167467E+01
   955    0.1208868049E+01
   956   -0.2029041298E+01
   957   -0.6642874965E+01
   958   -0.7853109462E-01
   959   -0.5262468619E+00
   960   -0.2727291823E+01
   961    0.6919504232E+01
   962    0.3709768677E+01
   963   -0.4299772265E+00
   964   -0.1756725466E+01
   965   -0.1405638069E+01
   966   -0.1429531386E+01
   967    0.3032296145E+01
   968   -0.1796228356E+01
   969    0.6642004376E+00
   970   -0.6936089507E+00
   971   -0.3039929229E+01
   972   -0.1618161643E+01
   973    0.4496672571E+01
   974    0.3526090424E+01
   975   -0.2398667846E+01
   976   -0.4454094330E+01
   977    0.3686938151E+01
   978    0.3427615430E+01
   979    0.1494501303E+01
   980    0.6795010560E+00
   981   -0.1122731345E+01
   982   -0.1702526656E+01
   983   -0.3196897337E+01
   984   -0.1284798292E+01
   985    0.3610131966E+01
   986    0.1009323132E+01
   987    0.5462767015E+00
   988   -0.4515275292E+00
   989    0.6321815176E+00
   990    0.8242089655E-01
   991   -0.2638787572E+00
   992   -0.3092389306E+01
   993   -0.1876079143E+01
   994    0.3494932954E+01
   995    0.2221800372E+01
   996    0.1170840101E+00
   997   -0.4395139878E+00
   998   -0.3022772000E+00
   999   -0.6257572692E+00
  1000    0.5181286375E+00
  1001   -0.2824852616E-01
  1002    0.5695355169E+00
  1003   -0.1522425725E+01
  1004   -0.2547455345E+01
  1005    0.1915233240E+01
  1006    0.3161757931E+01
  1007    0.2923589055E+01
  1008    0.1946844960E+00
  1009   -0.9429821036E+00
  1010   -0.4550890319E+00
  1011   -0.4209262968E+00
  1012   -0.1025946393E+01
  1013   -0.3474304544E+00
  1014   -0.1187563131E+01
  1015   -0.4401780941E-01
  1016    0.1592575870E+01
  1017    0.3445030001E+00
  1018    0.5826595038E+00
  1019    0.2945630190E+00
  1020   -0.1256263188E+01
  1021   -0.2194492288E+01
  1022   -0.5439001051E+00
  1023    0.2372402501E+01
  1024    0.1496680363E+01
  1025    0.3456522491E+00
  1026    0.4661175500E+00
  1027    0.4971739479E+00
  1028    0.9697560863E-01
  1029   -0.4037248189E+00
  1030    0.2737023583E+00
  1031    0.6859049262E+00
  1032    0.1403159486E+00
  1033   -0.7185713358E+00
  1034    0.4108594683E+00
  1035   -0.9023411293E+00
  1036   -0.4409201163E+00
  1037   -0.7697002348E+00
  1038   -0.1848339995E+01
  1039   -0.1281001983E+00
  1040    0.1301790804E+01
  1041    0.8170154190E+00
  1042   -0.6916998568E+00
  1043    0.1437251594E+00
  1044    0.1499452663E+01
  1045    0.4454987365E+00
  1046    0.6543812728E+00
  1047   -0.1376842293E+01
  1048   -0.1002512693E+01
  1049    0.2426755819E+00
  1050   -0.4322859739E-01
  1051   -0.6183077581E-01
  1052   -0.4924246464E+00
  1053   -0.1104436964E+00
  1054    0.8219566836E+00
  1055    0.5547403861E+00
  1056    0.1204311139E+01
  1057    0.6910162214E+00
  1058   -0.1310641394E+01
  1059    0.3436864951E+00
  1060   -0.1212306210E+00
  1061   -0.1587470822E+01
  1062   -0.4051862731E+00
  1063   -0.3584172627E+00
  1064    0.1195818156E+01
  1065    0.8043203074E+00
  1066   -0.5036717986E-02
  1067    0.5560979601E+00
  1068    0.1027863743E+01
  1069    0.1529665131E+00
  1070   -0.1763234242E+01
  1071    0.1222111333E+01
  1072   -0.1213463980E+01
  1073   -0.1947057658E+01
  1074   -0.5982641359E+00
  1075    0.1071259072E+00
  1076    0.8496043036E+00
  1077    0.8021175375E+00
  1078   -0.2395866014E+00
  1079   -0.1003493073E+01
  1080   -0.1003819804E+01
  1081    0.8853527502E+00
  1082    0.2658955666E+00
  1083   -0.1142831908E+01
  1084    0.3955091785E+00
  1085    0.1341052860E+01
  1086    0.7787688289E+00
  1087    0.6614032786E+00
  1088   -0.3145237355E+00
  1089   -0.1325080038E+01
  1090   -0.1336202178E+01
  1091   -0.6157386369E+00
  1092   -0.7527502849E+00
  1093   -0.3703348503E+00
  1094   -0.5574970353E-01
  1095   -0.4012664319E-01
  1096   -0.6423320619E+00
  1097   -0.1640720596E+01
  1098    0.7229722556E+00
  1099    0.1421351223E+01
  1100   -0.4693830379E-01
  1101   -0.1777192486E+01
  1102    0.1762883735E+00
  1103    0.1700380102E+01
  1104   -0.6357799177E-01
  1105   -0.1976774972E+01
  1106   -0.2014875161E+01
  1107   -0.1826627394E+00
  1108   -0.3810952916E+01
  1109    0.1816479832E+01
  1110    0.4122747134E+01
  1111    0.1961859237E+01
  1112    0.8161277679E+00
  1113   -0.1694474454E+00
  1114   -0.4500081564E+00
  1115   -0.1225693859E+01
  1116   -0.2461791341E+01
  1117    0.4639230820E+00
  1118    0.2417686672E+01
  1119   -0.6137797260E-01
  1120   -0.8305472611E+00
  1121   -0.3179401455E+00
  1122    0.5639795250E+00
  1123    0.8663048888E+00
  1124    0.8373557120E+00
  1125    0.1267813253E+01
  1126    0.6210370035E+00
  1127   -0.7969121644E-01
  1128   -0.7500728396E+00
  1129   -0.1326441133E+01
  1130   -0.1205533374E+01
  1131   -0.1695614340E+01
  1132    0.1630438619E+01
  1133    0.4138719424E+00
  1134    0.4719090554E+00
  1135    0.6849375741E+00
  1136    0.1200276656E+00
  1137   -0.2791833345E+00
  1138    0.1921719923E+00
  1139    0.6231698902E+00
  1140    0.1461029042E+00
  1141   -0.2863293567E+00
  1142   -0.4829832009E+00
  1143   -0.4021234765E+00
  1144    0.3959944054E+00
  1145    0.9176615548E+00
  1146    0.2168921122E+00
  1147   -0.4224824530E+00
  1148   -0.4443590447E+00
  1149   -0.5038885181E+00
  1150   -0.1225501085E+01
  1151   -0.9153791337E+00
  1152    0.3978071399E+00
  1153    0.2101418100E+01
  1154    0.9024016850E+00
  1155    0.3241143755E+00
  1156    0.2681436015E+00
  1157    0.2261387694E-01
  1158   -0.1136378887E-01
  1159   -0.1513798712E+00
  1160   -0.8582396113E-01
  1161   -0.4306095937E+00
  1162   -0.3955374530E+00
  1163    0.4316033197E+00
  1164    0.6604565154E+00
  1165    0.1314562787E+00
  1166   -0.1331410874E+00
  1167   -0.1597835571E+00
  1168   -0.8870254929E-01
  1169   -0.1398459761E+00
  1170   -0.3074190126E+00
  1171   -0.6330660896E+00
  1172   -0.8021129597E+00
  1173    0.3618730637E+00
  1174    0.9883082028E+00
  1175    0.7509392808E+00
  1176    0.3694643054E+00
  1177    0.3181760476E+00
  1178   -0.1769593520E+00
  1179   -0.9660772449E-01
  1180   -0.1619010506E+00
  1181   -0.4582847448E+00
  1182   -0.4370061108E+00
  1183   -0.2766099946E+00
  1184    0.4166238676E-01
  1185    0.1349306487E+00
  1186   -0.8305701405E-02
  1187   -0.3299299602E+00
  1188   -0.3622627319E+00
  1189    0.3688150113E+00
  1190    0.7455293293E+00
  1191    0.4146514594E+00
  1192    0.4420887165E-01
  1193   -0.3629312888E+00
  1194   -0.4744496754E+00
  1195   -0.4180597070E+00
  1196   -0.2165001391E+00
  1197    0.1977301305E+00
  1198    0.5614537319E+00
  1199    0.3370701157E+00
  1200   -0.2275666478E+00
  1201   -0.5106087804E+00
  1202   -0.5871518519E+00
  1203    0.8805367780E-01
  1204    0.5152244884E+00
  1205    0.2707682780E+00
  1206   -0.1614729947E+00
  1207   -0.1007727115E+00
  1208    0.9030039503E-02
  1209    0.4339127526E-01
  1210    0.9137959404E-01
  1211   -0.2192359311E-01
  1212   -0.1349770717E+00
  1213   -0.1318237848E+00
  1214   -0.8939152716E-01
  1215   -0.6629629554E-02
  1216    0.5032415734E-01
  1217    0.3808990300E-01
  1218    0.6672181819E-01
  1219   -0.5072693920E-02
  1220   -0.7032418559E-01
  1221    0.3847054339E-01
  1222   -0.7794969525E-01
  1223   -0.4658782033E+00
  1224   -0.5088715313E+00
  1225    0.2954456528E+00
  1226    0.4286350035E+00
  1227    0.2643241269E+00
  1228   -0.3349831380E-01
  1229   -0.2278727856E+00
  1230   -0.9209608435E-01
  1231    0.6750890951E-01
  1232    0.1768171905E+00
  1233    0.3062098329E+00
  1234    0.2572344438E+00
  1235    0.2594151158E-01
  1236   -0.1607781189E+00
  1237   -0.1799372893E+00
  1238   -0.7980238766E-01
  1239    0.1947879222E-01
  1240    0.1250603272E+00
  1241    0.1771971136E+00
  1242    0.1575811854E+00
  1243    0.7111748477E-01
  1244   -0.7436492128E-01
  1245   -0.2168520571E+00
  1246   -0.3243548858E+00
  1247   -0.2779175434E+00
  1248    0.1080030467E-01
  1249    0.2509889646E+00
  1250    0.2157117508E+00
  1251    0.4750121213E-01
  1252   -0.1060636007E+00
  1253   -0.1010685153E+00
  1254   -0.8625638289E-02
  1255    0.3086760523E-01
  1256    0.2313327662E-01
  1257    0.4434043724E-01
  1258    0.4464493820E-01
  1259   -0.4547385932E-01
  1260   -0.1861780452E+00
  1261   -0.1047528795E+00
  1262    0.3017137469E-01
  1263    0.1586488036E+00
  1264    0.1268622337E+00
  1265    0.1251085373E-01
  1266   -0.5037138199E-01
  1267   -0.6796649044E-01
  1268   -0.3021975847E-01
  1269    0.1550379947E-02
  1270    0.1753629638E-01
  1271    0.2655158005E-01
  1272    0.2566980815E-01
  1273    0.4280901969E-01
  1274    0.2902849985E-01
  1275   -0.3222567702E-01
  1276   -0.4009282503E-01
  1277    0.3002012336E-01
  1278    0.3852976554E-01
  1279   -0.1568508773E-01
  1280   -0.3333139669E-01
  1281   -0.3522247818E-01
  1282   -0.6654476969E-01
  1283   -0.1002497500E+00
  1284    0.1111261478E-01
  1285    0.5587076807E-01
  1286    0.7094357241E-01
  1287    0.3970118368E-01
  1288    0.1032732554E-01
  1289    0.6751453361E-02
  1290    0.1408996582E-01
  1291    0.8666198319E-02
  1292   -0.1639222772E-01
  1293   -0.4650033147E-01
  1294   -0.3625074218E-02
  1295    0.5025024032E-01
  1296    0.1378036565E-01
  1297    0.1645007926E-01
  1298    0.3717798519E-01
  1299    0.3652399381E-01
  1300    0.1176855667E-01
  1301   -0.1341779470E-01
  1302   -0.5485558753E-02
  1303    0.2492921792E-01
  1304    0.2715634500E-01
  1305    0.9826509132E-02
  1306    0.2425741458E-02
  1307    0.1797680451E-02
  1308    0.7120017577E-02
  1309    0.7818511134E-02
  1310    0.2967203191E-02
  1311    0.7468327730E-03
  1312    0.1867141371E-03
  1313    0.4667894256E-04
  1314    0.1166976116E-04
  1315    0.2917441883E-05
  1316    0.7293605726E-06
  1317    0.1823401465E-06
  1318    0.4558503619E-07
  1319    0.1139625883E-07
  1320    0.2849063374E-08
  1321    0.7122623602E-09
  1322    0.1780605108E-09
  1323    0.4451772284E-10
  1324    0.1113376058E-10
  1325    0.2781302966E-11
  1326    0.6961098364E-12
  1327    0.1731947918E-12
  1328    0.4174438573E-13
  1329    0.9880984919E-14
  1330    0.5107025913E-14
  1331   -0.2220446049E-14
  1332    0.2220446049E-15
  1333   -0.1443289932E-14
  1334   -0.2220446049E-14
  1335   -0.2664535259E-14
  1336    0.0000000000E+00
  1337    0.0000000000E+00
  1338    0.0000000000E+00
  1339    0.8881784197E-15
  1340    0.8881784197E-15
  1341   -0.1998401444E-14
  1342    0.2220446049E-15
  1343    0.1332267630E-14
  1344   -0.2664535259E-14
  1345   -0.2664535259E-14
  1346   -0.2664535259E-14
  1347    0.8881784197E-15
  1348    0.8881784197E-15
  1349    0.1332267630E-14
  1350   -0.2220446049E-14
  1351   -0.4440892099E-15
  1352   -0.4440892099E-15
  1353   -0.2109423747E-14
  1354   -0.2220446049E-14
  1355   -0.2664535259E-14
  1356    0.0000000000E+00
  1357    0.3552713679E-14
  1358    0.1332267630E-14
  1359   -0.3552713679E-14
  1360   -0.2553512957E-14
  1361    0.1332267630E-14
  1362   -0.2664535259E-14
  1363    0.0000000000E+00
  1364   -0.3552713679E-14
  1365    0.2220446049E-14
  1366    0.0000000000E+00
  1367    0.8881784197E-15
  1368    0.2664535259E-14
  1369   -0.3552713679E-14
  1370   -0.2220446049E-14
  1371    0.1110223025E-14
  1372    0.1665334537E-14
  1373   -0.2220446049E-14
  1374   -0.2664535259E-14
  1375    0.0000000000E+00
  1376    0.3330669074E-14
  1377    0.0000000000E+00
  1378    0.2664535259E-14
  1379    0.0000000000E+00
  1380   -0.1110223025E-14
  1381    0.1776356839E-14
  1382   -0.2664535259E-14
  1383    0.1332267630E-14
  1384   -0.2664535259E-14
  1385   -0.2664535259E-14
  1386    0.1554312234E-14
  1387    0.0000000000E+00
  1388   -0.2220446049E-14
  1389    0.1332267630E-14
  1390    0.3774758284E-14
  1391    0.8881784197E-15
  1392   -0.3552713679E-14
  1393   -0.4440892099E-15
  1394    0.2664535259E-14
  1395   -0.2664535259E-14
  1396    0.2220446049E-14
  1397    0.1998401444E-14
  1398   -0.4440892099E-15
  1399   -0.2664535259E-14
  1400   -0.1776356839E-14
  1401   -0.3552713679E-14
  1402    0.8881784197E-15
  1403    0.6661338148E-15
  1404    0.1887379142E-14
  1405    0.2220446049E-15
  1406   -0.8881784197E-15
  1407   -0.3552713679E-14
  1408   -0.2220446049E-14
  1409    0.3552713679E-14
  1410    0.0000000000E+00
  1411    0.3108624469E-14
  1412    0.0000000000E+00
  1413   -0.3552713679E-14
  1414    0.1332267630E-14
  1415    0.1332267630E-14
  1416    0.3552713679E-14
  1417    0.0000000000E+00
  1418    0.3774758284E-14
  1419    0.2664535259E-14
  1420   -0.2220446049E-14
  1421    0.8881784197E-15
  1422    0.1332267630E-14
  1423    0.1554312234E-14
  1424   -0.3552713679E-14
  1425   -0.2220446049E-14
  1426    0.1554312234E-14
  1427   -0.2220446049E-14
  1428   -0.3552713679E-14
  1429    0.1332267630E-14
  1430    0.1998401444E-14
  1431   -0.4440892099E-15
  1432   -0.2220446049E-14
  1433    0.0000000000E+00
  1434    0.3774758284E-14
  1435   -0.4440892099E-15
  1436   -0.2220446049E-14
  1437    0.0000000000E+00
  1438    0.3774758284E-14
  1439    0.3108624469E-14
  1440   -0.2664535259E-14
  1441    0.1554312234E-14
  1442    0.2220446049E-15
  1443   -0.4440892099E-14
  1444    0.2220446049E-15
  1445    0.1998401444E-14
  1446   -0.3996802889E-14
  1447   -0.1110223025E-14
  1448    0.8881784197E-15
  1449    0.1554312234E-14
  1450   -0.2220446049E-14
  1451   -0.2220446049E-15
  1452   -0.2220446049E-14
  1453   -0.2664535259E-14
  1454    0.0000000000E+00
  1455    0.3996802889E-14
  1456    0.0000000000E+00
  1457   -0.4440892099E-15
  1458    0.0000000000E+00
  1459    0.0000000000E+00
  1460    0.2886579864E-14
  1461    0.3108624469E-14
  1462   -0.6661338148E-15
  1463   -0.3552713679E-14
  1464    0.0000000000E+00
  1465    0.0000000000E+00
  1466    0.1443289932E-14
  1467    0.6328271240E-14
  1468    0.2664535259E-14
  1469   -0.3552713679E-14
  1470   -0.2220446049E-14
  1471    0.0000000000E+00
  1472    0.0000000000E+00
  1473    0.8881784197E-15
  1474    0.1110223025E-14
  1475   -0.1443289932E-14
  1476    0.2664535259E-14
  1477    0.1332267630E-14
  1478   -0.2220446049E-14
  1479   -0.2220446049E-14
  1480    0.3552713679E-14
  1481    0.1998401444E-14
  1482    0.8881784197E-15
  1483   -0.7105427358E-14
  1484   -0.3552713679E-14
  1485    0.0000000000E+00
  1486    0.3330669074E-14
  1487    0.1332267630E-14
  1488   -0.1998401444E-14
  1489    0.2220446049E-15
  1490   -0.3996802889E-14
  1491   -0.1776356839E-14
  1492   -0.3552713679E-14
  1493    0.1332267630E-14
  1494    0.1332267630E-14
  1495   -0.3330669074E-14
  1496    0.1554312234E-14
  1497   -0.1554312234E-14
  1498   -0.4440892099E-15
  1499    0.1887379142E-14
  1500    0.1293103448E+02
  1501    0.1293103448E+02
  1502    0.0000000000E+00
