    -1    0.0000000000E+00
     0   -0.7839762529E+01
     1   -0.1634673230E+02
     2   -0.2458593885E+01
     3    0.5068869712E+00
     4    0.1293515859E+01
     5   -0.1491376241E+01
     6   -0.1846729848E+01
     7    0.6446467204E+01
     8   -0.8209543859E+01
     9    0.6361087115E+01
    10   -0.1704133711E+01
    11   -0.2101059991E+01
    12    0.2240804290E+01
    13    0.9909556671E+00
    14   -0.4094351715E+01
    15    0.4775624643E+01
    16   -0.2458299219E+01
    17   -0.2260966842E+01
    18    0.5468177015E+01
    19   -0.5093721487E+01
    20    0.4785875548E+01
    21   -0.5448579270E+01
    22    0.5133491061E+01
    23   -0.3944567272E+01
    24    0.2408005465E+01
    25   -0.8627352313E+00
    26   -0.3217899049E+00
    27    0.2082904401E+01
    28   -0.4421426015E+01
    29    0.5537645538E+01
    30   -0.4108621394E+01
    31    0.1763475508E+01
    32    0.4596823627E-01
    33   -0.1163856339E+01
    34    0.2349813741E+01
    35   -0.4047540522E+01
    36    0.3396560783E+01
    37    0.3551746726E+00
    38   -0.1782731829E+01
    39   -0.1512434339E+01
    40    0.3840777981E+01
    41   -0.6593582612E+00
    42   -0.3017683301E+01
    43    0.3259765515E+01
    44   -0.2393128706E+01
    45    0.4326071205E+01
    46   -0.8778774300E+01
    47    0.8052719541E+01
    48   -0.4780124823E+00
    49   -0.4793233360E+01
    50    0.1578677146E+01
    51    0.4084788705E+01
    52   -0.2934433737E+01
    53   -0.1920709976E+01
    54    0.2464218394E+01
    55    0.1117407457E+00
    56   -0.7608468821E+00
    57   -0.1392833122E+01
    58    0.3184704107E+01
    59   -0.1342722859E+01
    60   -0.1986853869E+01
    61    0.2144427712E+01
    62   -0.9274829414E+00
    63    0.1199975941E+01
    64   -0.1672795673E+01
    65    0.6580589434E+00
    66    0.6864841175E+00
    67    0.6435043533E+00
    68   -0.4988697734E+01
    69    0.7695977988E+01
    70   -0.6702954359E+01
    71    0.6573855380E+01
    72   -0.8410833572E+01
    73    0.6728367697E+01
    74    0.1914118072E+01
    75   -0.1042633058E+02
    76    0.9128023315E+01
    77   -0.2004498811E+01
    78   -0.2139511744E+01
    79    0.3119168320E+01
    80   -0.4613963720E+01
    81    0.6838929440E+01
    82   -0.6638926799E+01
    83    0.1974372341E+01
    84    0.3461273983E+01
    85   -0.5785948059E+01
    86    0.5453661800E+01
    87   -0.3160271332E+01
    88   -0.3829661090E+00
    89    0.6718328422E+00
    90    0.2935076349E+00
    91    0.2526547399E+01
    92   -0.6972931652E+01
    93    0.7334944279E+01
    94   -0.4150843541E+01
    95    0.1230371823E+01
    96    0.1429176434E+00
    97   -0.3544324516E+01
    98    0.7888107003E+01
    99   -0.7168326243E+01
   100    0.1296719705E+01
   101    0.2980680622E+01
   102   -0.4027585849E+01
   103    0.5374891510E+01
   104   -0.7242885948E+01
   105    0.3817664490E+01
   106    0.4004916888E+01
   107   -0.5513055520E+01
   108   -0.3591097578E+00
   109    0.4643670580E+01
   110   -0.5041378723E+01
   111    0.2861842713E+01
   112   -0.7840294482E-01
   113   -0.1655609770E+01
   114    0.1864865472E+01
   115   -0.1041857131E+01
   116    0.3127065476E+00
   117    0.1174381340E+01
   118   -0.4822075375E+01
   119    0.7634884955E+01
   120   -0.2857044798E+01
   121   -0.4386855165E+01
   122    0.2707052715E+01
   123    0.2143232691E+01
   124   -0.3382776183E-01
   125   -0.3739592055E+01
   126    0.2202244771E+01
   127   -0.1736766506E+01
   128    0.5672442946E+01
   129   -0.5739008145E+01
   130    0.9122393514E+00
   131    0.1972904166E+01
   132   -0.2772681056E+01
   133    0.5116130216E+01
   134   -0.5827977701E+01
   135    0.1663690515E+01
   136    0.2012032537E+01
   137   -0.2690094588E+01
   138    0.3483706443E+01
   139   -0.3863227392E+01
   140    0.4055220970E+01
   141   -0.5261287328E+01
   142    0.6253216275E+01
   143   -0.6590902756E+01
   144    0.3357234088E+01
   145    0.3726366456E+01
   146   -0.5968350708E+01
   147    0.7026071581E+00
   148    0.3078468595E+01
   149    0.6367567339E+00
   150   -0.3746408125E+01
   151    0.2484119413E+01
   152   -0.2887560686E+01
   153    0.4938797826E+01
   154   -0.1916915455E+01
   155   -0.3357782712E+01
   156    0.3089040852E+01
   157    0.1341639808E+00
   158   -0.1106989359E+00
   159   -0.1343537444E+01
   160    0.9954887324E+00
   161    0.1414427886E+00
   162   -0.6651064573E+00
   163   -0.5606097339E+00
   164    0.5148824038E+01
   165   -0.6546574211E+01
   166    0.1693101087E+01
   167    0.2626109331E+01
   168   -0.1583442930E+01
   169   -0.1956256475E+01
   170    0.2992149121E+01
   171   -0.1414923101E+01
   172   -0.1478550979E+00
   173   -0.3172517588E+00
   174    0.4964317062E+01
   175   -0.7432179682E+01
   176    0.2368977605E+01
   177    0.2198543092E+01
   178   -0.2260176729E+00
   179   -0.4006237292E+01
   180    0.5752924722E+01
   181   -0.3932611317E+01
   182    0.4338924673E+00
   183    0.1871849191E+01
   184    0.1264385006E+01
   185   -0.5122001541E+01
   186    0.6042814280E+01
   187   -0.7314932515E+01
   188    0.6377404322E+01
   189   -0.1940885141E+01
   190   -0.2979958124E+01
   191    0.5950312483E+01
   192   -0.4307679010E+01
   193    0.1296632761E+01
   194   -0.1712011517E+01
   195    0.4279806183E+01
   196   -0.9349102134E+01
   197    0.1474252323E+02
   198   -0.1252379904E+02
   199    0.5397457159E+01
   200   -0.6793381812E+00
   201   -0.4151105762E+01
   202    0.7994003479E+01
   203   -0.4309148660E+01
   204   -0.1573739203E+01
   205    0.2776939063E+00
   206    0.4347300713E+01
   207   -0.3569048262E+01
   208   -0.2270178279E+01
   209    0.7049988791E+01
   210   -0.5394326396E+01
   211   -0.2653471075E+01
   212    0.8028885904E+01
   213   -0.9265717616E+01
   214    0.1204783371E+02
   215   -0.1055454645E+02
   216    0.2046090895E+01
   217    0.3280014044E+01
   218   -0.1665185569E+01
   219    0.2689090584E+00
   220   -0.9676557990E+00
   221    0.6203352480E+00
   222    0.1772453043E+00
   223    0.2330322486E+00
   224    0.4644578367E+00
   225   -0.4173603276E+01
   226    0.6032455550E+01
   227   -0.2846957824E+01
   228   -0.2180889216E+01
   229    0.4717674073E+01
   230   -0.6631334539E+01
   231    0.7939182787E+01
   232   -0.3083450981E+01
   233   -0.5255200253E+01
   234    0.8980941752E+01
   235   -0.7465771952E+01
   236    0.4267669610E+01
   237   -0.3317431194E+01
   238    0.1216531556E+01
   239    0.4210009833E+01
   240   -0.4588905035E+01
   241    0.3634255470E+00
   242   -0.1483817322E+01
   243    0.7768963050E+01
   244   -0.7589843963E+01
   245   -0.2644417675E+01
   246    0.8866342530E+01
   247   -0.5048794815E+01
   248   -0.2025230443E+01
   249    0.2554460210E+01
   250   -0.8604772832E+00
   251    0.6611256013E+01
   252   -0.8869558350E+01
   253    0.5111489842E+00
   254    0.1854552033E+01
   255    0.2611231223E+01
   256    0.1079331054E+01
   257   -0.8051195195E+01
   258    0.6965092069E+01
   259    0.2805340268E+01
   260   -0.8884046302E+01
   261    0.5230139757E+00
   262    0.6532750562E+01
   263   -0.2772327331E+01
   264   -0.1492205906E+00
   265   -0.2077217017E+01
   266    0.3930191862E+01
   267   -0.5157553404E+01
   268    0.6289775154E+01
   269   -0.4658926661E+01
   270   -0.3174831384E+00
   271    0.5829245284E+01
   272   -0.5319673189E+01
   273    0.2886687274E+01
   274    0.8091018969E+00
   275   -0.3021342130E+01
   276   -0.2269781891E+01
   277    0.5371817045E+01
   278   -0.3300277916E+01
   279    0.2456973424E+01
   280   -0.6965587403E+01
   281    0.7675742514E+01
   282   -0.3371894932E+01
   283    0.3665999964E+01
   284   -0.5471508896E+01
   285    0.3604563463E+01
   286   -0.3734576014E+01
   287    0.5738616477E+01
   288   -0.1412152045E+01
   289   -0.5557307141E+01
   290    0.5550375505E+01
   291   -0.9243156267E+00
   292    0.4648434768E+01
   293   -0.1368433178E+02
   294    0.1041116186E+02
   295   -0.1627404755E+00
   296   -0.2800345384E+01
   297    0.2391874553E+01
   298    0.3547876068E+01
   299   -0.1677924161E+02
   300    0.1704441079E+02
   301   -0.2784260498E+01
   302   -0.4313454614E+01
   303   -0.1905389036E+01
   304    0.5596214043E+01
   305    0.6133917072E+00
   306    0.1598700991E+01
   307   -0.1096631488E+02
   308    0.6546729853E+01
   309    0.1863931934E+01
   310    0.4283876625E+01
   311   -0.9851981397E+01
   312    0.3154073938E+01
   313    0.3447134781E+01
   314   -0.3460502176E+01
   315    0.1959916241E+01
   316   -0.8060334302E+00
   317    0.4787227303E+00
   318   -0.2489330609E+01
   319    0.6421693172E+01
   320   -0.6635354929E+01
   321    0.2689563094E+01
   322   -0.3345249054E+01
   323    0.8533142555E+01
   324   -0.7314503124E+01
   325    0.5692954917E-01
   326    0.5314513967E+01
   327   -0.5964739033E+01
   328    0.2836981871E+01
   329    0.2462483390E+01
   330   -0.7452006623E+01
   331    0.1032286028E+02
   332    0.2496421479E+00
   333   -0.1895059721E+02
   334    0.1899039668E+02
   335   -0.8074354417E+01
   336    0.6676149843E+01
   337   -0.5403135495E+01
   338    0.2449145686E+01
   339   -0.1870754686E+01
   340   -0.1157329682E+00
   341    0.1790524474E+01
   342   -0.2710597542E+00
   343   -0.5149911701E+00
   344    0.1873875575E+01
   345   -0.7891074813E+01
   346    0.9345140475E+01
   347   -0.9523755931E+01
   348    0.1564629480E+02
   349   -0.1380802387E+02
   350   -0.2691811428E+00
   351    0.6780188339E+01
   352   -0.5518828806E+00
   353   -0.2520806040E+01
   354    0.1842931869E+01
   355   -0.4913286321E+01
   356    0.1321550630E+02
   357   -0.1364346195E+02
   358   -0.1314665482E+01
   359    0.5450533957E+01
   360    0.5514150879E+01
   361   -0.4703343394E+01
   362   -0.7998086971E+00
   363   -0.1420535568E+01
   364    0.1625564144E+01
   365   -0.7623876679E+00
   366    0.3756317333E+01
   367   -0.3547220201E+01
   368   -0.3211580011E+01
   369    0.6291618042E+01
   370   -0.6476432943E+01
   371    0.9314819043E+01
   372   -0.6588823778E+01
   373   -0.3193671847E+01
   374    0.6602575885E+01
   375   -0.2489377918E+01
   376    0.3097813979E+01
   377   -0.6760902672E+01
   378    0.9521873789E+01
   379   -0.7168607866E+01
   380    0.5361655609E-01
   381    0.8547060957E+00
   382    0.3546877962E+01
   383   -0.1257221163E+01
   384   -0.6236789034E+01
   385    0.4986350457E+01
   386    0.1927960692E+01
   387    0.6399305827E+00
   388   -0.8452393157E+01
   389    0.1041011416E+02
   390   -0.9885502460E+01
   391    0.5850985420E+01
   392    0.2304452116E+01
   393   -0.1801836843E+01
   394   -0.4733434301E+01
   395    0.2313376265E+01
   396    0.3420682000E+00
   397    0.6472527385E+01
   398   -0.1456606346E+02
   399    0.1643440807E+02
   400   -0.1201508833E+02
   401    0.4982420538E+01
   402   -0.2540358309E+01
   403    0.2135194934E+01
   404    0.8210193718E+00
   405   -0.2848301132E+01
   406    0.6078385605E+01
   407   -0.7821501035E+01
   408    0.3059136462E+01
   409    0.3263612279E+01
   410   -0.2777505876E+01
   411   -0.5321293338E+01
   412    0.7195414293E+01
   413   -0.2210715062E+01
   414    0.1556752118E+01
   415   -0.5287563989E+01
   416    0.2845042625E+01
   417    0.2298173223E+01
   418    0.1226457045E+01
   419   -0.3079931322E+01
   420   -0.4101746472E+00
   421   -0.3426618582E+01
   422    0.3586081509E+01
   423    0.3570395625E+01
   424   -0.1343380498E+01
   425   -0.7471165360E+00
   426   -0.1699514858E+01
   427    0.3861032184E+01
   428   -0.5005191251E+01
   429   -0.7991405222E+00
   430    0.3934958692E+01
   431   -0.8993241102E+01
   432    0.1017034896E+02
   433   -0.7765948005E-01
   434   -0.4361589419E+00
   435   -0.4292065930E+01
   436    0.4260260001E+01
   437   -0.6698450739E+01
   438    0.6903364767E+01
   439   -0.3687659865E+01
   440    0.2006112854E+01
   441   -0.3835620061E+00
   442   -0.5189696784E+01
   443    0.7533400963E+01
   444   -0.1696193543E+01
   445   -0.7396150737E+00
   446    0.1716651889E+00
   447    0.1034796123E+01
   448   -0.2744821720E+01
   449   -0.1125666526E+00
   450   -0.2643972585E-01
   451    0.6898303591E+01
   452   -0.1216456610E+02
   453    0.6643002375E+01
   454    0.2542188126E+01
   455    0.1297283608E+01
   456   -0.8279051013E+01
   457    0.2218676886E+00
   458    0.6568041353E+01
   459   -0.1724415992E+01
   460   -0.2353697915E+01
   461    0.1040530515E+02
   462   -0.9240146341E+01
   463   -0.1870984129E+01
   464    0.4913443384E+00
   465   -0.3323786311E+00
   466    0.6250904303E+01
   467   -0.7396603064E+01
   468    0.3431653098E+01
   469    0.8658343585E+01
   470   -0.1387649723E+02
   471    0.5720932530E+01
   472   -0.5416217491E+00
   473   -0.3099680912E+01
   474    0.2861527002E+01
   475   -0.5912495276E+00
   476    0.3929442621E+01
   477    0.1139551112E+01
   478   -0.1351086610E+02
   479    0.9060111952E+01
   480    0.2281409376E+01
   481    0.2340806599E+01
   482   -0.2024622410E+01
   483   -0.2875625516E+01
   484   -0.1545370388E+01
   485    0.3660791948E+01
   486    0.1479539075E+01
   487   -0.4230280926E+01
   488   -0.1640700242E+01
   489    0.2510313514E+01
   490    0.3530669667E+01
   491   -0.1901218960E+01
   492   -0.3442024282E+01
   493    0.2693844817E+01
   494    0.1916226518E+01
   495   -0.4845716073E+01
   496   -0.1001371753E+01
   497    0.4141568006E+01
   498    0.7793814157E+01
   499   -0.1195281825E+02
   500    0.5168922800E+01
   501   -0.8763196483E+00
   502    0.1434211184E+01
   503   -0.4660328827E+01
   504    0.4252661582E+01
   505   -0.8777309790E+01
   506    0.1335727753E+02
   507   -0.3471231640E+00
   508   -0.5962106762E+01
   509   -0.5545675285E+01
   510   -0.1325113297E+01
   511    0.8825252832E+01
   512    0.3708148886E+01
   513    0.7636338657E+00
   514   -0.4196166621E+01
   515    0.4881892996E+01
   516   -0.9587096526E+01
   517   -0.8532974266E+01
   518    0.1658350734E+02
   519   -0.6211266688E+01
   520    0.5715573403E+01
   521   -0.9242480472E+01
   522    0.3694100844E+01
   523   -0.3742006325E+00
   524    0.5569100305E+01
   525   -0.3205724847E+01
   526   -0.4437212694E+01
   527    0.2017877449E+01
   528    0.8142080312E+01
   529   -0.1449302583E+02
   530    0.6465136993E+01
   531    0.7622273190E+01
   532   -0.3985430046E+01
   533    0.2798993697E+01
   534   -0.8426092492E+01
   535    0.5010203393E+01
   536   -0.5155679654E+01
   537   -0.2260345098E+01
   538    0.1115410698E+02
   539    0.5058401476E+01
   540   -0.8382795000E+01
   541   -0.5344427706E+01
   542    0.4900872409E+01
   543   -0.9772347542E+01
   544    0.6226686091E+01
   545    0.7144178917E+01
   546   -0.1170774372E+02
   547    0.6036180767E+01
   548    0.3454230858E+01
   549   -0.1122346445E+01
   550   -0.3313483914E+01
   551   -0.4347566450E+01
   552    0.1367159497E+01
   553    0.9891587806E+01
   554   -0.7803623536E+01
   555    0.3338942910E+01
   556   -0.6812093781E+01
   557    0.6266243327E+00
   558    0.5187443695E+01
   559    0.6368684291E+01
   560   -0.7838971275E+01
   561    0.6170353835E+00
   562    0.8435404721E+01
   563   -0.1827870829E+02
   564    0.3250066226E+01
   565    0.1402062088E+02
   566    0.5913381270E+00
   567   -0.2125965996E+01
   568   -0.1241424353E+02
   569   -0.1052791740E+02
   570    0.2129323949E+02
   571    0.5182703503E+00
   572   -0.4567409814E+01
   573    0.8026219149E+01
   574   -0.3603395860E+01
   575   -0.6443757447E+01
   576    0.3488324750E+01
   577   -0.1376882464E+02
   578    0.1506795521E+02
   579   -0.1802021807E+01
   580    0.7920030414E+01
   581   -0.8959387912E+01
   582   -0.1267019308E+02
   583    0.2059719750E+02
   584   -0.2479044604E+01
   585   -0.6557920898E+01
   586   -0.1440849102E+01
   587    0.2230582966E+01
   588    0.1093651098E+01
   589    0.4640186245E+01
   590   -0.6011340738E+01
   591   -0.3819914310E+01
   592    0.1671489287E+01
   593    0.1405501614E+02
   594   -0.4777830137E+01
   595   -0.1039340959E+02
   596   -0.4212392937E+01
   597    0.8191972463E+01
   598   -0.2456293071E+01
   599    0.3471408251E+01
   600   -0.2858140751E+01
   601    0.4535245821E+01
   602    0.2102456177E+01
   603   -0.5114569533E+01
   604    0.1970284152E+01
   605   -0.6157284688E+01
   606    0.1391938674E+02
   607   -0.1053175037E+02
   608   -0.3555498477E+01
   609   -0.4148944062E+00
   610    0.7285664853E+01
   611   -0.4136318657E+01
   612    0.1412776309E+02
   613   -0.1099363514E+02
   614   -0.1106982577E+02
   615    0.8252460256E+01
   616    0.2561149193E+01
   617   -0.7263642404E+01
   618    0.1545205763E+02
   619   -0.5887071753E+01
   620   -0.2894375129E+01
   621   -0.1571803770E+01
   622    0.6401756378E+01
   623   -0.7533947965E+00
   624   -0.8197491816E+01
   625   -0.5219648034E+01
   626    0.1379255672E+02
   627   -0.9490703990E+01
   628    0.7356068349E+01
   629   -0.6507800983E+01
   630    0.6878684392E+01
   631    0.1384912261E+01
   632    0.3765013350E+01
   633   -0.1587882276E+02
   634    0.8550962937E+00
   635    0.9283608537E+01
   636   -0.4930854086E+01
   637    0.2863282610E+00
   638    0.1709802770E+02
   639   -0.9313318891E+01
   640   -0.1640155881E+02
   641    0.9235524094E+01
   642    0.5784410096E+01
   643   -0.1308974754E+02
   644    0.1913127936E+02
   645   -0.1500415148E+02
   646    0.3185475829E+01
   647    0.3988176016E+01
   648   -0.3792980333E+01
   649    0.1799924608E+01
   650   -0.2966988911E+01
   651    0.1956810007E+00
   652   -0.2060003887E+00
   653    0.7599509498E+01
   654   -0.7204207585E+01
   655    0.2061708859E+00
   656    0.6204881623E+01
   657   -0.5518398947E+01
   658    0.2215104094E+01
   659   -0.1292607006E+01
   660    0.1384879459E+01
   661    0.3513825526E+01
   662   -0.8367108934E+01
   663    0.3712289009E-01
   664    0.3515929115E+01
   665    0.2787950204E+01
   666    0.2124745095E+01
   667   -0.2075730610E+01
   668   -0.1573936867E+01
   669   -0.4314361815E+01
   670    0.3742696056E+01
   671   -0.8227318871E+00
   672    0.4564446470E+01
   673   -0.6455882467E+01
   674   -0.9702369344E+01
   675    0.1133416843E+02
   676    0.1487748575E+02
   677   -0.1119016579E+02
   678   -0.2429779330E+01
   679    0.3665672004E+01
   680   -0.3397472335E+01
   681   -0.5282292293E+00
   682   -0.1289501373E+01
   683   -0.6443988810E+01
   684    0.9549916477E+01
   685    0.1492817882E+01
   686   -0.1774754156E+01
   687   -0.5611684937E+01
   688   -0.1711324119E+01
   689    0.1519816625E+02
   690   -0.5043744627E+01
   691   -0.4271999257E+01
   692   -0.4771797542E+01
   693    0.4300521878E+01
   694   -0.8587553581E+01
   695    0.7597857129E+01
   696    0.6724140174E+01
   697   -0.9698797281E-01
   698   -0.4245673594E+01
   699   -0.7244144029E+01
   700    0.1321616460E+02
   701    0.3506859375E+00
   702   -0.7616215899E+01
   703   -0.9601818996E+01
   704    0.8229921677E+01
   705   -0.1442217303E+01
   706    0.4057585407E+01
   707    0.4427935659E+01
   708   -0.4303845965E+01
   709   -0.7811232513E+01
   710    0.1090824103E+02
   711   -0.7943473308E+01
   712    0.1012221791E+01
   713    0.7829749636E+01
   714   -0.1247828669E+02
   715    0.1646332972E+01
   716    0.1706311363E+02
   717   -0.3116394590E+01
   718   -0.8906281221E+01
   719   -0.1724382960E+01
   720    0.1704387865E+01
   721   -0.8907829081E+01
   722    0.1805597960E+02
   723   -0.1067033056E+02
   724    0.5026473969E+01
   725   -0.3624737256E+01
   726   -0.2004032588E+01
   727    0.1132212875E+01
   728   -0.1294198128E+01
   729    0.2575168457E+01
   730   -0.3987918648E+01
   731    0.4854965008E+01
   732    0.6592652274E+01
   733   -0.9036596161E+01
   734   -0.6189604596E+01
   735    0.1440979415E+02
   736   -0.8330739187E+01
   737    0.6162678342E+01
   738   -0.1460276295E+01
   739   -0.6123950780E+01
   740    0.6609325139E+01
   741   -0.4451381693E+01
   742   -0.1316849179E+01
   743   -0.8968170286E+00
   744   -0.3297668337E+01
   745    0.4507174989E+01
   746    0.6931948672E+01
   747   -0.3936376020E+01
   748   -0.1792855075E+01
   749    0.2698946155E+01
   750   -0.2781610431E+00
   751   -0.3897447587E+01
   752    0.1938515833E+01
   753    0.4552089079E+01
   754   -0.4848081703E+01
   755    0.2395520968E+01
   756   -0.5019076625E+00
   757    0.3184023567E+01
   758   -0.1416918995E+02
   759    0.7366672588E+01
   760    0.1517382570E+01
   761    0.3239999991E+01
   762   -0.3333897701E+01
   763   -0.4650456330E+01
   764    0.6691959157E+01
   765    0.8651430012E+01
   766   -0.1297232843E+02
   767    0.4800913849E+01
   768    0.3694438648E+01
   769   -0.8801614356E+01
   770   -0.1985589810E+01
   771    0.7229146304E+01
   772   -0.5725485173E+00
   773    0.7543363207E+01
   774   -0.7401965178E+01
   775   -0.1104385370E+02
   776    0.6347283905E+01
   777    0.8870701501E+01
   778   -0.1366883772E+01
   779    0.1421355168E+01
   780   -0.1157049379E+02
   781    0.6209703886E+01
   782    0.4686325449E+01
   783   -0.6561207322E+01
   784   -0.1557906514E+01
   785    0.1078424238E+02
   786   -0.9345750008E+01
   787    0.6772140432E+00
   788   -0.1339645098E+01
   789    0.2216415630E+01
   790    0.6779215584E+01
   791   -0.1376409501E+01
   792   -0.4417163054E+01
   793   -0.5862349844E+01
   794    0.3739247140E+01
   795   -0.7288957722E+01
   796    0.1123443568E+02
   797   -0.9363949566E+00
   798    0.2041120343E+01
   799   -0.8782058716E+01
   800    0.8978517257E+01
   801   -0.3306584199E+01
   802    0.2691617633E+01
   803   -0.4048666528E+01
   804    0.1880125104E+00
   805   -0.6379337655E+01
   806    0.9466748527E+01
   807   -0.1154828217E+01
   808    0.4996760707E+00
   809    0.4503920807E+01
   810   -0.7363730557E+01
   811    0.4097897717E+01
   812   -0.2292089884E+01
   813   -0.3086559652E+01
   814    0.9337863336E+01
   815   -0.4716376997E+00
   816   -0.1115466040E+02
   817    0.3669240889E+01
   818    0.4463436393E+01
   819   -0.8686247990E+01
   820    0.4239987276E+01
   821    0.9989525959E+00
   822    0.5044082073E+00
   823   -0.4108277426E+01
   824    0.4228562904E+01
   825    0.5423456322E+01
   826   -0.3968321063E+01
   827    0.5845129151E+00
   828   -0.5776881412E+00
   829   -0.6934590774E+01
   830    0.1976794953E+01
   831    0.5875603762E+01
   832    0.2265049729E+01
   833   -0.8735126909E+00
   834   -0.1304387592E+02
   835    0.2301166887E+01
   836    0.1175171266E+02
   837   -0.3517395205E+01
   838   -0.5294413484E+01
   839    0.3318861229E+01
   840    0.5129867828E+01
   841    0.1655034074E+01
   842   -0.1353427978E+02
   843    0.4272978765E+01
   844    0.3277673022E+01
   845    0.3662312073E+00
   846   -0.3803466318E+01
   847   -0.2547218429E+00
   848    0.3027341892E+01
   849    0.5830847756E+01
   850   -0.9000431137E+01
   851    0.8332297116E+01
   852   -0.6941722534E+01
   853   -0.3209254356E+01
   854    0.5925319071E+01
   855   -0.2784976344E+01
   856    0.4530815077E+01
   857   -0.7074411786E+01
   858    0.3818401018E+01
   859    0.4680988861E+01
   860   -0.2755858040E+01
   861   -0.3011194774E+01
   862    0.3544591763E+01
   863    0.1267741036E+01
   864   -0.5790502451E+01
   865   -0.6168967314E+00
   866    0.1578696037E+01
   867    0.5171867053E+01
   868   -0.1979261252E+01
   869   -0.3207549793E+01
   870    0.1294835782E+01
   871    0.2210181982E+01
   872    0.8806278336E+00
   873   -0.3181064389E+01
   874   -0.2566146496E+01
   875    0.3255781314E+01
   876   -0.2496783758E+01
   877    0.6384567024E+01
   878   -0.4915037711E+01
   879   -0.1872990724E+01
   880    0.1330656448E+01
   881    0.2159898581E+01
   882   -0.3518389226E+00
   883   -0.1106931346E+01
   884    0.4910600499E+01
   885    0.2239041171E+01
   886   -0.4895939070E+01
   887    0.1737597360E+01
   888   -0.6924593764E+01
   889   -0.5628011287E+00
   890    0.6996553482E+01
   891    0.3617402603E+00
   892   -0.4138866972E+01
   893    0.2579789415E+01
   894   -0.3195823747E+01
   895    0.1571171743E+01
   896    0.1361347364E+01
   897   -0.4685724395E+01
   898    0.1620195091E+01
   899    0.3663407135E+01
   900    0.3802932745E+00
   901   -0.4076832768E+01
   902    0.3509811105E+01
   903   -0.5220562713E+01
   904    0.8019753972E+01
   905   -0.4676082337E+01
   906    0.1433987186E+01
   907    0.5729371475E+00
   908    0.8652214137E-01
   909   -0.3880653671E+01
   910   -0.3815790244E+01
   911    0.2980948402E+01
   912   -0.7676642273E+00
   913    0.1646445861E+01
   914    0.9749001122E+01
   915   -0.5312697593E+01
   916   -0.5237754118E+01
   917   -0.1849885132E+01
   918    0.1317813161E+02
   919    0.2327624881E+01
   920   -0.5705575844E+01
   921   -0.1006526132E+02
   922   -0.2690470002E+01
   923    0.4616526249E+01
   924    0.8571645502E+00
   925    0.4216973541E+01
   926    0.2944388860E+01
   927   -0.6483437044E+01
   928    0.1644761304E+00
   929    0.5442053151E+00
   930    0.5316759513E+01
   931   -0.9448363823E+01
   932    0.4287543275E+01
   933    0.5024978617E+01
   934    0.4019864148E+01
   935   -0.7312979717E+01
   936   -0.3467869357E+01
   937   -0.1775922378E+01
   938   -0.1829180476E+01
   939    0.5754640812E+00
   940    0.9688096612E+01
   941   -0.6168148378E+01
   942    0.1784269346E+01
   943   -0.8109536396E+00
   944    0.6153993622E+01
   945   -0.5896591067E+01
   946    0.3183892525E+01
   947   -0.9397894536E+00
   948   -0.4278407602E+01
   949    0.3625876636E+01
   950   -0.1137117811E+01
   951    0.9053273921E+00
   952   -0.4402841305E+01
   953    0.7473698192E+01
   954   -0.4312182419E+01
   955   -0.1073318844E+01
   956    0.7212931416E+01
   957   -0.3510335080E+01
   958   -0.1365777340E+01
   959   -0.5856369619E+00
   960    0.1031072791E+01
   961    0.2549994306E+01
   962   -0.4535676691E+01
   963   -0.9818742225E+00
   964    0.2976895676E+01
   965   -0.3737601280E+01
   966    0.4210921519E+01
   967   -0.2740729623E+01
   968   -0.2417702216E+01
   969    0.3039522722E+01
   970   -0.2861577105E+01
   971    0.8123817134E+01
   972    0.1554526858E+00
   973   -0.1072752139E+02
   974    0.1954171387E+01
   975    0.2632619336E+01
   976    0.3562073827E+01
   977   -0.2577894284E+01
   978   -0.1321217808E+01
   979    0.2828650237E+01
   980    0.2932137330E+01
   981   -0.4916841793E+01
   982   -0.4020426858E+00
   983   -0.1599595115E+01
   984    0.2390868717E+01
   985    0.2063898945E+01
   986   -0.3564641527E+01
   987    0.3647749908E+01
   988   -0.1018818712E+01
   989   -0.1235719417E+01
   990   -0.3839818798E+01
   991    0.3518154676E+01
   992    0.3486672581E+01
   993   -0.9482503927E+00
   994    0.1503565043E+01
   995   -0.2155120175E+01
   996   -0.2418643493E+01
   997    0.1156604708E+01
   998   -0.2726442113E+00
   999    0.5790546135E+00
  1000   -0.3240038196E+00
  1001    0.1670470909E+01
  1002   -0.2205259341E+01
  1003    0.2825835827E+01
  1004   -0.7610836479E+00
  1005   -0.8489586236E+00
  1006   -0.5908313945E+01
  1007    0.2230428258E+00
  1008    0.5278581054E+01
  1009   -0.2252691836E+01
  1010   -0.4232691161E-01
  1011    0.1601288520E+01
  1012   -0.1943910103E+00
  1013    0.3238400194E+01
  1014   -0.2409398277E+01
  1015   -0.7323805443E+00
  1016    0.3962985500E+01
  1017   -0.3881440459E+00
  1018   -0.5034646968E+00
  1019   -0.3815884790E+01
  1020    0.1847973146E+01
  1021   -0.1352158802E+01
  1022    0.2379505867E+01
  1023   -0.4364103541E+00
  1024    0.1190259625E+01
  1025   -0.1283319576E+01
  1026   -0.2263367155E+01
  1027    0.2393188207E+01
  1028    0.1474670486E+01
  1029   -0.1646503686E+01
  1030    0.4372422201E+00
  1031    0.2584133249E+00
  1032   -0.2517177260E+01
  1033    0.8675846652E+00
  1034    0.2282561678E+01
  1035   -0.9649461092E+00
  1036   -0.1448696923E+01
  1037    0.1322795004E+01
  1038    0.1010833182E+01
  1039   -0.8679300731E+00
  1040   -0.1582155275E+00
  1041    0.1338949828E+00
  1042    0.2963119831E+00
  1043    0.3262928964E+00
  1044    0.9319820576E-01
  1045   -0.2312806843E+00
  1046   -0.6039241552E+00
  1047   -0.2813673140E+00
  1048    0.4936683214E+00
  1049    0.2922681879E+00
  1050   -0.2705502536E-01
  1051   -0.7980389572E+00
  1052    0.3097331876E-01
  1053    0.3985181980E+00
  1054   -0.3463674084E+01
  1055    0.3307850647E+01
  1056    0.1098837303E+01
  1057   -0.1525386025E+01
  1058    0.4125581626E+00
  1059    0.2006185406E+01
  1060   -0.1711896782E+01
  1061   -0.2471220341E+01
  1062    0.9700193882E+00
  1063    0.2419749169E+01
  1064   -0.3184187549E+01
  1065    0.3423044681E+01
  1066   -0.1528182650E+01
  1067   -0.1309629626E+01
  1068    0.4693887185E+01
  1069    0.7606318157E+00
  1070   -0.4889521217E+01
  1071   -0.2444031178E+01
  1072    0.3913926696E+01
  1073    0.3864440490E+01
  1074   -0.1624626079E+01
  1075   -0.4299054953E+01
  1076    0.1962488762E+00
  1077    0.1880171334E+01
  1078   -0.1072986648E+01
  1079   -0.2494498731E+01
  1080   -0.1111562634E+01
  1081    0.4496426710E+01
  1082    0.1826954963E+01
  1083   -0.2218460770E+01
  1084   -0.6637517156E+01
  1085    0.3696338084E+01
  1086    0.3790906601E+01
  1087    0.1621858130E+00
  1088   -0.3740224263E+01
  1089   -0.4391157388E+01
  1090    0.8369535114E+00
  1091    0.4435186586E+01
  1092    0.3840417486E+01
  1093   -0.1294635512E+01
  1094   -0.4341089210E+01
  1095   -0.1456047861E+01
  1096    0.3368896610E+01
  1097    0.3411008067E+01
  1098   -0.2607689795E+01
  1099   -0.3286317917E+01
  1100    0.3280253347E+01
  1101    0.3657253204E+01
  1102   -0.2560111032E+01
  1103   -0.2615685571E+01
  1104    0.8704684729E+00
  1105    0.6259801007E+00
  1106    0.7182890707E+00
  1107    0.5207561937E+00
  1108   -0.1286954932E+01
  1109   -0.3992179549E+00
  1110    0.1383170977E+01
  1111   -0.3817719206E+00
  1112   -0.2012357698E+01
  1113    0.6248697988E+00
  1114    0.3243908161E+01
  1115    0.3877187583E+00
  1116   -0.3371903118E+01
  1117   -0.2255241121E+01
  1118    0.1130358974E+01
  1119    0.3212275844E+01
  1120    0.7375007294E+00
  1121   -0.2107329418E+01
  1122    0.4320805484E+00
  1123    0.4006368555E+00
  1124   -0.2723801317E+01
  1125    0.3635543403E+00
  1126    0.2746581877E+01
  1127   -0.4535254490E+00
  1128   -0.1644304958E+01
  1129    0.4500119314E+00
  1130   -0.5934619505E-01
  1131   -0.1460202694E+01
  1132    0.1839639792E+00
  1133    0.2354898634E+01
  1134    0.5785680878E+00
  1135   -0.2099670981E+01
  1136   -0.1376268830E+00
  1137    0.1179396484E+01
  1138   -0.7211185486E-01
  1139   -0.1278378687E+01
  1140   -0.1002249211E+01
  1141    0.1068629488E+01
  1142    0.1942554233E+01
  1143    0.6033938047E+00
  1144   -0.1181882374E+01
  1145   -0.2438390101E+01
  1146   -0.3867675515E+00
  1147    0.2068428999E+01
  1148    0.1538312043E+01
  1149    0.8825055437E-01
  1150   -0.1588456822E+01
  1151   -0.2180305693E+01
  1152    0.1206744714E+01
  1153    0.2536335189E+01
  1154   -0.1185939529E+01
  1155   -0.2111236302E+01
  1156    0.1217831507E+01
  1157    0.1650871330E+01
  1158   -0.7252769929E+00
  1159   -0.6807951449E+00
  1160    0.5495525548E+00
  1161    0.5952364952E-01
  1162   -0.4474305518E+00
  1163    0.4421597171E+00
  1164   -0.7355515612E-01
  1165   -0.8374739543E+00
  1166    0.4700205645E+00
  1167    0.7771062430E+00
  1168   -0.9954465609E+00
  1169   -0.1348755768E+00
  1170    0.1090230280E+01
  1171   -0.6007100941E+00
  1172   -0.2009437424E+00
  1173    0.1460106623E+01
  1174   -0.3089478333E+00
  1175   -0.2053879055E+01
  1176   -0.6564499700E+00
  1177    0.2012438023E+01
  1178    0.1507583689E+01
  1179   -0.1479583055E+01
  1180   -0.9228626310E+00
  1181    0.9576546150E+00
  1182    0.2708746799E+00
  1183   -0.6653948998E+00
  1184    0.6388290470E+00
  1185    0.6408120075E+00
  1186   -0.8853129525E+00
  1187    0.2512642652E+00
  1188    0.4802310884E+00
  1189   -0.1195256246E+01
  1190   -0.1524754278E+00
  1191    0.1274028377E+01
  1192   -0.2537685536E+00
  1193   -0.8776444370E+00
  1194    0.1923171654E+00
  1195    0.4787968297E+00
  1196    0.7102707458E-01
  1197   -0.5982578553E+00
  1198   -0.5186926997E+00
  1199    0.9739749801E+00
  1200    0.1298899628E+01
  1201   -0.8517331847E+00
  1202   -0.1657903864E+01
  1203    0.5563367611E+00
  1204    0.1531133648E+01
  1205   -0.2913692711E+00
  1206   -0.1299747700E+01
  1207   -0.1383582918E+00
  1208    0.7408450860E+00
  1209   -0.2528957183E+00
  1210   -0.3285289572E+00
  1211    0.6317463876E+00
  1212    0.2251373462E+00
  1213   -0.2418230134E+00
  1214   -0.2623173271E+00
  1215   -0.1356499553E+00
  1216    0.1231448821E+00
  1217    0.8767893907E-01
  1218    0.1214337982E+00
  1219    0.1299394480E+00
  1220   -0.2753392761E+00
  1221   -0.2609627824E+00
  1222    0.7108673642E-01
  1223    0.3289724756E+00
  1224    0.1662651627E+00
  1225   -0.5163217214E+00
  1226   -0.3459617626E+00
  1227    0.4327876469E+00
  1228    0.3786323330E+00
  1229   -0.9398888910E-02
  1230   -0.2107470729E+00
  1231   -0.4045343831E+00
  1232   -0.1745272593E+00
  1233    0.2318282319E+00
  1234    0.3512263396E+00
  1235    0.2057780818E+00
  1236   -0.9592701459E-01
  1237   -0.3728367020E+00
  1238   -0.2150798134E+00
  1239    0.2405476834E+00
  1240    0.1776487783E+00
  1241   -0.2092086116E+00
  1242   -0.2879835439E+00
  1243    0.2464465831E+00
  1244    0.3528135147E+00
  1245   -0.5389815709E-01
  1246   -0.9045158471E-01
  1247   -0.1038496914E-02
  1248   -0.5312648112E+00
  1249   -0.2424825997E+00
  1250    0.6527828376E+00
  1251    0.3371731593E+00
  1252   -0.3571484440E+00
  1253   -0.2852625076E+00
  1254   -0.1923617445E+00
  1255    0.2232015525E+00
  1256    0.3404428927E+00
  1257   -0.1649185945E+00
  1258   -0.3526487558E+00
  1259    0.2367505152E+00
  1260    0.4275030917E+00
  1261   -0.2241738951E+00
  1262   -0.4811020520E+00
  1263    0.2321979960E+00
  1264    0.2329661160E+00
  1265   -0.1874778136E+00
  1266    0.7595102533E-01
  1267    0.4373485994E-01
  1268   -0.4228581239E+00
  1269   -0.2217307694E-01
  1270    0.2411427911E+00
  1271    0.1937246307E+00
  1272   -0.6066101531E-01
  1273   -0.1258369747E+00
  1274    0.1041164714E+00
  1275    0.1804840176E+00
  1276   -0.1383751980E-01
  1277   -0.1434388431E+00
  1278   -0.1098214582E-02
  1279   -0.5116058926E-01
  1280   -0.2945714758E+00
  1281    0.1023438559E+00
  1282    0.2074346514E+00
  1283    0.1037969784E+00
  1284    0.8199078722E-01
  1285   -0.7951654351E-01
  1286   -0.2523429929E+00
  1287    0.1457608234E+00
  1288    0.2251642779E+00
  1289   -0.2572585449E+00
  1290   -0.2013977049E+00
  1291    0.2346860740E+00
  1292    0.1841892674E+00
  1293   -0.2938037172E+00
  1294   -0.2055986656E+00
  1295    0.3160113926E+00
  1296    0.2719621569E+00
  1297   -0.4251554904E-01
  1298   -0.1414852844E+00
  1299   -0.2009158179E-01
  1300    0.1685711961E+00
  1301    0.1353046539E+00
  1302   -0.2592117183E+00
  1303   -0.3357224284E+00
  1304    0.1890585664E-01
  1305    0.1775361366E+00
  1306    0.2715976547E+00
  1307    0.1345129792E+00
  1308   -0.1295448289E+00
  1309   -0.1521107312E+00
  1310   -0.1018680048E+00
  1311   -0.9046763448E-02
  1312    0.1310368533E+00
  1313    0.9950227662E-01
  1314   -0.7099024501E-01
  1315   -0.2406698438E-02
  1316    0.1307102567E+00
  1317   -0.1324257705E-01
  1318   -0.7744770530E-01
  1319    0.2414258021E-01
  1320    0.1126251503E+00
  1321    0.7865113231E-01
  1322   -0.5361419751E-01
  1323   -0.1600900458E+00
  1324   -0.5977543951E-01
  1325    0.1200138774E+00
  1326    0.7623333686E-01
  1327   -0.3186677707E-01
  1328    0.2184661610E-01
  1329   -0.7730652719E-02
  1330   -0.7377199204E-01
  1331    0.9074411134E-01
  1332    0.1713929018E+00
  1333   -0.4238471473E-02
  1334   -0.1291657448E+00
  1335   -0.7588156323E-01
  1336    0.2443405318E-01
  1337    0.4634938207E-02
  1338    0.2070419880E-01
  1339    0.8269253283E-01
  1340   -0.4509407462E-02
  1341   -0.3820964417E-01
  1342    0.2245605722E-01
  1343    0.6360669506E-02
  1344   -0.4496212272E-01
  1345    0.1401634189E-01
  1346    0.9238353922E-01
  1347    0.2592712162E-01
  1348   -0.9556751713E-01
  1349   -0.4251141840E-01
  1350    0.1102138833E+00
  1351    0.9684500769E-01
  1352   -0.3638141755E-01
  1353   -0.1071889484E+00
  1354   -0.2605549709E-01
  1355    0.3523679190E-01
  1356    0.1287121826E-01
  1357   -0.1942807217E-02
  1358   -0.2218166139E-01
  1359   -0.3558440434E-01
  1360    0.5098388730E-01
  1361    0.9110057550E-01
  1362   -0.5585227335E-03
  1363   -0.1077771077E+00
  1364   -0.7990190986E-01
  1365    0.4697347538E-01
  1366    0.9433826541E-01
  1367    0.7057853626E-01
  1368   -0.1618665144E-01
  1369   -0.8498868226E-01
  1370   -0.6321793722E-01
  1371   -0.1357210284E-01
  1372    0.3123927465E-01
  1373    0.3968308804E-01
  1374    0.1128379297E-01
  1375   -0.2226325528E-01
  1376   -0.2004981768E-01
  1377    0.7444764334E-02
  1378    0.3753607704E-01
  1379    0.7293585283E-02
  1380   -0.7109081972E-01
  1381   -0.5460073375E-01
  1382    0.8372980044E-02
  1383    0.3196037569E-01
  1384   -0.6709782072E-02
  1385   -0.2384343226E-01
  1386    0.2609185754E-01
  1387    0.2352612899E-01
  1388   -0.6791614432E-02
  1389   -0.5442206399E-02
  1390   -0.1971997519E-01
  1391   -0.1503190808E-01
  1392    0.6786562005E-02
  1393   -0.1547400243E-01
  1394   -0.2910470107E-01
  1395   -0.3768975343E-01
  1396   -0.2249732252E-01
  1397    0.3919423807E-01
  1398    0.3390285090E-01
  1399   -0.5310762385E-02
  1400   -0.7155005710E-02
  1401   -0.2114174093E-01
  1402   -0.3359826644E-01
  1403   -0.1671532021E-01
  1404    0.1945666022E-01
  1405   -0.7823923674E-03
  1406   -0.4339969414E-01
  1407   -0.2915743890E-01
  1408    0.1150170712E-01
  1409    0.2914946066E-01
  1410   -0.1612613170E-01
  1411   -0.4061157581E-01
  1412    0.2333621446E-01
  1413    0.9840437111E-03
  1414   -0.2895634225E-02
  1415    0.3869595392E-02
  1416   -0.1707557690E-01
  1417   -0.2297563556E-01
  1418    0.9566444846E-02
  1419    0.9560738362E-02
  1420   -0.1923647767E-01
  1421   -0.3729433277E-02
  1422    0.1303935376E-01
  1423   -0.5842712560E-02
  1424   -0.5404390411E-01
  1425   -0.1596862462E-01
  1426    0.3906917095E-01
  1427    0.3362821647E-01
  1428   -0.3018665742E-02
  1429   -0.3219541685E-01
  1430   -0.2579816539E-01
  1431    0.3571415323E-02
  1432    0.2285509699E-01
  1433    0.7573707277E-02
  1434   -0.1869873028E-01
  1435   -0.2093322926E-01
  1436    0.3635251324E-01
  1437   -0.1501961528E-01
  1438   -0.9902983485E-02
  1439    0.7584910872E-02
  1440    0.9201187523E-02
  1441    0.5894015501E-02
  1442   -0.4188625295E-02
  1443    0.2772986816E-02
  1444    0.1464314287E-02
  1445   -0.2971028667E-01
  1446   -0.6271608382E-02
  1447    0.5297265326E-01
  1448    0.1607615494E-01
  1449   -0.1191868878E-01
  1450    0.8009836413E-02
  1451    0.5907072751E-01
  1452    0.7541794763E-01
  1453    0.4679629690E-01
  1454    0.1629151121E-01
  1455    0.4152229599E-02
  1456    0.1038256139E-02
  1457    0.2595766752E-03
  1458    0.6489495911E-04
  1459    0.1622378918E-04
  1460    0.4055950383E-05
  1461    0.1013987788E-05
  1462    0.2534969581E-06
  1463    0.6337423880E-07
  1464    0.1584356024E-07
  1465    0.3960889033E-08
  1466    0.9902203502E-09
  1467    0.2475618321E-09
  1468    0.6189093682E-10
  1469    0.1547473261E-10
  1470    0.3873318333E-11
  1471    0.9719169913E-12
  1472    0.2455813330E-12
  1473    0.6253331186E-13
  1474    0.1509903313E-13
  1475    0.3552713679E-14
  1476    0.0000000000E+00
  1477    0.0000000000E+00
  1478    0.9992007222E-15
  1479    0.0000000000E+00
  1480    0.0000000000E+00
  1481    0.8881784197E-15
  1482    0.0000000000E+00
  1483    0.0000000000E+00
  1484    0.1332267630E-14
  1485    0.2109423747E-14
  1486    0.0000000000E+00
  1487    0.0000000000E+00
  1488    0.0000000000E+00
  1489    0.0000000000E+00
  1490    0.8881784197E-15
  1491   -0.7771561172E-15
  1492    0.0000000000E+00
  1493    0.0000000000E+00
  1494    0.1332267630E-14
  1495    0.0000000000E+00
  1496    0.0000000000E+00
  1497    0.8881784197E-15
  1498   -0.1665334537E-14
  1499   -0.2220446049E-15
  1500    0.1293103448E+02
  1501    0.1293103448E+02
  1502    0.0000000000E+00
