    -1    0.0000000000E+00
     0   -0.1489459076E+01
     1   -0.9920487168E+01
     2   -0.3715166700E+01
     3   -0.8929561197E+00
     4   -0.5066455180E+01
     5    0.5634612084E+01
     6   -0.2404903799E+01
     7    0.6886054880E+01
     8   -0.7516332742E+01
     9    0.4625017891E+01
    10    0.1584981595E+01
    11    0.1421138332E+01
    12   -0.1257041936E+02
    13    0.5073109027E+01
    14    0.9433819657E+01
    15   -0.2668913083E+01
    16   -0.5828633219E+01
    17   -0.3969578582E-02
    18   -0.5956339077E+00
    19    0.6795480441E+01
    20   -0.4761350283E+01
    21   -0.2483803618E+01
    22    0.3111950550E+01
    23   -0.1308568859E+01
    24    0.2074767540E+01
    25    0.6226275077E+00
    26   -0.3599549753E+00
    27    0.2703580846E+01
    28   -0.5866777603E+01
    29    0.1585000879E+01
    30   -0.2371171135E+01
    31    0.1301932587E+01
    32    0.2376598102E+01
    33    0.6959912172E+01
    34   -0.1109602862E+02
    35    0.4032860752E+01
    36    0.4369912030E+01
    37   -0.6051362343E+01
    38    0.1394128932E+01
    39   -0.2489227037E+01
    40    0.1131731729E+02
    41   -0.9728030607E+01
    42    0.2988113063E+01
    43    0.2890565855E+01
    44    0.8066780803E+00
    45   -0.4843998506E+01
    46   -0.8229564815E+01
    47    0.8940032084E+01
    48    0.1637238334E+01
    49    0.4365474512E+01
    50   -0.1345901929E+02
    51    0.4838649262E+01
    52    0.4477121303E+01
    53   -0.8177524169E+01
    54    0.4819169296E+01
    55    0.5266364353E+00
    56    0.9323594649E+00
    57   -0.3090706209E+01
    58    0.5339535898E+01
    59   -0.2903114370E+01
    60    0.6400606358E+00
    61    0.2777654916E+01
    62   -0.6840356845E+00
    63   -0.7824125439E+00
    64   -0.3924740193E+01
    65    0.3367294225E+00
    66    0.3183881174E+01
    67   -0.1933024344E+01
    68    0.1605514631E+01
    69    0.1504528633E+01
    70    0.1427057877E+01
    71   -0.3585560282E+01
    72    0.3497670686E+01
    73   -0.2111022749E+01
    74   -0.1239060116E+02
    75    0.1589281904E+02
    76   -0.6232945959E+01
    77    0.1623888597E+00
    78   -0.3962653422E+01
    79    0.6428817972E+01
    80   -0.2789469338E+01
    81   -0.6201555774E+01
    82    0.7439306208E+01
    83    0.2654771170E+01
    84    0.4335043160E+01
    85   -0.6660457682E+01
    86   -0.4529681502E+01
    87    0.5855532072E+01
    88   -0.3557058737E+01
    89    0.4782091967E+01
    90   -0.3143919556E+01
    91   -0.6054298295E+01
    92    0.4790950002E+01
    93   -0.9390937081E+00
    94    0.4433840778E+01
    95   -0.1186596196E+02
    96    0.8167759334E+01
    97   -0.6138320758E+01
    98    0.6691339922E+01
    99   -0.2614920586E+01
   100    0.9240276653E+01
   101   -0.1259401520E+02
   102    0.4597535796E+01
   103    0.8903538649E+01
   104   -0.5899669168E+01
   105   -0.2303662624E+00
   106   -0.5249361121E+01
   107   -0.3660161374E+01
   108    0.4596180652E+01
   109   -0.9286589121E+01
   110    0.1101002331E+02
   111    0.1736103504E+01
   112   -0.5290978510E+00
   113   -0.7261172084E+01
   114    0.7734358109E+00
   115   -0.2361053576E+01
   116    0.8692970601E+01
   117    0.5456266666E+00
   118   -0.9599210612E+01
   119    0.1029581232E+02
   120   -0.2966572800E+01
   121   -0.1019163298E+01
   122   -0.1313083312E+01
   123   -0.4495461061E+01
   124    0.8662519720E-01
   125    0.1478599681E+01
   126   -0.3982632581E+01
   127   -0.1080055272E+02
   128    0.6582693544E+01
   129    0.5451689942E+00
   130   -0.7133161016E+01
   131    0.7335491841E+01
   132   -0.4081906695E+01
   133   -0.4989539298E+01
   134    0.3710279168E+01
   135    0.4886382771E+01
   136   -0.1238948769E+02
   137    0.5091398823E+01
   138   -0.1989609700E+02
   139    0.2745613005E+02
   140   -0.1398423906E+02
   141   -0.2868531468E+01
   142   -0.5476736927E+01
   143    0.5388445686E+01
   144    0.1642397428E+01
   145    0.3863254494E+01
   146    0.1204071820E+02
   147   -0.5010205164E+01
   148    0.7001442172E-01
   149    0.1220172960E+02
   150   -0.8818065480E+01
   151   -0.2612351738E+01
   152    0.1940166742E+01
   153    0.1278930540E+01
   154   -0.1785105829E+02
   155    0.1768390858E+02
   156    0.2516475638E+01
   157   -0.1059462889E+02
   158    0.9586562221E+01
   159    0.3936840147E+01
   160   -0.1280616368E+02
   161    0.1318976091E+01
   162    0.2066627265E+01
   163    0.5372047671E+01
   164    0.4418777328E+01
   165   -0.4510649758E+01
   166   -0.3101049835E+01
   167    0.2005789319E+01
   168   -0.7699294922E-01
   169   -0.8060654097E+01
   170   -0.8636442626E+00
   171    0.1447004906E+01
   172    0.1249726840E+02
   173    0.1235693351E+01
   174   -0.1417008095E+02
   175    0.4984362915E+01
   176   -0.8896385805E+01
   177    0.1429698303E+01
   178    0.8519069701E+01
   179    0.6143141165E+01
   180   -0.4671806451E+01
   181    0.1140915810E+02
   182   -0.1862161406E+02
   183    0.8833886023E+01
   184   -0.2515248809E+01
   185    0.9578195788E+00
   186    0.6808767650E+01
   187   -0.1166610315E+02
   188    0.1513200872E+02
   189   -0.1016639755E+01
   190   -0.1085485808E+02
   191    0.6018644125E+01
   192    0.7860940432E+01
   193   -0.7874659389E+01
   194    0.4384713075E+01
   195    0.5144805486E+01
   196   -0.3114120418E+01
   197   -0.3580150567E+01
   198    0.2270138733E+01
   199    0.3551311313E+01
   200    0.2248718956E+01
   201   -0.2682225438E+01
   202    0.1354321574E+01
   203    0.3149323270E+01
   204    0.4443229553E+01
   205   -0.1472852357E+02
   206    0.8059427219E+01
   207    0.5112706859E+01
   208   -0.6133455973E+01
   209   -0.8581758284E+00
   210    0.3340857140E+01
   211   -0.1033296271E+01
   212    0.3450827698E+01
   213    0.2372868225E+01
   214   -0.8475033113E+01
   215   -0.5464159647E-03
   216    0.1706148158E+01
   217    0.2996050713E-01
   218    0.5368245695E+01
   219   -0.1296193956E+01
   220    0.3379064142E+01
   221   -0.9446155940E+01
   222    0.7323975709E+01
   223   -0.2785888121E+01
   224   -0.1747553313E+00
   225   -0.1074801480E+01
   226    0.2623860944E+01
   227    0.3094520425E+01
   228   -0.2285325302E+01
   229    0.7641174963E+01
   230   -0.3414710544E+01
   231   -0.1267899188E+02
   232    0.4039214030E+01
   233    0.3660061396E+01
   234   -0.4936369868E+00
   235   -0.7344662065E+00
   236    0.1373950738E+01
   237   -0.4226808722E+01
   238    0.3212741998E+01
   239   -0.2147056860E+01
   240    0.4772101180E+01
   241    0.4224316322E+01
   242   -0.6716920631E+01
   243    0.1224836046E+01
   244    0.2054982035E+01
   245    0.6899136667E+00
   246   -0.5961554810E+01
   247    0.8084322686E+01
   248   -0.2927659658E+01
   249   -0.1075084156E+01
   250   -0.1807186547E+01
   251   -0.5819480120E+00
   252    0.3018877684E+01
   253    0.1381089280E+01
   254   -0.1357477129E+01
   255   -0.4727767834E-01
   256    0.2482050606E+00
   257   -0.5406074906E+00
   258    0.8381367444E+00
   259    0.2392908712E+01
   260   -0.4483332334E+01
   261   -0.7284536369E+01
   262    0.1101179339E+01
   263    0.2459279861E+01
   264    0.3444540936E+01
   265    0.6175956332E+00
   266   -0.3363922088E+01
   267    0.5066239633E+01
   268   -0.1245205787E+01
   269   -0.7047338995E+00
   270   -0.1123042198E+00
   271   -0.1706735997E+01
   272    0.6824809167E+01
   273   -0.3982063169E+01
   274   -0.3054670014E+00
   275   -0.1054702888E+01
   276   -0.8681651927E-01
   277    0.3917863589E+01
   278   -0.4022870172E+01
   279    0.4503525567E+00
   280    0.2055585007E+01
   281   -0.2776189479E+01
   282    0.5711312536E+01
   283   -0.1842220601E+01
   284   -0.3344471786E+00
   285   -0.6228399925E+00
   286   -0.2314701466E+01
   287   -0.5419320641E+01
   288    0.1386822290E+01
   289    0.3055891668E+01
   290    0.1788178092E+01
   291   -0.3826375977E+01
   292    0.3845333183E+01
   293   -0.2024186040E+01
   294   -0.4662825565E+01
   295    0.1576347622E+01
   296   -0.4382989178E+01
   297    0.1117692271E+02
   298   -0.2763034904E+01
   299   -0.1123267049E+01
   300    0.1083997287E+01
   301    0.3361596096E+00
   302   -0.7197292376E+01
   303    0.8057944508E+00
   304   -0.2072561953E+01
   305   -0.3543340258E+01
   306    0.6365369831E+01
   307    0.2229117054E+01
   308    0.2226127656E+01
   309   -0.1140576359E+00
   310    0.6363524585E+01
   311   -0.1064848524E+02
   312    0.2786493199E+01
   313   -0.9502571626E+01
   314    0.3394648804E+01
   315    0.4945270074E+01
   316   -0.2543989209E+01
   317    0.3413129653E+01
   318   -0.9300656509E+01
   319    0.8055888308E+01
   320   -0.3905302348E+01
   321   -0.8062594525E+01
   322   -0.1474111920E+01
   323    0.2417336715E+01
   324    0.6246144706E+01
   325   -0.5946940424E+01
   326   -0.1446874876E+02
   327    0.9930191577E+01
   328   -0.2353717127E+01
   329    0.7234231597E+00
   330   -0.3334739066E+01
   331   -0.1933380029E+01
   332   -0.4332209055E+01
   333   -0.4756995076E+01
   334    0.1746960382E+02
   335   -0.1080108771E+02
   336   -0.1407668594E+02
   337    0.6854039534E+00
   338   -0.7603206764E+01
   339    0.1818713725E+02
   340   -0.1460983383E+02
   341   -0.1589238293E+02
   342    0.4737163553E+01
   343   -0.6236399667E+00
   344   -0.5460153891E+01
   345   -0.1463718610E+02
   346    0.4024399569E+01
   347    0.9137027413E+01
   348    0.4826796420E+01
   349    0.2509998368E+02
   350    0.1305817007E+02
   351    0.8057850175E+00
   352   -0.1123775864E+01
   353   -0.6488790419E+01
   354   -0.1833531270E+02
   355    0.5388247899E+01
   356    0.2365934509E+02
   357    0.3594627250E+01
   358   -0.7478101801E+01
   359   -0.1141569689E+02
   360    0.6401897529E+01
   361    0.1931630716E+02
   362   -0.5033179251E+01
   363    0.7065424774E+00
   364    0.1888448276E+01
   365    0.1228657164E+01
   366    0.1443817040E+01
   367    0.3709263814E+01
   368   -0.5091657336E+01
   369    0.4036614268E+01
   370    0.3558643386E+00
   371   -0.9839976219E+00
   372   -0.2628730689E+01
   373    0.7783444573E+00
   374    0.5189498039E+01
   375   -0.3780457293E+01
   376   -0.4188444390E-01
   377    0.6017427923E+01
   378   -0.7653097629E+01
   379    0.4957675122E+01
   380    0.1465617527E+00
   381   -0.2600232176E+01
   382    0.6370326501E+01
   383    0.2696648952E+00
   384   -0.4095916264E+01
   385    0.1958448023E+01
   386   -0.2252376624E+01
   387    0.3690303010E+01
   388   -0.3439829076E+01
   389    0.3957477037E+01
   390   -0.3058745039E+01
   391    0.2869344407E+01
   392    0.1133234871E+01
   393   -0.2823655763E+00
   394   -0.1097928595E+01
   395   -0.1968791928E+01
   396    0.3006701076E+01
   397    0.2439076642E+01
   398   -0.5413300147E+01
   399    0.4723422704E+00
   400   -0.4540153288E+00
   401    0.5267192952E+01
   402    0.3161333913E+00
   403    0.3396258961E+01
   404   -0.4607613542E+01
   405   -0.1615718716E+01
   406    0.9756739865E+00
   407    0.5281866946E+01
   408   -0.4659413835E+01
   409   -0.7488318259E+00
   410   -0.1894419130E+01
   411    0.4029510844E+01
   412   -0.3597430895E+00
   413   -0.1507196812E+01
   414    0.1338294058E+01
   415   -0.6739117772E+00
   416    0.3056695918E+01
   417   -0.1229810998E+01
   418   -0.3887331094E+01
   419    0.1308067005E+01
   420    0.3432190592E+01
   421   -0.3905887777E+01
   422    0.4894132115E+00
   423    0.1249850890E+01
   424   -0.6668087883E+00
   425    0.8287311790E+00
   426    0.2649562451E+01
   427   -0.1295926247E+01
   428   -0.1112363586E+01
   429    0.2115216368E+01
   430   -0.4596454275E+01
   431    0.4686743572E+01
   432   -0.2298167360E+01
   433    0.1136660143E+00
   434    0.4262488098E+00
   435    0.1582913324E+01
   436    0.1250586879E+01
   437   -0.8174087055E+00
   438    0.1610431093E+00
   439   -0.6207804159E+00
   440   -0.2508631693E+01
   441    0.3543123368E+00
   442    0.2741075462E+01
   443   -0.2503964633E+01
   444    0.1135059328E+01
   445    0.6342057483E+00
   446   -0.3002719577E+01
   447    0.8788090496E+00
   448    0.4922409291E+00
   449   -0.2780820847E+01
   450    0.7380279811E+01
   451   -0.1875995335E+00
   452   -0.4691546763E+01
   453    0.5446107467E+00
   454   -0.5279041827E+00
   455   -0.8303871999E-01
   456    0.1634447457E+01
   457    0.2111934893E+01
   458   -0.3262172577E+01
   459   -0.1588330829E+01
   460    0.2105529587E+01
   461    0.1110502209E+01
   462   -0.2762988990E+01
   463   -0.5882445618E+00
   464    0.5805663833E+01
   465   -0.3610191209E+01
   466   -0.5143864592E+00
   467    0.1217510885E+01
   468   -0.2160396204E+01
   469    0.1032861140E+01
   470    0.1830558252E+01
   471    0.6024552353E+00
   472   -0.2189921402E+01
   473   -0.3072987874E+01
   474    0.1454858142E+01
   475    0.1899708772E+01
   476   -0.5801835939E+00
   477    0.7644376247E+00
   478   -0.1326601637E+00
   479    0.9479071878E+00
   480   -0.6500316855E+00
   481   -0.4475903749E+01
   482    0.3625402338E+01
   483    0.3823357744E+01
   484   -0.2257969157E+01
   485   -0.2214785266E+01
   486    0.1813673003E+01
   487   -0.1772986940E+01
   488    0.8474752372E-01
   489    0.3598692979E+00
   490    0.3040470818E+01
   491   -0.9704727680E+00
   492   -0.6296813730E+01
   493    0.4323709176E+01
   494    0.3730358250E+01
   495   -0.2560873577E+01
   496    0.3107993501E+01
   497   -0.3710271552E+01
   498    0.1570936991E+01
   499    0.6273423178E+00
   500   -0.5307617730E+00
   501   -0.3243064450E+01
   502   -0.5269547776E+00
   503    0.1897339247E+01
   504   -0.6075885721E+00
   505    0.1167372557E+01
   506    0.5169728347E+00
   507    0.1174102297E+00
   508   -0.2348852381E+01
   509    0.1558659617E+00
   510   -0.2779834083E+01
   511   -0.1798787256E+01
   512    0.2631199358E+01
   513    0.5405423353E+01
   514   -0.4294552619E+01
   515    0.2172240144E+01
   516   -0.6789808448E+00
   517    0.1514588368E+01
   518   -0.1989106101E+01
   519    0.3131230135E+01
   520   -0.6673178566E+01
   521    0.4945537774E+01
   522   -0.2788995781E+01
   523   -0.6711438386E+01
   524    0.1003663122E+02
   525    0.1020691102E+01
   526   -0.4179667822E+01
   527   -0.1644403261E+01
   528    0.4899385544E+01
   529   -0.2058268250E+01
   530   -0.1621320715E+01
   531   -0.2621422827E+01
   532    0.1819795701E+01
   533   -0.2350622867E+01
   534    0.4749256661E+01
   535    0.4155710100E+01
   536   -0.6433235235E+01
   537   -0.2701844297E+01
   538    0.1453024231E+01
   539    0.2870613671E+01
   540   -0.2529662987E+01
   541    0.4354693081E+01
   542    0.5507550387E+00
   543   -0.7340048990E+01
   544   -0.2817500730E-01
   545   -0.3750235017E+01
   546   -0.4158960235E+01
   547    0.9184041609E+01
   548   -0.4994851215E+01
   549    0.2402712690E+01
   550    0.3939920204E+01
   551   -0.4091900490E+01
   552   -0.5002967947E+01
   553    0.9982195058E+01
   554   -0.3218929684E+01
   555   -0.5319043378E+01
   556   -0.2944667802E+01
   557   -0.2604911101E+01
   558    0.2843337738E+01
   559   -0.8220513146E+01
   560    0.2600798599E+01
   561    0.5731400448E+01
   562   -0.8354466529E+01
   563   -0.1143299046E+02
   564    0.5410336305E+01
   565   -0.2687928883E+01
   566   -0.8997976774E+01
   567   -0.2741745569E+01
   568   -0.6004386295E+01
   569   -0.2034542887E+02
   570    0.2786436933E+01
   571   -0.6049512352E+01
   572    0.1492836283E+02
   573   -0.1312411711E+02
   574    0.3065317702E+01
   575   -0.8091500377E+01
   576    0.2614365300E+01
   577   -0.9276190500E+01
   578    0.2178899038E+02
   579    0.1638320548E+02
   580   -0.2177848924E+02
   581    0.1731048837E+02
   582    0.9788937806E+01
   583   -0.1454837237E+02
   584    0.1149130556E+02
   585    0.1545690964E+02
   586   -0.1134249916E+02
   587   -0.1816422087E+02
   588    0.1470740904E+02
   589   -0.1019440216E+02
   590    0.1117785706E+02
   591   -0.4748302315E+01
   592    0.2309534692E+02
   593    0.2282128450E+01
   594    0.3059109731E+01
   595    0.7050808385E+00
   596    0.3208849932E+01
   597   -0.8021616891E+00
   598   -0.1691305907E+02
   599    0.1126200761E+02
   600    0.8653417688E+01
   601   -0.5064312299E+01
   602    0.8357635417E+01
   603   -0.1188432052E+02
   604   -0.1198614852E+02
   605    0.2198589128E+02
   606   -0.1108544138E+01
   607   -0.3238035242E+01
   608    0.6582707773E+00
   609   -0.3903902847E+01
   610    0.1145669470E+02
   611   -0.1393481806E+02
   612    0.4900330567E+01
   613    0.5856420810E+01
   614    0.1195882080E+00
   615   -0.1060007020E+02
   616    0.6870261618E+01
   617    0.6943376365E+01
   618    0.6886433169E-01
   619   -0.7513667062E+01
   620    0.6338573387E+00
   621    0.3003644676E+01
   622    0.2861179993E+01
   623   -0.3599989676E+01
   624    0.3136877229E+01
   625    0.6616438272E+01
   626   -0.1050414711E+02
   627    0.6096320438E+01
   628   -0.1119442865E+01
   629   -0.6366556241E+01
   630    0.1039890249E+02
   631   -0.3354771464E+00
   632   -0.1866985567E+01
   633    0.6666489935E+00
   634   -0.1207713037E+02
   635    0.1151461562E+02
   636   -0.1447225149E+01
   637    0.2343421369E+01
   638    0.2865984867E+01
   639   -0.4894594163E+01
   640    0.6228158699E+01
   641   -0.9262725817E+01
   642    0.3045193339E+01
   643   -0.2460000660E+01
   644    0.4484945057E+01
   645   -0.1106421529E+01
   646    0.3214318685E+01
   647   -0.7837482682E+01
   648    0.7339397447E+01
   649   -0.3361145383E+01
   650   -0.6436712135E+01
   651    0.6513411943E+01
   652   -0.1573195505E+01
   653    0.2742785885E+01
   654   -0.1633618556E+01
   655    0.5553329898E+00
   656    0.9959229857E+00
   657   -0.3034921850E+00
   658    0.1557238888E+01
   659    0.1432953515E+01
   660    0.1110665816E+01
   661   -0.4348897571E+01
   662   -0.1139013358E+00
   663   -0.2899868553E+00
   664   -0.5337068610E+01
   665    0.8766357315E+01
   666   -0.3544691167E+01
   667    0.5122757825E+01
   668   -0.5382633124E+01
   669    0.5677698485E+00
   670    0.3007512790E+01
   671   -0.4266148835E+01
   672   -0.6128963863E+01
   673    0.7965831484E+01
   674    0.5893496817E+00
   675    0.1603189797E+01
   676   -0.4737985024E+01
   677    0.6784622822E+00
   678   -0.2317289677E+01
   679    0.7258107530E+01
   680   -0.5296686995E+01
   681    0.4261678754E+01
   682   -0.1347046742E+01
   683    0.2970164359E+01
   684   -0.3937192377E+00
   685   -0.8037199187E+01
   686    0.3887305767E+01
   687    0.4329504421E+00
   688    0.3162448938E+01
   689   -0.3902555361E+01
   690    0.1763440771E+01
   691   -0.1093924760E+01
   692   -0.2300984699E+01
   693    0.3621638525E+01
   694   -0.1817531380E+01
   695    0.2088671495E+01
   696   -0.3601925816E+01
   697   -0.1524067168E+01
   698    0.1297330817E+01
   699    0.3224481112E+01
   700   -0.4583159802E+00
   701    0.8075197343E+00
   702    0.2801553916E+01
   703   -0.1322453571E+01
   704   -0.5171415999E+01
   705    0.5876357666E+01
   706    0.3226930624E+01
   707   -0.1188492945E+02
   708    0.7337490217E+00
   709    0.4955391499E+01
   710    0.2557027598E+00
   711   -0.1533981373E+02
   712    0.1545249849E+02
   713   -0.4330681779E+01
   714    0.1273579641E+01
   715    0.2001524224E+01
   716   -0.1090815334E+02
   717    0.7258136079E+01
   718    0.1133808815E+01
   719    0.6908105027E+01
   720   -0.1187235964E+02
   721   -0.3371137405E+01
   722    0.4753548661E+01
   723    0.6641357446E+01
   724   -0.5924857073E+01
   725   -0.1370814223E+02
   726    0.9822151851E+01
   727    0.9833942522E+01
   728   -0.1012408761E+02
   729    0.1722279915E+01
   730   -0.5278099229E+01
   731   -0.8621801076E+01
   732    0.6400381114E+01
   733    0.6020308993E+01
   734   -0.1376952575E+02
   735    0.1581488201E+02
   736   -0.8875114506E+01
   737    0.2306355569E+01
   738   -0.1000224487E+01
   739   -0.1415242591E+02
   740    0.1617656198E+02
   741   -0.5783495466E+01
   742   -0.5194162112E+00
   743   -0.7808199514E+01
   744    0.1304055661E+01
   745    0.1070730616E+02
   746   -0.9775653156E+01
   747   -0.1433080017E+01
   748    0.1163332081E+02
   749   -0.9367885909E+01
   750   -0.1001559338E+02
   751    0.3460413786E+01
   752    0.2081416335E+01
   753    0.1328926633E+02
   754   -0.5351203533E+01
   755   -0.1512849521E+02
   756   -0.5827858392E+01
   757    0.2111808054E+02
   758   -0.4728437153E+01
   759   -0.3712113602E+01
   760   -0.1932760153E+01
   761    0.3835828939E+01
   762   -0.1910277748E+02
   763    0.2069490507E+02
   764   -0.1572762246E+02
   765   -0.1810853438E+02
   766    0.1040922845E+01
   767    0.3264265972E+02
   768   -0.2409484707E+01
   769   -0.1206742219E+02
   770   -0.9050953885E+01
   771    0.6941691946E+01
   772   -0.3643793216E+01
   773    0.8832436088E+01
   774    0.1013673591E+01
   775    0.5470475694E+01
   776    0.1192135279E+02
   777   -0.8665442570E+01
   778    0.6225194950E+01
   779   -0.6225785885E+01
   780   -0.2145315430E+01
   781   -0.2264350887E+01
   782   -0.1913801028E+01
   783    0.9956882695E+01
   784   -0.3737110680E+01
   785    0.7972159176E+01
   786    0.3447006557E+01
   787   -0.6137624574E+01
   788    0.7990797875E+00
   789    0.7725057449E+01
   790    0.6323660488E+01
   791   -0.7164702629E+01
   792   -0.4707566521E+01
   793    0.9795094866E+00
   794   -0.5183887446E+01
   795    0.3232344792E+01
   796   -0.2276286846E+01
   797    0.5621852216E+01
   798    0.4386560305E+01
   799    0.1289742183E+02
   800   -0.1553495639E+02
   801    0.2905845497E+00
   802    0.4990750826E+01
   803   -0.9803186856E+01
   804    0.1244377735E+02
   805   -0.7706893645E+01
   806    0.1440808709E+01
   807    0.3202174417E+01
   808    0.5616841676E+01
   809    0.2442612523E+00
   810   -0.5391547317E+01
   811   -0.2203932908E+01
   812    0.6787348737E+00
   813    0.1460930227E+01
   814   -0.5620294362E+01
   815    0.4429570813E+01
   816    0.8434052111E+00
   817    0.3319169565E+01
   818    0.1340596291E+01
   819   -0.1244425089E+02
   820    0.8287866868E+01
   821    0.2764248584E+01
   822    0.3783912176E+01
   823   -0.6901060989E+00
   824   -0.1588228621E+01
   825    0.4510415806E+00
   826   -0.3262563481E+01
   827    0.1208150815E+01
   828   -0.1583827926E+01
   829    0.3760227402E+01
   830   -0.2627024408E+01
   831    0.3452537922E+01
   832   -0.2495182798E+01
   833   -0.5170167206E+01
   834    0.5318093914E+01
   835    0.1536873206E+01
   836   -0.4025676352E+01
   837    0.2583519790E+01
   838    0.3495810345E+01
   839    0.2649982065E+00
   840   -0.3448838867E+01
   841    0.1026874264E+01
   842    0.2177493675E+00
   843   -0.2622649143E+01
   844   -0.4103547134E+01
   845    0.6143641411E+01
   846    0.5216546997E+01
   847   -0.4010774466E+01
   848   -0.3753187820E-01
   849   -0.7123673976E+01
   850    0.7760074405E+01
   851    0.9303252226E+00
   852   -0.1624562427E+01
   853    0.6338599626E+00
   854    0.4975597510E+00
   855   -0.8309348374E+01
   856    0.7680174247E+01
   857    0.8080631936E+00
   858   -0.5754549284E+01
   859    0.2936979119E+01
   860    0.4934531299E+00
   861   -0.2320436857E+01
   862    0.3268102124E+01
   863   -0.5356362672E+01
   864    0.5300647647E+01
   865   -0.3946838345E+01
   866    0.4079135151E+00
   867    0.6806740597E+00
   868    0.1453437842E+01
   869   -0.1507784065E+01
   870    0.4567824663E+01
   871   -0.1881999635E+01
   872   -0.1472803311E+01
   873   -0.4550956671E+01
   874    0.5843156756E+00
   875    0.6465705791E+01
   876   -0.3748889970E+01
   877    0.3378448314E+01
   878   -0.3294688328E+00
   879   -0.6074574023E+01
   880    0.1945366251E+01
   881    0.3416865306E+01
   882   -0.3407784444E+01
   883   -0.1459122060E+01
   884   -0.2651829782E+01
   885   -0.2034436620E+01
   886    0.8404754636E+01
   887   -0.4225164776E+01
   888    0.2338290003E+01
   889   -0.2547664768E+01
   890   -0.3130380733E+01
   891    0.1908664012E+01
   892    0.2899684563E+01
   893   -0.6526957878E+01
   894    0.3219202206E+01
   895   -0.1389048120E+01
   896    0.4256625841E+01
   897   -0.3838304352E+01
   898   -0.7804849643E+01
   899   -0.3187409054E+01
   900    0.1481812389E+02
   901   -0.1122550000E+02
   902    0.8617366448E+01
   903   -0.1554022307E+01
   904   -0.4833844530E+01
   905   -0.1174463573E+02
   906    0.1825957870E+02
   907   -0.7442113955E+01
   908    0.3821321224E+01
   909   -0.2294629925E+01
   910   -0.3772160433E+01
   911   -0.5794289745E+01
   912    0.8173065574E+01
   913    0.6017016886E+01
   914   -0.1293469567E+02
   915    0.1900520957E+01
   916    0.4218937195E+01
   917    0.3496609944E+01
   918   -0.5541535186E+01
   919   -0.4212499547E+00
   920    0.2727123664E+01
   921    0.1198784654E+00
   922   -0.9357624604E+01
   923    0.4701763822E+01
   924   -0.1346548573E+01
   925    0.6566854784E+01
   926   -0.1534785847E+01
   927    0.7764519874E+00
   928   -0.1796060481E+01
   929   -0.1272100942E+01
   930   -0.8443730086E+01
   931    0.6040915196E+01
   932    0.8124577091E+01
   933   -0.1037208153E+01
   934   -0.3774479441E+01
   935    0.1076016446E+01
   936    0.1710664764E+01
   937   -0.2119726487E+01
   938   -0.3703363017E+01
   939    0.4699804331E+01
   940    0.5095738903E+00
   941   -0.1334436234E+02
   942    0.1356340930E+02
   943   -0.3290649862E+01
   944   -0.9428241422E+01
   945    0.1267270586E+02
   946    0.3505096826E+00
   947   -0.2343917170E+01
   948   -0.2929566821E+01
   949    0.3595368245E+01
   950    0.2289837309E+01
   951    0.1822750707E+01
   952   -0.4132518796E+01
   953   -0.2832105174E+00
   954   -0.4272415491E+01
   955   -0.6498972277E+00
   956    0.3660469652E+01
   957    0.3485506868E+01
   958    0.3878267811E+00
   959   -0.2675978052E+01
   960    0.2799814206E+01
   961   -0.1277121128E+01
   962    0.1011686465E+01
   963    0.4263575246E+01
   964   -0.3033521498E+01
   965   -0.9713794808E+00
   966    0.1677493783E+01
   967   -0.1952270355E+01
   968    0.3243787457E+01
   969    0.4705951826E+00
   970   -0.1527216054E+01
   971    0.1923647529E+01
   972    0.7453447406E+00
   973    0.3615169130E+00
   974   -0.3106524569E+01
   975    0.1983277109E+01
   976    0.1239975943E+00
   977    0.1564776022E+01
   978   -0.1624335308E+01
   979   -0.4551888529E+01
   980    0.2260829564E+01
   981    0.2581918750E+01
   982    0.1541248651E+01
   983   -0.2414890476E+01
   984   -0.1233128535E+01
   985    0.8546853850E+00
   986    0.1006419214E+01
   987    0.2825471527E+01
   988   -0.4179972306E+01
   989   -0.4869828292E+01
   990    0.1585833786E+00
   991    0.2903295191E+01
   992    0.1071904868E+01
   993    0.1851404408E+01
   994    0.5013417220E+00
   995   -0.5210581955E+00
   996    0.1586765462E+01
   997   -0.2383221716E+00
   998    0.4470980000E+00
   999    0.1119681700E+01
  1000   -0.7555998839E+00
  1001   -0.7703465616E+00
  1002    0.1829417470E+01
  1003   -0.1758093468E+00
  1004   -0.6125604520E+00
  1005   -0.5031172346E+00
  1006    0.3188695561E+00
  1007   -0.6506228451E-01
  1008    0.6202860807E+00
  1009   -0.6021886664E-01
  1010   -0.4682106936E+00
  1011    0.2670509358E+00
  1012    0.3607683681E+00
  1013    0.8311323986E+00
  1014   -0.3099535161E+00
  1015    0.1242743328E+01
  1016   -0.2173143696E+01
  1017   -0.1360140971E+01
  1018   -0.8757179725E+00
  1019    0.2012952929E+01
  1020    0.1423046344E+01
  1021   -0.5580405955E+00
  1022    0.5000760165E+00
  1023   -0.1459597187E+00
  1024   -0.1201220852E+01
  1025   -0.6366522187E-01
  1026    0.1058809581E+01
  1027    0.9956409947E-01
  1028   -0.4629665353E+00
  1029   -0.3975049932E-01
  1030   -0.4214373223E+00
  1031   -0.1451865071E+01
  1032   -0.8058710008E+00
  1033    0.6710437622E+00
  1034    0.1558435189E+01
  1035    0.4184897838E+00
  1036    0.1492941288E+01
  1037   -0.1062851341E+01
  1038   -0.1049025685E+01
  1039   -0.2664012733E+01
  1040   -0.1287081584E+01
  1041    0.7263487649E+00
  1042    0.1220733916E+01
  1043    0.2121976394E+01
  1044    0.1423177870E+01
  1045    0.2892285802E+00
  1046   -0.1025245675E+01
  1047   -0.7011334424E+00
  1048   -0.6731097855E+00
  1049   -0.6666632509E+00
  1050    0.9873369613E+00
  1051    0.1093576117E+01
  1052    0.9666613579E+00
  1053   -0.3143334948E+00
  1054   -0.8695186756E+00
  1055   -0.1848676425E+00
  1056   -0.3872351174E+00
  1057   -0.5479692298E-01
  1058   -0.2721062606E+00
  1059    0.3298125341E+00
  1060    0.6726296736E+00
  1061    0.1043460323E+01
  1062   -0.1348119320E+01
  1063    0.2095948889E+00
  1064    0.2954770244E+00
  1065   -0.1236068372E+01
  1066   -0.1060397570E+01
  1067    0.1110178702E+00
  1068   -0.1224325793E+01
  1069   -0.1453585739E+01
  1070   -0.7643839127E+00
  1071    0.3666461552E+00
  1072    0.1474526643E+01
  1073    0.6108111592E+00
  1074   -0.1112272523E+01
  1075   -0.1730398153E+01
  1076   -0.8036095251E-01
  1077    0.2026767399E+01
  1078    0.1025724915E+01
  1079    0.5106642567E+00
  1080   -0.5206874836E+00
  1081   -0.1387799378E+01
  1082   -0.1855551192E+01
  1083   -0.2339063796E+01
  1084    0.1718029624E+01
  1085    0.5308773588E+00
  1086    0.3952247424E+00
  1087   -0.5013149081E+00
  1088   -0.9848653152E+00
  1089   -0.8922308343E+00
  1090   -0.1109606398E+01
  1091    0.9333975057E+00
  1092    0.2150603118E+00
  1093    0.9177293819E+00
  1094   -0.2467067207E+00
  1095   -0.1493000996E+01
  1096    0.1391699460E+01
  1097    0.1654023481E+01
  1098   -0.7591082769E+00
  1099   -0.1827245362E+01
  1100    0.8738553856E+00
  1101    0.2790383112E+00
  1102   -0.2960839404E+00
  1103   -0.1904038234E+00
  1104    0.9812776089E+00
  1105    0.7727588143E+00
  1106    0.1118844607E+01
  1107   -0.1497838860E-01
  1108   -0.5427222008E+00
  1109    0.1095643275E+01
  1110    0.9238312681E+00
  1111   -0.3837632672E-01
  1112   -0.4424670455E+00
  1113   -0.5477357866E+00
  1114   -0.1148288285E+01
  1115   -0.6132771435E+00
  1116    0.6867418146E+00
  1117    0.1103318193E+01
  1118    0.2273193395E+00
  1119   -0.4628858467E+00
  1120   -0.6807754688E+00
  1121   -0.2124966499E+00
  1122    0.7069217314E+00
  1123    0.8114854165E+00
  1124    0.6456066419E-01
  1125   -0.3901477350E+00
  1126   -0.3040521960E+00
  1127   -0.2902926979E+00
  1128   -0.5786280389E+00
  1129   -0.1483157147E+00
  1130    0.5596651948E+00
  1131    0.1165187333E+01
  1132    0.8964899242E+00
  1133   -0.1177624514E+00
  1134   -0.3855361905E+00
  1135    0.8921685983E-01
  1136   -0.6547363750E-02
  1137   -0.2619165784E+00
  1138   -0.3349907459E+00
  1139   -0.1999094307E+00
  1140    0.4529185202E+00
  1141    0.4992546306E+00
  1142   -0.8286604762E-01
  1143   -0.5229112317E+00
  1144   -0.3502164404E+00
  1145   -0.8142582683E+00
  1146   -0.2984465682E+00
  1147    0.8419754018E+00
  1148    0.1209540188E+01
  1149    0.5218759664E+00
  1150    0.5266545601E-01
  1151   -0.8992805405E-01
  1152   -0.1433503476E+00
  1153   -0.3046331502E+00
  1154   -0.5767764964E+00
  1155   -0.1304114502E+00
  1156    0.4175367971E+00
  1157    0.2870305679E+00
  1158    0.2019292838E+00
  1159    0.2616521441E+00
  1160    0.8459465584E-01
  1161   -0.3060433768E+00
  1162   -0.7287609485E+00
  1163   -0.3657457078E+00
  1164    0.1280925913E+00
  1165    0.3051395619E-01
  1166    0.1937390369E+00
  1167    0.5604834564E+00
  1168    0.3365106993E+00
  1169    0.1137969130E+00
  1170   -0.5904534421E+00
  1171   -0.9123922972E+00
  1172   -0.2399295698E+00
  1173    0.5930587306E+00
  1174    0.4801188920E+00
  1175    0.8347624497E-01
  1176    0.5176646010E-02
  1177   -0.2384294693E+00
  1178   -0.3908268289E+00
  1179   -0.7775879178E-01
  1180    0.2543141980E+00
  1181    0.2569540485E+00
  1182    0.1161896892E+00
  1183    0.6253043939E-01
  1184   -0.1244785615E+00
  1185   -0.4990111464E+00
  1186   -0.4431015117E+00
  1187    0.2353875480E+00
  1188    0.3902939710E+00
  1189   -0.1552954571E+00
  1190   -0.2900422558E+00
  1191   -0.5704811030E-01
  1192   -0.2610572354E-01
  1193    0.1634411755E+00
  1194    0.2608373278E+00
  1195   -0.6890155821E-01
  1196   -0.1748447291E+00
  1197    0.1955909871E+00
  1198    0.2447590775E+00
  1199   -0.8596143024E-01
  1200   -0.1086724798E+00
  1201   -0.1037351602E+00
  1202   -0.2655546256E+00
  1203   -0.2350205887E+00
  1204    0.1404760626E+00
  1205    0.1794581452E+00
  1206   -0.8021863380E-01
  1207   -0.4029844300E+00
  1208   -0.3858830547E+00
  1209   -0.1819373975E-01
  1210    0.1574859893E+00
  1211    0.2845393824E+00
  1212    0.1688493245E+00
  1213   -0.4963652464E-01
  1214    0.7998697039E-02
  1215    0.1244880739E+00
  1216    0.2629606868E+00
  1217    0.2602744284E+00
  1218    0.9975706610E-01
  1219   -0.4537191000E-01
  1220   -0.1216094644E+00
  1221   -0.1917085253E+00
  1222   -0.1387962656E+00
  1223    0.5231103170E-01
  1224    0.2350185630E+00
  1225    0.2726503103E+00
  1226    0.1562970150E+00
  1227   -0.1186101271E-01
  1228   -0.1132993982E+00
  1229   -0.1955068769E+00
  1230   -0.3065202135E+00
  1231   -0.2737847598E+00
  1232    0.1033658403E-01
  1233    0.2199949596E+00
  1234    0.1367635858E+00
  1235    0.1003253705E+00
  1236    0.3724374307E-01
  1237   -0.7849149022E-01
  1238   -0.1320401058E+00
  1239   -0.1063248896E-01
  1240    0.5230611982E-01
  1241    0.6663435317E-02
  1242    0.4459313551E-01
  1243    0.1316561570E-01
  1244   -0.9379561648E-01
  1245   -0.1170602176E+00
  1246   -0.2430376576E-01
  1247    0.7273310299E-01
  1248    0.1232384914E+00
  1249    0.5774249970E-01
  1250   -0.5660205488E-01
  1251   -0.8374723896E-01
  1252   -0.5798309572E-01
  1253    0.6947763674E-01
  1254    0.5616014539E-01
  1255    0.4824236843E-01
  1256    0.5974964782E-01
  1257    0.2795000076E-01
  1258   -0.2931102165E-01
  1259   -0.5551413789E-01
  1260   -0.2573620709E-01
  1261    0.1380638704E-01
  1262    0.2139677515E-01
  1263    0.1687793622E-01
  1264   -0.2306738902E-01
  1265   -0.7500192478E-01
  1266   -0.1005881258E+00
  1267   -0.2866547155E-01
  1268   -0.4170220887E-02
  1269    0.8883522306E-01
  1270    0.9343707431E-01
  1271    0.2637482209E-01
  1272   -0.1207599364E-01
  1273   -0.2015789172E-02
  1274    0.2199482483E-01
  1275    0.7346761025E-02
  1276   -0.4016884350E-01
  1277   -0.4178036193E-01
  1278    0.4558879709E-01
  1279    0.2624091325E-01
  1280    0.1326510847E-01
  1281    0.2653230253E-01
  1282    0.4137278012E-01
  1283    0.2768929830E-01
  1284   -0.1356437524E-02
  1285   -0.1638574143E-01
  1286    0.2405554675E-04
  1287    0.2493636725E-01
  1288    0.2221208436E-01
  1289    0.9443692925E-02
  1290    0.1847617060E-02
  1291   -0.4055249627E-03
  1292    0.6388952395E-02
  1293    0.7371147910E-02
  1294    0.2706320266E-02
  1295    0.6788476810E-03
  1296    0.1697168650E-03
  1297    0.4242955361E-04
  1298    0.1060740948E-04
  1299    0.2651853688E-05
  1300    0.6629635067E-06
  1301    0.1657408800E-06
  1302    0.4143521901E-07
  1303    0.1035880995E-07
  1304    0.2589700676E-08
  1305    0.6474243364E-09
  1306    0.1618589429E-09
  1307    0.4046224467E-10
  1308    0.1011501993E-10
  1309    0.2533084853E-11
  1310    0.6356026816E-12
  1311    0.1616484724E-12
  1312    0.3996802889E-13
  1313    0.7549516567E-14
  1314    0.3330669074E-14
  1315    0.3996802889E-14
  1316   -0.2220446049E-14
  1317    0.2220446049E-15
  1318   -0.4440892099E-15
  1319   -0.3552713679E-14
  1320    0.1332267630E-14
  1321    0.1332267630E-14
  1322    0.1554312234E-14
  1323   -0.2220446049E-14
  1324   -0.2220446049E-14
  1325    0.3774758284E-14
  1326   -0.4440892099E-15
  1327   -0.1998401444E-14
  1328   -0.1998401444E-14
  1329   -0.2220446049E-14
  1330   -0.3552713679E-14
  1331    0.1554312234E-14
  1332    0.3108624469E-14
  1333   -0.1998401444E-14
  1334   -0.3552713679E-14
  1335    0.0000000000E+00
  1336    0.2109423747E-14
  1337    0.0000000000E+00
  1338    0.0000000000E+00
  1339    0.8881784197E-15
  1340    0.0000000000E+00
  1341    0.8881784197E-15
  1342    0.1332267630E-14
  1343    0.2109423747E-14
  1344    0.3774758284E-14
  1345   -0.4440892099E-15
  1346   -0.3552713679E-14
  1347    0.1332267630E-14
  1348    0.1554312234E-14
  1349   -0.2664535259E-14
  1350   -0.2220446049E-14
  1351    0.8881784197E-15
  1352   -0.3552713679E-14
  1353   -0.3552713679E-14
  1354    0.1554312234E-14
  1355    0.3774758284E-14
  1356   -0.4440892099E-14
  1357   -0.2220446049E-14
  1358   -0.3552713679E-14
  1359    0.1554312234E-14
  1360    0.0000000000E+00
  1361   -0.3552713679E-14
  1362    0.8881784197E-15
  1363    0.2664535259E-14
  1364    0.0000000000E+00
  1365   -0.3552713679E-14
  1366    0.0000000000E+00
  1367    0.0000000000E+00
  1368    0.1332267630E-14
  1369    0.1887379142E-14
  1370    0.8881784197E-15
  1371    0.0000000000E+00
  1372    0.1443289932E-14
  1373    0.0000000000E+00
  1374   -0.1665334537E-14
  1375    0.1998401444E-14
  1376   -0.3552713679E-14
  1377    0.0000000000E+00
  1378    0.8881784197E-15
  1379    0.0000000000E+00
  1380    0.0000000000E+00
  1381    0.8881784197E-15
  1382    0.7327471963E-14
  1383    0.0000000000E+00
  1384   -0.3552713679E-14
  1385    0.0000000000E+00
  1386    0.0000000000E+00
  1387    0.2109423747E-14
  1388    0.3996802889E-14
  1389   -0.1998401444E-14
  1390   -0.7105427358E-14
  1391   -0.2664535259E-14
  1392    0.0000000000E+00
  1393    0.0000000000E+00
  1394    0.0000000000E+00
  1395    0.1332267630E-14
  1396    0.8881784197E-15
  1397    0.0000000000E+00
  1398    0.3774758284E-14
  1399    0.0000000000E+00
  1400    0.4440892099E-15
  1401    0.2109423747E-14
  1402   -0.3552713679E-14
  1403    0.1554312234E-14
  1404    0.8881784197E-15
  1405   -0.2220446049E-14
  1406    0.3774758284E-14
  1407   -0.8881784197E-15
  1408   -0.3552713679E-14
  1409    0.1554312234E-14
  1410    0.1332267630E-14
  1411   -0.3552713679E-14
  1412    0.0000000000E+00
  1413    0.1998401444E-14
  1414    0.5551115123E-14
  1415   -0.3552713679E-14
  1416   -0.3552713679E-14
  1417    0.9992007222E-15
  1418    0.0000000000E+00
  1419   -0.3552713679E-14
  1420    0.3108624469E-14
  1421    0.0000000000E+00
  1422   -0.3552713679E-14
  1423    0.3774758284E-14
  1424   -0.4440892099E-15
  1425   -0.3552713679E-14
  1426    0.2220446049E-14
  1427    0.3108624469E-14
  1428   -0.3552713679E-14
  1429   -0.3552713679E-14
  1430    0.0000000000E+00
  1431    0.0000000000E+00
  1432    0.0000000000E+00
  1433    0.7771561172E-15
  1434    0.3108624469E-14
  1435    0.0000000000E+00
  1436    0.0000000000E+00
  1437    0.3330669074E-14
  1438    0.0000000000E+00
  1439   -0.1665334537E-14
  1440    0.1443289932E-14
  1441    0.0000000000E+00
  1442   -0.3552713679E-14
  1443    0.8881784197E-15
  1444    0.2553512957E-14
  1445   -0.3552713679E-14
  1446   -0.4218847494E-14
  1447    0.0000000000E+00
  1448    0.8881784197E-15
  1449    0.0000000000E+00
  1450    0.0000000000E+00
  1451    0.8881784197E-15
  1452    0.8881784197E-15
  1453    0.2220446049E-15
  1454    0.1332267630E-14
  1455   -0.3552713679E-14
  1456   -0.3552713679E-14
  1457    0.0000000000E+00
  1458    0.8881784197E-15
  1459    0.9992007222E-15
  1460    0.0000000000E+00
  1461    0.1332267630E-14
  1462    0.3108624469E-14
  1463   -0.8881784197E-15
  1464   -0.3552713679E-14
  1465    0.1554312234E-14
  1466    0.3774758284E-14
  1467   -0.4440892099E-15
  1468   -0.2220446049E-14
  1469    0.1332267630E-14
  1470    0.0000000000E+00
  1471    0.0000000000E+00
  1472    0.1332267630E-14
  1473    0.8881784197E-15
  1474    0.0000000000E+00
  1475    0.1332267630E-14
  1476    0.8881784197E-15
  1477   -0.2220446049E-14
  1478    0.3330669074E-14
  1479    0.2109423747E-14
  1480   -0.2664535259E-14
  1481    0.0000000000E+00
  1482    0.1332267630E-14
  1483    0.3996802889E-14
  1484    0.1332267630E-14
  1485    0.2220446049E-15
  1486    0.1554312234E-14
  1487   -0.2664535259E-14
  1488   -0.2664535259E-14
  1489    0.6661338148E-14
  1490   -0.8881784197E-15
  1491   -0.8881784197E-15
  1492    0.1554312234E-14
  1493   -0.3552713679E-14
  1494   -0.7771561172E-15
  1495    0.0000000000E+00
  1496   -0.4440892099E-15
  1497    0.0000000000E+00
  1498    0.1110223025E-15
  1499    0.1332267630E-14
  1500    0.1293103448E+02
  1501    0.1293103448E+02
  1502    0.0000000000E+00
