    -1    0.0000000000E+00
     0   -0.4650584159E+01
     1   -0.1494068563E+02
     2   -0.1339445019E+02
     3    0.3000396440E+01
     4    0.4483357047E+01
     5   -0.2804530793E+01
     6   -0.6714168031E+01
     7    0.1507775644E+02
     8   -0.1335223930E+01
     9   -0.4641630987E+01
    10   -0.3529507723E+01
    11   -0.2909644483E+01
    12   -0.9732556027E+01
    13    0.1794440631E+02
    14   -0.3728260987E+01
    15   -0.5020060191E+00
    16    0.5377938083E+01
    17   -0.8482610337E+01
    18   -0.3950582164E+00
    19   -0.9553052837E+01
    20    0.1313454300E+02
    21   -0.7475333812E+01
    22   -0.7617708431E+01
    23    0.2758275807E+01
    24    0.9789707960E+00
    25    0.1302783275E+01
    26   -0.7654174452E+01
    27    0.1952515288E+02
    28   -0.1222094994E+02
    29   -0.5178209872E+01
    30   -0.5439456709E+01
    31    0.1209488155E+01
    32    0.9847818651E+01
    33    0.8744599581E+01
    34   -0.2614051459E+02
    35    0.1402773281E+02
    36    0.6504602312E+01
    37   -0.4773622574E+01
    38    0.3695884408E+01
    39   -0.5402243094E+01
    40    0.3956792528E-01
    41   -0.6265521924E-01
    42    0.5175917004E+01
    43   -0.7722128221E+01
    44    0.1588765341E+02
    45   -0.1596952744E+02
    46    0.1286140367E+02
    47   -0.6954476942E+01
    48   -0.2673379540E+01
    49    0.1930271779E+01
    50    0.8854956260E+01
    51   -0.3811811023E+01
    52    0.3983080761E+01
    53    0.5904737516E+01
    54    0.9199456259E-01
    55   -0.2111193869E+01
    56   -0.5014893809E+01
    57    0.9413527109E+01
    58    0.1580287354E+01
    59   -0.8107460939E+01
    60    0.9581051609E+01
    61   -0.7656576499E+01
    62    0.2739076772E+01
    63   -0.9639800144E+00
    64    0.1947795898E+00
    65   -0.2107504623E+01
    66   -0.3360981839E+01
    67    0.5806716833E+01
    68    0.5127062519E+01
    69   -0.1663026034E+02
    70    0.2212090573E+02
    71   -0.1874673244E+01
    72   -0.1144440298E+02
    73    0.8240659839E+01
    74   -0.3038558524E+01
    75   -0.3911945527E+01
    76    0.2404192884E+01
    77    0.8730444689E+01
    78   -0.8306428513E+01
    79    0.6097077912E+01
    80   -0.5905033039E+01
    81    0.3250404555E+00
    82    0.6801502969E+01
    83    0.3647366804E+00
    84   -0.4046068490E+01
    85   -0.7161267817E+01
    86    0.9888370876E+01
    87   -0.8565889717E+01
    88    0.6418409287E+01
    89    0.5051590807E+01
    90   -0.2149040457E+01
    91   -0.6311316272E+00
    92   -0.1222972455E+01
    93   -0.4185686536E+01
    94    0.3968439077E+01
    95    0.7338094881E+00
    96   -0.7315767879E-01
    97   -0.1402707429E+01
    98    0.2979201690E+01
    99   -0.9199926707E+01
   100    0.1026940673E+02
   101   -0.3873709949E+01
   102   -0.6917043761E+01
   103    0.8535774370E+01
   104    0.1325182850E+00
   105   -0.3878536764E+01
   106    0.4992460542E+01
   107    0.1224127618E+01
   108   -0.1971731130E+01
   109    0.5395999195E+00
   110    0.2246736058E+01
   111   -0.6288367091E+01
   112    0.6592918752E+01
   113    0.4252663335E+00
   114   -0.5283721777E+01
   115   -0.7046397330E+01
   116    0.3349628834E+01
   117    0.9355713368E+01
   118   -0.1575261350E+02
   119    0.1651345126E+02
   120   -0.8358019999E+01
   121   -0.1981262765E+01
   122   -0.6940685673E+00
   123    0.3415584004E+01
   124    0.9510157443E+01
   125   -0.5036586492E+01
   126   -0.1206061203E+02
   127    0.1636341610E+02
   128   -0.8122823809E+01
   129    0.5375397514E+01
   130   -0.4566669843E+01
   131    0.1636795865E+01
   132   -0.2617993756E+01
   133    0.8789832083E+01
   134   -0.5972406833E+01
   135   -0.4107008167E+01
   136    0.2594136565E+01
   137   -0.1744582727E+01
   138    0.2882344826E+01
   139    0.6450004545E+01
   140   -0.4812129414E+01
   141   -0.1214100712E+02
   142    0.1420510129E+02
   143   -0.4638604999E+01
   144    0.1907713134E+01
   145    0.5489051354E+00
   146   -0.1290348171E+01
   147   -0.1512666677E+02
   148    0.1097725844E+02
   149    0.2329865347E+01
   150   -0.3550615468E+01
   151    0.6593176556E+00
   152   -0.4290212867E+01
   153   -0.4961731455E+01
   154    0.1310565557E+02
   155   -0.6099536946E+00
   156   -0.9912292857E+01
   157    0.4791568918E+01
   158   -0.2956826909E+00
   159   -0.6011518097E+01
   160    0.3047378789E+01
   161    0.8770363066E+01
   162   -0.3570150640E+01
   163   -0.7961727337E+01
   164   -0.4602324505E+01
   165    0.4974579518E+01
   166    0.1373776968E+02
   167   -0.7745191929E+01
   168   -0.1559970821E+01
   169   -0.2449378934E+01
   170   -0.1244514572E+01
   171   -0.6054720666E+01
   172    0.7213644363E+01
   173    0.2594659324E+00
   174   -0.2423021279E+01
   175   -0.1109595205E+02
   176    0.3755617855E+01
   177    0.2651696536E+01
   178    0.1504780360E+01
   179   -0.1060195616E+02
   180    0.1892068731E+02
   181   -0.1065969698E+02
   182    0.7481700154E+00
   183    0.6993173283E+01
   184   -0.9516854175E+01
   185   -0.5439236053E+01
   186    0.2048566674E+01
   187    0.9652355148E+01
   188   -0.8880976839E+01
   189   -0.5386624542E+01
   190    0.5397225980E+01
   191    0.3897914965E+01
   192    0.1194127547E+00
   193   -0.1483092104E+02
   194    0.1502208051E+02
   195   -0.5611759268E+01
   196   -0.5123766454E+01
   197    0.1148492987E+02
   198   -0.5313615390E+01
   199   -0.1179089819E+02
   200    0.2857839427E+01
   201    0.1596036237E+02
   202   -0.8868547517E+01
   203   -0.3926610137E+01
   204    0.5506666379E+01
   205    0.2878611497E+01
   206   -0.3127134713E+01
   207    0.1605615920E+02
   208   -0.2961573313E+01
   209   -0.1977626311E+02
   210    0.6022896222E+01
   211    0.9428046507E+01
   212   -0.6182599793E+01
   213    0.4246795862E+01
   214    0.9028107647E+01
   215   -0.8912334456E+01
   216    0.8552676965E+01
   217   -0.1220350124E+02
   218    0.5796487022E+01
   219   -0.3932070636E+01
   220   -0.2474904857E+01
   221    0.5917721238E+01
   222   -0.1455336101E+02
   223    0.2450199200E+02
   224    0.1176660481E+01
   225   -0.7716788458E+01
   226   -0.3909791934E+01
   227    0.2772886658E+01
   228    0.2738913320E+01
   229    0.7771713305E+01
   230   -0.9796412272E+01
   231    0.4980408736E+01
   232   -0.9151556638E+00
   233    0.6947361188E+01
   234   -0.8100960952E+01
   235   -0.5696226679E+01
   236    0.1875164471E+02
   237   -0.1153814937E+02
   238    0.1780546130E+01
   239    0.3120265068E+01
   240    0.1403164416E+01
   241   -0.6082093198E+00
   242   -0.8677045810E+01
   243   -0.1349198888E+00
   244    0.7202568388E+01
   245    0.6323703648E+01
   246   -0.1367365169E+02
   247    0.7607139441E+00
   248    0.1018768414E+02
   249   -0.6935150771E+01
   250   -0.2446584239E+01
   251    0.1139843954E+02
   252    0.1280089498E+01
   253   -0.7523615527E+01
   254   -0.3760151754E+01
   255    0.7957630860E+01
   256   -0.3685566386E+00
   257   -0.1108860874E+01
   258    0.1862260026E+01
   259   -0.5507778190E+01
   260    0.1211520654E+01
   261   -0.1392508069E+01
   262    0.9353944649E+01
   263    0.2980624930E+01
   264   -0.8357507589E+01
   265   -0.2766453380E+01
   266   -0.1534581444E+01
   267    0.2634795179E+01
   268    0.5146847016E+01
   269   -0.9122025347E-01
   270    0.1399862693E+01
   271   -0.7777444550E+01
   272   -0.4560863001E+01
   273    0.7867304389E+01
   274    0.6120678392E+01
   275   -0.4519076000E+01
   276   -0.3837146879E+01
   277    0.7497337240E+01
   278   -0.1036046170E+02
   279    0.4810202802E+01
   280    0.6063850663E+01
   281   -0.1577147876E+02
   282    0.6441018486E+01
   283    0.5923916542E+01
   284   -0.8119797304E+00
   285    0.5187748578E+01
   286   -0.6606229694E+01
   287   -0.3821740369E+01
   288    0.5855181360E+01
   289   -0.9253724826E+01
   290    0.4870404626E+01
   291    0.8418663880E+01
   292   -0.7353304886E+01
   293   -0.7918950348E+01
   294    0.1594633652E+02
   295   -0.1033260916E+02
   296    0.3463503915E+01
   297    0.4578051522E+01
   298   -0.1051409834E+02
   299    0.6226387359E+01
   300   -0.4963247964E+01
   301    0.1062463082E+01
   302    0.6549344019E+01
   303   -0.7243927385E+01
   304    0.5694072984E+01
   305    0.4828666561E+00
   306   -0.7553533286E+01
   307    0.2437792330E+01
   308   -0.6337460420E+01
   309   -0.1161385720E+00
   310    0.9523197267E+01
   311    0.1593146115E+01
   312    0.6152185376E+01
   313   -0.1531911754E+02
   314    0.6792686178E+01
   315   -0.9099992087E+01
   316   -0.3148510338E+01
   317    0.1119894420E+02
   318   -0.1464541567E+01
   319    0.6034721564E+01
   320   -0.5720631180E+01
   321   -0.4884953584E+01
   322    0.4441789625E+00
   323    0.4470545351E+01
   324    0.4095780567E+01
   325   -0.1869915713E+02
   326    0.1049353889E+02
   327   -0.3146117201E+01
   328   -0.1135058437E+02
   329    0.7642289176E+01
   330    0.6711776998E+00
   331   -0.1218988426E+01
   332    0.1098049656E+01
   333    0.1253965644E+02
   334   -0.1084882795E+02
   335    0.5838958931E+01
   336    0.6543001205E+01
   337   -0.1368933932E+02
   338    0.5306269104E+01
   339   -0.1115722289E+02
   340    0.5427988290E+01
   341    0.2572984889E+01
   342   -0.2030054944E+01
   343   -0.1756711196E+02
   344    0.7997010916E+01
   345    0.5374658802E+01
   346    0.4389319057E+01
   347   -0.6684699086E+01
   348    0.1569926631E+02
   349   -0.1999634220E+02
   350    0.4944372334E+01
   351   -0.5144119561E+00
   352   -0.8146342872E+00
   353   -0.3500693949E+01
   354   -0.1896996976E+01
   355   -0.2269546470E+01
   356    0.3396653065E+01
   357    0.1369526019E+02
   358   -0.1136798176E+02
   359    0.3331209992E+00
   360   -0.7405359139E+01
   361    0.1324714289E+01
   362   -0.7718645585E+01
   363    0.1444185215E+02
   364    0.9759255227E+01
   365   -0.1710341449E+02
   366    0.8035545481E+01
   367    0.9817264106E+00
   368   -0.8495472039E-01
   369   -0.1985972069E+01
   370   -0.8731871882E+01
   371    0.6253117236E+01
   372    0.7038179434E+01
   373   -0.8040074374E-01
   374   -0.1021807418E+02
   375    0.1652315433E+02
   376   -0.3302784523E+01
   377   -0.4016695227E+01
   378   -0.1975560577E+01
   379    0.1237946267E+02
   380   -0.1409878608E+02
   381    0.1066231358E+02
   382    0.1051134303E+02
   383   -0.1433536252E+02
   384    0.1977555729E+01
   385   -0.3199259147E+00
   386   -0.3929684420E+01
   387    0.5078690060E+01
   388   -0.1183693562E+01
   389    0.9961690489E+01
   390   -0.5174775080E+01
   391   -0.1402227257E+02
   392    0.3320495075E+01
   393    0.1426687416E+02
   394    0.5466528355E+01
   395    0.1117681146E+01
   396   -0.2307670973E+02
   397    0.1634005783E+02
   398   -0.6034309993E+01
   399    0.9677438268E+01
   400    0.1075220209E+01
   401   -0.8952506606E+01
   402    0.9458383273E+01
   403    0.3084224718E+01
   404   -0.1172213425E+02
   405    0.8285598816E+01
   406   -0.3360132316E+01
   407    0.1292419091E+01
   408   -0.2561819949E+01
   409   -0.1758134733E+01
   410    0.6678421375E+01
   411   -0.8132883991E+01
   412    0.5686477453E+01
   413    0.5838422185E+01
   414   -0.8304065405E+01
   415   -0.6326687244E+00
   416    0.4331080128E+01
   417    0.3258228027E+00
   418   -0.5269222016E+01
   419    0.2295807949E+01
   420    0.4128789357E+01
   421   -0.6445622776E+01
   422    0.3647331600E+01
   423   -0.2401012803E+01
   424    0.6787618058E+01
   425   -0.9958983468E+01
   426    0.7353101039E+01
   427   -0.3106146859E+01
   428    0.4170812452E+01
   429    0.4833449928E+01
   430   -0.6728017419E+01
   431   -0.1475205953E+01
   432    0.3481037738E+01
   433    0.9469429372E+00
   434   -0.4437515000E+01
   435    0.8453191370E+01
   436   -0.3734163427E+01
   437   -0.4499997414E+01
   438    0.7890177143E+01
   439   -0.7897757317E+01
   440    0.1176848637E+01
   441    0.6269371889E+01
   442   -0.4982940672E+01
   443    0.2087213505E+00
   444   -0.9124437512E+00
   445   -0.2743594941E+01
   446    0.9753684074E+01
   447   -0.3574340781E+01
   448   -0.3891753630E+00
   449   -0.1257023316E+02
   450    0.1043803448E+02
   451    0.1640357290E+00
   452    0.4046262440E+00
   453    0.3684414052E+01
   454   -0.1335707638E+01
   455   -0.4857532056E+01
   456   -0.5774970597E+01
   457    0.7698824248E+01
   458    0.2076927488E+01
   459   -0.8643784749E-02
   460    0.2610668293E+01
   461   -0.7680366120E+01
   462   -0.5765527762E+01
   463    0.8007859752E+01
   464   -0.9000768501E+00
   465   -0.1422102150E+00
   466   -0.3867336045E+01
   467    0.3491950405E+01
   468    0.1252440127E+01
   469   -0.1919314949E+01
   470   -0.1743954339E+00
   471    0.1077062079E+01
   472    0.9066318138E+01
   473   -0.1127125718E+02
   474    0.5457810920E+01
   475   -0.5651111665E+01
   476    0.8749469671E+01
   477   -0.4504748180E+01
   478   -0.4202258230E+01
   479   -0.5949793617E+01
   480    0.7529340696E+01
   481    0.2402850290E+00
   482   -0.5710319294E+01
   483   -0.5668705910E+01
   484    0.5917144568E+01
   485    0.2704510018E+01
   486   -0.8397567526E+00
   487    0.3747683070E+01
   488   -0.3535575615E+01
   489    0.1406584634E+01
   490   -0.6331489237E+01
   491    0.1230585067E+02
   492    0.4685400032E+00
   493   -0.1782583973E+02
   494    0.8876805598E+01
   495    0.5380218239E+00
   496   -0.4427629967E+01
   497    0.4776608755E+01
   498   -0.8206278682E+01
   499    0.4747399103E+01
   500    0.5515938223E+01
   501   -0.1709177663E+02
   502    0.1428757169E+02
   503    0.3592838345E+01
   504   -0.1846042695E+02
   505    0.6998684503E+01
   506    0.5415713143E+00
   507    0.3108058019E+01
   508    0.2368159920E+01
   509    0.2705764961E+01
   510   -0.7729323317E+01
   511   -0.1576798461E+02
   512    0.4539790633E+01
   513    0.1347551433E+02
   514   -0.1179245794E+02
   515   -0.1857266571E+00
   516    0.7953766789E+01
   517   -0.5518262870E+01
   518    0.1094699667E+02
   519   -0.2330234165E+02
   520    0.8593488770E+01
   521   -0.2400158548E+01
   522    0.8365320314E+01
   523    0.5489045334E+01
   524   -0.2092364753E+01
   525   -0.1899121108E+02
   526    0.4817050380E+01
   527    0.8913821476E+01
   528   -0.1383150975E+01
   529   -0.1147111406E+02
   530    0.1101152137E+02
   531    0.5030992026E+01
   532   -0.1434251999E+02
   533    0.1670965208E+01
   534    0.2283927102E+01
   535   -0.9872190399E+01
   536    0.1902417986E+02
   537    0.3024356580E+01
   538   -0.6620642272E+01
   539    0.1063326471E+02
   540   -0.2283722740E+02
   541    0.2089075857E+02
   542   -0.6513904340E+01
   543    0.3015444796E+01
   544    0.3370941365E+01
   545    0.2437294394E+01
   546    0.1017204959E+01
   547    0.4533515026E+01
   548   -0.6750104499E+01
   549    0.7058858872E+01
   550   -0.3808489311E+00
   551   -0.1444903431E+01
   552   -0.2749654312E+01
   553   -0.8723941810E+01
   554    0.6901487572E+01
   555   -0.1659357860E+01
   556   -0.4455913206E+01
   557    0.1551172885E+02
   558   -0.3532431450E+01
   559   -0.1133923524E+02
   560    0.5963774000E+01
   561    0.1076982999E+02
   562    0.2301240211E+01
   563   -0.8499095933E+01
   564    0.3672757282E+01
   565   -0.6509267392E+01
   566    0.4680907694E+01
   567   -0.1344479470E+01
   568    0.1080026738E+02
   569   -0.8141845284E+01
   570   -0.8364007374E+00
   571   -0.4544863222E+01
   572    0.5961345624E+01
   573    0.2354001902E+01
   574   -0.5275940999E+01
   575    0.6491230769E+01
   576   -0.7855207967E+01
   577    0.5616673726E+00
   578    0.6572382736E+01
   579    0.4800294210E+01
   580   -0.8657186421E+01
   581    0.2205657014E+01
   582   -0.2219209975E+01
   583    0.5647274057E+01
   584    0.2030082656E+01
   585   -0.2045639167E+02
   586    0.1852905217E+02
   587    0.5767612821E+01
   588   -0.8713182424E+01
   589   -0.3842775072E+01
   590    0.1280650724E+02
   591   -0.9942722733E+01
   592   -0.5862964081E+01
   593    0.1414717598E+02
   594    0.1193665937E+01
   595   -0.1503970764E+02
   596    0.1219118450E+02
   597   -0.5821842262E+01
   598    0.2430002256E+01
   599   -0.7537162570E+01
   600    0.9629456095E+01
   601   -0.8914483800E+01
   602    0.1302751245E+02
   603    0.3745522455E+00
   604   -0.1263911484E+02
   605    0.6409357333E+01
   606   -0.3036837263E+01
   607   -0.9118494943E+00
   608    0.8389962401E+01
   609    0.3335587056E+00
   610   -0.2172559445E+02
   611    0.1581107162E+02
   612    0.6379196539E+01
   613   -0.4771176431E+01
   614   -0.2391195614E+00
   615   -0.7393601131E+01
   616    0.1030257428E+02
   617   -0.4686749640E+01
   618    0.1096168259E+00
   619    0.1222329946E+01
   620   -0.2670248773E+01
   621   -0.5503102895E+01
   622    0.6357350047E+01
   623    0.3567362033E+01
   624   -0.7361507339E+01
   625    0.7508393770E+01
   626   -0.9156271898E+01
   627    0.7571527253E+01
   628   -0.2488115327E+01
   629    0.7739079988E+01
   630   -0.7391057782E+01
   631    0.9154023419E+00
   632   -0.3462330994E-01
   633    0.1946704331E+01
   634   -0.2160218958E+00
   635   -0.8207034551E+01
   636    0.2192627936E+01
   637    0.3259813917E+01
   638   -0.2662408188E+01
   639   -0.1279937846E+00
   640   -0.2353077018E+01
   641    0.5574391693E+01
   642    0.1961481469E+01
   643    0.1586013308E+00
   644   -0.1712164291E+01
   645    0.6338442321E+01
   646   -0.1646915693E+02
   647   -0.5349268991E+00
   648   -0.5462765120E+01
   649    0.1050426207E+02
   650    0.6903512415E+01
   651   -0.1113657906E+02
   652    0.1008960852E+02
   653   -0.9815947619E+01
   654    0.9215786407E+01
   655    0.6896180633E-01
   656   -0.1840626885E+02
   657    0.6366059643E+01
   658    0.5436856091E+01
   659   -0.8439426717E+00
   660   -0.6080501427E+01
   661    0.6396220598E+01
   662   -0.3224823436E+01
   663    0.1261682975E+01
   664   -0.5453588046E+01
   665    0.6568726295E+01
   666   -0.1368399271E+02
   667    0.2407167778E+01
   668    0.4509824197E+00
   669    0.8261178137E+01
   670   -0.1214020857E+01
   671    0.6913393768E+01
   672   -0.1441400375E+02
   673   -0.5510714124E+01
   674    0.8751288862E+01
   675    0.2056041061E+01
   676   -0.3707055891E+01
   677    0.5924259370E+01
   678   -0.7318483840E+00
   679   -0.1776477937E+02
   680    0.8937432709E+01
   681   -0.1656336762E+01
   682   -0.5474454928E+01
   683    0.2682131349E+01
   684    0.6696937354E+01
   685    0.5318996771E+01
   686   -0.3243226016E+01
   687   -0.1296465735E+02
   688   -0.1041023280E+01
   689    0.1482164786E+02
   690   -0.4746396151E+01
   691    0.1117852948E+02
   692   -0.1389140243E+02
   693    0.7795217608E+01
   694   -0.1938418035E+02
   695    0.1675245275E+02
   696   -0.6036116800E+00
   697    0.7217146395E+01
   698   -0.2017403028E+01
   699   -0.4149407604E+01
   700    0.1375177577E+01
   701   -0.3977599912E+01
   702   -0.3208019631E+01
   703    0.6776578298E+01
   704    0.4828713395E+01
   705   -0.4907456421E+00
   706    0.3506422511E+01
   707   -0.7479759023E+01
   708   -0.9602180379E-01
   709    0.8081963270E+01
   710    0.8195033193E+00
   711    0.2091660077E+01
   712   -0.5683348788E+01
   713    0.4814764028E+01
   714   -0.1128996889E+02
   715    0.1178087753E+02
   716   -0.3829003710E+01
   717   -0.1432123403E+01
   718    0.5150150645E+01
   719   -0.1139350621E+02
   720    0.7205667462E+01
   721    0.5639877574E+00
   722    0.6871969000E+01
   723   -0.5130081546E+01
   724    0.1023687230E+01
   725    0.2736264944E+01
   726   -0.2171616523E+00
   727    0.3981498074E+01
   728   -0.1751257745E+01
   729   -0.6445237917E+01
   730   -0.9781702257E+01
   731    0.1342668862E+02
   732    0.4127294661E+01
   733    0.3815574380E+01
   734   -0.1154770037E+02
   735    0.3111418086E+01
   736   -0.2181851037E+01
   737    0.4301696604E+01
   738   -0.4809300663E+01
   739   -0.2316675354E+01
   740    0.5686829730E+01
   741    0.6351405188E+01
   742   -0.3523367694E+01
   743    0.1828926999E+01
   744   -0.2643714939E+01
   745   -0.2088025400E+01
   746    0.1005036757E+02
   747   -0.8873748026E+01
   748    0.1405539395E+01
   749   -0.8342234875E+00
   750   -0.4113940235E+01
   751   -0.1623989375E+01
   752    0.1331418915E+01
   753    0.1263934523E+02
   754   -0.1777546168E+01
   755   -0.7816944540E+01
   756    0.3042080896E+01
   757    0.2158955369E+00
   758    0.1426363145E+01
   759    0.1277675356E+01
   760   -0.8165647197E+01
   761    0.1892063371E+01
   762   -0.7514953786E+00
   763    0.2516730431E+01
   764   -0.5338774627E+01
   765    0.1010948836E+02
   766   -0.3484188403E+01
   767   -0.6428249501E+00
   768    0.1139000737E+02
   769   -0.1991007769E+01
   770   -0.2088057857E+02
   771    0.1132740079E+02
   772    0.3140488889E+01
   773    0.1069215635E+01
   774    0.2280307799E+01
   775   -0.1012198164E+02
   776    0.6093201165E+01
   777    0.9782688878E+00
   778   -0.4416497985E+01
   779    0.1446192760E+01
   780    0.6504196744E+00
   781    0.6280312331E+00
   782   -0.2243512533E+00
   783   -0.5844753543E+01
   784   -0.1057462457E+02
   785    0.1214450783E+02
   786    0.1456033327E+02
   787   -0.1395763360E+02
   788   -0.9908721247E+01
   789    0.1477625287E+02
   790   -0.3473831604E+01
   791   -0.5221440439E-01
   792   -0.8807898847E+00
   793    0.5158212211E+01
   794   -0.9407152083E+01
   795   -0.9710150790E+01
   796    0.5534814796E+01
   797    0.1446994820E+02
   798   -0.5591000289E+01
   799   -0.5477205084E+01
   800    0.5129163518E+01
   801    0.6075884283E+01
   802    0.1045356499E+01
   803   -0.1535493813E+02
   804    0.1539238241E+01
   805    0.6844953815E+01
   806    0.5586238335E+01
   807   -0.1500476655E+02
   808   -0.5591856867E+01
   809    0.1328116565E+02
   810   -0.4028523068E+01
   811   -0.1882994800E+00
   812   -0.6387258644E+01
   813    0.3037693720E+01
   814   -0.2634874393E+01
   815    0.7103007552E+01
   816   -0.6280629273E+00
   817    0.2161049033E+01
   818    0.4373019837E+01
   819   -0.8226654683E+01
   820   -0.5203171027E+01
   821   -0.5596887444E+00
   822    0.3642879088E+00
   823    0.2916716109E+01
   824    0.7403919284E+01
   825   -0.1023805239E+02
   826   -0.4261924065E+01
   827    0.6249760622E+01
   828   -0.1266590734E+01
   829    0.4782203302E+01
   830   -0.4293802886E+01
   831   -0.2998651831E+01
   832    0.3320983943E+01
   833    0.2960390299E+01
   834   -0.7096865704E+01
   835    0.3809620071E+01
   836    0.3829858602E+01
   837   -0.1559648181E+02
   838    0.1664769866E+02
   839   -0.1153575844E+01
   840    0.2999822706E+01
   841   -0.6287668919E+01
   842    0.8006707685E+01
   843   -0.4087019514E+01
   844   -0.3488869395E+00
   845    0.1181067168E+01
   846   -0.4230469269E+01
   847    0.2220150170E+01
   848    0.5198158100E+01
   849   -0.1204114647E+02
   850   -0.6803042430E+01
   851    0.1753945099E+02
   852   -0.1115775763E+02
   853    0.8568375089E+01
   854   -0.6672868898E+01
   855   -0.8360154144E+00
   856    0.3757504718E+01
   857   -0.3277707530E+01
   858   -0.1229054674E+01
   859    0.1512175375E+02
   860   -0.4339075949E+01
   861    0.1886908957E+01
   862    0.9902690987E+01
   863   -0.1755422232E+02
   864   -0.3366602894E+01
   865    0.1428964152E+02
   866    0.4861407593E+01
   867   -0.6885927043E+01
   868    0.6733636219E+01
   869   -0.1834261398E+02
   870   -0.5633095970E+01
   871    0.8690937883E+01
   872    0.8303282200E+01
   873   -0.1107326547E+01
   874    0.1030251676E+01
   875    0.5928070236E+00
   876   -0.7856284241E+01
   877    0.7126189629E+01
   878   -0.1333129313E+02
   879    0.7047948561E+01
   880    0.4983670750E+01
   881    0.2443662461E+01
   882    0.7485910761E+00
   883    0.2300026275E+01
   884   -0.2991258370E+01
   885   -0.1177732474E+01
   886   -0.1049882824E+02
   887   -0.8136418596E+01
   888    0.2106713689E+02
   889   -0.5416595251E+01
   890    0.4216164609E+01
   891   -0.3212496818E+01
   892    0.1547602987E+01
   893    0.2888892023E+01
   894   -0.5752385451E+00
   895    0.1141893905E+01
   896    0.5313686707E+00
   897    0.3012458934E-01
   898   -0.3476409864E+01
   899    0.2841714270E+01
   900   -0.3003313594E+01
   901   -0.5195805810E+00
   902    0.1410992669E+01
   903   -0.1044486102E+01
   904   -0.2473737654E+01
   905    0.2809116003E+01
   906   -0.3169696945E+00
   907    0.7825535671E+01
   908   -0.2118400332E+01
   909   -0.1088945732E+02
   910    0.1553424177E+01
   911    0.5826381452E+01
   912    0.4799741706E+01
   913   -0.8548668654E+01
   914   -0.9240229261E+00
   915    0.4908459962E+01
   916    0.2034894676E+01
   917   -0.5873359430E+01
   918   -0.3162911211E+01
   919   -0.1812476904E+01
   920    0.4691906701E+01
   921    0.1002250851E+01
   922    0.3350033803E+01
   923   -0.7421205521E+01
   924    0.3923520772E+01
   925    0.1488747517E+00
   926    0.1939417439E+01
   927   -0.2076331721E+01
   928   -0.1038436369E+01
   929    0.7592020861E+00
   930   -0.4086346360E+01
   931    0.3992389837E+01
   932    0.3637104553E+01
   933   -0.2802094593E-02
   934   -0.8437188284E+01
   935    0.2269898567E+01
   936    0.2281183015E+01
   937   -0.2098235106E+01
   938   -0.2290147003E+01
   939    0.8211542864E+01
   940   -0.4963778830E+01
   941    0.1651108563E+00
   942    0.4218170762E+01
   943   -0.2315038970E+01
   944    0.1433686009E+01
   945   -0.6616455092E+01
   946    0.2834417930E+00
   947    0.2451483387E+01
   948    0.3030826377E+00
   949    0.5068487122E-01
   950    0.2168906251E+01
   951    0.1800912567E+01
   952   -0.1184939610E+01
   953    0.1381422416E+01
   954    0.1386344986E+01
   955   -0.1924247527E+01
   956   -0.3503023176E+01
   957   -0.2036855575E+01
   958    0.3511586292E+01
   959   -0.4598687548E+01
   960    0.2014344979E+00
   961    0.4067146484E+01
   962    0.4073245880E+00
   963   -0.5435130614E+01
   964    0.3542527689E+01
   965   -0.1582666158E+01
   966    0.9775015936E+00
   967    0.1203141009E+01
   968   -0.6215047369E+01
   969    0.2983956910E+01
   970    0.3687451953E+01
   971   -0.1847192453E+01
   972    0.1568254487E+00
   973   -0.3591005013E+01
   974   -0.3805302072E+00
   975    0.1361081084E+01
   976    0.3593920475E+01
   977   -0.8649584657E+00
   978   -0.5449293458E+01
   979    0.3407937281E+01
   980    0.2154470942E+01
   981    0.1871780566E+01
   982    0.1912820863E+01
   983    0.7385814377E+00
   984   -0.2797806795E+01
   985    0.1321031211E+01
   986    0.2154890378E+00
   987   -0.1473483015E-01
   988   -0.3812171292E+01
   989    0.4403795169E+01
   990    0.2844524775E+00
   991   -0.4571299225E+01
   992   -0.1397627414E+01
   993   -0.1894722912E+01
   994   -0.1220857266E+01
   995    0.3985004576E+01
   996    0.1495610772E+01
   997   -0.6870928037E+00
   998    0.8003778115E+00
   999   -0.2020376298E+00
  1000   -0.3977552882E+01
  1001   -0.1889011036E+01
  1002    0.3314649126E+01
  1003    0.2465809143E+01
  1004    0.3812162378E+01
  1005   -0.1974476657E+01
  1006   -0.3576740850E+00
  1007   -0.3652347361E+01
  1008    0.1666144786E+01
  1009    0.6945484051E+00
  1010   -0.1992590808E+01
  1011   -0.1803289855E+00
  1012    0.1346383661E+01
  1013   -0.2191154725E+00
  1014    0.1164531042E+01
  1015   -0.1620358699E+01
  1016   -0.3272975164E+01
  1017   -0.4421151609E+00
  1018    0.3512326020E+01
  1019    0.8944886029E+00
  1020   -0.3515187164E+00
  1021   -0.2570465095E+01
  1022    0.1703527106E+00
  1023    0.2706294926E+01
  1024    0.2382547273E+01
  1025   -0.3475810886E-01
  1026   -0.4390356420E+00
  1027    0.4546752833E-01
  1028    0.4396808390E+00
  1029   -0.8788739747E+00
  1030   -0.1953495057E+01
  1031   -0.2485094156E+01
  1032   -0.1117327490E+01
  1033    0.1162228146E+01
  1034    0.1945693530E+01
  1035    0.8868607811E+00
  1036   -0.2891176020E+00
  1037   -0.2990156686E+00
  1038   -0.1162343818E+01
  1039   -0.4452771943E+00
  1040    0.7775049367E+00
  1041    0.1034699608E+01
  1042   -0.1763679797E+00
  1043   -0.2886932709E+00
  1044    0.1712731282E+01
  1045    0.5581429569E+00
  1046   -0.6168723420E+00
  1047   -0.1704914650E+01
  1048   -0.9599117915E-01
  1049    0.1690594753E+01
  1050    0.1765847590E+01
  1051   -0.2471804235E+00
  1052   -0.2239407257E+01
  1053   -0.3375930156E+01
  1054    0.4346830462E+00
  1055    0.3455685655E+01
  1056    0.1773143727E+01
  1057   -0.1054543683E+00
  1058   -0.1350557214E+01
  1059   -0.1979010085E+01
  1060    0.5436524392E+00
  1061    0.1432250808E+01
  1062    0.1907782119E+01
  1063    0.9219328744E+00
  1064    0.1865803907E+00
  1065    0.8368961884E+00
  1066    0.1024722153E+00
  1067   -0.2354184663E+00
  1068   -0.3327245469E+00
  1069   -0.3241975660E+01
  1070   -0.2118939920E+01
  1071    0.1186710876E+01
  1072    0.3750695903E+01
  1073    0.1267035201E+01
  1074   -0.2059372832E+01
  1075    0.1521878573E-01
  1076   -0.3187439815E+00
  1077    0.1708217529E+01
  1078    0.3411597198E+00
  1079   -0.1298783047E+01
  1080   -0.8568252060E+00
  1081    0.1471593442E+01
  1082    0.1935346260E+00
  1083   -0.2879365976E+00
  1084    0.1147650561E+01
  1085   -0.5057455850E+00
  1086   -0.8150666295E+00
  1087   -0.1088207464E+01
  1088   -0.6589428870E+00
  1089    0.5252318148E+00
  1090    0.1431614254E+01
  1091   -0.1515188685E+00
  1092    0.4631648415E+00
  1093   -0.8335211855E+00
  1094   -0.1057983590E+01
  1095   -0.1679988827E+01
  1096   -0.1608720350E+01
  1097    0.1068704401E+00
  1098    0.1653988681E+01
  1099    0.1314447426E+01
  1100    0.1063370292E+01
  1101    0.1792662375E+00
  1102   -0.1398903037E+01
  1103   -0.1983755070E+01
  1104   -0.2940416020E+00
  1105    0.1845698220E+01
  1106    0.1310260878E+01
  1107   -0.1531342564E+00
  1108   -0.6544058965E-01
  1109   -0.2525954683E+00
  1110   -0.4059024771E+00
  1111   -0.6297483341E+00
  1112   -0.7248474496E+00
  1113   -0.8752437996E+00
  1114   -0.1605058525E+01
  1115   -0.3543367765E+00
  1116    0.6609304577E+00
  1117    0.2985618832E+00
  1118   -0.7634381746E+00
  1119    0.1176347628E+00
  1120    0.7786770697E+00
  1121    0.5467370507E-01
  1122    0.3394216967E+00
  1123    0.5818847301E+00
  1124    0.9454208053E+00
  1125    0.6912911695E+00
  1126   -0.3259638786E+00
  1127   -0.3313143618E+00
  1128   -0.8390781950E+00
  1129   -0.2713853707E+01
  1130   -0.3130891171E+01
  1131    0.1249953971E+01
  1132    0.3765419636E+01
  1133    0.1020295992E+01
  1134    0.8598200536E+00
  1135    0.1603469979E+01
  1136    0.6967779065E+00
  1137   -0.4151170442E+00
  1138    0.5980048350E+00
  1139   -0.7557993196E+00
  1140   -0.1753188335E+01
  1141   -0.1691962717E+01
  1142   -0.7407357389E-01
  1143    0.8431095919E+00
  1144    0.9682941654E+00
  1145    0.1250875760E+01
  1146    0.1269764750E+01
  1147    0.4523243946E+00
  1148    0.8996575691E-01
  1149   -0.5287893473E+00
  1150   -0.3957562086E+00
  1151   -0.4935262672E+00
  1152   -0.4709928387E+00
  1153   -0.3966712551E+00
  1154   -0.3640075115E+00
  1155    0.5447702140E-01
  1156    0.4714931863E+00
  1157    0.4228202424E+00
  1158   -0.8083941750E-01
  1159   -0.3157659876E-01
  1160   -0.5582012883E-01
  1161   -0.2089145905E-01
  1162    0.3469966648E-01
  1163   -0.8563101523E-01
  1164   -0.9180165337E+00
  1165   -0.1453062979E+01
  1166   -0.9249399931E+00
  1167   -0.7824333516E-01
  1168   -0.1270127008E+00
  1169    0.6109742174E+00
  1170    0.7342835942E+00
  1171    0.3572492892E+00
  1172   -0.9961514263E-01
  1173    0.5528136655E-02
  1174   -0.9719399709E-01
  1175   -0.2808952435E+00
  1176   -0.8154864349E-01
  1177    0.3603907394E+00
  1178   -0.2631040162E+00
  1179   -0.1415224218E+01
  1180   -0.9690393324E+00
  1181   -0.3372835284E+00
  1182   -0.3279381224E+01
  1183    0.3017372317E+00
  1184    0.2306703462E+01
  1185    0.1299020935E+01
  1186    0.4206066096E+00
  1187   -0.1057288506E+01
  1188   -0.1278902052E+01
  1189    0.2250671838E+01
  1190    0.4375196803E+00
  1191    0.5682662070E+00
  1192    0.2630644488E-02
  1193   -0.4679899585E+00
  1194    0.3331425077E+00
  1195    0.1010675609E+01
  1196    0.8333275867E+00
  1197    0.2474295913E+00
  1198   -0.5089215883E+00
  1199   -0.1009409107E+01
  1200   -0.8337846067E+00
  1201   -0.1032872827E+00
  1202    0.8165015219E+00
  1203    0.1134390456E+01
  1204    0.3332717156E+00
  1205   -0.2872625420E+00
  1206   -0.2684304198E+00
  1207    0.3275777974E+00
  1208    0.8863117964E+00
  1209    0.3368753856E+00
  1210   -0.5306982445E+00
  1211   -0.1245347354E+01
  1212   -0.1222971610E+01
  1213   -0.3811690245E+00
  1214    0.6365008636E+00
  1215    0.1263616387E+01
  1216    0.8937384086E+00
  1217    0.4720886739E+00
  1218    0.1870280937E+00
  1219   -0.1412158598E+00
  1220   -0.5304454880E+00
  1221   -0.6346924324E+00
  1222   -0.2841193588E+00
  1223    0.1939254068E+00
  1224    0.8254130690E-02
  1225   -0.5298584498E+00
  1226   -0.1437577206E+00
  1227    0.5764373266E+00
  1228    0.2359815651E+00
  1229   -0.5814059549E+00
  1230   -0.1984374037E+00
  1231    0.7276107300E+00
  1232    0.4950436276E+00
  1233    0.1718217582E-01
  1234    0.2726299521E+00
  1235    0.1811426465E+00
  1236    0.3422581624E-01
  1237   -0.3670671015E+00
  1238   -0.6017252470E+00
  1239   -0.6982373003E+00
  1240   -0.2573728230E+00
  1241    0.4376392851E+00
  1242    0.4533936510E+00
  1243   -0.4640246313E-01
  1244   -0.2133391519E+00
  1245   -0.1791081441E+00
  1246    0.7754104116E-01
  1247    0.4231203336E+00
  1248    0.1996528894E+00
  1249   -0.3080571459E+00
  1250   -0.2937579065E+00
  1251    0.1669126144E+00
  1252    0.4211155679E+00
  1253    0.1060838181E+00
  1254   -0.4191048587E+00
  1255   -0.5857524840E+00
  1256   -0.2855990591E+00
  1257    0.1889488302E+00
  1258    0.6525441961E+00
  1259    0.3849067132E+00
  1260   -0.5826075072E-01
  1261   -0.2721399056E+00
  1262   -0.8582981851E-01
  1263    0.1182803387E+00
  1264    0.2392123623E+00
  1265    0.1366569611E+00
  1266   -0.1753393016E+00
  1267   -0.4023483166E+00
  1268   -0.2266969352E+00
  1269    0.1357923570E+00
  1270    0.7366185957E-01
  1271   -0.2044702263E+00
  1272   -0.1171429236E+00
  1273    0.2079528013E+00
  1274    0.2945834681E+00
  1275    0.5616416209E-01
  1276   -0.1475056473E+00
  1277   -0.4556863020E-01
  1278    0.1840374969E+00
  1279    0.1157149665E+00
  1280   -0.1866483968E+00
  1281   -0.3755445012E+00
  1282   -0.2848985965E+00
  1283    0.8760506603E-01
  1284    0.3189798992E+00
  1285    0.1294832617E+00
  1286    0.6107749343E-03
  1287   -0.1562409253E-01
  1288   -0.6627362909E-01
  1289   -0.3160464771E-01
  1290    0.1085003818E+00
  1291    0.1607434545E+00
  1292   -0.4891445831E-01
  1293   -0.2195981766E+00
  1294   -0.7098910547E-01
  1295    0.6928710433E-01
  1296    0.1003315608E-01
  1297    0.3796846954E-01
  1298    0.1637570109E+00
  1299    0.1650862363E+00
  1300    0.1856341734E-01
  1301   -0.1372989134E+00
  1302   -0.2072973876E+00
  1303   -0.8824527830E-01
  1304    0.1506701175E+00
  1305    0.1623772275E+00
  1306   -0.6962435544E-01
  1307   -0.1977039049E+00
  1308   -0.1469966559E+00
  1309   -0.2013901916E-01
  1310    0.1246486413E+00
  1311    0.1286002113E+00
  1312    0.1837606947E-02
  1313   -0.9181904181E-01
  1314   -0.1075296514E+00
  1315   -0.4871016980E-02
  1316    0.1276277118E+00
  1317    0.9046041711E-01
  1318   -0.9982842027E-01
  1319   -0.1894232581E+00
  1320   -0.8377742870E-02
  1321    0.1064744022E+00
  1322    0.5810862767E-02
  1323    0.2304140535E-01
  1324    0.9001634978E-01
  1325    0.2474179693E-01
  1326   -0.7851731875E-01
  1327   -0.6383644060E-01
  1328    0.6045430217E-02
  1329    0.2953779205E-01
  1330    0.3480947708E-02
  1331    0.5924598937E-02
  1332    0.1698047411E-01
  1333   -0.6799964181E-01
  1334   -0.5468706100E-01
  1335   -0.1484630118E-01
  1336    0.4933195576E-01
  1337    0.8661803441E-01
  1338    0.6509487277E-01
  1339   -0.2080806811E-01
  1340   -0.8992356886E-01
  1341   -0.7079483348E-01
  1342   -0.3690159609E-02
  1343    0.4173030553E-01
  1344    0.4454456499E-02
  1345   -0.6013992710E-02
  1346    0.3341472852E-02
  1347    0.9165117730E-03
  1348   -0.2554901719E-01
  1349   -0.1727648791E-01
  1350    0.4093186914E-01
  1351    0.6245869774E-01
  1352    0.1549678470E-01
  1353   -0.2699028520E-01
  1354   -0.2600704638E-01
  1355   -0.3131426662E-01
  1356    0.4076164690E-02
  1357    0.4300366575E-01
  1358    0.5114209419E-01
  1359    0.3018320471E-01
  1360    0.2903582798E-02
  1361   -0.4373133926E-02
  1362    0.2453476119E-01
  1363    0.4096246650E-01
  1364    0.1755115409E-01
  1365    0.5191185424E-02
  1366    0.1393907697E-01
  1367    0.1446684975E-01
  1368    0.5933572842E-02
  1369    0.1534226780E-02
  1370    0.3835822532E-03
  1371    0.9589728679E-04
  1372    0.2397442970E-04
  1373    0.5993614173E-05
  1374    0.1498403971E-05
  1375    0.3746010160E-06
  1376    0.9365025466E-07
  1377    0.2341256236E-07
  1378    0.5853143165E-08
  1379    0.1463283300E-08
  1380    0.3658198189E-09
  1381    0.9145537105E-10
  1382    0.2286493217E-10
  1383    0.5719313911E-11
  1384    0.1430855434E-11
  1385    0.3604894161E-12
  1386    0.8712475186E-13
  1387    0.2575717417E-13
  1388    0.7549516567E-14
  1389    0.3774758284E-14
  1390    0.0000000000E+00
  1391   -0.2664535259E-14
  1392    0.1332267630E-14
  1393    0.0000000000E+00
  1394   -0.2664535259E-14
  1395    0.0000000000E+00
  1396    0.1998401444E-14
  1397   -0.8881784197E-15
  1398   -0.3552713679E-14
  1399    0.1443289932E-14
  1400    0.0000000000E+00
  1401   -0.3552713679E-14
  1402    0.0000000000E+00
  1403    0.8881784197E-15
  1404    0.0000000000E+00
  1405    0.1332267630E-14
  1406    0.3774758284E-14
  1407    0.0000000000E+00
  1408    0.2220446049E-15
  1409   -0.2220446049E-15
  1410   -0.3552713679E-14
  1411    0.0000000000E+00
  1412    0.8881784197E-15
  1413    0.8881784197E-15
  1414   -0.2664535259E-14
  1415   -0.1443289932E-14
  1416    0.0000000000E+00
  1417    0.3330669074E-14
  1418    0.4218847494E-14
  1419   -0.7105427358E-14
  1420   -0.2664535259E-14
  1421    0.0000000000E+00
  1422   -0.2553512957E-14
  1423    0.0000000000E+00
  1424    0.0000000000E+00
  1425    0.8881784197E-15
  1426    0.0000000000E+00
  1427    0.8881784197E-15
  1428    0.1887379142E-14
  1429   -0.2553512957E-14
  1430    0.0000000000E+00
  1431   -0.3552713679E-14
  1432    0.0000000000E+00
  1433    0.3774758284E-14
  1434    0.3552713679E-14
  1435   -0.2664535259E-14
  1436    0.1332267630E-14
  1437    0.1776356839E-14
  1438    0.0000000000E+00
  1439   -0.2220446049E-14
  1440    0.3774758284E-14
  1441    0.9992007222E-15
  1442   -0.3552713679E-14
  1443    0.0000000000E+00
  1444    0.0000000000E+00
  1445    0.8881784197E-15
  1446    0.3552713679E-14
  1447    0.0000000000E+00
  1448    0.3774758284E-14
  1449   -0.4440892099E-15
  1450   -0.2664535259E-14
  1451    0.8881784197E-15
  1452   -0.3552713679E-14
  1453   -0.3552713679E-14
  1454    0.1998401444E-14
  1455    0.0000000000E+00
  1456   -0.1998401444E-14
  1457    0.3774758284E-14
  1458   -0.3552713679E-14
  1459   -0.3552713679E-14
  1460    0.1332267630E-14
  1461    0.1332267630E-14
  1462   -0.3552713679E-14
  1463   -0.3552713679E-14
  1464    0.8881784197E-15
  1465    0.0000000000E+00
  1466   -0.3552713679E-14
  1467    0.1221245327E-14
  1468    0.5107025913E-14
  1469   -0.3552713679E-14
  1470   -0.2664535259E-14
  1471    0.8881784197E-15
  1472    0.0000000000E+00
  1473   -0.1665334537E-14
  1474    0.3330669074E-14
  1475    0.0000000000E+00
  1476   -0.2553512957E-14
  1477    0.0000000000E+00
  1478   -0.3552713679E-14
  1479    0.8881784197E-15
  1480    0.1332267630E-14
  1481    0.0000000000E+00
  1482   -0.1998401444E-14
  1483    0.0000000000E+00
  1484   -0.3552713679E-14
  1485    0.0000000000E+00
  1486    0.0000000000E+00
  1487    0.1332267630E-14
  1488    0.0000000000E+00
  1489    0.3774758284E-14
  1490   -0.4440892099E-15
  1491   -0.2220446049E-14
  1492    0.0000000000E+00
  1493    0.1998401444E-14
  1494    0.7549516567E-14
  1495    0.1110223025E-15
  1496    0.8881784197E-15
  1497    0.4440892099E-15
  1498   -0.8881784197E-15
  1499    0.3330669074E-14
  1500    0.1293103448E+02
  1501    0.1293103448E+02
  1502    0.0000000000E+00
