    -1   -0.1095923932E+02
     0   -0.1720889377E+02
     1    0.1149044241E+02
     2    0.2732972608E-01
     3   -0.2386584643E+01
     4   -0.7139081257E+01
     5   -0.2991460498E+01
     6   -0.8675727502E+00
     7    0.6616690808E+01
     8    0.3523855897E+00
     9   -0.4293129656E+01
    10   -0.3701199338E+00
    11    0.6490675431E+01
    12   -0.7352725614E+01
    13   -0.2139464036E+01
    14    0.7955549126E+01
    15    0.2394183645E+01
    16   -0.2211388373E+01
    17   -0.9729370531E+01
    18    0.1004984889E+02
    19    0.8410882013E+01
    20   -0.1517156158E+02
    21    0.5608091357E+01
    22    0.3974989062E+01
    23   -0.5121973912E+00
    24   -0.3546709842E+01
    25    0.7200522294E+01
    26   -0.2925448624E+01
    27    0.4845894268E+01
    28   -0.1423105893E+00
    29   -0.1527644088E+01
    30   -0.3576641927E+01
    31   -0.1749252018E+01
    32   -0.1966974878E+01
    33    0.1403565473E+02
    34   -0.1478733566E+02
    35   -0.3093335354E+00
    36    0.2241338439E+01
    37    0.1948414920E+01
    38    0.2874082039E+01
    39   -0.3356666154E+01
    40    0.1174609290E+01
    41    0.1861367563E+01
    42   -0.9317348404E+01
    43    0.4777914247E+01
    44    0.1022435665E+02
    45   -0.8018675809E+01
    46    0.1191858040E+02
    47    0.9545733947E-01
    48   -0.1989637835E+02
    49    0.5588509313E+01
    50   -0.7509587714E+01
    51    0.1593277479E+02
    52   -0.1067912710E+02
    53    0.8652617271E+00
    54    0.4593820528E+01
    55   -0.6327444899E+01
    56    0.6611210567E+01
    57    0.2455917487E+01
    58   -0.3350605828E+01
    59    0.4796904597E+01
    60    0.2539053916E+00
    61   -0.3025849125E+01
    62   -0.6166893245E+00
    63    0.3148248078E+01
    64   -0.4346092907E+01
    65   -0.2369377715E+00
    66    0.7797758442E+01
    67   -0.2090121929E+01
    68    0.3523394630E+01
    69   -0.8590994636E+01
    70    0.6468522975E+00
    71    0.1171060326E+01
    72    0.2667212487E+01
    73   -0.6415845614E+01
    74   -0.1027241458E+01
    75   -0.2436576664E+00
    76    0.8454083796E+01
    77   -0.5546548133E+00
    78   -0.7959207535E+01
    79   -0.7191293294E+00
    80    0.7184911756E+01
    81    0.7171533060E+00
    82   -0.1907979535E+01
    83   -0.6920713928E+01
    84    0.6857573001E+01
    85   -0.6735645410E+01
    86    0.3453983929E+01
    87   -0.8506668927E+01
    88    0.1034079296E+02
    89   -0.3370683620E+01
    90    0.1049292408E+02
    91   -0.3620085887E+01
    92   -0.5805615809E+01
    93   -0.7544156382E+01
    94    0.5156305607E+01
    95   -0.4453760318E+01
    96   -0.3081951556E+00
    97    0.4053160417E+01
    98    0.8871332217E+01
    99   -0.6228423472E+01
   100   -0.5432104000E+00
   101   -0.1848768510E+02
   102    0.1808825307E+02
   103    0.3868844928E+01
   104    0.4924661810E+01
   105   -0.1370394068E+01
   106   -0.5804919748E+01
   107   -0.4021436228E+01
   108    0.1373075718E+02
   109    0.9583040548E-01
   110   -0.6648987547E+01
   111    0.1948150600E+01
   112   -0.3097799872E+01
   113   -0.5779164566E+01
   114    0.3509808281E+00
   115    0.7911060111E+01
   116    0.1708868906E+01
   117   -0.4664196911E+01
   118   -0.7168060708E+01
   119    0.2661575798E+01
   120    0.4366121108E+01
   121    0.1079249346E+01
   122    0.2103963808E+01
   123   -0.5306647462E+01
   124   -0.4042064109E+01
   125   -0.1622344844E+01
   126    0.9440223921E+01
   127   -0.1964315625E+01
   128    0.7131120079E+00
   129    0.1984157198E+01
   130   -0.6193108535E+01
   131   -0.2628402925E+01
   132    0.1111690222E+01
   133    0.1089901223E+02
   134   -0.6030390916E+01
   135   -0.8738360405E-01
   136   -0.6896015860E+01
   137    0.4229315895E+01
   138    0.4240379589E+01
   139    0.1846523309E+01
   140   -0.9474678835E+01
   141    0.5510155190E+01
   142    0.4838779908E+01
   143   -0.1611525064E+02
   144    0.8241714416E+01
   145    0.2168968739E+01
   146   -0.2673451082E+01
   147   -0.5695664249E+01
   148    0.1072881067E+02
   149    0.5445264286E+01
   150   -0.6302677707E+01
   151   -0.1487172038E+02
   152    0.9464355968E+01
   153    0.1449896194E+02
   154   -0.9053283153E+01
   155   -0.1295982472E+02
   156    0.1237514044E+02
   157   -0.4819492654E+01
   158    0.3305499425E+01
   159   -0.3392942398E+01
   160    0.2966181067E+01
   161    0.3620516225E+01
   162   -0.2259431925E+01
   163   -0.4931058550E+01
   164   -0.1041362210E+01
   165    0.1341149406E+02
   166   -0.2115725704E+02
   167   -0.2806377802E+01
   168    0.1973031980E+02
   169   -0.1135499077E+02
   170    0.5086134448E+01
   171   -0.8214236453E+00
   172   -0.6421036644E+01
   173    0.7768819089E+01
   174    0.6633915920E+01
   175    0.7394673728E-01
   176   -0.1759776066E+01
   177   -0.4012081635E+01
   178   -0.3756608935E+00
   179   -0.3579231079E+01
   180   -0.1058529563E+02
   181    0.7957724975E+01
   182   -0.4479284012E+00
   183    0.1163130297E+01
   184   -0.2887281869E+01
   185    0.6590268548E+01
   186    0.4885379741E+01
   187    0.2544301725E+01
   188   -0.3781984800E+01
   189   -0.2113217458E+01
   190   -0.4255951955E+01
   191   -0.1113495366E+02
   192    0.2442970256E+02
   193   -0.4396666590E+01
   194   -0.1147017982E+02
   195   -0.5593922196E+01
   196    0.1022871860E+02
   197   -0.4916577214E+01
   198    0.4514808194E+01
   199    0.5687764542E+01
   200    0.1168586423E+01
   201   -0.1670544764E+02
   202   -0.1759357316E+01
   203   -0.2909207387E+00
   204    0.2154315478E+02
   205   -0.7011997892E+01
   206    0.6288159542E+01
   207   -0.2104164187E+01
   208   -0.7126923053E+01
   209    0.3384078919E+01
   210   -0.1698971311E+00
   211   -0.3400991740E+01
   212   -0.7546579252E+01
   213    0.8519581586E+01
   214    0.9805090980E+01
   215    0.7682002265E+00
   216   -0.2063050930E+01
   217   -0.2034565927E+02
   218    0.7639940233E+01
   219   -0.1394352424E+01
   220    0.1054703140E+02
   221   -0.7927772764E+01
   222    0.1513507345E+02
   223   -0.2351865950E+02
   224    0.1307590206E+02
   225   -0.4841555674E+01
   226    0.7916624382E+01
   227   -0.1548297261E+02
   228   -0.2767443283E+01
   229    0.1521478537E+02
   230   -0.1484995358E+01
   231    0.7071353791E+01
   232   -0.5371523126E+01
   233    0.5907657609E+01
   234   -0.9285912689E+01
   235    0.1139551626E+02
   236   -0.1244500455E+01
   237   -0.1300638762E+02
   238   -0.1000810740E+01
   239    0.4778555852E+01
   240    0.4770078195E+01
   241   -0.7704492007E+00
   242   -0.2264762172E+01
   243    0.6012656815E+01
   244   -0.9236478631E+00
   245   -0.7995464576E+01
   246   -0.9588626487E+00
   247    0.1380613854E+02
   248    0.5236275215E+01
   249   -0.9535362566E+01
   250   -0.4840734834E+01
   251   -0.4121886176E-01
   252    0.3506366417E+01
   253    0.1155750765E+01
   254   -0.3272124838E+01
   255    0.5551642061E+01
   256   -0.2464679960E+01
   257   -0.4045607722E+01
   258    0.9158971904E+01
   259   -0.6462277626E+00
   260   -0.8225298669E+01
   261   -0.2444263651E+00
   262    0.6712971678E+01
   263   -0.1676907393E+01
   264    0.2752535560E+01
   265   -0.1165445273E+02
   266    0.1183831996E+02
   267    0.3263701922E+00
   268   -0.3015559700E+01
   269   -0.4412753343E+01
   270    0.4584257625E+01
   271   -0.4250921684E+01
   272    0.6363073163E+01
   273   -0.6494597420E+00
   274    0.4072510401E+00
   275   -0.5433744511E+00
   276    0.3921212271E+01
   277   -0.5839316011E+01
   278   -0.1598711317E+01
   279    0.2434110321E+01
   280    0.5845365855E+01
   281   -0.9661608817E+01
   282   -0.3961409616E+01
   283    0.7362929265E+01
   284    0.7704000453E+01
   285   -0.1054112929E+02
   286    0.4942717176E+01
   287    0.3982140005E+01
   288   -0.1808632919E+00
   289    0.1606028240E+01
   290   -0.4426748802E+01
   291   -0.2685561585E+01
   292   -0.1115842840E+02
   293    0.7922141399E+01
   294    0.1490983350E+02
   295   -0.1759990301E+02
   296   -0.7356299486E+01
   297    0.1136182446E+02
   298    0.4631042620E+01
   299   -0.5158860036E+00
   300   -0.1846984801E+01
   301    0.1016472748E+02
   302   -0.1401902684E+02
   303   -0.4967690842E+00
   304    0.8561244844E+01
   305   -0.6731766855E+01
   306   -0.7378225771E+00
   307   -0.3397063695E-01
   308   -0.1996054454E+01
   309    0.9450110189E+01
   310   -0.2908573889E+01
   311   -0.5938150791E+00
   312   -0.4916633696E+01
   313    0.8497478123E+01
   314    0.2654789897E+01
   315   -0.7486798162E+01
   316   -0.1022479639E+01
   317   -0.2866673216E+01
   318    0.6598617054E+01
   319   -0.5501177619E+01
   320    0.2708319978E+01
   321    0.2380381850E+01
   322   -0.4605084084E+00
   323   -0.1702301880E+02
   324    0.1347915555E+02
   325    0.4760642476E+01
   326   -0.5056850130E+00
   327   -0.2494023983E+01
   328   -0.3171275540E+01
   329    0.6189463681E+01
   330    0.2562932008E+01
   331   -0.8317643811E+01
   332    0.5187417655E+01
   333   -0.4678607641E+01
   334   -0.1057549887E+02
   335    0.1594507923E+02
   336    0.2834075018E+00
   337   -0.5037865373E+01
   338    0.3126266558E+00
   339    0.1653603086E+00
   340    0.3113887926E+01
   341   -0.4013343260E+01
   342    0.5044021871E+01
   343   -0.1115989641E+02
   344    0.8267360610E+01
   345    0.6853869497E+01
   346   -0.7804894955E+01
   347    0.5303812142E+01
   348   -0.1146592225E+02
   349    0.2998272082E+01
   350    0.1135215646E+01
   351    0.6202997579E+01
   352    0.3748315645E+01
   353    0.1856940984E+01
   354   -0.1070015670E+02
   355    0.4310793940E+01
   356   -0.6423972594E+01
   357   -0.1801006473E+01
   358   -0.2191670004E+00
   359    0.1040086617E+02
   360   -0.5064669230E+01
   361    0.4881833773E+01
   362   -0.1014226694E+02
   363    0.5652220163E+01
   364    0.1285937175E+01
   365    0.3191877771E+01
   366    0.1297961065E+01
   367   -0.1201289087E+02
   368    0.1789856718E+01
   369    0.4229176658E+01
   370   -0.6432044179E+01
   371    0.1311501207E+02
   372   -0.4121624893E+01
   373   -0.3508650830E+01
   374    0.5772887208E+01
   375   -0.3773883344E+01
   376   -0.3388968257E+01
   377    0.7284858960E+01
   378   -0.8806616495E+00
   379    0.1584500582E+01
   380   -0.7978081541E+01
   381    0.1328038772E+01
   382    0.7943529803E+01
   383    0.3527768621E+01
   384   -0.6487273313E+01
   385   -0.4242291095E+01
   386    0.1429775812E+01
   387    0.2856901463E+01
   388   -0.7328947242E+00
   389   -0.6992722074E+01
   390    0.5733678365E+01
   391    0.1703723522E+01
   392    0.3611828548E+01
   393   -0.4514338224E+01
   394    0.8309758108E+01
   395   -0.7214791103E+01
   396   -0.1001818373E+01
   397   -0.6960717257E+01
   398    0.5794191614E+01
   399    0.5599358802E-01
   400    0.4391540540E+01
   401    0.3098359099E+01
   402   -0.6119921223E+01
   403   -0.5973891430E+01
   404    0.9919001374E+01
   405   -0.1173788880E+01
   406   -0.1835902966E+01
   407   -0.1327763595E+00
   408   -0.3135752609E+01
   409    0.7114334872E+00
   410    0.1580744862E+01
   411    0.2225879871E+01
   412   -0.5442294494E+01
   413    0.4366200026E+01
   414    0.1025226884E+01
   415   -0.2104471141E+01
   416   -0.5548053054E+01
   417   -0.1969117276E+01
   418    0.6629271013E+01
   419   -0.1751072053E+01
   420    0.3760830843E+01
   421    0.4165529388E+01
   422   -0.1379142690E+01
   423   -0.4718165435E+01
   424    0.9291076795E+00
   425    0.3445293328E+01
   426   -0.3042137841E-01
   427   -0.7341014224E+00
   428    0.1396957450E+01
   429   -0.9277752450E+00
   430   -0.6745042291E+01
   431    0.6255624027E+01
   432   -0.1317419310E+02
   433    0.1459209441E+01
   434    0.6887374325E+01
   435    0.1433427265E+01
   436   -0.3079360305E+01
   437    0.1640938435E+01
   438    0.2715992735E+01
   439   -0.5585302906E+01
   440    0.3725943050E+01
   441    0.6981648105E+01
   442   -0.5666187883E+01
   443    0.3185118514E+01
   444   -0.7258776331E+00
   445   -0.1162110532E+02
   446    0.7016263296E+01
   447   -0.9389227549E+00
   448    0.1768929106E+01
   449   -0.1082381995E+01
   450   -0.3619870210E+01
   451   -0.2319788579E+01
   452    0.9257547191E+01
   453   -0.8126887329E+01
   454   -0.5522505715E+01
   455    0.3762258675E+01
   456   -0.3637503061E+01
   457    0.4971716248E+01
   458    0.3616616828E+01
   459   -0.3320400014E+00
   460   -0.2065462005E+01
   461   -0.3987309597E+01
   462    0.2612796270E+01
   463   -0.3124043397E+01
   464    0.6607264163E+01
   465   -0.1528595978E+01
   466   -0.1305728494E+02
   467    0.7202875440E+01
   468    0.4046966798E+01
   469   -0.8570378387E+01
   470    0.3056079467E+01
   471    0.2586492011E+01
   472   -0.5621636805E+01
   473   -0.7363121645E+01
   474    0.9232262672E+01
   475   -0.1153434696E+02
   476    0.9758488542E+01
   477   -0.1070805629E+02
   478    0.9629485470E+01
   479   -0.6415313316E+01
   480   -0.1021033794E+02
   481    0.4578694283E+01
   482    0.9656986986E+00
   483    0.1449913091E+01
   484   -0.1214187197E+02
   485    0.9099334258E+01
   486    0.2352599172E+01
   487    0.7813726816E+01
   488   -0.4780319985E+00
   489   -0.1260023984E+02
   490   -0.1964861654E+01
   491   -0.7057071593E+01
   492   -0.4073758133E+01
   493    0.5189521529E+01
   494    0.4297256736E+01
   495    0.7412787789E+01
   496   -0.1503948196E+02
   497   -0.1691745839E+02
   498    0.6843563269E+01
   499    0.7269173862E+01
   500    0.1116026834E+02
   501    0.5312222969E+01
   502   -0.6917168473E+01
   503    0.1854737887E+02
   504   -0.4536322850E+01
   505    0.1748623071E+02
   506   -0.9215622451E+01
   507   -0.4420939390E+01
   508    0.1564142191E+02
   509   -0.1333887532E+01
   510   -0.1667647234E+01
   511   -0.1671867572E+02
   512   -0.8571070600E+01
   513    0.6177421919E+01
   514    0.9325933252E+01
   515   -0.6028036296E+01
   516    0.1012821263E+02
   517   -0.6079690451E+01
   518    0.2053836018E+02
   519   -0.1152039031E+02
   520    0.3826644210E+01
   521   -0.1872263545E+00
   522    0.4907004829E+01
   523    0.1589223035E+01
   524   -0.4176918701E+01
   525   -0.2599354948E+00
   526    0.2414946229E+01
   527   -0.2290441932E+01
   528    0.1007321673E+01
   529    0.1080825945E+01
   530   -0.1150806301E+01
   531   -0.7695891342E+00
   532    0.3245593262E+01
   533    0.3379845877E-01
   534    0.4597054994E+01
   535   -0.7172409721E+01
   536    0.2713137616E+01
   537    0.6161181329E+00
   538   -0.1803295541E+01
   539    0.1901731058E+01
   540   -0.8209297976E+00
   541    0.6326745361E+00
   542    0.3880482446E+01
   543   -0.2400764092E+01
   544    0.2451890694E+00
   545    0.5908065824E+00
   546   -0.4283510074E+01
   547    0.5231957797E+01
   548   -0.8093758064E+00
   549    0.1544619058E+00
   550   -0.8782234135E+00
   551    0.6751704235E+00
   552    0.1356145582E+00
   553    0.4736952773E+01
   554   -0.1301642458E+02
   555    0.1339231971E+02
   556   -0.5480713003E+01
   557    0.3000681440E+01
   558    0.3402499437E+01
   559   -0.7105218603E+01
   560    0.3589815611E+01
   561   -0.7542341048E+00
   562   -0.6676412555E+00
   563    0.2622981888E+01
   564   -0.3384142006E+01
   565    0.5997726173E+01
   566   -0.4766372539E+01
   567    0.4708983086E+01
   568   -0.5289580027E+01
   569    0.2063992450E+01
   570    0.2262441789E+00
   571    0.1939877782E+00
   572    0.3295588481E+01
   573   -0.5051411555E+01
   574    0.3787152737E+01
   575   -0.5313889310E+01
   576    0.6115581943E+00
   577    0.4151946303E+01
   578    0.1146308803E+01
   579   -0.7047980766E+01
   580    0.4529836134E+01
   581   -0.9267949507E+00
   582    0.2301465590E+01
   583   -0.1699457119E+01
   584    0.2287838021E+01
   585   -0.2022966551E+01
   586    0.2308585005E+01
   587   -0.6536148078E+00
   588   -0.4515486948E+00
   589    0.2752753351E+01
   590   -0.1014587294E+02
   591    0.8570208937E+01
   592   -0.3678550636E+01
   593    0.5982483095E+01
   594   -0.5926054400E+01
   595    0.3802722760E+01
   596   -0.3965543425E+01
   597    0.3240908596E+01
   598   -0.2522691984E+01
   599    0.4122083293E+01
   600   -0.3347619037E+01
   601    0.2209886622E+01
   602    0.3042647131E+01
   603   -0.6343035735E+01
   604    0.4222689081E+01
   605   -0.1955355312E+01
   606    0.2399696268E+00
   607   -0.2380491799E+00
   608   -0.2797487755E+00
   609   -0.1397368317E+01
   610    0.4654276105E+01
   611   -0.1100787437E+01
   612    0.1551450189E+00
   613   -0.1431399756E+01
   614   -0.7489641591E+00
   615    0.6848124294E+00
   616   -0.3081247756E+01
   617    0.3385708169E+01
   618   -0.1939079933E+01
   619    0.3968081596E+01
   620   -0.2269520912E+01
   621   -0.9942497451E+00
   622   -0.3205268512E+01
   623    0.1877783606E+01
   624    0.3178223172E+01
   625   -0.2212819644E+01
   626    0.2450436999E+01
   627   -0.1153115058E+01
   628   -0.7609681413E+00
   629    0.1674895785E+01
   630   -0.4531322418E+00
   631   -0.8130775358E+00
   632   -0.2422750316E+01
   633    0.3432296277E+01
   634   -0.3493634633E+01
   635    0.5009819126E+01
   636   -0.1559455951E+01
   637   -0.9389651954E-01
   638   -0.1199455115E+01
   639   -0.4514302089E+01
   640    0.1750881203E+01
   641    0.5012104052E+01
   642    0.3523461392E+01
   643   -0.9430968348E+01
   644    0.4958666165E+01
   645   -0.1216496602E+01
   646   -0.2029210871E+00
   647   -0.7674576287E+00
   648    0.2647793694E+01
   649   -0.4321878622E+01
   650    0.4462389570E+01
   651   -0.7436835737E+01
   652    0.6779673327E+01
   653   -0.2535179093E+01
   654    0.2975735316E+01
   655    0.1864636105E+01
   656   -0.6328298872E+01
   657    0.4585511091E+01
   658   -0.8104003736E+01
   659    0.7170954682E+01
   660   -0.5827744843E-02
   661   -0.8223106651E+00
   662   -0.4936541412E+01
   663    0.4307404209E+01
   664   -0.7828731978E+00
   665    0.1866694748E+01
   666   -0.1741575864E+01
   667    0.1105555755E+01
   668   -0.3242625269E+01
   669    0.4842468277E+01
   670   -0.2045024535E+01
   671   -0.1727861841E+01
   672    0.2640106793E+01
   673    0.4712908320E+00
   674   -0.1417995400E+01
   675    0.3547697348E+00
   676   -0.7728519267E-01
   677   -0.6836133126E+01
   678    0.5612057561E+01
   679   -0.2833006682E+01
   680   -0.1498960878E+01
   681    0.4407612821E+01
   682    0.1755271080E+01
   683   -0.4603417814E+00
   684   -0.2412509781E+01
   685    0.2055769891E+01
   686   -0.2305467692E+01
   687    0.9043129532E+00
   688   -0.9843333820E+00
   689   -0.2462745856E+01
   690    0.2366433790E+01
   691    0.1411074927E+01
   692   -0.3260630893E+01
   693    0.1871981727E+01
   694    0.8904647022E-01
   695    0.2021575537E-01
   696   -0.3438963434E+01
   697   -0.3064122453E+01
   698    0.3176142183E+01
   699    0.3781321052E+01
   700   -0.9421511107E+01
   701    0.1019479145E+02
   702   -0.8638887436E+01
   703   -0.2205723298E+01
   704   -0.5900423594E+01
   705   -0.1315144010E+01
   706    0.1524052484E+01
   707    0.6162318841E+01
   708   -0.5398974615E+01
   709   -0.3883391854E+01
   710    0.4554152169E+01
   711   -0.8559336795E+01
   712   -0.3437593314E+01
   713    0.3300736601E+01
   714    0.6810014979E+00
   715   -0.2930518291E+00
   716   -0.5620562080E+01
   717    0.3165704969E+00
   718    0.8471324845E+00
   719   -0.5574397751E+01
   720    0.4519091455E+01
   721    0.3418951384E+01
   722   -0.2006265515E+02
   723    0.9224400394E+01
   724    0.4067457530E+01
   725   -0.6002576020E+01
   726   -0.1260583501E+02
   727   -0.1156903591E+01
   728   -0.9651298674E+01
   729   -0.1120374371E+02
   730    0.3003581550E+02
   731    0.3581939780E+01
   732   -0.9042934489E+01
   733   -0.1980517832E+01
   734   -0.2311120362E+02
   735    0.1973468371E+02
   736    0.2470948456E+01
   737   -0.4324243144E+01
   738    0.5226361413E+01
   739   -0.1797643922E+02
   740    0.2267961044E+02
   741    0.1458147933E+02
   742   -0.8867956916E+01
   743   -0.6597663179E+01
   744    0.7370193091E+01
   745    0.1967456103E+02
   746   -0.2132291528E+01
   747   -0.2352099094E+02
   748    0.1083442137E+02
   749    0.2936525479E+01
   750    0.1083886182E+02
   751   -0.1263211891E+02
   752    0.1110011641E+01
   753    0.4710385464E+01
   754    0.1483576848E+01
   755    0.1112036676E+02
   756   -0.9274011643E-01
   757   -0.3731226073E+01
   758    0.1877934092E+01
   759    0.6036661331E+00
   760   -0.7818891105E+01
   761    0.6014985898E+01
   762    0.5495279695E+01
   763    0.6945006232E+01
   764   -0.1427648794E+02
   765    0.7507668686E+01
   766    0.2962417685E+01
   767    0.6397063933E-01
   768    0.8311792026E+01
   769   -0.1461961972E+02
   770    0.3728128794E+01
   771    0.1660408398E-01
   772    0.1723572742E+01
   773    0.1281319380E+01
   774   -0.1196124568E+01
   775   -0.9308604159E+00
   776   -0.9112674437E+00
   777   -0.5454507453E+00
   778    0.2081002369E+01
   779   -0.9375539053E+00
   780    0.6823418280E+00
   781    0.1095133952E+01
   782    0.1674251490E+01
   783   -0.1965954292E+01
   784    0.3565996972E+01
   785    0.7903589718E+00
   786   -0.6267146781E+01
   787    0.6708607552E+01
   788   -0.8697718070E+01
   789    0.1021949527E+02
   790   -0.4098733801E+00
   791   -0.9436834390E+00
   792    0.1023580814E+01
   793    0.9474864265E-01
   794   -0.8446751669E+01
   795    0.1169706568E+02
   796   -0.8534824394E+01
   797    0.2860174595E+01
   798    0.2604033021E+01
   799    0.3252706118E+01
   800   -0.6712434847E+01
   801    0.4438459471E+00
   802   -0.7106368722E+00
   803    0.3947910591E+01
   804   -0.2184806122E+01
   805   -0.2424449910E+01
   806    0.3396645283E+01
   807    0.2640086926E+01
   808   -0.2681892105E+01
   809   -0.1944954253E+01
   810    0.2345645978E+01
   811   -0.3632294332E+01
   812    0.6369563343E+01
   813   -0.3858482490E+01
   814   -0.6427247154E+01
   815    0.1095727924E+02
   816   -0.2212292314E+01
   817   -0.1896773003E+00
   818    0.2553717340E+01
   819   -0.5018211013E+01
   820    0.5099766939E+01
   821   -0.1089136942E+01
   822   -0.7406147290E+01
   823    0.6152941643E+01
   824   -0.7450584900E+01
   825    0.1021259378E+02
   826   -0.1157722553E+01
   827   -0.6982639793E+01
   828    0.8901015735E+01
   829   -0.1451654341E+02
   830    0.1289640164E+02
   831    0.2160584467E+01
   832   -0.9337307059E+01
   833    0.6396134025E+01
   834   -0.4212163816E+01
   835    0.4529545543E+01
   836   -0.4363022448E+01
   837   -0.8351609742E+00
   838    0.2222322795E+01
   839    0.1565524799E+01
   840   -0.4296037823E+01
   841    0.6192624750E+01
   842   -0.2131890121E+01
   843   -0.4537036972E+01
   844    0.6008650676E+01
   845   -0.8561483246E+01
   846    0.6221577597E+01
   847    0.2767009590E+01
   848   -0.1147667920E+02
   849    0.7344461867E+01
   850    0.8128678373E+00
   851   -0.4463579547E+01
   852    0.4215967604E+01
   853    0.2087421130E+01
   854   -0.8546121620E+01
   855    0.4292105029E+01
   856   -0.1690008607E+01
   857    0.1739960939E+01
   858   -0.3233826988E+01
   859    0.1888973033E+01
   860    0.7186594372E+00
   861    0.1957659707E+01
   862   -0.2463412703E+01
   863   -0.7044178880E+01
   864    0.3876127649E+01
   865    0.4175955582E+01
   866   -0.1201118764E+01
   867   -0.7781693646E+01
   868    0.3745261899E+01
   869    0.2927973797E+01
   870   -0.7343601875E+01
   871    0.1817004543E+01
   872    0.5369003853E+01
   873    0.2975693590E+01
   874   -0.1908163547E+02
   875    0.1372994722E+02
   876   -0.2032864105E+01
   877   -0.6271297888E+01
   878    0.3255453420E+01
   879   -0.6500468646E+01
   880    0.7510185864E+01
   881   -0.8404220537E+00
   882   -0.7464546829E+01
   883    0.5577031241E+01
   884   -0.5749670148E+01
   885    0.3044816934E+01
   886    0.2139205025E+01
   887   -0.6285463766E+01
   888   -0.2695428304E+01
   889   -0.2036208706E+01
   890   -0.5487308599E+00
   891    0.7386892452E+01
   892   -0.1389971766E+02
   893    0.7866836537E+01
   894   -0.3589159014E+01
   895    0.1345993997E+02
   896   -0.7926822819E+01
   897   -0.7924287060E+00
   898    0.3343083514E+01
   899   -0.3401099793E+01
   900    0.6311543555E+01
   901    0.3138135444E+01
   902   -0.6085275925E+01
   903   -0.3188904235E+01
   904   -0.2239607863E+01
   905    0.4372975206E+00
   906   -0.6485325652E+01
   907    0.5629731945E+01
   908   -0.5011742206E+01
   909    0.9968355762E+01
   910    0.5707360946E+01
   911   -0.7629237938E+01
   912    0.7075028714E+00
   913    0.3759688743E+01
   914    0.3752299210E+01
   915   -0.3602991694E+01
   916   -0.4055193049E+01
   917    0.6210332440E+01
   918   -0.3456741673E+01
   919    0.4693502969E+00
   920    0.3600129744E+01
   921    0.5561007987E+00
   922   -0.7254479124E+00
   923   -0.2539038053E+01
   924   -0.3449728399E+01
   925    0.2421611568E+01
   926   -0.1793420674E+01
   927    0.2882365883E+01
   928   -0.1915485331E+01
   929   -0.3101842786E+01
   930    0.1246724918E+00
   931   -0.6870579941E+00
   932    0.4801602655E+01
   933   -0.1691422008E+01
   934    0.5495890407E+01
   935   -0.7123814977E-01
   936   -0.9054729053E+01
   937    0.6219598423E+01
   938    0.7176128413E+01
   939   -0.2005315862E+01
   940   -0.1327303202E+00
   941   -0.1052908190E+01
   942   -0.1161651125E+00
   943   -0.1836776524E+00
   944   -0.1531946548E+01
   945    0.2724020346E+01
   946    0.8763166475E+00
   947   -0.1860501575E+01
   948    0.3922669469E+00
   949   -0.3105888166E+01
   950    0.4433834536E+01
   951    0.1157433548E+01
   952    0.1718722592E+01
   953   -0.2389956280E+00
   954   -0.2393674303E+00
   955   -0.2206189350E+01
   956   -0.1347439690E+01
   957   -0.2685323021E+01
   958   -0.2294983910E+00
   959    0.4695807629E+01
   960    0.1341468264E+01
   961    0.1090972534E+01
   962   -0.1363388897E+01
   963    0.2868173810E+01
   964   -0.1754895347E+01
   965   -0.1072759869E+01
   966   -0.2430213891E+00
   967   -0.5055096320E+00
   968   -0.1685964344E+01
   969   -0.6548275154E+00
   970   -0.4348179760E+00
   971   -0.8983780969E+00
   972   -0.1136835748E+01
   973    0.6005472241E+00
   974    0.4763369112E+01
   975    0.3204791817E+01
   976    0.3327706586E+00
   977   -0.4741869189E+00
   978   -0.2159246834E+01
   979    0.1771075273E+01
   980    0.3728094718E+00
   981    0.5391701895E+00
   982   -0.2779902134E+00
   983   -0.3459151333E+01
   984   -0.1653817624E+01
   985    0.2153964600E+01
   986    0.5367320243E+00
   987    0.5115675704E+00
   988    0.3170028873E+00
   989   -0.4993856307E+00
   990   -0.5211232743E+00
   991    0.7693174299E+00
   992   -0.1910978985E+00
   993   -0.1037832743E+01
   994   -0.6868418820E+00
   995    0.1128706439E+00
   996    0.7172291456E+00
   997    0.2422288980E+01
   998    0.1121474574E+01
   999    0.6370786305E+00
  1000   -0.1601100238E+01
  1001   -0.1878304775E+01
  1002   -0.4383463277E+00
  1003    0.7916853409E+00
  1004   -0.3801469919E+00
  1005   -0.1035101899E+00
  1006    0.6336180838E+00
  1007    0.6545426510E+00
  1008   -0.1397479614E+01
  1009   -0.1040847656E+01
  1010    0.1757264430E+00
  1011   -0.4243925038E+00
  1012    0.2303972183E+00
  1013   -0.3791564870E+00
  1014    0.1522488651E+01
  1015    0.1375254771E+01
  1016   -0.4934686371E+00
  1017    0.5173594576E+00
  1018    0.3478371995E+00
  1019   -0.9561064063E+00
  1020   -0.1067097940E+00
  1021   -0.1404452839E+01
  1022    0.6221927619E+00
  1023    0.1810687466E+01
  1024    0.5752992998E+00
  1025   -0.9010919477E+00
  1026   -0.8642110000E+00
  1027   -0.2531958470E+00
  1028   -0.2878957337E+00
  1029   -0.1420664769E+00
  1030    0.6742754474E+00
  1031   -0.4466560045E+00
  1032   -0.1376422692E+01
  1033   -0.1322127491E+01
  1034    0.6538758094E+00
  1035    0.5700728593E+00
  1036    0.7910660106E+00
  1037    0.6845242345E-01
  1038   -0.4465372644E-01
  1039    0.1586011797E+00
  1040   -0.2455818615E+00
  1041   -0.7774297819E+00
  1042   -0.5013906185E+00
  1043    0.4133038783E+00
  1044    0.1268211986E+01
  1045    0.3985883891E+00
  1046   -0.4668932221E+00
  1047   -0.1063240019E+01
  1048   -0.3730749916E+00
  1049    0.2190535992E+00
  1050   -0.5057932307E+00
  1051   -0.4757013159E+00
  1052   -0.9836755288E+00
  1053   -0.7908798148E+00
  1054    0.7249475896E+00
  1055    0.7710168646E+00
  1056   -0.5892114645E+00
  1057   -0.8634154804E+00
  1058   -0.1502597714E+01
  1059   -0.1142235464E+01
  1060    0.2385091838E+00
  1061    0.1138263945E+01
  1062    0.2106884047E+00
  1063    0.1848482556E+01
  1064    0.5678927787E+00
  1065   -0.2290840473E+01
  1066   -0.8461059973E+00
  1067    0.4860769109E+00
  1068    0.3418620883E+00
  1069   -0.1714426941E+01
  1070   -0.7706193213E+00
  1071    0.1832906593E+01
  1072    0.9577754675E+00
  1073    0.5216063739E+00
  1074    0.3744023855E+00
  1075   -0.2582388825E+00
  1076   -0.2308207552E+00
  1077    0.3904782650E+00
  1078    0.4056954054E+00
  1079   -0.1893876951E-01
  1080   -0.2369004495E+00
  1081   -0.1351781303E+00
  1082    0.2029852579E+00
  1083    0.7334037568E-01
  1084   -0.1307021777E+01
  1085   -0.2859464613E+01
  1086    0.2004596572E+01
  1087    0.1654920103E+01
  1088   -0.7824521046E+00
  1089    0.1022634786E-01
  1090    0.1573356109E+01
  1091    0.1171124738E+01
  1092   -0.4292953677E-01
  1093   -0.6425072892E+00
  1094   -0.7300820213E+00
  1095   -0.6353327939E+00
  1096   -0.3216570046E+00
  1097    0.1595892738E+00
  1098    0.3381529382E+00
  1099    0.1997936493E+00
  1100    0.3063347317E+00
  1101    0.4988299630E+00
  1102    0.5770891311E+00
  1103    0.2886736529E+00
  1104    0.1051751801E+00
  1105   -0.3961946509E+00
  1106   -0.1292174742E+01
  1107   -0.1185661148E+01
  1108    0.9805071390E+00
  1109    0.8712752942E+00
  1110    0.2123502954E+00
  1111   -0.3953482290E+00
  1112   -0.8245025080E+00
  1113   -0.1643817247E+00
  1114    0.8680412467E+00
  1115    0.1382680083E+01
  1116    0.8177288666E+00
  1117    0.1173807840E-01
  1118   -0.1473440686E+00
  1119   -0.3209126355E-01
  1120   -0.9215418262E-01
  1121   -0.3554431200E+00
  1122    0.6762986943E-01
  1123    0.4463860736E+00
  1124    0.9370442133E-01
  1125   -0.3888867195E+00
  1126   -0.5345269753E+00
  1127   -0.2558341409E+00
  1128    0.1568452868E+00
  1129    0.6046312787E-01
  1130   -0.3330910351E+00
  1131   -0.5152627522E+00
  1132   -0.1867511004E+00
  1133    0.2503830791E+00
  1134   -0.2625345597E-01
  1135   -0.6766194534E+00
  1136   -0.1606254218E-01
  1137    0.1237222060E+01
  1138    0.7717646683E+00
  1139    0.1657435694E+00
  1140   -0.5407063787E+00
  1141   -0.7289643447E+00
  1142   -0.8248501417E-01
  1143    0.4467940256E+00
  1144    0.4705701078E+00
  1145    0.5088145257E+00
  1146    0.1039694293E+00
  1147   -0.5978513464E+00
  1148   -0.3575200149E+00
  1149    0.8116025466E-02
  1150   -0.3186595181E+00
  1151   -0.5088349859E+00
  1152   -0.4017173689E+00
  1153   -0.6081288659E+00
  1154   -0.8137290766E-02
  1155    0.7591130399E+00
  1156    0.7844234909E+00
  1157    0.4015227470E-01
  1158   -0.1529797065E+00
  1159   -0.9684991025E-01
  1160   -0.1521654597E+00
  1161   -0.9054242034E-01
  1162    0.2444693681E+00
  1163    0.1510255925E+00
  1164   -0.1177563901E+00
  1165   -0.4468502918E-01
  1166   -0.7301877182E-01
  1167   -0.3106599444E+00
  1168   -0.1365220735E+00
  1169    0.2205392498E+00
  1170    0.1783823904E+00
  1171   -0.2866084440E-02
  1172   -0.7958671740E-01
  1173   -0.2176296292E+00
  1174   -0.1499337084E+00
  1175    0.1407567131E-01
  1176    0.1173772291E+00
  1177   -0.2592409924E-01
  1178   -0.1968690782E-01
  1179    0.1436848774E+00
  1180    0.1318978990E+00
  1181   -0.4383727714E-01
  1182   -0.2079630486E+00
  1183   -0.5691361933E+00
  1184   -0.4812728769E+00
  1185   -0.1366345372E+00
  1186    0.2866562309E+00
  1187    0.5491608682E+00
  1188    0.4575448223E+00
  1189    0.2458970405E+00
  1190   -0.5520876619E-01
  1191   -0.1552763875E+00
  1192    0.2004262398E-01
  1193    0.1076837933E+00
  1194   -0.4132927896E-01
  1195   -0.1194508859E+00
  1196    0.1045435910E-01
  1197    0.1737972388E+00
  1198    0.1798505632E+00
  1199    0.1138369221E+00
  1200    0.4268441304E-01
  1201   -0.3684254813E-01
  1202   -0.7216932932E-01
  1203   -0.5191139365E-01
  1204   -0.1513506895E+00
  1205   -0.2778936418E+00
  1206   -0.1023269297E+00
  1207    0.2179000578E+00
  1208    0.1061578976E+00
  1209    0.8358191914E-01
  1210    0.8394161074E-01
  1211   -0.5915745979E-01
  1212   -0.1698297806E+00
  1213   -0.8865391318E-01
  1214    0.4625797416E-01
  1215    0.9937246495E-01
  1216    0.7709553119E-01
  1217   -0.4355189112E-01
  1218   -0.2882675417E-01
  1219   -0.3732641068E-02
  1220   -0.7616223310E-01
  1221   -0.7497349515E-01
  1222    0.2130401523E-01
  1223    0.1320037234E-01
  1224    0.6753851238E-02
  1225    0.6541886655E-01
  1226    0.1055800536E+00
  1227    0.9656140949E-01
  1228    0.3647008270E-01
  1229   -0.8462373328E-02
  1230   -0.1421765611E-01
  1231   -0.4802630332E-01
  1232   -0.8692131095E-01
  1233   -0.2380432735E-01
  1234    0.7754793333E-01
  1235    0.5047798628E-01
  1236   -0.6311229177E-01
  1237   -0.9406462369E-01
  1238    0.8820815033E-04
  1239   -0.1559436668E-01
  1240   -0.5079303393E-01
  1241    0.1952668412E-01
  1242    0.8086817169E-01
  1243    0.5836455080E-01
  1244   -0.1079409561E-02
  1245   -0.1564976501E-02
  1246    0.3904900797E-01
  1247    0.1969841418E-01
  1248   -0.3913719701E-01
  1249   -0.5339417690E-01
  1250    0.2038405478E-01
  1251    0.4048781765E-01
  1252    0.2097598804E-01
  1253    0.1689325125E-01
  1254    0.4254123057E-01
  1255    0.3292815893E-01
  1256    0.5019844410E-02
  1257   -0.9534340931E-02
  1258   -0.1368848530E-01
  1259    0.2631885606E-02
  1260    0.2140770839E-01
  1261    0.2123317704E-01
  1262    0.1012672217E-01
  1263   -0.2024149361E-02
  1264   -0.2789336685E-02
  1265    0.6011826709E-02
  1266    0.6981995096E-02
  1267    0.2468617631E-02
  1268    0.6176831891E-03
  1269    0.1544249273E-03
  1270    0.3860651121E-04
  1271    0.9651645266E-05
  1272    0.2412912410E-05
  1273    0.6032281696E-06
  1274    0.1508070488E-06
  1275    0.3770176749E-07
  1276    0.9425444425E-08
  1277    0.2356359552E-08
  1278    0.5890909982E-09
  1279    0.1472741928E-09
  1280    0.3681763228E-10
  1281    0.9210632257E-11
  1282    0.2302075197E-11
  1283    0.5759837052E-12
  1284    0.1454392162E-12
  1285    0.3297362383E-13
  1286    0.7993605777E-14
  1287   -0.1776356839E-14
  1288    0.1332267630E-14
  1289    0.3330669074E-14
  1290    0.2220446049E-14
  1291   -0.3996802889E-14
  1292   -0.2664535259E-14
  1293   -0.1221245327E-14
  1294    0.0000000000E+00
  1295   -0.2664535259E-14
  1296    0.1332267630E-14
  1297   -0.2664535259E-14
  1298   -0.2220446049E-14
  1299   -0.3552713679E-14
  1300   -0.2220446049E-14
  1301    0.1110223025E-14
  1302   -0.1443289932E-14
  1303    0.3996802889E-14
  1304    0.0000000000E+00
  1305   -0.3552713679E-14
  1306    0.8881784197E-15
  1307    0.1332267630E-14
  1308    0.1554312234E-14
  1309   -0.3552713679E-14
  1310    0.3330669074E-14
  1311   -0.7771561172E-15
  1312    0.8881784197E-15
  1313   -0.3552713679E-14
  1314    0.1443289932E-14
  1315    0.3330669074E-14
  1316   -0.2553512957E-14
  1317   -0.2664535259E-14
  1318    0.8881784197E-15
  1319    0.1776356839E-14
  1320   -0.2664535259E-14
  1321    0.2442490654E-14
  1322    0.0000000000E+00
  1323   -0.1998401444E-14
  1324    0.3108624469E-14
  1325   -0.2553512957E-14
  1326   -0.3552713679E-14
  1327   -0.2220446049E-15
  1328    0.0000000000E+00
  1329   -0.1998401444E-14
  1330    0.1332267630E-14
  1331    0.2220446049E-15
  1332    0.1332267630E-14
  1333   -0.3552713679E-14
  1334   -0.3552713679E-14
  1335    0.1332267630E-14
  1336    0.1332267630E-14
  1337    0.1443289932E-14
  1338    0.1332267630E-14
  1339    0.2220446049E-15
  1340   -0.4440892099E-15
  1341   -0.3552713679E-14
  1342    0.2109423747E-14
  1343    0.0000000000E+00
  1344    0.1887379142E-14
  1345    0.0000000000E+00
  1346   -0.1887379142E-14
  1347    0.0000000000E+00
  1348    0.1332267630E-14
  1349    0.3774758284E-14
  1350   -0.7771561172E-15
  1351   -0.3552713679E-14
  1352   -0.3552713679E-14
  1353    0.1332267630E-14
  1354    0.2664535259E-14
  1355   -0.7771561172E-15
  1356    0.8881784197E-15
  1357   -0.2664535259E-14
  1358    0.0000000000E+00
  1359   -0.3552713679E-14
  1360    0.2220446049E-15
  1361    0.9992007222E-15
  1362   -0.1998401444E-14
  1363    0.0000000000E+00
  1364   -0.2109423747E-14
  1365    0.3552713679E-14
  1366    0.0000000000E+00
  1367    0.0000000000E+00
  1368    0.1332267630E-14
  1369    0.1332267630E-14
  1370    0.0000000000E+00
  1371    0.8881784197E-15
  1372    0.1554312234E-14
  1373   -0.3552713679E-14
  1374    0.3774758284E-14
  1375    0.2664535259E-14
  1376   -0.3552713679E-14
  1377   -0.2664535259E-14
  1378    0.0000000000E+00
  1379    0.3330669074E-14
  1380    0.0000000000E+00
  1381    0.4440892099E-15
  1382    0.1332267630E-14
  1383   -0.2220446049E-14
  1384    0.0000000000E+00
  1385    0.1776356839E-14
  1386    0.3108624469E-14
  1387   -0.1554312234E-14
  1388   -0.3552713679E-14
  1389    0.0000000000E+00
  1390    0.8881784197E-15
  1391    0.0000000000E+00
  1392   -0.2664535259E-14
  1393   -0.3552713679E-14
  1394    0.0000000000E+00
  1395    0.2886579864E-14
  1396    0.0000000000E+00
  1397   -0.1998401444E-14
  1398    0.1332267630E-14
  1399   -0.3552713679E-14
  1400    0.2553512957E-14
  1401    0.0000000000E+00
  1402    0.0000000000E+00
  1403    0.0000000000E+00
  1404    0.1998401444E-14
  1405    0.3552713679E-14
  1406    0.0000000000E+00
  1407    0.0000000000E+00
  1408    0.0000000000E+00
  1409    0.8881784197E-15
  1410    0.3774758284E-14
  1411   -0.4440892099E-15
  1412   -0.3552713679E-14
  1413    0.2220446049E-15
  1414    0.4440892099E-14
  1415   -0.3552713679E-14
  1416   -0.2220446049E-15
  1417    0.0000000000E+00
  1418   -0.3552713679E-14
  1419    0.1332267630E-14
  1420    0.2109423747E-14
  1421   -0.3552713679E-14
  1422    0.8881784197E-15
  1423    0.3996802889E-14
  1424    0.3996802889E-14
  1425   -0.2664535259E-14
  1426   -0.3552713679E-14
  1427   -0.3552713679E-14
  1428    0.1332267630E-14
  1429    0.8881784197E-15
  1430    0.3774758284E-14
  1431    0.1998401444E-14
  1432    0.0000000000E+00
  1433   -0.2220446049E-14
  1434    0.1332267630E-14
  1435   -0.8881784197E-15
  1436   -0.7105427358E-14
  1437    0.3996802889E-14
  1438    0.8881784197E-15
  1439   -0.3552713679E-14
  1440    0.3552713679E-14
  1441    0.1332267630E-14
  1442    0.0000000000E+00
  1443   -0.3552713679E-14
  1444    0.1998401444E-14
  1445    0.0000000000E+00
  1446    0.8881784197E-15
  1447    0.0000000000E+00
  1448    0.8881784197E-15
  1449    0.8881784197E-15
  1450    0.8881784197E-15
  1451    0.1332267630E-14
  1452   -0.2220446049E-15
  1453   -0.2220446049E-14
  1454   -0.3552713679E-14
  1455    0.0000000000E+00
  1456    0.0000000000E+00
  1457    0.3774758284E-14
  1458    0.0000000000E+00
  1459   -0.2664535259E-14
  1460    0.0000000000E+00
  1461    0.1332267630E-14
  1462    0.1998401444E-14
  1463    0.1998401444E-14
  1464   -0.3774758284E-14
  1465    0.2220446049E-15
  1466   -0.3552713679E-14
  1467   -0.1998401444E-14
  1468    0.1332267630E-14
  1469   -0.3552713679E-14
  1470    0.1332267630E-14
  1471    0.8881784197E-15
  1472    0.3996802889E-14
  1473   -0.3552713679E-14
  1474   -0.2664535259E-14
  1475    0.1776356839E-14
  1476    0.0000000000E+00
  1477    0.0000000000E+00
  1478    0.1332267630E-14
  1479    0.0000000000E+00
  1480    0.3774758284E-14
  1481   -0.4440892099E-15
  1482    0.0000000000E+00
  1483   -0.3552713679E-14
  1484    0.1887379142E-14
  1485    0.0000000000E+00
  1486    0.8881784197E-15
  1487    0.3774758284E-14
  1488    0.0000000000E+00
  1489   -0.1110223025E-14
  1490    0.1998401444E-14
  1491   -0.1665334537E-14
  1492   -0.3552713679E-14
  1493    0.0000000000E+00
  1494    0.0000000000E+00
  1495    0.0000000000E+00
  1496    0.1998401444E-14
  1497    0.0000000000E+00
  1498    0.4440892099E-15
  1499    0.0000000000E+00
  1500    0.1293103448E+02
  1501    0.1293103448E+02
  1502    0.0000000000E+00
