    -1    0.0000000000E+00
     0   -0.2329831516E+02
     1   -0.2346242809E+02
     2    0.1423641337E+02
     3   -0.8085734656E+01
     4   -0.1177454462E+01
     5    0.1124341265E+02
     6    0.6470027872E+00
     7   -0.1471007669E+02
     8    0.1856952926E+02
     9   -0.9193749630E+01
    10   -0.4524356368E+01
    11    0.1451697227E+02
    12   -0.8282040756E+01
    13   -0.6900721686E+01
    14    0.1125081209E+02
    15   -0.8258570516E+00
    16    0.2619510367E-02
    17   -0.9605072362E+01
    18    0.5213164757E+01
    19   -0.1354666651E+01
    20    0.1071039900E+02
    21   -0.4382122306E+01
    22   -0.5786061312E+01
    23   -0.1087901408E+02
    24    0.1893995726E+02
    25    0.4905405251E+01
    26   -0.9264482834E+01
    27    0.1426983405E+02
    28   -0.5750754945E+01
    29   -0.1194572146E+02
    30    0.1443918209E+02
    31   -0.3539229920E+01
    32    0.7530228394E+01
    33   -0.1249037461E+02
    34    0.5415520468E+01
    35   -0.1140028172E+01
    36    0.5222730828E+01
    37   -0.4430333960E+01
    38   -0.7836658098E+00
    39    0.5320862905E+01
    40   -0.2990006488E+00
    41    0.2594437602E+01
    42   -0.4733290841E+01
    43    0.4616223114E+01
    44   -0.4867351295E+01
    45    0.3255107556E+01
    46    0.7309238513E+01
    47   -0.7326822813E+01
    48   -0.7081094332E+00
    49    0.3288011883E+01
    50    0.1544165681E+01
    51   -0.6216005175E+00
    52   -0.4699395559E+01
    53    0.4631533280E+01
    54   -0.1895395551E+01
    55    0.1434086843E+01
    56   -0.5293796846E+01
    57    0.5735780882E+01
    58   -0.1195622885E-01
    59    0.1370198213E+01
    60    0.3379654224E+00
    61   -0.1396666057E+01
    62   -0.5836330906E+01
    63    0.1134160190E+02
    64   -0.4915948945E+01
    65    0.2906299631E+01
    66   -0.3717811567E+01
    67    0.7694582341E+00
    68   -0.5688840914E-01
    69   -0.6145149322E+00
    70    0.6407364336E+00
    71    0.5019510567E+01
    72   -0.2791557556E+01
    73   -0.6234480659E+01
    74    0.2099376130E+01
    75    0.2500686171E+01
    76    0.2961910079E+01
    77    0.1072349602E+01
    78   -0.2205497816E+01
    79    0.2800658248E+01
    80   -0.5279954853E+01
    81    0.6659136694E-01
    82    0.1810289154E+01
    83   -0.1394463623E+00
    84   -0.6488233551E+00
    85   -0.8656386577E+01
    86    0.8598461840E+01
    87   -0.2677550184E+01
    88   -0.3171569618E+01
    89    0.4187004004E+01
    90    0.6589727008E+01
    91   -0.5972571697E+01
    92    0.7645106842E+00
    93    0.1117605660E+01
    94   -0.1686079667E+00
    95    0.7606977020E+00
    96   -0.1415795610E+01
    97    0.1431369253E+01
    98   -0.5857045457E+01
    99    0.6089433540E+01
   100    0.1789004540E+01
   101   -0.1193113829E+01
   102    0.1444226214E+01
   103   -0.3427363966E+01
   104   -0.5451870933E+01
   105    0.9139242355E+00
   106    0.5519454244E+01
   107   -0.5003664786E+00
   108   -0.3098340749E+01
   109    0.1052666302E+01
   110    0.5861729009E+01
   111   -0.5004499318E+01
   112    0.4621053649E+00
   113   -0.4090036569E+01
   114    0.7408338286E+01
   115    0.2665978592E+01
   116   -0.1046558702E+01
   117   -0.3195795210E+01
   118   -0.6474790834E+01
   119   -0.1941936343E+00
   120    0.7853078217E+01
   121    0.8768019833E+00
   122   -0.1895617486E+01
   123   -0.4225437234E+01
   124   -0.1325290221E+02
   125    0.1847285962E+02
   126   -0.1151957114E+01
   127   -0.1591994426E+01
   128   -0.1155156011E+02
   129    0.6073736684E+01
   130    0.4150249392E+01
   131   -0.3289129489E+01
   132    0.4463681087E+01
   133    0.2864531540E+01
   134   -0.1409836481E+02
   135    0.1017453252E+02
   136   -0.4162164209E+00
   137   -0.6419025791E+01
   138   -0.1434701276E+01
   139    0.6017237462E+01
   140   -0.4926664762E+00
   141    0.8656321142E+01
   142   -0.7885870779E+01
   143   -0.3765480617E+01
   144    0.1301896259E+01
   145    0.4936646481E+01
   146    0.4403193541E+01
   147   -0.2864144623E+01
   148   -0.1227619133E+02
   149    0.7745153292E+01
   150    0.6461725854E+01
   151   -0.6759898490E+01
   152    0.5007015418E+01
   153   -0.7158202717E+01
   154   -0.1735936626E+01
   155   -0.2929349328E+01
   156   -0.7373745623E+01
   157   -0.4162340927E+00
   158    0.1506355965E+02
   159    0.2075396035E+01
   160   -0.8805909971E+01
   161    0.1241658540E+01
   162    0.5825606253E+01
   163   -0.3343375749E+00
   164   -0.3076702746E+01
   165    0.7502342066E+00
   166   -0.1048406706E+02
   167   -0.5191315167E+01
   168   -0.1852970134E+01
   169    0.7794662470E+01
   170   -0.5209018757E+01
   171   -0.1256456759E+01
   172   -0.2700748083E+01
   173   -0.6314085961E+01
   174    0.3131043965E+01
   175    0.3455959119E+01
   176    0.1729757577E+02
   177   -0.1361088167E+02
   178   -0.1330441773E+02
   179    0.1137145270E+02
   180   -0.4079991981E+01
   181   -0.8249659258E+01
   182    0.1055444899E+02
   183   -0.3363515456E+01
   184    0.2774405042E+01
   185   -0.4826457193E+01
   186   -0.3460172501E+01
   187   -0.3476526139E+01
   188   -0.3405020151E+01
   189   -0.6906128299E+01
   190   -0.7859867423E+01
   191    0.1459578874E+02
   192    0.1167417926E+01
   193   -0.1729155713E+02
   194    0.1290041274E+02
   195   -0.1506146046E+01
   196    0.1048176348E+02
   197    0.9168477154E+01
   198   -0.3061763907E+01
   199    0.1900871979E+02
   200   -0.6738442077E+01
   201   -0.6117724333E+01
   202    0.6035629851E+00
   203    0.9901275842E+00
   204    0.1139240461E+02
   205   -0.1289254624E+02
   206    0.2342955774E+01
   207   -0.6859052325E+00
   208    0.5875380100E+01
   209    0.4789119095E+01
   210   -0.3375739097E+01
   211    0.1005760217E+02
   212   -0.4792608588E+01
   213    0.1129814921E+01
   214   -0.1672601601E+02
   215    0.2058938984E+02
   216    0.1027576453E+00
   217   -0.7302799176E+01
   218    0.2250962210E+01
   219   -0.4689129652E+00
   220   -0.3047323141E+01
   221    0.5550171037E+01
   222   -0.5231699817E+01
   223    0.9046284172E+01
   224   -0.2786201830E+01
   225   -0.1493413143E+01
   226   -0.2961048000E+01
   227    0.6198767788E+01
   228   -0.1501099327E+01
   229    0.3494002415E+00
   230    0.7705880765E+00
   231    0.2565817175E+01
   232    0.2660578013E+01
   233   -0.1887065655E+01
   234    0.9550722319E+00
   235   -0.1897647333E+01
   236   -0.6336709201E+01
   237    0.5167228363E+01
   238   -0.9184428732E+00
   239    0.5736586357E+01
   240   -0.8928029554E+01
   241    0.9576918872E+01
   242   -0.5238286340E+01
   243    0.3768459222E+01
   244   -0.6186069246E+01
   245    0.6697535718E+01
   246   -0.5491613928E+00
   247    0.1120175293E+01
   248    0.2534027809E+01
   249   -0.9139726695E+01
   250    0.5527025486E+01
   251    0.2614538170E+01
   252   -0.3316477564E+01
   253   -0.9476139315E+00
   254    0.3679983685E+01
   255   -0.7511684200E+01
   256    0.1276901055E+01
   257    0.7060558597E+01
   258   -0.5691255185E+01
   259   -0.2888602652E+00
   260    0.4809231509E+01
   261   -0.4463787118E+01
   262    0.2915916222E+01
   263   -0.4786925442E+01
   264    0.5593824120E+01
   265    0.2782115733E+01
   266   -0.2850323788E+01
   267    0.2405531073E+01
   268   -0.4128028138E+01
   269    0.7905096966E+01
   270   -0.7796005278E+01
   271    0.2667683327E+01
   272    0.3857344638E+01
   273   -0.8605007425E+01
   274    0.2060486393E+01
   275    0.2157985729E+01
   276    0.1928842847E+01
   277   -0.8962226380E+00
   278    0.1511387025E+01
   279   -0.8381400123E+01
   280    0.6577105791E+00
   281    0.3372180079E+01
   282    0.4452704507E+01
   283   -0.1849875905E+01
   284    0.2922797428E+01
   285   -0.3956742693E+01
   286    0.3750718006E+01
   287   -0.6760301626E+01
   288    0.1994289234E+01
   289   -0.1080828970E+01
   290    0.3098977941E+01
   291   -0.1157312492E+01
   292    0.1884050442E+01
   293   -0.3279189328E+01
   294   -0.2652233109E+01
   295    0.3015083646E+01
   296    0.4524655768E+01
   297   -0.1350375776E+01
   298   -0.5498804046E+01
   299    0.6766966579E+01
   300   -0.1667737698E+01
   301   -0.1603941165E+01
   302    0.1150062988E+01
   303   -0.2034287056E+01
   304   -0.4224426440E+01
   305    0.5267939930E+01
   306   -0.1215142559E+01
   307   -0.6037134109E+01
   308    0.6615563953E+01
   309   -0.6197499226E+00
   310   -0.1490982806E+01
   311   -0.1136632585E+01
   312    0.3045833288E+01
   313   -0.8815985985E+00
   314   -0.3566075958E+01
   315    0.8542531063E+01
   316    0.6536064831E+00
   317   -0.3281608546E+01
   318   -0.6011452834E+01
   319   -0.2132213646E+01
   320    0.7322503848E+01
   321   -0.1156710599E+01
   322   -0.1997294234E+01
   323   -0.5915615363E+00
   324   -0.3049128569E+01
   325    0.3115469912E+01
   326    0.8336258148E+01
   327   -0.5984388106E+01
   328   -0.7429431720E+01
   329    0.9756163291E+00
   330   -0.2731869005E+01
   331    0.3336039602E+01
   332    0.1079602280E+01
   333   -0.1667478002E+01
   334   -0.6059410944E+01
   335   -0.6065532923E+01
   336    0.1168717736E+02
   337   -0.5103151124E+01
   338   -0.3003381529E+01
   339    0.3984132645E+01
   340    0.1126265762E+02
   341   -0.3373645415E+01
   342   -0.3560348084E+00
   343   -0.7645822710E+01
   344   -0.1441090258E+02
   345    0.9647161736E+01
   346    0.8991434307E+01
   347    0.1810444136E+01
   348   -0.1464055311E+02
   349   -0.4328944834E+01
   350    0.5184955402E+01
   351    0.8277029969E+01
   352    0.3558463996E+01
   353   -0.2345780576E+02
   354    0.1321306763E+02
   355   -0.1394121556E+01
   356    0.5027389421E+01
   357   -0.1355568879E+01
   358   -0.8322365943E+01
   359   -0.1341783245E+01
   360   -0.1890337504E+02
   361    0.5683526207E+01
   362   -0.2023611192E+01
   363    0.7917821328E+01
   364    0.3788876356E+01
   365   -0.2523548366E+01
   366   -0.7668092551E+01
   367   -0.4329172707E+01
   368   -0.8428839019E+01
   369   -0.6868924824E+01
   370    0.1241029045E+02
   371   -0.1056116328E+02
   372   -0.6011385099E+01
   373    0.1575338410E+01
   374   -0.1173182177E+01
   375    0.1901022700E+01
   376    0.1583646951E+02
   377    0.1567696277E+02
   378    0.1076249545E+02
   379    0.7787432222E+01
   380   -0.1011652583E+01
   381   -0.4428786430E+01
   382   -0.9412827854E+01
   383    0.3875482042E+01
   384   -0.1972935062E+02
   385    0.1206715565E+01
   386    0.2385127928E+02
   387   -0.7704367464E+01
   388    0.8918653505E+01
   389   -0.9883553931E+01
   390    0.1182241197E+02
   391   -0.1900101870E+01
   392    0.7517308687E+01
   393    0.1126369824E+01
   394   -0.7870166566E+01
   395    0.1957871043E+01
   396    0.9613054801E+01
   397   -0.6170473476E+01
   398    0.3424951609E+01
   399   -0.1806081761E+01
   400   -0.1116583116E+01
   401   -0.2968088286E+01
   402    0.1165579234E+02
   403   -0.6395666383E+01
   404   -0.1355414061E+00
   405    0.1291192118E+01
   406    0.6126797148E+00
   407   -0.9551809210E+00
   408    0.8684271555E+00
   409    0.4579713606E+01
   410   -0.4566242243E+01
   411    0.5080155974E+01
   412   -0.6615824855E+01
   413    0.4174274456E+01
   414    0.2997923472E-01
   415    0.1606902061E+01
   416    0.2763711588E+00
   417    0.2676990232E+01
   418   -0.1078345327E+01
   419   -0.2987464667E+01
   420    0.2613014705E+01
   421   -0.5978054636E+01
   422    0.6492390141E+01
   423   -0.1676623891E+00
   424    0.6043851664E+00
   425   -0.2169274558E+01
   426    0.2376275431E+01
   427   -0.2131159647E+01
   428    0.2039090048E+01
   429    0.7249382637E+00
   430   -0.6214129962E+00
   431   -0.4933362623E+00
   432    0.3644230386E+01
   433   -0.5852199114E+01
   434   -0.2256996180E+01
   435    0.9669950568E+01
   436   -0.1892644581E+01
   437   -0.1136324776E+01
   438   -0.1495416270E+01
   439   -0.2035468442E+01
   440    0.3794261077E+01
   441   -0.2193255787E+01
   442    0.2567619083E+01
   443    0.3507338728E+00
   444    0.1969573235E+00
   445   -0.1097127189E+01
   446   -0.1965546496E+01
   447    0.1251560645E+01
   448   -0.2738529403E+01
   449    0.3233081694E+01
   450    0.2845434033E+01
   451   -0.4206180292E+01
   452   -0.8808777405E-02
   453    0.1595100932E+01
   454   -0.1500442547E+01
   455    0.3200372327E+01
   456   -0.2325877250E+01
   457   -0.2697957904E+01
   458    0.4927873290E+01
   459   -0.2190867978E+00
   460   -0.3439896900E+01
   461   -0.3807908467E+00
   462    0.3170960549E+01
   463   -0.6769849091E+00
   464   -0.1918014766E+01
   465    0.2099321871E+01
   466    0.5670068824E-01
   467    0.1817873752E+01
   468   -0.2335393437E+01
   469   -0.2628930923E+01
   470    0.5159128056E+01
   471   -0.3749074146E+01
   472    0.1430411307E+01
   473    0.2560305890E+01
   474   -0.4882684726E+00
   475    0.4717280712E+00
   476   -0.4780233937E+01
   477    0.3533199662E+01
   478    0.5146691285E+00
   479    0.2169356130E+01
   480   -0.5966456193E+01
   481    0.1507612034E+01
   482    0.1603883423E+01
   483    0.1193693197E+00
   484    0.1994905400E+01
   485   -0.6822476413E+01
   486    0.1058671892E+01
   487    0.2957391742E+00
   488    0.3316790112E+01
   489   -0.5301783709E+01
   490    0.3446985766E+01
   491    0.1467519050E+01
   492    0.1418920619E+01
   493   -0.5779469080E+01
   494    0.3621552521E+01
   495    0.3293897878E+01
   496   -0.2237231668E+01
   497   -0.2513375387E+01
   498    0.3510890722E+01
   499    0.3604767261E+00
   500    0.2962397449E+00
   501   -0.5705172516E+00
   502   -0.1671912341E+01
   503   -0.1503551072E+01
   504    0.1287743402E+01
   505   -0.3574938419E+01
   506    0.1028776857E+01
   507    0.3192131656E+00
   508    0.2319067843E+01
   509    0.1598941642E+01
   510   -0.3678733245E+01
   511    0.1271137279E+01
   512   -0.7943313741E-01
   513    0.1200984594E+01
   514    0.1988285729E+01
   515    0.1602846062E+01
   516   -0.9717630611E+00
   517   -0.7488314579E+01
   518    0.6052265253E+01
   519   -0.8971025496E+00
   520   -0.8810364299E+00
   521   -0.5513048242E+01
   522    0.3519878861E+01
   523    0.2484982502E+01
   524    0.1592093539E+01
   525   -0.3780318105E+01
   526   -0.3613850201E+01
   527    0.5052503194E+01
   528   -0.2014080235E+01
   529    0.1669293124E+01
   530   -0.2137037658E+01
   531   -0.2535993737E+01
   532    0.7905531317E-01
   533    0.2613187161E+01
   534    0.5224410095E+00
   535    0.2456843603E+01
   536   -0.3107343922E+01
   537   -0.3138741865E+01
   538   -0.2856896889E+01
   539    0.8402268210E+01
   540    0.6081248328E+01
   541   -0.3207407546E+01
   542   -0.5755773518E+01
   543   -0.1920915423E+01
   544   -0.2796674518E+01
   545    0.2418990624E+01
   546    0.5816945318E+01
   547   -0.2342572612E+00
   548   -0.9343905894E+01
   549    0.3688477538E+01
   550    0.2511772189E+01
   551    0.1931083367E+01
   552   -0.3958583142E+01
   553    0.3362647568E+01
   554   -0.9216024047E+01
   555   -0.4991228364E+01
   556    0.1110333903E+02
   557    0.4186693543E+00
   558   -0.1935263149E+01
   559    0.1900036743E+01
   560   -0.3065734469E+01
   561   -0.1979214964E+01
   562   -0.1783473369E+01
   563   -0.2402673839E+01
   564   -0.3914082236E+01
   565    0.2463543270E+01
   566    0.1058843433E+02
   567   -0.8227447687E+01
   568   -0.4836899144E+01
   569   -0.1539768928E+02
   570   -0.6822227004E+01
   571    0.7840169188E+01
   572    0.3430657170E+01
   573   -0.5545361684E+01
   574   -0.4834684925E+01
   575   -0.6159217992E+01
   576    0.1046892574E+02
   577   -0.2395673716E+02
   578   -0.1041951345E+02
   579    0.2136152741E+02
   580   -0.1800861396E+02
   581   -0.7336536488E+01
   582    0.4583784618E+01
   583    0.8497417756E+01
   584   -0.1225534649E+01
   585   -0.5018559298E+01
   586   -0.7677920249E+01
   587    0.1032361265E+02
   588    0.7544940012E+01
   589    0.1139230050E+02
   590   -0.1868043956E+01
   591    0.8189821553E+01
   592   -0.1196426135E+02
   593   -0.5777388302E+01
   594   -0.3869201901E+01
   595    0.7780805463E+01
   596    0.9902547844E+01
   597    0.7715717231E+01
   598    0.6828587585E+01
   599   -0.7786098392E+00
   600    0.1175492745E+01
   601    0.9953541087E+01
   602   -0.1129594778E+02
   603    0.1490291312E+01
   604    0.1249200713E+02
   605   -0.3033512881E+01
   606    0.2099569474E+01
   607   -0.5421091765E+01
   608   -0.7972104674E+01
   609    0.3914888228E+01
   610    0.1404967630E+02
   611   -0.1119243120E+00
   612   -0.5081874238E+01
   613    0.4382063795E+01
   614    0.1036256711E+01
   615   -0.1342319863E-01
   616   -0.8129952307E+01
   617   -0.4937032175E+00
   618    0.9626598466E+01
   619    0.9167657900E+00
   620   -0.9520364391E+01
   621    0.4781649893E+01
   622    0.5686194245E+01
   623   -0.3445481521E+01
   624    0.2205178076E+01
   625    0.3748978139E+01
   626   -0.2995787210E+01
   627    0.6813068708E+00
   628   -0.1335448804E+01
   629   -0.1008899473E+01
   630    0.2102914127E+01
   631   -0.3860529332E+01
   632    0.3255687440E+01
   633    0.5383992135E+01
   634   -0.3737197890E+01
   635    0.7351170514E+00
   636    0.1481944299E+01
   637   -0.6861697667E+01
   638    0.9433076007E+01
   639   -0.3647934382E+01
   640    0.4951620652E+01
   641   -0.7582984088E+01
   642   -0.6301508481E+00
   643    0.7884138071E+01
   644   -0.4368562284E+01
   645    0.1352638284E+01
   646   -0.2287552373E+01
   647    0.7631843740E+01
   648   -0.1022988985E+00
   649   -0.5895455045E+01
   650    0.1901819207E+01
   651   -0.5971146086E+01
   652    0.1272398045E+00
   653    0.9483200215E+01
   654   -0.5238005605E+01
   655   -0.5171195886E+00
   656    0.9086924564E+00
   657    0.9501305237E+00
   658    0.5505588527E+01
   659   -0.8722028971E+01
   660   -0.5654155405E+00
   661    0.3933876049E+01
   662   -0.3022922578E+00
   663   -0.5210535854E+00
   664   -0.3544754930E+01
   665    0.7077532562E+01
   666   -0.1627112165E+01
   667   -0.2011996998E+01
   668    0.1904462706E+01
   669   -0.5222919176E+01
   670    0.8018254033E+01
   671   -0.3060418099E+01
   672   -0.7708846070E+01
   673    0.6011890057E+01
   674    0.1578677175E+01
   675    0.5535485815E+01
   676   -0.1328091977E+02
   677    0.6205777762E+01
   678    0.5232013300E+01
   679   -0.8611566350E+01
   680    0.7504470752E+01
   681   -0.2762543925E+01
   682   -0.8892549016E+00
   683    0.1473904906E+00
   684    0.1125723777E+01
   685    0.3044402851E+01
   686   -0.8948291880E+01
   687    0.3330597108E+01
   688   -0.1439173830E+01
   689    0.6513510749E+01
   690    0.4532027955E+01
   691   -0.1064713054E+02
   692   -0.6551804495E+00
   693   -0.3998140053E+01
   694    0.9268230064E+01
   695   -0.7005806660E+01
   696    0.6594703198E+01
   697    0.1933819413E+01
   698   -0.1047838563E+02
   699    0.4403520915E+01
   700   -0.3180580949E+01
   701    0.3906161984E+01
   702    0.2452343355E+01
   703   -0.9642815244E+00
   704    0.3293544984E+01
   705   -0.3869958861E+01
   706    0.1772542051E+01
   707   -0.4591076338E+01
   708   -0.3184008786E+00
   709    0.3981673579E+01
   710    0.3991858459E+00
   711   -0.1364140148E+01
   712   -0.2642993541E+01
   713    0.1330607583E+01
   714    0.3573578117E+01
   715   -0.6659495061E+01
   716    0.1947949109E+01
   717   -0.2011251770E+01
   718    0.7811425613E+01
   719   -0.8337913954E+01
   720    0.8056574544E+01
   721   -0.3538324235E+01
   722    0.1760364034E+01
   723   -0.1237755620E+02
   724    0.3124728202E+01
   725    0.1212584933E+01
   726   -0.5251082549E+01
   727    0.1236383707E+02
   728   -0.1507956658E+02
   729    0.1641415228E+02
   730   -0.4384485231E+01
   731   -0.1603443784E+02
   732    0.9998623630E+01
   733    0.1403174045E+01
   734   -0.2563013620E+01
   735   -0.6216120255E+01
   736    0.1884161261E+01
   737    0.9695102334E+01
   738   -0.4265322051E+01
   739   -0.3378209394E+01
   740    0.1576525495E+01
   741   -0.4508958043E+01
   742   -0.3742285129E+01
   743    0.3548815322E+01
   744   -0.1793090490E+02
   745    0.1240081760E+02
   746    0.1526760000E+01
   747    0.1004762488E+02
   748   -0.1683004293E+02
   749    0.2617856021E+01
   750    0.1664912649E+01
   751    0.3321525538E+01
   752   -0.6843294727E+01
   753    0.2424947519E+01
   754    0.3330757888E+01
   755   -0.1216948107E+02
   756    0.8150217528E+01
   757   -0.1273101484E+02
   758    0.4554062626E+01
   759    0.1533682716E+01
   760    0.4582877212E+01
   761   -0.2650241777E+02
   762    0.2268035862E+02
   763    0.1066148397E+00
   764    0.6258241153E+00
   765   -0.1292143088E+01
   766   -0.8393051439E+01
   767    0.1812278879E+02
   768   -0.1917934188E+02
   769    0.9869279556E+00
   770    0.5281794429E+01
   771    0.3559235197E+01
   772   -0.1540973244E+02
   773    0.1884964732E+01
   774   -0.3161884641E+00
   775    0.1896857605E+02
   776   -0.1142422375E+02
   777   -0.3740726824E+01
   778    0.9350434535E+01
   779   -0.6825660911E+01
   780    0.4909899744E+01
   781    0.8163211552E+00
   782    0.8561884723E+01
   783   -0.2973521455E+01
   784   -0.7282014840E+01
   785    0.6064179164E+01
   786    0.5130558666E+01
   787    0.1250043468E+02
   788   -0.1960485489E+02
   789    0.7763721538E+00
   790    0.4774689331E+01
   791    0.4497253884E+01
   792    0.5263333044E+01
   793   -0.8465110194E+01
   794    0.9607435424E+01
   795    0.2621696111E+00
   796    0.4179414728E+01
   797   -0.1904447423E+02
   798    0.1983345672E+01
   799    0.1306294672E+02
   800   -0.8295517758E+01
   801    0.5372874792E+01
   802    0.4889100673E+01
   803   -0.6887169640E+01
   804   -0.5086265939E-01
   805   -0.2792861740E+01
   806    0.9446041542E+01
   807    0.8038601204E+00
   808   -0.3741535284E+01
   809    0.6272022999E+01
   810    0.1560519147E+01
   811    0.5250073701E+00
   812   -0.6184427367E+01
   813   -0.9020608794E+01
   814    0.1226370653E+02
   815   -0.2225226063E+01
   816    0.1689241896E+01
   817   -0.4378597713E+00
   818   -0.8897516282E+01
   819    0.1253714003E+02
   820    0.4503299513E+01
   821   -0.1037929973E+02
   822    0.3207972489E+01
   823    0.4440628401E+01
   824   -0.5128773982E+01
   825   -0.3082674297E+01
   826    0.3023618028E+01
   827    0.2921766135E+01
   828    0.6127673066E+01
   829   -0.1780602924E+02
   830    0.1440543521E+02
   831   -0.2433121156E+01
   832   -0.5316980985E+01
   833    0.4781102269E+01
   834   -0.2170495920E+01
   835    0.4751290557E+01
   836   -0.1462710637E+01
   837   -0.8912350374E+00
   838    0.3950734798E+01
   839   -0.7683515986E+01
   840    0.6345010294E+01
   841    0.8151535767E+00
   842    0.5945080594E+00
   843   -0.4818439605E+01
   844   -0.8550766758E+00
   845    0.4972072527E+01
   846   -0.7790222240E+00
   847   -0.5265916731E+01
   848    0.3119930029E+01
   849   -0.2169444928E+01
   850    0.5381265669E+01
   851   -0.2684970181E+01
   852   -0.5630642197E+00
   853    0.3671576102E+01
   854   -0.5007644835E+01
   855    0.1833572763E+01
   856    0.5503562267E+01
   857   -0.6245433510E+01
   858    0.1214935760E+01
   859   -0.9825001513E+00
   860   -0.1677503790E+01
   861   -0.2164003168E+01
   862    0.4622704829E+01
   863   -0.8611315833E-01
   864   -0.5261006211E+01
   865    0.4423972612E+01
   866    0.4428252246E+01
   867   -0.3634768516E+01
   868   -0.4413174857E+01
   869   -0.4135784192E+01
   870    0.8776917361E+01
   871   -0.3428593414E+01
   872    0.3283916191E+01
   873   -0.1779796569E+01
   874   -0.2293330189E+01
   875    0.3052609947E+01
   876    0.1406570988E+01
   877    0.1873600527E+01
   878   -0.4430436024E+01
   879    0.2880253482E+00
   880    0.3977133682E+01
   881   -0.6883094561E+00
   882   -0.6117138106E+00
   883   -0.4077593649E+01
   884   -0.7191823827E+01
   885    0.9769330607E+01
   886   -0.4451489988E+01
   887    0.2597556704E+01
   888    0.2668954344E+01
   889    0.4301388874E+01
   890   -0.1421242534E+02
   891    0.8733738445E+01
   892   -0.7389869578E+01
   893   -0.1227211961E+01
   894    0.2592984477E+01
   895   -0.6102026421E+01
   896    0.1649872707E+02
   897   -0.6361982618E+01
   898   -0.1718641865E+01
   899   -0.3113390635E+01
   900   -0.8081742101E+01
   901    0.5177421170E+01
   902    0.3992345553E+01
   903   -0.3827507780E+01
   904    0.5561076453E+01
   905   -0.9550701146E+01
   906   -0.4750894443E+01
   907    0.6588745905E+01
   908    0.9693719094E+00
   909    0.1630988951E+01
   910   -0.1337039261E+00
   911   -0.8718278589E+01
   912    0.1185015645E+02
   913   -0.6604532629E+00
   914   -0.3058455268E+01
   915    0.4681443140E+01
   916   -0.1222495756E+02
   917    0.3084818286E+01
   918   -0.6194491190E+01
   919    0.2819456496E+01
   920    0.6952154439E+01
   921   -0.3647883259E+01
   922    0.1749365131E+00
   923    0.1133852178E+02
   924   -0.4652503512E+01
   925   -0.6165976819E+01
   926   -0.5770459098E+01
   927    0.1457464374E+02
   928   -0.4943254077E+01
   929    0.9221201020E+00
   930   -0.9563228299E+01
   931   -0.1595614686E+01
   932    0.7951797415E+01
   933   -0.5322397149E+01
   934    0.1045617006E+01
   935    0.4373636619E+01
   936   -0.2720321633E+01
   937    0.2049607200E-01
   938    0.2622068718E+01
   939   -0.6620799349E+01
   940    0.9863624049E+01
   941   -0.5235770377E+01
   942    0.2392295155E+01
   943   -0.7830815715E+01
   944   -0.1941630547E+01
   945    0.2331307115E+01
   946   -0.2641013451E+01
   947    0.2430652323E+01
   948    0.7526582133E+01
   949   -0.2231871970E+01
   950    0.3426777554E+01
   951   -0.7172949265E+01
   952   -0.2510553973E+01
   953    0.3370923284E+01
   954    0.3811501798E+01
   955   -0.5948775815E+01
   956    0.6353508779E+01
   957   -0.3710851544E+00
   958    0.1588120368E+01
   959   -0.5307378802E+01
   960    0.1931599581E+01
   961    0.2860093807E+01
   962    0.1525671805E+01
   963   -0.1361481649E+01
   964   -0.3679978246E+01
   965    0.3154984303E+01
   966   -0.1302834846E+01
   967    0.1913603338E+00
   968    0.2176072017E+00
   969    0.1158675855E+01
   970    0.1536674683E+01
   971    0.4034285714E+01
   972    0.3156854053E+00
   973   -0.4553061459E+01
   974   -0.5726358850E+00
   975    0.3850995886E+00
   976   -0.6876445483E+00
   977    0.2353444041E+01
   978    0.1107531610E+01
   979   -0.1321849507E+01
   980   -0.2391615102E+01
   981    0.1587464490E+00
   982    0.4418304144E+01
   983   -0.2478746036E+00
   984    0.3162440954E+00
   985    0.1643633636E+00
   986   -0.1015281639E-01
   987    0.2747631253E+00
   988   -0.2286839370E+00
   989   -0.1568275101E+01
   990   -0.1177212221E+01
   991   -0.4191749388E+00
   992    0.4123241502E-01
   993    0.3659774422E+00
   994    0.7084428425E+00
   995   -0.2355799904E+00
   996    0.2862274742E-01
   997    0.1684827041E+01
   998    0.7593458602E+00
   999    0.2945265880E+00
  1000   -0.2865362051E+00
  1001   -0.7866167105E+00
  1002   -0.1247651615E+00
  1003    0.1801183864E+01
  1004    0.2006025539E+00
  1005   -0.2660917563E+00
  1006    0.8302880795E+00
  1007   -0.1238701875E+01
  1008    0.1414776193E-03
  1009   -0.5355822867E+00
  1010   -0.5024610264E-01
  1011    0.1150487168E+00
  1012    0.1111054126E+00
  1013    0.9208229983E+00
  1014    0.1684446689E+01
  1015   -0.6515056763E+00
  1016   -0.2413049456E-01
  1017   -0.4223511090E+00
  1018   -0.1921926044E+01
  1019   -0.5522616200E-01
  1020    0.1237386312E+01
  1021    0.2394992192E+01
  1022    0.6847028382E+00
  1023   -0.6167388519E+00
  1024   -0.1817219619E+01
  1025    0.6008485825E-01
  1026    0.3871302739E-01
  1027    0.1536133926E+01
  1028    0.5265899788E+00
  1029   -0.8961162745E+00
  1030   -0.8784244069E+00
  1031   -0.1206256728E+01
  1032   -0.3307310771E+00
  1033    0.7388855348E+00
  1034   -0.4390280734E+00
  1035   -0.8433635844E+00
  1036    0.8836217779E+00
  1037    0.1307546300E+01
  1038    0.4753055159E+00
  1039   -0.9022675879E+00
  1040   -0.5083403822E+00
  1041   -0.1135917474E-01
  1042   -0.1907855741E+00
  1043   -0.1494184696E+01
  1044   -0.3835202921E+00
  1045    0.1274841318E+01
  1046    0.1135322530E+01
  1047    0.4260702653E+00
  1048    0.1122393133E+01
  1049   -0.1416439026E+01
  1050   -0.4529062940E+00
  1051    0.7834973322E+00
  1052   -0.3173505934E+00
  1053    0.2507297005E+00
  1054   -0.7786991689E+00
  1055    0.1535319873E+01
  1056    0.2116651073E+00
  1057    0.2245214709E+00
  1058   -0.8320229794E+00
  1059   -0.2441576564E+00
  1060   -0.1047852073E+01
  1061    0.4931865257E+00
  1062    0.5199924506E+00
  1063    0.8068703224E+00
  1064    0.1362252331E+01
  1065   -0.9891933039E+00
  1066   -0.1583805921E+01
  1067   -0.8106214098E+00
  1068   -0.6898497411E+00
  1069    0.2457661671E+00
  1070   -0.6652197163E+00
  1071   -0.1881392830E+01
  1072   -0.2084813182E+00
  1073    0.9467571623E+00
  1074    0.3931440343E+00
  1075   -0.1829334942E+00
  1076   -0.7385824418E+00
  1077   -0.3073954301E+00
  1078    0.2971644251E+00
  1079    0.1060536828E+01
  1080    0.1655895179E+01
  1081    0.2376984958E+00
  1082   -0.6123670719E+00
  1083   -0.1523540282E+01
  1084   -0.2766378715E+01
  1085   -0.8726035081E+00
  1086    0.9889869891E-01
  1087    0.3799129127E+00
  1088    0.8714010379E+00
  1089    0.4260177954E+00
  1090   -0.8421966464E+00
  1091   -0.3317694557E+01
  1092   -0.1844570034E+01
  1093    0.3459921223E+01
  1094    0.7619340845E+00
  1095   -0.8768629887E+00
  1096   -0.2612117385E+01
  1097    0.4591773284E+00
  1098    0.3936211122E+01
  1099   -0.4168038957E+00
  1100   -0.2106960806E+01
  1101   -0.7631646094E+00
  1102    0.4045301748E-01
  1103    0.1911339872E+01
  1104    0.3922648987E+00
  1105   -0.5630190115E+00
  1106    0.3385532390E+00
  1107    0.1273721185E+01
  1108    0.4616893208E+00
  1109   -0.2202251996E+00
  1110   -0.6597781319E+00
  1111    0.1580957104E+00
  1112    0.7036433195E+00
  1113    0.1038931109E+01
  1114    0.4759333111E+00
  1115   -0.7024388036E+00
  1116   -0.1737931307E+01
  1117    0.4017254956E+00
  1118    0.1489163506E+01
  1119    0.5849050053E+00
  1120   -0.1386065347E+00
  1121   -0.3339423830E+00
  1122   -0.4136803956E+00
  1123   -0.6499164447E+00
  1124   -0.5318181848E+00
  1125    0.1777441846E+00
  1126    0.4364826607E+00
  1127    0.1787975868E+00
  1128    0.2815402365E+00
  1129    0.5058911932E+00
  1130    0.1186236051E+00
  1131   -0.5674828909E+00
  1132   -0.5301100336E+00
  1133    0.1834911257E+00
  1134    0.3810970025E+00
  1135    0.6039034207E+00
  1136    0.4588515907E+00
  1137    0.3236329089E+00
  1138    0.1185466495E+00
  1139   -0.5414821551E+00
  1140   -0.6501305871E+00
  1141   -0.1086828471E-01
  1142    0.2657657514E+00
  1143   -0.7755092357E-01
  1144   -0.4449646517E+00
  1145   -0.3637722186E+00
  1146    0.1687958547E+00
  1147    0.4732393787E+00
  1148    0.3336621657E+00
  1149    0.1342306377E+00
  1150    0.1896281379E+00
  1151    0.2005113642E+00
  1152    0.2462283537E+00
  1153    0.2971550748E+00
  1154   -0.4932667632E-01
  1155   -0.2279051211E+00
  1156   -0.2546400447E+00
  1157   -0.6968601274E-01
  1158    0.1572245863E+00
  1159    0.2835078398E-01
  1160   -0.1009652231E+00
  1161    0.3610589657E-01
  1162    0.2621409757E+00
  1163    0.2441692808E+00
  1164   -0.3176035268E+00
  1165   -0.7608838117E+00
  1166   -0.4489699509E+00
  1167    0.1270385513E+00
  1168    0.4719410356E+00
  1169    0.5923429428E+00
  1170    0.3406310423E+00
  1171    0.6877929293E-01
  1172    0.1526521857E+00
  1173   -0.2311062528E+00
  1174   -0.7536741801E+00
  1175   -0.7634476299E+00
  1176   -0.3807772981E-01
  1177    0.5064781961E+00
  1178    0.3344000077E+00
  1179    0.3845832477E-01
  1180    0.1757783771E-01
  1181   -0.3736256529E-01
  1182   -0.1361452377E-03
  1183    0.2123009586E-01
  1184   -0.1804441192E+00
  1185   -0.3717698721E-01
  1186    0.2039293499E+00
  1187    0.1108653944E+00
  1188   -0.1669444063E+00
  1189   -0.3349847836E+00
  1190   -0.1816885266E+00
  1191    0.1140000008E+00
  1192    0.1808058772E+00
  1193   -0.1038273438E+00
  1194   -0.2923174548E+00
  1195   -0.1430170778E+00
  1196    0.9534758483E-01
  1197    0.2420283312E+00
  1198    0.1836230365E+00
  1199   -0.8160740565E-01
  1200   -0.1535217455E+00
  1201    0.1674369061E+00
  1202    0.1455571610E+00
  1203    0.4952141857E-02
  1204   -0.5458095082E-01
  1205   -0.2556771675E+00
  1206   -0.4227894107E+00
  1207   -0.2267272553E-01
  1208    0.3973964486E+00
  1209    0.2308308804E+00
  1210   -0.2073375112E+00
  1211   -0.3406136186E+00
  1212   -0.2430192592E+00
  1213   -0.2040441448E+00
  1214   -0.2975470174E+00
  1215    0.3022295772E+00
  1216    0.4285354529E+00
  1217    0.2349948545E+00
  1218   -0.1356600231E+00
  1219   -0.1358923484E+00
  1220    0.7258071135E-01
  1221    0.2266603673E+00
  1222    0.2551852438E+00
  1223    0.1823330571E+00
  1224    0.6567872025E-01
  1225   -0.1376262704E+00
  1226   -0.2416475109E+00
  1227   -0.1520463926E+00
  1228    0.4588056911E-01
  1229    0.2381912020E+00
  1230    0.2288636311E+00
  1231    0.1648225510E+00
  1232    0.1264892640E-01
  1233   -0.1046101582E+00
  1234   -0.2126907988E+00
  1235   -0.3105719555E+00
  1236   -0.2748426462E+00
  1237   -0.3272400657E-01
  1238    0.2674859180E+00
  1239    0.2112400776E+00
  1240    0.5534213107E-01
  1241   -0.2025483228E-01
  1242   -0.9550887371E-01
  1243   -0.9726229704E-01
  1244    0.2513510928E-01
  1245    0.4553529345E-01
  1246    0.9976564683E-02
  1247    0.3774304724E-01
  1248   -0.6811146332E-02
  1249   -0.1190808810E+00
  1250   -0.1219529916E+00
  1251   -0.1836773054E-02
  1252    0.1152329498E+00
  1253    0.1164715619E+00
  1254    0.4137925667E-01
  1255   -0.5004734636E-01
  1256   -0.7829364057E-01
  1257   -0.4794078528E-01
  1258    0.2270412835E-01
  1259    0.6102022518E-01
  1260    0.3449045308E-01
  1261    0.5219635859E-01
  1262    0.4467945175E-01
  1263   -0.1209934690E-01
  1264   -0.5638980124E-01
  1265   -0.2518638635E-01
  1266    0.2295917326E-01
  1267    0.1640601974E-01
  1268    0.1699516721E-02
  1269   -0.1444643352E-01
  1270   -0.5766523394E-01
  1271   -0.1006379081E+00
  1272   -0.5587307756E-01
  1273    0.5727743472E-02
  1274    0.7825323696E-01
  1275    0.8707108640E-01
  1276    0.3396538128E-01
  1277   -0.3267006078E-02
  1278   -0.1567442914E-02
  1279    0.1483125684E-01
  1280    0.1118063994E-01
  1281   -0.3004376552E-01
  1282   -0.5317818089E-01
  1283    0.4024988061E-01
  1284    0.3154292145E-01
  1285    0.1152483732E-01
  1286    0.2374403152E-01
  1287    0.4077675840E-01
  1288    0.3091024518E-01
  1289    0.2854738440E-02
  1290   -0.1609370893E-01
  1291   -0.1660985897E-02
  1292    0.2533028628E-01
  1293    0.2359545612E-01
  1294    0.9262284921E-02
  1295    0.2239495696E-02
  1296    0.2991055637E-03
  1297    0.6564993437E-02
  1298    0.7497806626E-02
  1299    0.2781868986E-02
  1300    0.6984655182E-03
  1301    0.1746216025E-03
  1302    0.4365575779E-04
  1303    0.1091396177E-04
  1304    0.2728491836E-05
  1305    0.6821230494E-06
  1306    0.1705307659E-06
  1307    0.4263269243E-07
  1308    0.1065817135E-07
  1309    0.2664538035E-08
  1310    0.6661375063E-09
  1311    0.1665320382E-09
  1312    0.4162653555E-10
  1313    0.1041391973E-10
  1314    0.2602917881E-11
  1315    0.6477041126E-12
  1316    0.1624256285E-12
  1317    0.4035660695E-13
  1318    0.7549516567E-14
  1319    0.0000000000E+00
  1320    0.0000000000E+00
  1321    0.0000000000E+00
  1322    0.8881784197E-15
  1323    0.3552713679E-14
  1324    0.0000000000E+00
  1325    0.0000000000E+00
  1326    0.0000000000E+00
  1327    0.1887379142E-14
  1328    0.2109423747E-14
  1329    0.0000000000E+00
  1330    0.0000000000E+00
  1331    0.1776356839E-14
  1332    0.1332267630E-14
  1333    0.4884981308E-14
  1334    0.1998401444E-14
  1335   -0.6661338148E-15
  1336   -0.3552713679E-14
  1337    0.0000000000E+00
  1338    0.0000000000E+00
  1339    0.0000000000E+00
  1340    0.0000000000E+00
  1341    0.8881784197E-15
  1342    0.0000000000E+00
  1343    0.1776356839E-14
  1344    0.5551115123E-15
  1345    0.0000000000E+00
  1346    0.0000000000E+00
  1347    0.8881784197E-15
  1348    0.1554312234E-14
  1349   -0.1998401444E-14
  1350   -0.3552713679E-14
  1351   -0.3552713679E-14
  1352    0.8881784197E-15
  1353    0.5551115123E-14
  1354    0.6328271240E-14
  1355    0.0000000000E+00
  1356    0.1554312234E-14
  1357    0.0000000000E+00
  1358    0.3996802889E-14
  1359    0.3774758284E-14
  1360   -0.1554312234E-14
  1361   -0.4440892099E-14
  1362   -0.1998401444E-14
  1363   -0.2664535259E-14
  1364   -0.2664535259E-14
  1365    0.1554312234E-14
  1366   -0.7771561172E-15
  1367   -0.1443289932E-14
  1368    0.1554312234E-14
  1369   -0.3552713679E-14
  1370   -0.3552713679E-14
  1371    0.0000000000E+00
  1372    0.8881784197E-15
  1373    0.6328271240E-14
  1374    0.0000000000E+00
  1375    0.1554312234E-14
  1376    0.0000000000E+00
  1377    0.2220446049E-15
  1378    0.1998401444E-14
  1379   -0.1554312234E-14
  1380   -0.3774758284E-14
  1381   -0.2664535259E-14
  1382   -0.3552713679E-14
  1383    0.8881784197E-15
  1384    0.0000000000E+00
  1385    0.0000000000E+00
  1386    0.3774758284E-14
  1387    0.3552713679E-14
  1388   -0.3552713679E-14
  1389    0.1443289932E-14
  1390    0.0000000000E+00
  1391   -0.2220446049E-14
  1392    0.2775557562E-14
  1393    0.0000000000E+00
  1394    0.0000000000E+00
  1395    0.0000000000E+00
  1396    0.0000000000E+00
  1397    0.0000000000E+00
  1398    0.0000000000E+00
  1399    0.1332267630E-14
  1400    0.3552713679E-14
  1401    0.0000000000E+00
  1402    0.1332267630E-14
  1403    0.0000000000E+00
  1404    0.0000000000E+00
  1405    0.8881784197E-15
  1406    0.1998401444E-14
  1407   -0.8881784197E-15
  1408    0.0000000000E+00
  1409    0.1332267630E-14
  1410    0.1332267630E-14
  1411    0.0000000000E+00
  1412    0.2664535259E-14
  1413    0.0000000000E+00
  1414   -0.3552713679E-14
  1415    0.0000000000E+00
  1416    0.0000000000E+00
  1417    0.8881784197E-15
  1418    0.1332267630E-14
  1419    0.1221245327E-14
  1420    0.3552713679E-14
  1421    0.0000000000E+00
  1422    0.8881784197E-15
  1423    0.0000000000E+00
  1424   -0.8881784197E-15
  1425    0.2220446049E-15
  1426   -0.3552713679E-14
  1427    0.0000000000E+00
  1428    0.0000000000E+00
  1429    0.8881784197E-15
  1430    0.0000000000E+00
  1431   -0.3552713679E-14
  1432    0.3108624469E-14
  1433    0.0000000000E+00
  1434   -0.3552713679E-14
  1435    0.8881784197E-15
  1436    0.0000000000E+00
  1437    0.1776356839E-14
  1438    0.6883382753E-14
  1439    0.1332267630E-14
  1440   -0.1998401444E-14
  1441   -0.3552713679E-14
  1442    0.0000000000E+00
  1443    0.0000000000E+00
  1444    0.0000000000E+00
  1445    0.1332267630E-14
  1446    0.1554312234E-14
  1447   -0.2220446049E-14
  1448   -0.2664535259E-14
  1449    0.3552713679E-14
  1450    0.0000000000E+00
  1451    0.2109423747E-14
  1452    0.0000000000E+00
  1453    0.1554312234E-14
  1454    0.1332267630E-14
  1455   -0.1998401444E-14
  1456   -0.2664535259E-14
  1457    0.2109423747E-14
  1458    0.0000000000E+00
  1459    0.8881784197E-15
  1460    0.3774758284E-14
  1461    0.0000000000E+00
  1462   -0.2664535259E-14
  1463    0.5329070518E-14
  1464    0.3108624469E-14
  1465    0.0000000000E+00
  1466   -0.2664535259E-14
  1467    0.3552713679E-14
  1468    0.0000000000E+00
  1469    0.3996802889E-14
  1470    0.3996802889E-14
  1471   -0.2664535259E-14
  1472   -0.3552713679E-14
  1473    0.0000000000E+00
  1474    0.1443289932E-14
  1475    0.0000000000E+00
  1476   -0.3552713679E-14
  1477    0.1776356839E-14
  1478    0.2664535259E-14
  1479    0.1332267630E-14
  1480    0.0000000000E+00
  1481    0.0000000000E+00
  1482    0.2109423747E-14
  1483    0.3774758284E-14
  1484   -0.4440892099E-15
  1485   -0.3552713679E-14
  1486    0.0000000000E+00
  1487    0.0000000000E+00
  1488    0.0000000000E+00
  1489    0.8881784197E-15
  1490    0.3108624469E-14
  1491   -0.8881784197E-15
  1492   -0.2664535259E-14
  1493    0.9992007222E-15
  1494    0.0000000000E+00
  1495   -0.3552713679E-14
  1496   -0.2220446049E-14
  1497    0.2220446049E-15
  1498   -0.7771561172E-15
  1499   -0.4884981308E-14
  1500    0.1293103448E+02
  1501    0.1293103448E+02
  1502    0.0000000000E+00
