    -1   -0.1282166176E+02
     0   -0.6008729860E+01
     1    0.2928126432E+01
     2   -0.1213784649E+02
     3    0.3944241821E+01
     4   -0.1345245251E+02
     5   -0.1276347994E+02
     6    0.1385078924E+02
     7    0.4306982224E+01
     8   -0.2905114209E+01
     9   -0.7848153214E+01
    10    0.7499978495E+01
    11    0.7356612734E+01
    12   -0.1822142585E+02
    13   -0.2001351832E+01
    14    0.1313772071E+02
    15    0.1018948595E+01
    16   -0.1492178782E+02
    17   -0.7618309807E+01
    18    0.5082511171E+01
    19    0.5094279458E+01
    20    0.4732109760E+01
    21   -0.1322365601E+02
    22    0.2782360922E+01
    23    0.5220428315E+01
    24   -0.1007607791E+02
    25   -0.3251098625E+01
    26    0.4271109625E+01
    27    0.8403924556E+01
    28   -0.1875135062E+02
    29    0.5547289934E+01
    30    0.2130193845E+02
    31   -0.2816592961E+00
    32   -0.3434231105E+01
    33    0.1071626340E+02
    34    0.1716791322E+01
    35   -0.4577857427E+01
    36   -0.1172075639E+02
    37    0.2051559103E+02
    38    0.2078153077E+01
    39    0.4899310879E+00
    40   -0.6428122352E+01
    41   -0.1676513925E+01
    42    0.3037788248E+01
    43    0.7272289914E+00
    44    0.1132794962E+02
    45   -0.6002382461E+01
    46   -0.6819608612E+01
    47    0.7354885281E+01
    48    0.4569621767E+01
    49   -0.5258892700E+01
    50    0.1824911890E+01
    51    0.3111996137E+01
    52   -0.1050786813E+02
    53    0.6007965057E+01
    54    0.8458502640E+01
    55   -0.1209718434E+02
    56    0.5702744895E+01
    57    0.7826464751E+01
    58   -0.6833955413E+01
    59   -0.2431837307E+01
    60    0.3140587581E+01
    61    0.4204599631E+01
    62   -0.1629585448E+01
    63   -0.1831057652E+01
    64   -0.2860953753E+01
    65    0.7853116085E+01
    66   -0.8169941296E+01
    67    0.3488638996E+01
    68    0.5985952132E+01
    69   -0.5654436548E+01
    70   -0.3213881926E+01
    71    0.7622193664E+01
    72   -0.1545612595E+01
    73    0.4022163065E+00
    74    0.3735513982E+01
    75   -0.2217576014E+01
    76   -0.4099597507E+01
    77    0.1798975220E+01
    78    0.1243937969E+01
    79   -0.4352018794E+00
    80    0.6581178943E+00
    81   -0.6403295067E+01
    82    0.3937217800E+01
    83    0.4237982647E+01
    84    0.2547837580E+01
    85    0.8026446404E-01
    86   -0.1845259095E+00
    87   -0.9124919055E+01
    88    0.7972400035E+01
    89   -0.7874282068E+01
    90   -0.3224825825E+01
    91    0.1332259220E+02
    92   -0.8467726655E+01
    93    0.2997700843E+01
    94   -0.3917745411E+01
    95   -0.2402299785E+01
    96    0.7004810692E+01
    97    0.6128958940E+00
    98    0.3462234179E+01
    99    0.1442616443E+01
   100   -0.1249236530E+01
   101   -0.7906712168E+01
   102   -0.1447941915E+01
   103    0.4765573722E+01
   104    0.4389303589E+01
   105   -0.2997478212E+01
   106   -0.3864912685E+01
   107    0.2778871931E+01
   108    0.2835562533E+01
   109   -0.3410115131E+01
   110   -0.5512517195E+01
   111    0.1077025104E+02
   112    0.3007719194E+00
   113   -0.2274403802E+01
   114    0.1951941548E+01
   115   -0.2521200879E+01
   116   -0.4059436927E+01
   117   -0.5524500629E+01
   118    0.8856738882E+01
   119    0.1740390191E+01
   120   -0.3306809278E+01
   121    0.1177439680E+01
   122    0.4188498682E+01
   123   -0.1186733649E+01
   124   -0.9762077427E+01
   125   -0.3737501284E+00
   126    0.9159591656E+01
   127    0.2463295273E-01
   128   -0.1728569283E+01
   129   -0.1330652834E+01
   130    0.3837961405E+01
   131   -0.1514003126E+01
   132   -0.5789447194E+01
   133   -0.4306706577E+00
   134    0.3632625852E+01
   135   -0.4956436259E+01
   136    0.5359258646E+01
   137    0.1409010868E+00
   138    0.2319565003E+01
   139   -0.3759937523E+01
   140   -0.3135455523E+01
   141    0.5277609784E+01
   142    0.2140096478E+01
   143   -0.1272919047E+02
   144    0.6732973774E+01
   145    0.4040895814E+01
   146   -0.8347449292E+01
   147    0.1130802594E+02
   148   -0.4289259083E+01
   149   -0.6565787266E+01
   150    0.7544720473E+01
   151   -0.1161302011E+01
   152    0.6809634285E+01
   153   -0.1002890025E+02
   154   -0.3218993255E+01
   155    0.3553911427E+01
   156    0.1387434623E+01
   157   -0.8121536165E+00
   158   -0.1042401261E+01
   159   -0.3837791328E+01
   160   -0.2495645308E+00
   161    0.1031841178E+02
   162   -0.5260785858E+01
   163   -0.3730873455E+00
   164   -0.3000260760E+01
   165   -0.3771216391E+01
   166   -0.9715106958E+00
   167    0.1079850871E+02
   168   -0.1504461822E+01
   169   -0.4345398521E+00
   170   -0.6903898972E+01
   171    0.1512777675E+02
   172   -0.1425291936E+02
   173   -0.1018183954E+02
   174    0.9852766768E+01
   175   -0.1505944541E+01
   176    0.4698328066E+00
   177    0.1394314540E+01
   178    0.8387782601E+00
   179   -0.3816331822E+00
   180   -0.1032093071E+02
   181    0.1566819063E+02
   182   -0.1928424616E+01
   183   -0.1273557604E+02
   184    0.1238568643E+02
   185    0.6266956096E+01
   186   -0.2318749104E+02
   187    0.9660103087E+01
   188   -0.1176123614E+01
   189   -0.7199539000E+01
   190   -0.1137697919E+02
   191    0.1196987953E+02
   192   -0.6748896295E+01
   193    0.1522215399E+02
   194   -0.5508243685E+01
   195   -0.2240802379E+01
   196   -0.1799595070E+02
   197    0.1852156746E+01
   198    0.1020108621E+02
   199    0.5826967441E+01
   200   -0.8604731637E+01
   201    0.3604855981E+01
   202   -0.6010772435E+01
   203    0.2811518923E+01
   204    0.4450377712E+01
   205   -0.4787500074E+01
   206    0.6585970323E+01
   207    0.6810835346E+01
   208   -0.2909744005E+01
   209   -0.9969324253E+01
   210   -0.1291742811E+01
   211    0.3724774679E+01
   212   -0.8310108736E+01
   213   -0.1350841507E+02
   214   -0.7873444837E+00
   215   -0.8591278714E+01
   216   -0.1017055715E+01
   217   -0.2172610166E+02
   218    0.1707119869E+02
   219    0.1408133253E+02
   220    0.4615922251E+01
   221    0.8755845012E+01
   222    0.1251465321E+02
   223    0.6728154881E+00
   224    0.7713870504E+01
   225    0.1107123535E+02
   226   -0.1031272855E+02
   227   -0.1533947050E+01
   228    0.4860765285E+01
   229   -0.2123103004E+01
   230   -0.7034473003E+01
   231    0.1188446535E+01
   232    0.1612517796E+02
   233   -0.4672143299E+01
   234   -0.1268637416E+02
   235    0.1637796567E+02
   236   -0.5183214838E+01
   237   -0.7073246849E+00
   238    0.5356892239E+00
   239   -0.1160649111E+01
   240   -0.3393459793E+01
   241    0.1016117058E+02
   242   -0.5894854335E+01
   243    0.2965509646E+01
   244   -0.1219941552E+01
   245    0.3645285091E+01
   246    0.2094030443E+00
   247   -0.3524108593E+01
   248    0.7956623212E+01
   249   -0.4931259621E+01
   250   -0.3394415532E+01
   251    0.1364293048E+01
   252    0.2643934234E+01
   253   -0.4850740345E+01
   254    0.5635794221E+01
   255    0.1644498081E+01
   256   -0.2397964365E+01
   257    0.3638324724E+00
   258    0.1284175062E+01
   259   -0.1362737075E+01
   260    0.1914838716E+01
   261   -0.1067113159E+00
   262   -0.5640501374E+01
   263    0.1186449309E+02
   264   -0.1019699568E+02
   265    0.3981434835E+01
   266    0.9179880434E+00
   267    0.3279830933E+01
   268   -0.3466070052E+01
   269    0.1448369307E+01
   270    0.1353934849E+01
   271   -0.4095569471E+01
   272    0.1042359945E+01
   273    0.1276549712E+01
   274    0.2212378602E+01
   275   -0.8591429720E+01
   276    0.5924969577E+01
   277   -0.2505799003E+00
   278   -0.7268382970E+01
   279    0.1080539001E+02
   280   -0.1815435034E+01
   281   -0.6524923725E-01
   282   -0.1131120339E+01
   283    0.2686428806E+01
   284   -0.2203547259E+01
   285   -0.7454966407E+01
   286    0.5503435016E+01
   287    0.7740965873E+01
   288   -0.3402304714E+01
   289   -0.5711258339E+01
   290    0.4698255173E+01
   291   -0.4193509716E+01
   292    0.5566580393E+01
   293   -0.4000946815E+01
   294   -0.1886582166E+01
   295    0.5030621625E+01
   296   -0.1985578970E+01
   297    0.4568174029E+00
   298    0.3537953737E+00
   299   -0.4117875410E+01
   300   -0.2265703616E-01
   301    0.4241665464E+01
   302   -0.5759246616E+00
   303    0.1608897751E+00
   304    0.3858879069E+01
   305   -0.2401338882E+01
   306   -0.2596101645E+01
   307    0.2717127294E+01
   308   -0.4595199951E+01
   309    0.3275797785E+01
   310    0.2563665581E+01
   311   -0.4618897804E+01
   312    0.1774565253E+01
   313    0.5720866906E+00
   314   -0.1268538792E+01
   315   -0.8373678375E+00
   316    0.2308896483E+01
   317   -0.4033424981E+01
   318    0.2627036487E+01
   319    0.4707089661E+01
   320   -0.6180277726E+01
   321   -0.1305668487E+01
   322    0.2119046183E+01
   323    0.1931683317E+01
   324    0.1084836879E+01
   325   -0.3271507387E+00
   326    0.1565061022E+01
   327   -0.4749670146E+01
   328    0.3961508026E+01
   329   -0.3653571002E+01
   330    0.5438667512E+01
   331   -0.9296353311E+01
   332    0.7344065818E+01
   333    0.5157417756E+01
   334   -0.4899283692E+01
   335   -0.1107617254E+01
   336   -0.5887340752E+01
   337    0.7679198710E+00
   338   -0.2526419795E+01
   339    0.3683190937E+01
   340    0.2530764391E+01
   341   -0.4619664248E+00
   342    0.4023830813E+00
   343   -0.2500656111E+01
   344   -0.4551547953E+01
   345    0.4733031539E+01
   346   -0.8035866918E+01
   347   -0.2774389881E+00
   348    0.9166089020E+01
   349    0.2500352336E+01
   350   -0.6043547724E+01
   351   -0.4105786595E+01
   352    0.4113104850E+01
   353    0.4880068691E+00
   354    0.4507485590E+00
   355   -0.3420593953E+00
   356   -0.5253584156E+00
   357    0.1357437896E+01
   358   -0.2053684662E+01
   359   -0.1032172625E+01
   360    0.2789036376E+01
   361    0.6445204246E+01
   362   -0.7203007660E+01
   363   -0.1710263218E+02
   364    0.9731383590E+01
   365   -0.6937016016E+00
   366   -0.6989176818E+01
   367    0.1037578503E+02
   368   -0.1858602248E+01
   369   -0.4132250142E+01
   370   -0.1797721516E+01
   371    0.8723575506E+01
   372   -0.4721658752E+01
   373   -0.9554781230E+01
   374    0.2028012748E+01
   375    0.5195703918E+01
   376    0.3329104705E+01
   377   -0.3973142893E+01
   378   -0.1501944305E+02
   379    0.2711275797E+01
   380    0.2021262458E+01
   381   -0.3293346989E+00
   382   -0.7712312241E+01
   383   -0.3847507237E+01
   384    0.1390070228E+02
   385   -0.1267127279E+01
   386   -0.1594237191E+02
   387   -0.2264939772E+02
   388    0.1858566439E+02
   389    0.5041467333E+01
   390   -0.8983308694E+01
   391   -0.8014690073E+01
   392   -0.8599022481E+01
   393    0.6773784709E+01
   394   -0.5770797561E+01
   395    0.1448773552E+02
   396   -0.1263288398E+02
   397    0.1211793597E+02
   398    0.1560411580E+02
   399    0.5908545523E+01
   400   -0.8051065633E+01
   401   -0.1128409575E+02
   402    0.1017158645E+02
   403    0.7261739678E+01
   404    0.1168256070E+02
   405   -0.6470248556E+01
   406    0.5169092545E+01
   407    0.9057099419E+01
   408   -0.3257937371E+01
   409   -0.8695900014E+01
   410    0.1636464043E+01
   411   -0.2967155324E+01
   412    0.1213368093E+02
   413   -0.7714816265E+00
   414   -0.1652439788E+01
   415    0.5648323570E+01
   416   -0.4245731370E+01
   417    0.1060752599E+01
   418    0.3455114851E+01
   419   -0.6948016427E-01
   420   -0.7486666398E+00
   421    0.5751308754E+01
   422   -0.8211555305E+01
   423    0.9602825923E+01
   424   -0.1437834295E+01
   425   -0.3004810939E+01
   426    0.1809877829E+01
   427   -0.1962974536E+01
   428    0.8066528771E+01
   429   -0.9069232852E+01
   430    0.7791988614E+01
   431   -0.1622251145E+01
   432   -0.6226865317E+00
   433    0.2331350740E+01
   434   -0.2439082711E+01
   435   -0.1831474473E+01
   436    0.2565675497E+01
   437    0.4758415309E+00
   438   -0.1628529936E+01
   439   -0.3152651944E+01
   440    0.8539094142E+01
   441   -0.1957858378E+01
   442   -0.8162732486E+00
   443    0.1052620474E+01
   444    0.6173332403E+00
   445    0.3948530036E+01
   446   -0.4071673274E+01
   447   -0.1031444237E+01
   448   -0.1206009000E+01
   449    0.2728985385E+01
   450    0.3710838674E+01
   451   -0.2225383880E+01
   452   -0.1827267853E+01
   453    0.9557427232E+00
   454    0.1508086530E+01
   455   -0.1716516256E+01
   456    0.2208896780E+01
   457   -0.4739296368E+01
   458    0.1429353423E+01
   459    0.5472599907E+00
   460    0.4072045952E+01
   461   -0.3828792296E+01
   462    0.1745510482E+01
   463   -0.3854725418E+01
   464    0.6076536954E+01
   465   -0.7672930447E+00
   466   -0.2005427500E+00
   467   -0.1237138554E+01
   468   -0.1166276260E+01
   469    0.5714612520E+01
   470   -0.4952125281E+01
   471   -0.5798509431E+01
   472    0.6536167001E+01
   473    0.2690899534E+00
   474   -0.1579850894E+01
   475    0.3452761711E+01
   476   -0.2809260672E+01
   477    0.1568740032E+01
   478   -0.6248791508E+01
   479    0.4783017811E+01
   480    0.3113900896E+00
   481    0.6727189917E-01
   482    0.3909688657E+01
   483    0.4774602714E+00
   484   -0.4639533725E+01
   485    0.6933597225E+00
   486    0.1496222241E+00
   487    0.9666767605E+00
   488   -0.1471974834E+01
   489    0.1793694693E+00
   490    0.1876721991E+00
   491    0.2817606277E+00
   492    0.1521520129E+01
   493   -0.1177851423E+01
   494   -0.5081943518E+00
   495   -0.3784807279E+01
   496   -0.1351893315E+00
   497    0.2779412445E+01
   498   -0.8059923981E+00
   499    0.1673217560E+01
   500    0.1538269895E+01
   501   -0.2338946511E+01
   502    0.4741244093E+01
   503   -0.5606086536E+00
   504   -0.8904894564E+01
   505    0.4645306753E+01
   506    0.5079384346E+01
   507   -0.1193325132E+01
   508    0.2092811084E+00
   509   -0.1343134961E+01
   510    0.1026118829E+01
   511   -0.7708871118E+01
   512   -0.9691681477E+00
   513    0.6550501499E+01
   514   -0.2951359300E+00
   515    0.2302855644E+00
   516    0.6778598479E+00
   517   -0.5066889147E+01
   518    0.2049507300E+01
   519    0.6359394867E+00
   520    0.6060129743E+00
   521   -0.1904200748E+00
   522   -0.1135230125E+01
   523    0.1068027006E+00
   524    0.4483428090E+00
   525    0.2222062778E+01
   526   -0.3005469685E+01
   527   -0.9196074845E+00
   528    0.5296365349E+00
   529   -0.4168461594E+00
   530    0.1630443925E+01
   531    0.3852817902E+00
   532   -0.5050091600E+00
   533    0.1738807405E+00
   534    0.1417458678E+00
   535    0.1556495598E+01
   536   -0.4968671311E+01
   537    0.4996996480E+01
   538    0.3227734680E+00
   539   -0.4740503834E+01
   540    0.1736210099E+01
   541   -0.2611015938E+01
   542    0.2006173386E+01
   543    0.3792972905E+01
   544    0.9093076499E+00
   545   -0.7756257642E+01
   546    0.4051211797E+01
   547   -0.1812803275E+00
   548   -0.3283711244E+01
   549    0.7534508622E+00
   550    0.6047817214E+01
   551   -0.4604562020E+01
   552   -0.2269578111E-01
   553    0.1879575989E+01
   554   -0.3374115634E+01
   555    0.4259974340E+01
   556   -0.6935844488E+01
   557   -0.7031325250E+00
   558   -0.3956466141E+01
   559    0.8919539910E+01
   560    0.2349200898E+01
   561   -0.3243167135E+01
   562   -0.2788084759E+01
   563    0.2204225010E+01
   564   -0.9201345957E+01
   565   -0.1239295473E+01
   566    0.8390708501E-01
   567   -0.2763950987E+00
   568    0.7065805847E+01
   569   -0.5041772073E+01
   570   -0.6893792334E+01
   571    0.1219880835E+02
   572   -0.5053549776E+01
   573    0.4561686642E+01
   574   -0.2895407426E+01
   575   -0.1539185032E+02
   576    0.1558885049E+01
   577   -0.3922063903E+01
   578    0.7742959619E+01
   579   -0.1380559886E+02
   580   -0.2723733699E+01
   581    0.2667556956E+00
   582    0.6028344058E+01
   583   -0.7412738591E+01
   584    0.9544622763E+01
   585   -0.1558911112E+02
   586   -0.1226831169E+02
   587   -0.3613245675E+01
   588    0.1432490948E+02
   589   -0.9869957335E+01
   590   -0.3780571374E+01
   591    0.1465314357E+02
   592    0.1439951288E+01
   593   -0.1546840949E+02
   594    0.7786905484E+01
   595   -0.1518600608E+01
   596    0.6036439210E+01
   597   -0.2371048398E+02
   598    0.4461479873E+00
   599    0.8555211688E+01
   600    0.2389160340E+02
   601    0.5358305143E+00
   602   -0.8600193088E+01
   603    0.1979766472E+01
   604    0.2533076559E+02
   605   -0.1126292956E+02
   606   -0.1144302000E+02
   607    0.2929448339E+01
   608   -0.4675379453E+01
   609   -0.2380241884E+01
   610    0.1649127644E+02
   611    0.2380134777E+01
   612   -0.2214067753E+01
   613    0.9041356365E+01
   614   -0.3520437344E+00
   615   -0.2813702483E+01
   616   -0.2885493451E+01
   617    0.1670341199E+02
   618   -0.4320670354E+01
   619   -0.7047911108E+01
   620    0.2088644599E+01
   621   -0.4621142538E+01
   622    0.5360109094E+01
   623    0.2932398024E+01
   624    0.4588340271E+01
   625   -0.1991731153E+01
   626   -0.2410355882E+01
   627    0.2949251690E+01
   628    0.2682050268E+01
   629   -0.5371461308E+01
   630    0.6858746344E+01
   631   -0.5606548897E+01
   632    0.9497180668E+01
   633   -0.1118360079E+02
   634    0.4541170264E+01
   635    0.1102995925E+01
   636    0.2982915069E+01
   637   -0.6494664543E+01
   638    0.6340150651E+01
   639    0.1317001236E+01
   640    0.3054503949E+01
   641   -0.1180014483E+02
   642    0.6182024307E+01
   643   -0.4119956519E+00
   644   -0.1045042344E-02
   645   -0.6502775950E+00
   646    0.1973395720E+01
   647    0.6265735219E+01
   648   -0.3579980887E+01
   649   -0.4563819136E+01
   650   -0.1887695828E+01
   651    0.5251095165E+01
   652   -0.4028122111E+01
   653    0.8592666084E+01
   654   -0.1315993365E+01
   655   -0.4350219493E+01
   656   -0.1216651174E+01
   657    0.1164757210E+01
   658    0.4294915672E+01
   659   -0.3371386264E+01
   660    0.3170755375E+01
   661   -0.5885633040E+01
   662    0.4512306931E-01
   663    0.5388371355E+01
   664   -0.9849945751E+00
   665    0.5391652009E+01
   666   -0.6189148983E+01
   667   -0.2125411098E+01
   668    0.4875635401E+00
   669    0.8526691011E+01
   670   -0.7631790765E+01
   671   -0.2480652026E+01
   672    0.2399184608E+01
   673   -0.3380257531E+01
   674    0.5792089733E+01
   675   -0.1353161074E+00
   676   -0.1264942480E+01
   677    0.1762510897E+01
   678    0.9111742122E+00
   679   -0.1942819045E+01
   680    0.9387933110E+00
   681    0.4343839811E+00
   682   -0.3013445444E+01
   683   -0.8895358055E+00
   684    0.4326462087E+01
   685   -0.3840013255E+01
   686    0.6679635849E+00
   687    0.2269634646E+01
   688   -0.1618205182E+01
   689    0.3443525410E+01
   690   -0.2860962781E+01
   691   -0.2063058205E+01
   692    0.8010554320E+00
   693   -0.3165879221E+00
   694    0.4990076269E+01
   695   -0.9554620170E+01
   696    0.5525638243E+01
   697    0.3975305658E+01
   698   -0.5656992959E+01
   699   -0.1340574163E+01
   700    0.3561180773E+01
   701    0.1066249828E+01
   702   -0.1113606686E+01
   703   -0.1924517583E+00
   704    0.3878884912E+01
   705   -0.5276798746E+01
   706    0.8501137067E+00
   707   -0.2290810779E+01
   708    0.4105038146E+01
   709   -0.1261770542E+01
   710    0.3911269439E+01
   711   -0.7172051055E+01
   712   -0.1381459880E+01
   713    0.2590610460E+01
   714    0.3508159472E+01
   715    0.2923459996E+01
   716   -0.7367143499E+01
   717   -0.2545200541E+01
   718    0.6192648028E+01
   719   -0.3203097645E+01
   720    0.2104530007E+01
   721    0.1128268716E+01
   722   -0.3566427109E+01
   723   -0.6567787545E+00
   724    0.5951816005E+00
   725    0.4874829641E+00
   726    0.2754874302E+00
   727   -0.2372990239E+01
   728    0.3028582458E+01
   729   -0.6732079140E+01
   730    0.8277036352E+00
   731    0.2136686869E+01
   732    0.4838595178E+01
   733   -0.1809133776E+01
   734   -0.6413978697E+01
   735   -0.3429993829E+01
   736    0.2698259350E+01
   737   -0.2888699805E+01
   738    0.6013554747E+01
   739   -0.9080494773E+01
   740    0.6656628657E+00
   741    0.1240857516E+02
   742   -0.1556772815E+02
   743   -0.2859549105E+00
   744    0.3061409910E+01
   745    0.3757842759E+01
   746    0.3511939642E+01
   747   -0.1280994620E+02
   748    0.4386383859E+01
   749    0.2960958246E+01
   750   -0.2323016789E+02
   751    0.1745473669E+02
   752    0.3886608947E+01
   753   -0.5713245237E+01
   754    0.3459333051E-01
   755   -0.1210897847E+02
   756    0.1877878184E+02
   757   -0.8585052171E+01
   758    0.3622031066E+01
   759    0.4281578136E+01
   760   -0.4673812043E+01
   761   -0.2663817702E+01
   762   -0.1648856266E+00
   763   -0.6849526886E+01
   764   -0.4698316048E+01
   765   -0.1907816807E+01
   766    0.3449925057E+01
   767   -0.2279371071E+01
   768    0.2393860603E+01
   769    0.7031139103E+01
   770   -0.9668503201E+01
   771    0.7617013805E+00
   772    0.1075485284E+02
   773   -0.2228350421E+02
   774    0.5636358487E+01
   775    0.1134068958E+02
   776   -0.1751351741E+02
   777    0.2252229725E+02
   778    0.2644816060E+01
   779   -0.1656153793E+02
   780    0.6451320339E+01
   781   -0.5971423744E+01
   782    0.9781284740E+01
   783    0.1248710366E+01
   784    0.3107547008E+01
   785   -0.2429362961E+02
   786    0.1124023734E+02
   787    0.1023853048E+02
   788    0.9600478635E+01
   789   -0.3875182566E+01
   790   -0.1042553242E+02
   791   -0.2495357259E+01
   792    0.1831868891E+02
   793   -0.2507498724E+01
   794   -0.3115480892E+00
   795    0.1203266891E+01
   796   -0.9043429649E+01
   797    0.3408653988E+01
   798   -0.6127741524E+00
   799    0.1203178575E+01
   800    0.8945340446E+01
   801   -0.8102055260E+00
   802    0.1988635271E+01
   803   -0.1506241051E+00
   804   -0.3788076371E+01
   805   -0.9065640201E+00
   806   -0.4155556226E+01
   807    0.5868411337E+01
   808    0.2504327973E+01
   809   -0.6924526903E+01
   810    0.7989439860E+01
   811   -0.2001758153E+01
   812    0.6897256362E+01
   813   -0.7852618352E+01
   814    0.2046955332E+01
   815    0.2979637810E+01
   816   -0.3472272352E+01
   817   -0.5163305274E+01
   818    0.5595632534E+01
   819    0.5877917043E+01
   820   -0.3081149569E+01
   821   -0.1062993312E+00
   822    0.1412882926E+01
   823   -0.1606542633E+00
   824    0.3800150256E+01
   825   -0.1153444033E+01
   826   -0.4076957512E+01
   827    0.4482747041E+01
   828   -0.5818829336E+01
   829   -0.5363513900E+01
   830    0.1336438778E+02
   831    0.6260873832E+00
   832   -0.9996984398E+01
   833    0.4902500181E+01
   834   -0.6556534025E+00
   835    0.2851615236E+01
   836   -0.2517419205E+01
   837    0.3442269993E+01
   838   -0.1912253030E+01
   839   -0.3259591853E+01
   840    0.2603274286E+01
   841    0.2551549598E+00
   842    0.2287258761E+01
   843    0.1964174351E+00
   844   -0.1268067505E+01
   845   -0.5235653103E+00
   846   -0.1193257159E+01
   847   -0.1186651214E+01
   848    0.3593296715E+01
   849   -0.1425443500E+01
   850   -0.1508774758E+01
   851    0.1225951269E+01
   852   -0.1657482203E+01
   853    0.4276509648E+01
   854   -0.2699138725E+01
   855   -0.1106394535E+01
   856    0.1784343771E+01
   857    0.4644333904E+01
   858    0.3922253698E+00
   859   -0.1080371624E+01
   860   -0.9083614230E+01
   861    0.7245501686E+00
   862    0.4607199347E+01
   863   -0.3311632437E+01
   864    0.8708810327E+01
   865   -0.6536903461E+01
   866   -0.7056170910E+00
   867   -0.4547499774E+01
   868    0.1429205645E+01
   869    0.5903841614E+01
   870   -0.1852615312E+01
   871   -0.1904331565E+01
   872    0.1994716698E+01
   873   -0.5449732097E+01
   874    0.6469270019E+01
   875   -0.2070347335E+01
   876   -0.2912869325E+00
   877    0.9556065678E+01
   878   -0.6923280742E+01
   879   -0.3908855695E+01
   880   -0.3877330586E+01
   881    0.6688986934E+01
   882    0.2322320961E+01
   883   -0.8690276060E+01
   884   -0.1633191209E+01
   885    0.5612577045E+01
   886    0.6269161472E+01
   887   -0.4546176208E+01
   888   -0.4112403256E+01
   889   -0.1772598316E+00
   890    0.6443595079E+01
   891   -0.1423870812E+01
   892   -0.6269565753E+01
   893    0.3661602519E+01
   894    0.5127366243E+00
   895    0.3495238136E+01
   896   -0.7965345342E+01
   897    0.1382201410E+01
   898    0.1418150220E+01
   899   -0.5407809555E+00
   900   -0.5813526578E+01
   901    0.5085142889E+01
   902   -0.1377662477E+01
   903   -0.6671246688E+01
   904    0.6731787399E+01
   905    0.2951646724E+00
   906    0.5170888895E+00
   907    0.2944733994E+01
   908   -0.1389163910E+02
   909    0.4777055541E+01
   910    0.4386354635E+01
   911   -0.5105483142E+01
   912    0.3092509190E+01
   913   -0.3210826926E+01
   914   -0.9414068571E+00
   915    0.2600011266E+01
   916    0.1377621507E+01
   917    0.1378927955E+01
   918   -0.2786381868E+00
   919   -0.2105530682E+01
   920   -0.1400682970E+01
   921   -0.4050477777E+01
   922   -0.6765687075E-02
   923    0.2719074171E+01
   924   -0.2270561244E+01
   925    0.2427964410E+01
   926    0.6050526898E+01
   927   -0.6536926429E+01
   928    0.5381914131E+01
   929   -0.1274337940E-01
   930   -0.1170255296E+01
   931   -0.6160502610E+01
   932    0.5747431872E+00
   933    0.6280109800E+00
   934   -0.1417719385E+01
   935    0.8570373061E+00
   936   -0.6213582378E+00
   937   -0.1300487594E+01
   938    0.4425293475E+01
   939    0.7128072923E+00
   940    0.5929538026E+00
   941   -0.9393258475E+00
   942    0.1140909627E+00
   943   -0.1926402476E+01
   944    0.1674905689E+01
   945   -0.9707348847E+00
   946    0.6362385224E+00
   947   -0.3059119259E+00
   948   -0.4266887406E+01
   949   -0.5721567590E+00
   950    0.4227477896E+00
   951    0.1215644866E+01
   952    0.6447248342E+01
   953   -0.3944943936E+01
   954    0.1485220452E+01
   955   -0.3120886573E+01
   956   -0.4761578790E+00
   957    0.1778637032E+01
   958   -0.4021510502E+00
   959    0.3553565270E+01
   960    0.5774622806E+00
   961   -0.1183520507E+01
   962   -0.5601973304E+01
   963    0.4272140115E+01
   964    0.1508824985E+01
   965   -0.4101763821E+01
   966    0.2366461508E+01
   967   -0.8237149928E+00
   968    0.9437649936E-01
   969    0.4654272160E+00
   970    0.9173196312E+00
   971   -0.2113939309E+00
   972    0.1098504331E+01
   973    0.3124559120E+01
   974    0.9058914913E+00
   975    0.8015917828E+00
   976    0.5740112490E+00
   977   -0.9194664058E+00
   978   -0.3695739902E+01
   979    0.4995807150E+00
   980   -0.7794492638E+00
   981   -0.1334546733E+01
   982    0.1397431517E+01
   983   -0.7391265500E+00
   984    0.4742806573E+01
   985    0.4206216751E+00
   986   -0.2280272598E+01
   987    0.1534749544E+01
   988   -0.9258359594E+00
   989   -0.9940249681E+00
   990   -0.1246046235E+01
   991   -0.4544339563E+00
   992    0.1550405255E+01
   993    0.8786077633E+00
   994   -0.7101477974E+00
   995   -0.8315213940E+00
   996   -0.1060028721E+01
   997   -0.2525238214E+00
   998    0.2155476909E+01
   999    0.1852469834E+01
  1000    0.2096720788E+00
  1001   -0.2504964465E+00
  1002   -0.4467535843E+00
  1003    0.3618646302E+00
  1004    0.8772707260E+00
  1005    0.6128415561E+00
  1006    0.1481826383E+00
  1007   -0.3795964249E+00
  1008    0.4981628438E+00
  1009    0.2966040036E+00
  1010   -0.5163693824E+00
  1011   -0.7501056168E+00
  1012   -0.2227793933E+01
  1013   -0.6834346728E+00
  1014    0.2519305268E+01
  1015    0.1499931738E+01
  1016    0.3813665881E+00
  1017   -0.1659161545E+00
  1018   -0.8090040598E+00
  1019   -0.2837124500E+01
  1020   -0.8249807348E+00
  1021    0.3319434790E+01
  1022    0.2893822499E+01
  1023    0.3117776016E+00
  1024   -0.9201095182E+00
  1025   -0.1892050551E+01
  1026    0.8394853539E+00
  1027    0.3281180564E+00
  1028    0.1011521238E+01
  1029    0.1702965655E+00
  1030   -0.4814103742E+00
  1031   -0.1303009247E+01
  1032    0.1492205437E+00
  1033   -0.1084657475E+00
  1034   -0.1123807781E+01
  1035   -0.9450984384E+00
  1036   -0.4717748546E+00
  1037    0.1307700822E+01
  1038    0.1989834879E+01
  1039    0.7032017581E-01
  1040   -0.1495712477E+01
  1041   -0.7577177030E+00
  1042    0.1763370802E+00
  1043    0.2311211253E+01
  1044   -0.1175768554E+01
  1045   -0.6774192800E+00
  1046   -0.1722613530E+00
  1047    0.2565761512E+00
  1048    0.3616421351E+00
  1049    0.7246670342E-01
  1050   -0.5864219123E+00
  1051    0.1032999543E+00
  1052    0.4479394161E+00
  1053    0.9473973645E+00
  1054    0.9488579358E+00
  1055    0.2990967393E+00
  1056   -0.1084782285E+01
  1057   -0.1524704767E+01
  1058    0.2361979157E+00
  1059    0.9372488648E-01
  1060    0.9763826421E-01
  1061    0.8415076598E+00
  1062    0.8988049061E+00
  1063   -0.1540897065E+00
  1064   -0.8259603898E+00
  1065   -0.6428332546E+00
  1066    0.1872811826E+01
  1067    0.4670284850E+00
  1068    0.3887977999E+00
  1069   -0.2686893656E+01
  1070   -0.1224468075E+01
  1071   -0.1110523049E+00
  1072   -0.1186284553E+01
  1073   -0.2145329565E+00
  1074    0.7577039623E+00
  1075    0.8077189061E+00
  1076   -0.3849485261E+00
  1077   -0.5725743682E+00
  1078   -0.6169246663E+00
  1079   -0.2612318158E+00
  1080    0.4604421307E+00
  1081    0.5410260835E+00
  1082    0.9950411498E+00
  1083    0.1704390884E+01
  1084    0.6146291104E+00
  1085   -0.1655895637E+01
  1086   -0.2551129745E+01
  1087   -0.1173401356E+01
  1088   -0.5305367018E+00
  1089   -0.1074648770E+00
  1090    0.4052989711E+00
  1091    0.1440839016E+00
  1092   -0.6897692368E+00
  1093   -0.1158149147E+01
  1094   -0.2806858751E+00
  1095   -0.8608957356E+00
  1096    0.1513721837E+01
  1097    0.8453097302E+00
  1098   -0.2616221364E+01
  1099   -0.2033712132E+00
  1100    0.1349416119E+01
  1101    0.9601620377E+00
  1102   -0.1657845427E+01
  1103   -0.4817098113E+01
  1104    0.3380936850E+01
  1105    0.4512556571E+00
  1106    0.7807239416E+00
  1107    0.4807479865E+00
  1108    0.1953438049E+01
  1109    0.9202416332E+00
  1110   -0.1359343273E+01
  1111   -0.8185453170E+00
  1112   -0.1930484091E+00
  1113    0.2313523223E+00
  1114    0.7907624846E+00
  1115    0.9650179055E+00
  1116   -0.5050966337E-01
  1117   -0.9734476713E+00
  1118   -0.1024232936E+01
  1119    0.2871864413E+00
  1120    0.2428668743E+01
  1121    0.8384854175E+00
  1122    0.5484250233E+00
  1123   -0.4618139398E+00
  1124   -0.7501157731E+00
  1125   -0.1400864421E+01
  1126   -0.4406575288E+00
  1127    0.5594633489E+00
  1128   -0.2158861544E+00
  1129   -0.7202407032E+00
  1130    0.6038782554E+00
  1131    0.9330412098E+00
  1132    0.4783084741E+00
  1133   -0.9526978963E-01
  1134    0.2874100225E-01
  1135    0.6197182987E-01
  1136   -0.2808499360E+00
  1137   -0.1623333232E+00
  1138    0.1682342715E+00
  1139    0.1975822823E+00
  1140    0.4926778710E+00
  1141    0.6858168838E+00
  1142   -0.6189113914E-01
  1143   -0.7989672804E+00
  1144   -0.6438798211E+00
  1145   -0.1767170314E+00
  1146   -0.2882812362E+00
  1147   -0.5187273915E+00
  1148   -0.3153434331E+00
  1149    0.1012652779E+01
  1150    0.1005351803E+01
  1151    0.2928597836E+00
  1152    0.4038702724E+00
  1153    0.3519085631E+00
  1154   -0.1689801113E+00
  1155   -0.1491393184E+00
  1156   -0.1269256193E+00
  1157   -0.1989628239E+00
  1158   -0.5817261306E-01
  1159    0.1605973374E+00
  1160    0.3558517907E+00
  1161    0.9324140172E-01
  1162   -0.1532826461E+00
  1163   -0.1022690757E+00
  1164   -0.1901766089E+00
  1165   -0.5899289059E-01
  1166    0.2854592153E+00
  1167   -0.2521618351E+00
  1168   -0.1017733766E+01
  1169   -0.4979716554E+00
  1170    0.6462030093E+00
  1171    0.1157476991E+01
  1172    0.6306027747E+00
  1173   -0.5432155091E-01
  1174   -0.1846964622E+00
  1175   -0.3752588362E-01
  1176   -0.1433499818E+00
  1177   -0.1917765599E+00
  1178   -0.6471569877E+00
  1179   -0.3901992766E+00
  1180    0.1312890031E+00
  1181    0.1250558868E+00
  1182   -0.7081739475E-01
  1183    0.3757481188E-01
  1184    0.1652354832E+00
  1185    0.2922418959E+00
  1186    0.3783083565E+00
  1187    0.2782444211E-01
  1188   -0.3989644524E+00
  1189   -0.3582335209E+00
  1190   -0.1235720302E+00
  1191    0.1230758649E+00
  1192    0.7210151059E-01
  1193    0.1994856133E-01
  1194    0.7773403077E-01
  1195   -0.6471666402E-01
  1196   -0.2453817490E+00
  1197   -0.2526216980E+00
  1198   -0.6930723603E-01
  1199    0.1541465121E+00
  1200    0.1134203641E+00
  1201    0.6417505715E-01
  1202    0.1035100151E+00
  1203   -0.3958544386E-01
  1204   -0.1077315623E+00
  1205    0.1090733533E+00
  1206    0.9783247534E-01
  1207   -0.2979090005E-01
  1208   -0.5676673563E-01
  1209   -0.2076263482E+00
  1210   -0.3085391528E+00
  1211   -0.3394344468E-01
  1212    0.2994099252E+00
  1213    0.2669858457E+00
  1214   -0.6482980634E-01
  1215   -0.3104796221E+00
  1216   -0.1149601868E+00
  1217   -0.1652137054E+00
  1218   -0.4408583860E+00
  1219   -0.2014973403E+00
  1220    0.4668624087E+00
  1221    0.5036909328E+00
  1222    0.7401674971E-01
  1223   -0.2298368408E+00
  1224   -0.1350130984E+00
  1225    0.6315012248E-01
  1226    0.1665519872E+00
  1227    0.2765611287E+00
  1228    0.2846143482E+00
  1229    0.7284007651E-01
  1230   -0.1753294064E+00
  1231   -0.2279146211E+00
  1232   -0.1275475782E+00
  1233    0.3144577670E-01
  1234    0.1952009338E+00
  1235    0.2052082465E+00
  1236    0.1597220856E+00
  1237    0.4378758225E-01
  1238   -0.9112750585E-01
  1239   -0.2200799528E+00
  1240   -0.3165122094E+00
  1241   -0.2700243998E+00
  1242   -0.4036072713E-01
  1243    0.2713152463E+00
  1244    0.2478331923E+00
  1245    0.3688992313E-01
  1246   -0.7209151834E-01
  1247   -0.9975160062E-01
  1248   -0.5679476332E-01
  1249    0.3792006300E-01
  1250    0.3739392631E-01
  1251    0.2240077609E-01
  1252    0.3785052854E-01
  1253   -0.2849463630E-01
  1254   -0.1499917476E+00
  1255   -0.1138486264E+00
  1256    0.1132312096E-01
  1257    0.1458867694E+00
  1258    0.1216003986E+00
  1259    0.2142573218E-01
  1260   -0.4737976658E-01
  1261   -0.7226571103E-01
  1262   -0.3202729855E-01
  1263   -0.1378801806E-01
  1264    0.5749518478E-01
  1265    0.2586172102E-01
  1266    0.3914939297E-01
  1267    0.4895263968E-01
  1268    0.1048416438E-01
  1269   -0.4948075679E-01
  1270   -0.3207021293E-01
  1271    0.3056962141E-01
  1272    0.2398886746E-01
  1273   -0.1223507721E-01
  1274   -0.2043468060E-01
  1275   -0.4032109757E-01
  1276   -0.8788275522E-01
  1277   -0.8265023905E-01
  1278    0.1006209265E-01
  1279    0.6924269958E-01
  1280    0.7887340570E-01
  1281    0.3723347035E-01
  1282    0.5660920152E-02
  1283    0.1795763474E-02
  1284    0.1156802544E-01
  1285    0.1094573929E-01
  1286   -0.2208370309E-01
  1287   -0.5242906828E-01
  1288    0.2055732998E-01
  1289    0.4163133734E-01
  1290    0.1104387034E-01
  1291    0.2041343566E-01
  1292    0.3941441161E-01
  1293    0.3381014741E-01
  1294    0.7331966058E-02
  1295   -0.1510828228E-01
  1296   -0.3555429097E-02
  1297    0.2535766778E-01
  1298    0.2526447812E-01
  1299    0.9360771931E-02
  1300    0.2416691197E-02
  1301    0.1054403430E-02
  1302    0.6801834984E-02
  1303    0.7645518105E-02
  1304    0.2868419127E-02
  1305    0.7210165445E-03
  1306    0.1802596889E-03
  1307    0.4506530282E-04
  1308    0.1126634948E-04
  1309    0.2816588859E-05
  1310    0.7041473092E-06
  1311    0.1760368353E-06
  1312    0.4400920983E-07
  1313    0.1100229552E-07
  1314    0.2750580319E-08
  1315    0.6876454961E-09
  1316    0.1719097364E-09
  1317    0.4297584510E-10
  1318    0.1074118572E-10
  1319    0.2684519274E-11
  1320    0.6754596882E-12
  1321    0.1659783422E-12
  1322    0.3963496198E-13
  1323    0.3996802889E-14
  1324    0.0000000000E+00
  1325    0.0000000000E+00
  1326    0.0000000000E+00
  1327    0.2109423747E-14
  1328    0.3108624469E-14
  1329    0.0000000000E+00
  1330   -0.1998401444E-14
  1331    0.0000000000E+00
  1332   -0.3552713679E-14
  1333    0.8881784197E-15
  1334    0.1332267630E-14
  1335   -0.2220446049E-14
  1336    0.1332267630E-14
  1337    0.1998401444E-14
  1338    0.0000000000E+00
  1339    0.0000000000E+00
  1340   -0.4440892099E-15
  1341    0.0000000000E+00
  1342    0.0000000000E+00
  1343    0.1554312234E-14
  1344    0.0000000000E+00
  1345   -0.1443289932E-14
  1346    0.3330669074E-14
  1347   -0.3552713679E-14
  1348   -0.3552713679E-14
  1349    0.1554312234E-14
  1350    0.0000000000E+00
  1351   -0.3552713679E-14
  1352    0.2886579864E-14
  1353    0.3552713679E-14
  1354    0.0000000000E+00
  1355    0.1443289932E-14
  1356    0.0000000000E+00
  1357   -0.3552713679E-14
  1358    0.0000000000E+00
  1359    0.3996802889E-14
  1360    0.8881784197E-15
  1361   -0.3552713679E-14
  1362    0.8881784197E-15
  1363    0.0000000000E+00
  1364    0.1443289932E-14
  1365    0.0000000000E+00
  1366   -0.1554312234E-14
  1367   -0.2220446049E-15
  1368   -0.7105427358E-14
  1369   -0.1998401444E-14
  1370    0.0000000000E+00
  1371   -0.2664535259E-14
  1372    0.3996802889E-14
  1373   -0.3552713679E-14
  1374   -0.2664535259E-14
  1375    0.1554312234E-14
  1376   -0.2220446049E-14
  1377   -0.3552713679E-14
  1378    0.1332267630E-14
  1379    0.0000000000E+00
  1380    0.1332267630E-14
  1381    0.3774758284E-14
  1382   -0.4440892099E-15
  1383    0.4440892099E-15
  1384   -0.2220446049E-14
  1385   -0.3552713679E-14
  1386    0.1332267630E-14
  1387    0.1332267630E-14
  1388    0.1332267630E-14
  1389    0.3552713679E-14
  1390    0.8881784197E-15
  1391    0.9992007222E-15
  1392    0.0000000000E+00
  1393    0.0000000000E+00
  1394    0.3774758284E-14
  1395    0.0000000000E+00
  1396   -0.2220446049E-14
  1397    0.8881784197E-15
  1398    0.2109423747E-14
  1399    0.0000000000E+00
  1400    0.0000000000E+00
  1401    0.0000000000E+00
  1402    0.8881784197E-15
  1403    0.1554312234E-14
  1404    0.2220446049E-15
  1405   -0.1554312234E-14
  1406   -0.4440892099E-15
  1407   -0.2220446049E-14
  1408    0.0000000000E+00
  1409   -0.1332267630E-14
  1410    0.0000000000E+00
  1411    0.2442490654E-14
  1412    0.3552713679E-14
  1413   -0.2109423747E-14
  1414    0.3552713679E-14
  1415    0.4440892099E-15
  1416    0.0000000000E+00
  1417    0.3108624469E-14
  1418    0.0000000000E+00
  1419   -0.3552713679E-14
  1420    0.8881784197E-15
  1421    0.0000000000E+00
  1422   -0.3552713679E-14
  1423    0.2109423747E-14
  1424    0.3330669074E-14
  1425   -0.2220446049E-14
  1426   -0.3552713679E-14
  1427    0.0000000000E+00
  1428    0.8881784197E-15
  1429    0.2775557562E-14
  1430    0.4440892099E-15
  1431   -0.3552713679E-14
  1432   -0.3552713679E-14
  1433    0.0000000000E+00
  1434    0.0000000000E+00
  1435    0.2775557562E-14
  1436    0.0000000000E+00
  1437    0.3774758284E-14
  1438    0.3552713679E-14
  1439   -0.2220446049E-14
  1440    0.0000000000E+00
  1441   -0.3552713679E-14
  1442    0.8881784197E-15
  1443    0.2664535259E-14
  1444   -0.3552713679E-14
  1445   -0.3552713679E-14
  1446    0.0000000000E+00
  1447    0.0000000000E+00
  1448    0.2775557562E-14
  1449    0.3774758284E-14
  1450    0.0000000000E+00
  1451   -0.3552713679E-14
  1452    0.8881784197E-15
  1453    0.0000000000E+00
  1454    0.0000000000E+00
  1455    0.8881784197E-15
  1456    0.2775557562E-14
  1457    0.0000000000E+00
  1458    0.2220446049E-14
  1459    0.0000000000E+00
  1460   -0.3552713679E-14
  1461    0.0000000000E+00
  1462    0.0000000000E+00
  1463    0.0000000000E+00
  1464    0.3996802889E-14
  1465    0.3330669074E-14
  1466   -0.5773159728E-14
  1467   -0.3552713679E-14
  1468    0.1332267630E-14
  1469    0.0000000000E+00
  1470    0.0000000000E+00
  1471    0.0000000000E+00
  1472    0.1332267630E-14
  1473    0.1998401444E-14
  1474   -0.6661338148E-15
  1475   -0.3552713679E-14
  1476    0.8881784197E-15
  1477    0.3774758284E-14
  1478    0.1998401444E-14
  1479   -0.3996802889E-14
  1480   -0.2664535259E-14
  1481    0.1332267630E-14
  1482   -0.3552713679E-14
  1483    0.1554312234E-14
  1484    0.8881784197E-15
  1485   -0.2220446049E-14
  1486    0.1998401444E-14
  1487   -0.3552713679E-14
  1488    0.0000000000E+00
  1489    0.1554312234E-14
  1490    0.1332267630E-14
  1491   -0.1665334537E-14
  1492    0.2220446049E-15
  1493   -0.8881784197E-15
  1494   -0.2220446049E-14
  1495    0.6661338148E-15
  1496   -0.6661338148E-15
  1497   -0.5218048216E-14
  1498   -0.1776356839E-14
  1499    0.3552713679E-14
  1500    0.1293103448E+02
  1501    0.1293103448E+02
  1502    0.0000000000E+00
