    -1    0.0000000000E+00
     0   -0.7337991970E+01
     1   -0.2263625404E+02
     2    0.1926270332E+01
     3   -0.5632966438E+01
     4    0.6557008848E+00
     5    0.9525326480E+01
     6    0.5227844264E+01
     7   -0.5762371440E+01
     8   -0.4680431438E+00
     9   -0.5382248076E+00
    10    0.6736689534E+01
    11   -0.7040774131E+01
    12    0.2876795076E+01
    13   -0.1233381837E+02
    14    0.1116618899E+02
    15    0.4255666894E+01
    16    0.6851288977E+01
    17   -0.3278866674E+01
    18   -0.4200688791E+01
    19    0.2789225926E+01
    20   -0.4487870694E+00
    21    0.2343805239E+01
    22   -0.3526190672E+01
    23   -0.1809642818E+01
    24    0.6750654575E+00
    25    0.3932509705E-01
    26   -0.2627434370E+01
    27    0.5207539155E+01
    28   -0.6340956157E+01
    29    0.6363537945E+01
    30    0.6216054128E+00
    31   -0.4309541800E+01
    32    0.3587332362E+01
    33   -0.4691961609E+01
    34    0.5231617384E+01
    35    0.2694524687E+01
    36   -0.8280577567E+01
    37    0.1014874971E+02
    38   -0.5938299333E+01
    39    0.2982031210E+01
    40   -0.6821774324E+01
    41    0.9792193378E+01
    42    0.3427047085E+01
    43   -0.4858944191E+01
    44   -0.6058806107E+01
    45   -0.4360468322E+00
    46    0.5557253928E+01
    47   -0.3712136475E+01
    48    0.6724821032E+01
    49    0.5274924014E+01
    50   -0.2605172129E+01
    51   -0.5875727992E+01
    52   -0.3489669922E+01
    53    0.1416750082E+01
    54    0.5983195446E+01
    55   -0.4223782334E+01
    56    0.9557441954E+00
    57    0.7187379724E+01
    58   -0.2425529583E+01
    59   -0.2327252451E+01
    60   -0.5025103894E+00
    61   -0.2581374646E+00
    62    0.2292446050E+01
    63   -0.8930533649E+00
    64   -0.2948395772E+01
    65    0.9890922424E+00
    66   -0.3036539580E+01
    67    0.2495675949E+01
    68   -0.1538659604E+00
    69    0.3241521076E+01
    70   -0.3789031794E+01
    71    0.3602430207E+01
    72   -0.2669281063E+01
    73    0.1533084872E+01
    74    0.5684780299E+01
    75   -0.1377401448E+01
    76   -0.6470660115E+01
    77    0.2095595086E+01
    78    0.4356707960E+00
    79   -0.5486180021E+00
    80    0.7648300913E+00
    81   -0.1110094040E+02
    82    0.1190693232E+02
    83    0.4304075245E+01
    84   -0.3315151090E+01
    85    0.6028397526E+00
    86    0.1917926964E+01
    87   -0.4637206152E+01
    88    0.1051782207E+01
    89   -0.4831352414E+01
    90    0.1543141323E+01
    91    0.4975838359E+01
    92   -0.2270405194E+01
    93    0.3125228887E+01
    94    0.3535307709E+01
    95   -0.7795990382E+01
    96    0.8757468330E+00
    97    0.1069865643E+01
    98    0.2976324624E+00
    99    0.6638839793E+01
   100   -0.4670143634E+01
   101   -0.3507960220E+01
   102    0.1040818844E+01
   103   -0.4658674552E+01
   104    0.4882063143E+00
   105    0.4396128405E+00
   106    0.3035290328E+01
   107    0.4419106295E+01
   108   -0.5247382482E+01
   109    0.6297718561E+01
   110   -0.3513286623E+01
   111    0.1637459111E+01
   112    0.7264000873E+00
   113   -0.3189679723E+01
   114    0.3254878950E+00
   115   -0.1974115602E+00
   116   -0.3646395745E+00
   117   -0.6231021631E+01
   118    0.5901517923E+01
   119    0.4754161916E+01
   120   -0.5565899770E+01
   121   -0.6061774493E+01
   122    0.1040896182E+02
   123   -0.3121056463E+01
   124    0.1974137611E+01
   125   -0.6325425010E+01
   126    0.3333911792E+01
   127   -0.4557016510E+01
   128    0.4015854622E+01
   129   -0.1376134201E+01
   130    0.3382882840E+01
   131   -0.6055674627E+01
   132    0.2218597935E+01
   133    0.6208999479E+01
   134   -0.3865890253E+01
   135   -0.9427246170E+00
   136   -0.8730042689E+00
   137   -0.3197308092E+00
   138   -0.2804287402E+01
   139    0.4946310851E+01
   140    0.4284310659E-01
   141   -0.5408267614E+01
   142   -0.6455194383E-01
   143   -0.2835534585E+01
   144    0.2088947110E+01
   145   -0.1366078246E+01
   146   -0.3923596285E+01
   147    0.6571302454E+01
   148   -0.1818939425E+01
   149    0.6539034779E+01
   150   -0.3955116218E+01
   151    0.2474749545E+01
   152    0.3388500063E+01
   153    0.4693449305E+01
   154   -0.3243300662E+01
   155   -0.7618067693E+01
   156   -0.3872810038E+01
   157    0.1419727570E+02
   158   -0.7922011968E+01
   159   -0.6332292014E+01
   160   -0.8873520144E+00
   161    0.2765595216E+01
   162    0.1861031837E+01
   163   -0.7656457649E+01
   164    0.3304580965E+01
   165   -0.6013465903E+01
   166    0.9715534998E+01
   167   -0.5518234916E+01
   168   -0.4031768707E+01
   169    0.1057053285E+02
   170   -0.3888073521E+01
   171    0.1944658169E+01
   172   -0.3556864997E+01
   173   -0.4109407055E+01
   174    0.4660008286E+01
   175    0.3903282520E+01
   176   -0.1739677579E+02
   177    0.2084219620E+02
   178   -0.8034626388E+01
   179   -0.9982504122E+01
   180    0.2998333053E+01
   181   -0.7293926885E+01
   182   -0.1517761415E+00
   183   -0.1523741229E+02
   184    0.2211183213E+02
   185   -0.1537903806E+02
   186    0.1802120166E+02
   187   -0.1165413410E+02
   188   -0.6576771384E+00
   189    0.6549795330E+01
   190   -0.2300201452E+02
   191    0.5198312661E+01
   192   -0.1733039432E+01
   193   -0.7072756893E+01
   194   -0.6332283112E+01
   195    0.4421504978E+01
   196   -0.1717744831E+02
   197    0.3891892856E+01
   198   -0.8749936871E+01
   199   -0.1267220567E+02
   200    0.1189108281E+02
   201   -0.1957142010E+00
   202    0.2967816295E+02
   203    0.1235332346E+02
   204    0.3519279750E+01
   205    0.1828033857E+01
   206   -0.6740188249E+00
   207    0.8210110779E+01
   208    0.1825529806E+01
   209   -0.3589698609E+01
   210   -0.3857906019E+01
   211    0.7010411277E+01
   212    0.6752532475E+01
   213   -0.8630538492E+01
   214    0.4113130570E+01
   215    0.3744585574E+01
   216   -0.2008532705E+02
   217    0.1519643935E+02
   218    0.3938357455E+01
   219   -0.3380846960E+01
   220    0.6628878921E+01
   221    0.4452092695E+01
   222   -0.7943666442E+01
   223    0.7765644948E+01
   224   -0.4020858913E+01
   225    0.1472332628E+01
   226    0.6146346975E+00
   227   -0.5735591886E+01
   228    0.6664248289E+01
   229   -0.8233784111E+00
   230    0.2860195875E+00
   231    0.3526055756E+01
   232    0.7387912735E+00
   233   -0.2982510542E+01
   234    0.4978308675E+01
   235   -0.4557276639E+01
   236    0.8266852261E+01
   237   -0.1130567298E+02
   238    0.3251331119E+01
   239    0.2246475891E+01
   240   -0.7983915144E-01
   241    0.2096199294E+01
   242   -0.4977554299E+01
   243    0.6262306833E+01
   244   -0.4647303983E+01
   245    0.2726637325E+01
   246   -0.6784883986E+00
   247    0.2012904637E+00
   248    0.5728991030E+00
   249    0.2422203996E+01
   250   -0.1475969637E+01
   251   -0.2270449577E+01
   252    0.6529731784E+00
   253    0.3695320692E+01
   254   -0.1584816608E+01
   255   -0.2903485573E+01
   256    0.3542346545E+01
   257    0.2016774410E+00
   258   -0.1786494627E+01
   259   -0.1478764752E+00
   260    0.4334007412E+01
   261   -0.2157575072E+01
   262   -0.2528860884E+01
   263    0.1319062761E+01
   264   -0.1998204091E+01
   265    0.6502252595E+00
   266    0.3625936855E+01
   267   -0.3271673618E+01
   268    0.3274504066E+01
   269   -0.2488334610E+01
   270    0.2651512767E+00
   271    0.2045782026E+01
   272   -0.9847785052E+00
   273    0.6728318154E+00
   274    0.3763355454E+01
   275   -0.3551847883E+01
   276   -0.3792616437E+01
   277    0.3302959881E+01
   278    0.3525748230E+00
   279    0.9779001330E+00
   280   -0.5164655830E+01
   281    0.1509902237E+01
   282    0.3245888914E+01
   283   -0.2174901641E+00
   284   -0.2676288156E+01
   285   -0.1598973307E+01
   286    0.2676988250E+01
   287   -0.8446501637E+00
   288    0.4278377906E+01
   289   -0.2017344398E+01
   290   -0.4197585849E+01
   291    0.5850800108E+01
   292    0.3407510085E-02
   293   -0.4020993135E+01
   294    0.1545114337E+01
   295   -0.2511951910E-01
   296    0.1949519592E+01
   297   -0.1975936410E+01
   298    0.6515999822E+00
   299   -0.1078591243E+01
   300   -0.2737088769E+01
   301    0.3000293082E+01
   302    0.1015543025E+01
   303   -0.1736213872E+01
   304    0.1674056746E+01
   305   -0.1187755135E+01
   306    0.3143376060E+01
   307   -0.2797608916E+01
   308   -0.2713459092E+01
   309    0.1878355006E+01
   310    0.4680512409E+01
   311   -0.4252884812E+01
   312   -0.1400463238E+01
   313    0.1951035912E+01
   314    0.1810471213E+01
   315    0.7723139810E+00
   316   -0.3460623760E+01
   317    0.1338167040E+01
   318   -0.2265008220E+01
   319    0.5834077310E+00
   320    0.2802760885E+01
   321   -0.3414903480E+01
   322   -0.3482832096E+00
   323    0.2189499290E+01
   324    0.4040460857E+00
   325   -0.1667668693E+01
   326   -0.3171153731E+00
   327    0.2381554613E+01
   328   -0.6742824513E+00
   329    0.1037634007E+01
   330   -0.1017544547E+01
   331   -0.1634368642E+01
   332    0.6139871398E-02
   333   -0.4002630639E+01
   334    0.7032055147E+01
   335    0.1156039641E+00
   336   -0.4639841315E+01
   337    0.4760124051E+01
   338   -0.4409468904E+01
   339    0.3282789572E+01
   340    0.1255883858E+01
   341   -0.2987795658E+01
   342    0.2370676678E+00
   343   -0.1584004126E+01
   344   -0.4632176129E+00
   345   -0.6669154730E+00
   346    0.4884128634E+01
   347   -0.1156305106E+01
   348   -0.4736356046E+01
   349    0.1245078256E+01
   350    0.2971823712E+01
   351   -0.3495976728E+01
   352    0.6434667522E+01
   353   -0.7646893265E+00
   354   -0.4721456339E+00
   355   -0.5278825470E-01
   356   -0.7213000085E+01
   357    0.6244816812E+01
   358   -0.3876503208E+01
   359    0.2603734508E+01
   360    0.1673958634E+01
   361   -0.1784589113E+01
   362   -0.9537581743E+00
   363    0.1021675513E+01
   364    0.6501181812E+00
   365   -0.5677612236E+00
   366   -0.2811216121E+01
   367    0.2219645054E+00
   368    0.4001289077E+01
   369   -0.4395916384E+01
   370    0.2944523030E+01
   371   -0.1863125990E+01
   372   -0.3148690762E+01
   373    0.2841447658E+01
   374    0.4583510823E+00
   375    0.2594524290E+01
   376   -0.6188055406E+01
   377    0.3430238358E+01
   378   -0.1418805449E+01
   379   -0.5388235707E+00
   380    0.4068131096E+01
   381    0.2531432067E+01
   382   -0.5601656879E+01
   383    0.7190156248E+01
   384   -0.3370127813E+01
   385   -0.3317197691E+01
   386   -0.1186187236E+01
   387    0.4412776506E+01
   388   -0.2563152785E+01
   389   -0.1237458127E+01
   390    0.3066247923E+01
   391    0.2040461295E+00
   392    0.1313612196E+01
   393   -0.4835388037E+01
   394   -0.5966521768E+01
   395    0.2938031774E+01
   396    0.1511849489E+01
   397    0.1288043990E+00
   398    0.1990414241E+01
   399    0.6545269972E+00
   400    0.1998171920E+01
   401    0.2212563027E+01
   402    0.3013281808E+00
   403   -0.7974173894E+01
   404    0.5520808158E+01
   405    0.1799193927E+00
   406   -0.2430637150E+01
   407    0.3201879650E+00
   408   -0.2792696596E+01
   409    0.1674469479E+01
   410    0.2558896701E+01
   411   -0.6282194477E+01
   412    0.2434927881E+01
   413   -0.5375485070E+00
   414   -0.2577696758E+01
   415    0.4805194014E+01
   416   -0.1267103024E+01
   417    0.6198789215E+01
   418   -0.6397284731E+01
   419   -0.9503354483E+00
   420    0.6397690145E+01
   421   -0.6371757591E+01
   422   -0.3744974786E+01
   423    0.2133464119E+01
   424    0.5761358468E+01
   425   -0.8575671053E+01
   426    0.1897270797E+00
   427    0.7990815730E+00
   428    0.4122565724E+01
   429   -0.5929563622E+01
   430    0.2067954233E+01
   431    0.8355682870E+01
   432   -0.6667810333E+01
   433    0.3246345786E+00
   434   -0.4971467139E+01
   435   -0.1397494118E+01
   436    0.4161861697E+01
   437    0.1694623310E+01
   438    0.1499628598E+01
   439   -0.1214674664E+02
   440    0.5343766885E+01
   441    0.5504343806E+01
   442   -0.8590862521E+01
   443    0.5045220254E+01
   444    0.1645239713E+01
   445    0.1634297316E+01
   446   -0.2381502666E+01
   447   -0.9376837864E+01
   448   -0.1573515245E+02
   449   -0.2185078570E+01
   450    0.1763234665E+02
   451    0.1281945073E+01
   452   -0.7054264531E+01
   453   -0.5572233518E+01
   454   -0.2040916207E+01
   455    0.8018582716E+01
   456    0.1146848385E+02
   457   -0.1986554604E+02
   458    0.3002164878E+01
   459   -0.3287140210E+01
   460    0.1513833266E+02
   461   -0.1933205690E+02
   462   -0.6617574626E+01
   463   -0.7823305006E+01
   464    0.5279131240E+00
   465   -0.1193773907E+01
   466   -0.9000195515E+01
   467   -0.2790941503E+01
   468    0.1692113455E+02
   469   -0.1018506006E+02
   470   -0.3231060207E+01
   471    0.9989734306E+01
   472   -0.8629354448E+01
   473    0.8878685157E+01
   474    0.6717217793E+00
   475   -0.6535714294E+01
   476    0.1182241000E+02
   477   -0.1101054117E+02
   478    0.1715438133E+01
   479   -0.2639877061E+02
   480    0.3856127456E+02
   481    0.1788771177E+02
   482   -0.8961844182E+01
   483    0.7275810684E+01
   484    0.7968595134E+01
   485    0.1264857915E+01
   486    0.3596644801E+01
   487   -0.1068878951E+01
   488    0.1097428335E+02
   489   -0.9846424110E+01
   490    0.2670402450E+01
   491   -0.9183862243E+01
   492    0.8129391459E+01
   493    0.7255284108E+01
   494   -0.2708278323E+00
   495   -0.1124163964E+02
   496    0.1008043751E+02
   497   -0.4756818504E+01
   498   -0.4026517679E+01
   499    0.9230041254E+01
   500   -0.2882965562E+01
   501   -0.9257416800E+00
   502    0.1982887920E+01
   503    0.2521712127E+01
   504   -0.6929566839E+01
   505    0.1018425481E+02
   506   -0.5854091445E+01
   507   -0.9400786351E+00
   508    0.3514497472E+01
   509   -0.1614545814E+01
   510   -0.2574283200E+01
   511    0.2623538049E+01
   512    0.1436625085E+01
   513   -0.3311454892E+01
   514   -0.2713335536E+00
   515    0.7364560399E+01
   516   -0.5242685431E+01
   517   -0.1987266041E+00
   518    0.3856438762E+01
   519   -0.1990186874E+01
   520    0.1915383758E+01
   521   -0.3471100746E+01
   522    0.6098718738E+01
   523   -0.4916273315E+01
   524    0.4331314583E+01
   525   -0.3768463162E+01
   526    0.2095532708E+01
   527   -0.4193204435E+01
   528    0.6248404492E+01
   529    0.7899026827E+00
   530   -0.5113907616E+01
   531    0.4125389128E+01
   532    0.1996465476E+01
   533   -0.3250998594E+01
   534    0.2002431843E+01
   535   -0.3727248207E+01
   536    0.4963175611E+01
   537   -0.2868141322E+01
   538    0.5335773146E+00
   539   -0.2609824168E+01
   540    0.5431728850E+01
   541   -0.2185923920E+01
   542   -0.2323297125E+01
   543    0.1670632485E+01
   544    0.1883696207E+01
   545   -0.4470260749E+01
   546    0.4557312655E+01
   547   -0.2568634952E+01
   548   -0.4293677724E+00
   549    0.1234700823E+01
   550    0.1293515902E+00
   551    0.4801740130E+01
   552   -0.5167110843E+01
   553    0.7298165237E+00
   554    0.2547060122E+00
   555   -0.1122311728E+01
   556    0.1739856359E+01
   557   -0.2912309634E+00
   558    0.1211599308E+00
   559    0.1739684700E+01
   560   -0.5187098588E+01
   561    0.4596051699E+00
   562    0.1786627773E+01
   563    0.2893736439E+01
   564   -0.2001026590E+01
   565   -0.3796731018E+00
   566   -0.3001226963E+01
   567    0.7752651975E+01
   568   -0.4883536478E+01
   569    0.2363565013E+01
   570   -0.3127646543E+01
   571    0.3519074614E+01
   572    0.9810054936E+00
   573    0.3948039749E+00
   574   -0.5460807442E+01
   575    0.1955666411E+01
   576   -0.1556316749E+01
   577    0.3717080678E+01
   578   -0.3148237059E+00
   579   -0.2365041832E+01
   580    0.5067575771E+00
   581   -0.2443696929E+01
   582    0.3297286678E+01
   583    0.3161667697E+01
   584   -0.7544508978E+00
   585   -0.1560887903E+01
   586   -0.6195444791E+00
   587   -0.5398003831E+01
   588    0.2986266533E+01
   589    0.5576554700E+01
   590   -0.5578046072E+00
   591   -0.6486657926E+01
   592    0.5129221016E+01
   593   -0.8862959830E+00
   594   -0.1008728944E+01
   595    0.7959869000E+00
   596   -0.1754549935E+01
   597    0.4330990539E+01
   598   -0.9186043662E+00
   599   -0.1309857370E+01
   600   -0.1600917220E+01
   601    0.2839695637E+01
   602    0.1746155696E+01
   603   -0.3800581324E+00
   604   -0.2241822320E+01
   605   -0.1010931235E+01
   606    0.1593662785E+01
   607    0.1208275587E+01
   608   -0.5223877538E+01
   609    0.3764855832E+01
   610   -0.3196754559E+01
   611    0.2254944817E+01
   612   -0.2646243298E+01
   613    0.3061065375E+01
   614    0.2618731303E+01
   615   -0.2390656962E+01
   616   -0.1300517476E+01
   617    0.9438124758E+00
   618    0.2136677276E+01
   619   -0.4155723822E+01
   620    0.1274647883E+01
   621    0.1934694115E+01
   622   -0.4723705165E+01
   623    0.4234633807E+01
   624   -0.8844094837E+00
   625    0.9005751781E-01
   626   -0.5316958870E+00
   627   -0.2703473387E+00
   628    0.1646625560E+01
   629   -0.1931802694E+00
   630   -0.2043770366E+01
   631   -0.2567452261E+00
   632    0.2796283890E+00
   633    0.2892026650E+00
   634    0.2720332733E+00
   635    0.1531163951E+01
   636    0.1338695103E+01
   637    0.3957214329E-01
   638   -0.4735989833E+01
   639    0.3385351842E+01
   640    0.3222760886E+00
   641   -0.2750513006E+01
   642    0.3045092675E+01
   643   -0.2176573265E+01
   644    0.1681786961E+01
   645    0.8749068384E+00
   646   -0.3380432353E+01
   647    0.9438964944E+00
   648   -0.7779849219E+00
   649    0.9740274680E-01
   650   -0.2311708377E+01
   651    0.4196090804E+01
   652   -0.1126322253E+01
   653    0.9340906084E+00
   654    0.9537081141E+00
   655   -0.2488414500E+01
   656   -0.2613370514E+01
   657    0.2042736746E+01
   658    0.1448793183E+01
   659   -0.3761984874E+01
   660    0.2332132819E+01
   661   -0.7837408755E+00
   662    0.4016598729E+01
   663   -0.3398097441E+01
   664    0.1053228163E+01
   665   -0.2461013044E+01
   666    0.4161544309E+01
   667   -0.1258737682E+01
   668   -0.7743011440E+00
   669    0.3905840278E+00
   670   -0.2931906395E+01
   671    0.1595340424E+01
   672   -0.2866809337E+01
   673    0.6360423629E+01
   674   -0.4548050838E+01
   675    0.4482459573E+01
   676   -0.4858038487E+01
   677    0.2502165492E+01
   678   -0.4896801740E+00
   679   -0.4092754798E+01
   680    0.2645501035E+01
   681   -0.2548612784E+00
   682   -0.1714304624E+01
   683    0.1259003179E+01
   684    0.1172747847E+01
   685   -0.4052197288E+01
   686    0.4631575842E+01
   687   -0.5654136685E+00
   688   -0.8741739032E+00
   689   -0.9121059536E+01
   690    0.6961831187E+01
   691    0.3947897599E+01
   692    0.3292174699E+01
   693   -0.7868666859E+01
   694   -0.2060899033E+00
   695   -0.1307646302E+01
   696    0.1490070436E+01
   697   -0.7937407544E+01
   698    0.4417230844E+01
   699   -0.3197679302E+01
   700   -0.7774669382E+01
   701   -0.5196778146E+01
   702    0.7018870934E+01
   703    0.9931006723E+01
   704   -0.1257940618E+02
   705   -0.1347600371E+02
   706    0.1068039521E+02
   707   -0.7337638830E+01
   708    0.7625985756E+01
   709   -0.1260094578E+00
   710   -0.3898094366E+01
   711   -0.2722711386E+01
   712    0.2600844268E+01
   713   -0.7593063902E+01
   714    0.1429662492E+02
   715   -0.2081541923E+02
   716    0.7412564741E+01
   717   -0.2390272617E+01
   718    0.3700824549E+01
   719   -0.1635916256E+02
   720    0.1519498109E+01
   721   -0.2817411853E+02
   722    0.1844787961E+02
   723    0.2118567849E+01
   724    0.5107281982E+01
   725   -0.9409657660E+00
   726   -0.4893608743E+01
   727   -0.2295072055E+01
   728   -0.1187469321E+02
   729    0.1113915653E+02
   730   -0.7794396294E+01
   731    0.1995497184E+02
   732   -0.3612881278E+01
   733   -0.1208597569E+02
   734    0.1201091013E+02
   735    0.2335291780E+01
   736   -0.7996988315E+01
   737    0.2265979311E+02
   738   -0.1210950714E+02
   739    0.1095859845E+02
   740   -0.1150009659E+01
   741    0.1485867668E+02
   742    0.4030763902E+01
   743   -0.2084546998E+02
   744    0.4792196714E+01
   745   -0.2486595095E+01
   746   -0.3054271788E+01
   747    0.5171042820E+01
   748    0.1776849053E+02
   749   -0.2231643096E+01
   750   -0.5698922093E+01
   751    0.5880237413E+01
   752   -0.2395669018E+01
   753    0.1262451689E+01
   754   -0.1094246795E+01
   755    0.9382006148E+01
   756   -0.7865264799E+01
   757    0.3120852746E+01
   758   -0.5516271453E+01
   759    0.4884257018E+01
   760    0.2787926384E+01
   761   -0.9664998539E+01
   762    0.1679964288E+02
   763   -0.2429905989E+01
   764   -0.2964187736E+01
   765   -0.2651382529E+01
   766    0.5187980891E+01
   767   -0.3481241038E+01
   768    0.9598483769E+00
   769    0.1283667921E+01
   770    0.8330458218E+00
   771    0.1864968838E+01
   772   -0.1579611259E+01
   773   -0.3016138989E+01
   774    0.2837929217E+01
   775    0.5684782086E+01
   776   -0.1132055895E+02
   777    0.5439919771E+01
   778   -0.1595764727E+00
   779    0.1219213636E+01
   780   -0.7582412488E+00
   781    0.5871510128E+01
   782   -0.7498424737E+01
   783    0.2019666696E+01
   784    0.4853389648E+01
   785   -0.3533377451E+01
   786    0.2522677290E+01
   787    0.1313544344E+00
   788   -0.8413161900E+01
   789    0.8068162186E+01
   790   -0.2899659090E+01
   791   -0.2574020573E+01
   792    0.6481655937E+01
   793   -0.6452199124E+01
   794    0.8641324943E+01
   795   -0.7931978969E+01
   796    0.7457595455E+01
   797   -0.1952924630E+01
   798    0.4336429007E+00
   799    0.6572942991E+00
   800   -0.6274700702E+01
   801    0.8228890054E+01
   802   -0.5598489603E+01
   803   -0.9768216980E+01
   804    0.1360645984E+02
   805   -0.4039028133E+01
   806    0.3808549625E+01
   807   -0.2549178805E+01
   808    0.2029046782E+01
   809   -0.4273739408E+01
   810    0.2303322746E+01
   811   -0.4218981153E+01
   812    0.7469811378E+01
   813   -0.4140547196E+01
   814    0.3675191490E+00
   815    0.5452654939E+01
   816   -0.1504399256E+02
   817    0.1563028652E+02
   818   -0.5570844287E+01
   819   -0.1068245446E+01
   820    0.1039669169E+01
   821    0.1633177327E+01
   822    0.1715077294E+01
   823   -0.3939012242E+01
   824   -0.2557502540E+00
   825    0.3518309593E+01
   826   -0.3231123030E+01
   827    0.1220782350E+01
   828   -0.2732762605E+00
   829    0.7921548919E+00
   830    0.3357156998E+01
   831   -0.5596165250E+01
   832    0.2748057181E+00
   833    0.2723111301E+01
   834   -0.8537084180E+01
   835    0.1297312109E+02
   836   -0.1086392596E+02
   837    0.3922333973E+01
   838   -0.3094506265E+00
   839    0.1683619418E+01
   840   -0.4589564113E+01
   841    0.5271589437E+01
   842   -0.2305386356E+01
   843    0.5032939883E+00
   844    0.1931836710E+01
   845   -0.8555886186E+01
   846    0.4410072265E+01
   847    0.4913364718E+01
   848    0.1235265760E+01
   849   -0.8311182192E+01
   850    0.4176964818E+01
   851   -0.2926570686E+01
   852    0.2238821133E+00
   853    0.3503473556E+01
   854   -0.2804746533E+01
   855   -0.5175532987E+01
   856    0.2459857001E+01
   857   -0.4139499945E+01
   858    0.7444286650E+01
   859   -0.7466860989E+00
   860   -0.1857978001E+01
   861   -0.1937428981E+01
   862   -0.6292824672E+01
   863    0.6043703592E+01
   864   -0.2431745188E+01
   865    0.5788692388E+00
   866   -0.2886826073E+01
   867    0.3945575528E+01
   868   -0.2150587385E+01
   869    0.7165123941E+01
   870   -0.1232496142E+02
   871    0.1104132175E+02
   872   -0.1402565828E+02
   873    0.8081253326E+01
   874   -0.6564585691E+01
   875   -0.1358501431E+01
   876    0.5130571341E+01
   877    0.4568548037E+00
   878   -0.7161761847E+01
   879    0.1104240840E-01
   880   -0.4032489580E+01
   881    0.3838108926E+01
   882   -0.1008461371E+01
   883    0.6713962284E+00
   884    0.2049387161E+01
   885   -0.5590697508E+01
   886   -0.2233800522E+01
   887   -0.1196729217E+01
   888    0.4842441293E+00
   889    0.3315848865E+00
   890   -0.4405157008E+00
   891    0.3344630522E+01
   892    0.6285699172E+01
   893    0.7732010702E+00
   894   -0.7357004571E+01
   895   -0.5028468991E+00
   896    0.1416033561E+00
   897   -0.5583512947E+01
   898   -0.3104989181E+01
   899   -0.1133607090E+01
   900    0.8561540237E+01
   901    0.2409887923E+01
   902   -0.6380889202E+01
   903    0.4035313357E+01
   904    0.2714626370E+01
   905    0.3847530574E+01
   906   -0.1127266140E+01
   907   -0.2348690326E+01
   908    0.1396695290E+01
   909   -0.1068392318E+01
   910   -0.2056009405E+01
   911    0.2796555877E+00
   912    0.5722258060E-01
   913    0.1752447407E+01
   914   -0.6582742001E+00
   915    0.2526375562E+01
   916    0.2010499413E+01
   917    0.1183978515E+01
   918   -0.3317791590E+00
   919   -0.9339386848E+00
   920   -0.1155900120E+01
   921   -0.1106864689E+01
   922   -0.8225124224E-01
   923   -0.1848148446E+01
   924    0.1058683762E+01
   925    0.9804451784E+00
   926   -0.2535980427E+01
   927    0.3586268969E+01
   928    0.2900355852E+00
   929   -0.3801790704E+01
   930    0.2119541182E+01
   931    0.2204459183E+01
   932    0.1827873394E+01
   933    0.1226719300E+01
   934   -0.1879157165E+00
   935   -0.6727037104E+00
   936   -0.1035224127E+01
   937    0.9603118123E+00
   938    0.6571522227E+00
   939    0.7336523921E+00
   940    0.5114179347E+00
   941   -0.2331064321E+00
   942   -0.2390352755E+00
   943    0.2581512276E+00
   944    0.3761881859E+00
   945   -0.4122781437E+00
   946   -0.8719022163E+00
   947   -0.4172399537E-01
   948    0.1097302950E+01
   949    0.1030820462E+01
   950    0.9559887902E+00
   951    0.3139604449E+00
   952   -0.8343543688E+00
   953   -0.2436042175E+00
   954   -0.2575994219E+00
   955   -0.7797491654E+00
   956    0.4968171105E+00
   957    0.1396486324E+01
   958    0.1433528821E+01
   959   -0.8826496655E-01
   960    0.1495944158E+00
   961    0.1497168753E+01
   962   -0.5509334766E+00
   963    0.6389087641E+00
   964   -0.1784861763E+01
   965   -0.1499944576E+01
   966   -0.1894378414E+01
   967   -0.1646242681E+01
   968    0.1274077733E+01
   969    0.2538368021E+01
   970    0.1094102349E+00
   971   -0.8200423253E+00
   972    0.9972964469E+00
   973    0.1793372797E+01
   974   -0.1099312558E+01
   975    0.1040734710E+01
   976    0.6514727103E-01
   977    0.1243167000E+01
   978    0.1906321408E+01
   979   -0.1059928511E+01
   980   -0.1807039101E+01
   981    0.2465379341E+00
   982   -0.1806608725E+01
   983   -0.2955195383E+01
   984    0.6445620877E+00
   985    0.2822965200E+01
   986    0.1401957180E+01
   987   -0.1150363366E+01
   988   -0.1769856812E+01
   989    0.7333996559E+00
   990    0.8372437910E+00
   991   -0.6414945093E+00
   992    0.1238537445E+01
   993    0.7505996036E+00
   994   -0.3358942035E+00
   995    0.4288558802E+00
   996    0.3180807016E+00
   997   -0.4957729404E+00
   998   -0.1133795489E+01
   999    0.1139342359E+00
  1000    0.1012812474E+01
  1001   -0.2012308424E+00
  1002    0.2903801463E+00
  1003   -0.8099653473E+00
  1004   -0.7691849182E+00
  1005    0.4682346775E+00
  1006   -0.8026203181E+00
  1007    0.5180665903E+00
  1008   -0.5701012779E+00
  1009    0.1286215958E-01
  1010   -0.3186991890E+00
  1011   -0.3388995898E+00
  1012    0.8899610549E+00
  1013    0.1975628313E+01
  1014   -0.3197983759E+00
  1015   -0.1852230271E+01
  1016    0.4273011207E+00
  1017    0.2146547736E+00
  1018    0.3816906675E+00
  1019   -0.6524535968E+00
  1020    0.8686394680E+00
  1021    0.7593214964E+00
  1022    0.2040402075E+00
  1023   -0.1136503838E+01
  1024    0.5388637380E+00
  1025    0.7085650299E+00
  1026   -0.1239511304E+01
  1027   -0.7737297271E+00
  1028   -0.8806431404E+00
  1029    0.5011705428E+00
  1030   -0.4042041562E-01
  1031   -0.2769383331E+01
  1032   -0.2157117694E+01
  1033    0.8675949491E+00
  1034    0.2821469477E+01
  1035    0.1297731431E+01
  1036   -0.3373785581E+00
  1037    0.3505102725E+00
  1038   -0.5616993188E+00
  1039   -0.7133783015E+00
  1040   -0.8884789864E+00
  1041    0.3710294184E+00
  1042    0.6030523849E+00
  1043    0.6612095438E+00
  1044   -0.7041771211E+00
  1045   -0.1386930110E+01
  1046   -0.3694081859E-01
  1047    0.1048561178E+01
  1048    0.4824730499E+00
  1049   -0.8883241700E+00
  1050   -0.2206127631E+01
  1051   -0.9535458949E+00
  1052    0.1776235318E+01
  1053    0.1029922448E+01
  1054   -0.3936941470E+00
  1055   -0.1169284715E+01
  1056   -0.7623844087E+00
  1057   -0.1644772697E-01
  1058    0.2368889802E+00
  1059    0.6445448831E-01
  1060   -0.9315734755E-01
  1061   -0.5494070958E-01
  1062   -0.1783927534E+00
  1063   -0.9642715518E+00
  1064   -0.5547489477E+00
  1065    0.1542674851E+01
  1066   -0.7167401390E+00
  1067   -0.1455323750E+01
  1068    0.7800443531E+00
  1069    0.1412885989E+01
  1070    0.1519954350E+01
  1071    0.3329321563E+00
  1072   -0.1428219222E+00
  1073   -0.5121396301E+00
  1074   -0.2920729694E+00
  1075    0.4924314521E+00
  1076    0.9839803997E+00
  1077    0.3871426422E+00
  1078   -0.3487571834E+00
  1079   -0.1015529971E+01
  1080   -0.9700984734E+00
  1081    0.1223875999E+00
  1082   -0.6720595799E-01
  1083   -0.1772579582E+01
  1084   -0.3057079291E-01
  1085    0.2119052183E+01
  1086   -0.7436362916E-01
  1087   -0.8197057834E+00
  1088    0.4960092725E+00
  1089    0.1502813779E+01
  1090    0.1062060511E+01
  1091    0.1949612416E+00
  1092   -0.7590569007E+00
  1093   -0.1324499058E+01
  1094   -0.1081542546E+01
  1095   -0.2104071776E+00
  1096    0.3770443431E+00
  1097    0.7243437153E+00
  1098    0.5708806655E+00
  1099    0.9264308023E+00
  1100    0.8281820896E+00
  1101    0.1984677701E+00
  1102   -0.3810720832E+00
  1103   -0.7642110099E+00
  1104   -0.1318966184E+01
  1105   -0.4492881168E+00
  1106    0.4825759193E+00
  1107    0.6887516229E+00
  1108    0.3130372202E+00
  1109   -0.2076913952E+00
  1110   -0.4936735121E+00
  1111    0.2287863072E+00
  1112    0.9883437444E+00
  1113    0.7646146745E+00
  1114    0.4405106905E+00
  1115    0.8900875932E-01
  1116   -0.2436168151E+00
  1117   -0.7998513046E-01
  1118   -0.1531253171E+00
  1119    0.3086185626E+00
  1120    0.1827917124E+00
  1121   -0.1530298974E+00
  1122   -0.6364605939E+00
  1123   -0.4878508651E+00
  1124   -0.2063297756E-01
  1125    0.2836824028E+00
  1126    0.9620109749E-01
  1127   -0.1233667968E+00
  1128   -0.2848857697E+00
  1129   -0.3625734745E+00
  1130   -0.2906175854E+00
  1131   -0.1537583783E+00
  1132    0.2570121863E+00
  1133    0.3340582733E+00
  1134   -0.9544912306E-01
  1135    0.1586445036E+00
  1136    0.2892744223E+00
  1137    0.5105549342E-02
  1138   -0.2172727494E+00
  1139   -0.2497532207E+00
  1140    0.5357647924E+00
  1141    0.8020898454E+00
  1142    0.2632943348E+00
  1143   -0.1599407186E+00
  1144   -0.4850176174E+00
  1145   -0.8714768288E+00
  1146   -0.5298304209E+00
  1147    0.1066837862E+00
  1148    0.2114441628E+00
  1149   -0.8932540985E-01
  1150   -0.4033114960E+00
  1151   -0.3853478278E+00
  1152    0.7767789013E-01
  1153    0.4789886119E+00
  1154    0.2137545216E+00
  1155    0.1401797390E+00
  1156    0.7998850989E-01
  1157   -0.6104951635E-01
  1158   -0.1290243365E-01
  1159    0.3740083110E-01
  1160   -0.6505432818E-01
  1161    0.1166336749E+00
  1162    0.2930899314E+00
  1163   -0.2310747607E+00
  1164   -0.6622217740E+00
  1165   -0.9820286640E-01
  1166    0.3970257331E+00
  1167    0.1725015949E+00
  1168   -0.6014691126E-01
  1169   -0.9240349988E-01
  1170   -0.2872784767E+00
  1171   -0.2889124577E+00
  1172   -0.5007006179E-01
  1173    0.1534311645E+00
  1174    0.3520609218E+00
  1175    0.2134374199E+00
  1176   -0.2847199896E-02
  1177   -0.8424063531E-01
  1178   -0.1490277306E+00
  1179   -0.4376021366E+00
  1180   -0.4943445811E+00
  1181   -0.3850027755E+00
  1182    0.3167065415E+00
  1183    0.7476307424E+00
  1184    0.5337929027E+00
  1185    0.1551261655E+00
  1186   -0.2603703469E+00
  1187   -0.2517154167E+00
  1188    0.4449921174E-01
  1189    0.1815750524E+00
  1190    0.3820180892E-01
  1191    0.3717280746E-02
  1192    0.2386220950E-01
  1193    0.1041827018E+00
  1194    0.1207051308E+00
  1195    0.7806449827E-01
  1196    0.1098145596E-01
  1197   -0.3447586322E-01
  1198   -0.1222333551E-01
  1199   -0.1201587335E+00
  1200   -0.2671628398E+00
  1201   -0.1843756335E+00
  1202    0.1682872530E+00
  1203    0.1499307854E+00
  1204    0.5719486914E-01
  1205    0.5957605486E-01
  1206   -0.1765049842E-01
  1207   -0.1200699942E+00
  1208   -0.9671409890E-01
  1209   -0.8795033813E-02
  1210    0.7725079231E-01
  1211    0.9356862589E-01
  1212   -0.1800322724E-01
  1213    0.5362850671E-02
  1214    0.1466358055E-01
  1215   -0.1043208316E+00
  1216   -0.1377585553E+00
  1217   -0.3126025711E-03
  1218    0.4069651268E-01
  1219    0.6963052593E-01
  1220    0.6391021107E-01
  1221    0.1107888982E+00
  1222    0.8769472546E-01
  1223    0.1705007432E-01
  1224   -0.8056190610E-02
  1225   -0.1047321532E-01
  1226   -0.6178306242E-01
  1227   -0.8462417385E-01
  1228   -0.2214610404E-02
  1229    0.7937239415E-01
  1230    0.2503667737E-01
  1231   -0.7568908772E-01
  1232   -0.8203978954E-01
  1233    0.2863398107E-01
  1234   -0.2574933441E-01
  1235   -0.3986952099E-01
  1236    0.1813966564E-01
  1237    0.6479735283E-01
  1238    0.4881241047E-01
  1239    0.1783239193E-02
  1240    0.1045779834E-01
  1241    0.4441528394E-01
  1242    0.1112345544E-01
  1243   -0.5010739445E-01
  1244   -0.4158888090E-01
  1245    0.2388904742E-01
  1246    0.4166381020E-01
  1247    0.1737322152E-01
  1248    0.2047589423E-01
  1249    0.4402853315E-01
  1250    0.2762624861E-01
  1251    0.3034717339E-02
  1252   -0.9524496433E-02
  1253   -0.1365444130E-01
  1254    0.2416101591E-02
  1255    0.2110594034E-01
  1256    0.2187626744E-01
  1257    0.9696124352E-02
  1258   -0.2849145191E-02
  1259   -0.3038771782E-02
  1260    0.5977722926E-02
  1261    0.6944403258E-02
  1262    0.2445626241E-02
  1263    0.6118248466E-03
  1264    0.1529602676E-03
  1265    0.3824034103E-04
  1266    0.9560102389E-05
  1267    0.2390026665E-05
  1268    0.5975067325E-06
  1269    0.1493766862E-06
  1270    0.3734417561E-07
  1271    0.9336042245E-08
  1272    0.2334016286E-08
  1273    0.5835065764E-09
  1274    0.1458770049E-09
  1275    0.3646810631E-10
  1276    0.9115791455E-11
  1277    0.2281286271E-11
  1278    0.5673239656E-12
  1279    0.1414424133E-12
  1280    0.3241851232E-13
  1281    0.8659739592E-14
  1282    0.3552713679E-14
  1283    0.0000000000E+00
  1284    0.1554312234E-14
  1285    0.8881784197E-15
  1286    0.2220446049E-15
  1287   -0.8881784197E-15
  1288    0.0000000000E+00
  1289    0.1554312234E-14
  1290    0.1554312234E-14
  1291   -0.2220446049E-14
  1292   -0.3552713679E-14
  1293    0.1554312234E-14
  1294    0.0000000000E+00
  1295   -0.3552713679E-14
  1296    0.0000000000E+00
  1297    0.8881784197E-15
  1298    0.0000000000E+00
  1299    0.1332267630E-14
  1300    0.8881784197E-15
  1301    0.1554312234E-14
  1302   -0.2664535259E-14
  1303   -0.3552713679E-14
  1304    0.0000000000E+00
  1305    0.3774758284E-14
  1306    0.1998401444E-14
  1307   -0.3552713679E-14
  1308    0.2220446049E-15
  1309   -0.4440892099E-15
  1310   -0.2220446049E-14
  1311    0.9992007222E-15
  1312    0.0000000000E+00
  1313    0.0000000000E+00
  1314    0.0000000000E+00
  1315    0.0000000000E+00
  1316    0.2220446049E-15
  1317    0.0000000000E+00
  1318    0.2109423747E-14
  1319    0.0000000000E+00
  1320    0.8881784197E-15
  1321    0.0000000000E+00
  1322    0.8881784197E-15
  1323    0.3552713679E-14
  1324    0.3774758284E-14
  1325    0.0000000000E+00
  1326   -0.3552713679E-14
  1327    0.0000000000E+00
  1328    0.0000000000E+00
  1329    0.0000000000E+00
  1330    0.8881784197E-15
  1331    0.7327471963E-14
  1332    0.0000000000E+00
  1333   -0.3552713679E-14
  1334    0.0000000000E+00
  1335    0.2442490654E-14
  1336    0.2775557562E-14
  1337    0.1110223025E-15
  1338   -0.3552713679E-14
  1339    0.0000000000E+00
  1340    0.0000000000E+00
  1341    0.0000000000E+00
  1342    0.0000000000E+00
  1343    0.0000000000E+00
  1344    0.1887379142E-14
  1345    0.0000000000E+00
  1346    0.0000000000E+00
  1347    0.0000000000E+00
  1348    0.0000000000E+00
  1349    0.1554312234E-14
  1350    0.2775557562E-14
  1351   -0.2664535259E-14
  1352    0.3552713679E-14
  1353    0.1332267630E-14
  1354    0.3552713679E-14
  1355    0.3774758284E-14
  1356    0.3108624469E-14
  1357    0.2775557562E-14
  1358    0.0000000000E+00
  1359    0.0000000000E+00
  1360    0.0000000000E+00
  1361    0.0000000000E+00
  1362    0.1554312234E-14
  1363    0.3774758284E-14
  1364   -0.3552713679E-14
  1365   -0.3552713679E-14
  1366    0.1776356839E-14
  1367    0.1554312234E-14
  1368    0.5995204333E-14
  1369   -0.2220446049E-15
  1370   -0.3552713679E-14
  1371   -0.3552713679E-14
  1372    0.0000000000E+00
  1373    0.0000000000E+00
  1374    0.0000000000E+00
  1375    0.1332267630E-14
  1376    0.8881784197E-15
  1377    0.2664535259E-14
  1378   -0.3552713679E-14
  1379    0.1554312234E-14
  1380    0.0000000000E+00
  1381    0.0000000000E+00
  1382    0.1332267630E-14
  1383    0.0000000000E+00
  1384   -0.1776356839E-14
  1385    0.0000000000E+00
  1386    0.1332267630E-14
  1387    0.2775557562E-14
  1388    0.3330669074E-15
  1389    0.1554312234E-14
  1390   -0.3552713679E-14
  1391   -0.3552713679E-14
  1392    0.2109423747E-14
  1393    0.0000000000E+00
  1394    0.2220446049E-14
  1395    0.8881784197E-15
  1396    0.1332267630E-14
  1397    0.3552713679E-14
  1398    0.0000000000E+00
  1399    0.0000000000E+00
  1400    0.2553512957E-14
  1401    0.3774758284E-14
  1402    0.1110223025E-14
  1403   -0.3552713679E-14
  1404   -0.3552713679E-14
  1405    0.0000000000E+00
  1406    0.0000000000E+00
  1407    0.0000000000E+00
  1408    0.0000000000E+00
  1409    0.1332267630E-14
  1410    0.1998401444E-14
  1411   -0.3552713679E-14
  1412    0.0000000000E+00
  1413    0.8881784197E-15
  1414    0.1332267630E-14
  1415    0.1887379142E-14
  1416   -0.3552713679E-14
  1417    0.0000000000E+00
  1418    0.2220446049E-14
  1419    0.1887379142E-14
  1420   -0.2220446049E-15
  1421    0.2220446049E-14
  1422    0.0000000000E+00
  1423    0.0000000000E+00
  1424    0.0000000000E+00
  1425    0.0000000000E+00
  1426    0.0000000000E+00
  1427    0.2775557562E-14
  1428    0.1776356839E-14
  1429    0.0000000000E+00
  1430    0.0000000000E+00
  1431    0.0000000000E+00
  1432    0.1332267630E-14
  1433    0.3552713679E-14
  1434    0.3996802889E-14
  1435    0.0000000000E+00
  1436    0.0000000000E+00
  1437    0.1332267630E-14
  1438    0.3552713679E-14
  1439    0.0000000000E+00
  1440    0.8881784197E-15
  1441    0.0000000000E+00
  1442    0.1332267630E-14
  1443    0.0000000000E+00
  1444    0.8881784197E-15
  1445    0.3552713679E-14
  1446    0.0000000000E+00
  1447    0.0000000000E+00
  1448    0.0000000000E+00
  1449    0.1554312234E-14
  1450    0.3996802889E-14
  1451   -0.1998401444E-14
  1452   -0.6217248938E-14
  1453    0.0000000000E+00
  1454    0.1554312234E-14
  1455    0.0000000000E+00
  1456   -0.3552713679E-14
  1457    0.8881784197E-15
  1458    0.0000000000E+00
  1459    0.1554312234E-14
  1460    0.1887379142E-14
  1461   -0.3552713679E-14
  1462    0.3774758284E-14
  1463    0.0000000000E+00
  1464   -0.1998401444E-14
  1465    0.0000000000E+00
  1466   -0.3219646771E-14
  1467   -0.3552713679E-14
  1468    0.0000000000E+00
  1469    0.1554312234E-14
  1470    0.1554312234E-14
  1471   -0.3552713679E-14
  1472   -0.1554312234E-14
  1473    0.1998401444E-14
  1474   -0.4440892099E-14
  1475   -0.1776356839E-14
  1476    0.0000000000E+00
  1477    0.1554312234E-14
  1478    0.0000000000E+00
  1479   -0.1665334537E-14
  1480    0.0000000000E+00
  1481    0.0000000000E+00
  1482    0.0000000000E+00
  1483    0.0000000000E+00
  1484    0.0000000000E+00
  1485    0.0000000000E+00
  1486    0.0000000000E+00
  1487    0.4440892099E-15
  1488    0.0000000000E+00
  1489   -0.2220446049E-14
  1490    0.0000000000E+00
  1491    0.0000000000E+00
  1492    0.3108624469E-14
  1493    0.2220446049E-15
  1494    0.0000000000E+00
  1495   -0.1443289932E-14
  1496    0.3108624469E-14
  1497   -0.3552713679E-14
  1498   -0.2664535259E-14
  1499    0.1332267630E-14
  1500    0.1293103448E+02
  1501    0.1293103448E+02
  1502    0.0000000000E+00
